0.651162 0.003282 4.253336e-03 1.399215e-03 
0.657726 0.003282 7.272455e-03 1.399215e-03 
0.664356 0.003315 6.193896e-03 1.279512e-03 
0.671053 0.003348 5.810557e-03 1.400276e-03 
0.677818 0.003382 4.432495e-03 1.263201e-03 
0.684650 0.003416 5.243368e-03 1.055364e-03 
0.691552 0.003451 4.099082e-03 8.499072e-04 
0.698523 0.003486 5.274722e-03 7.032554e-04 
0.705564 0.003521 4.992335e-03 5.539399e-04 
0.712676 0.003556 5.436540e-03 4.884480e-04 
0.719861 0.003592 5.359248e-03 4.250775e-04 
0.727117 0.003628 4.490296e-03 3.523406e-04 
0.734447 0.003665 5.507488e-03 3.205555e-04 
0.741850 0.003702 4.841439e-03 3.438559e-04 
0.749328 0.003739 3.886119e-03 3.779575e-04 
0.756882 0.003777 4.779852e-03 4.191562e-04 
0.764511 0.003815 4.681137e-03 4.142958e-04 
0.772218 0.003853 4.708166e-03 3.581384e-04 
0.780002 0.003892 5.035499e-03 2.802137e-04 
0.787865 0.003931 5.325179e-03 2.221855e-04 
0.795807 0.003971 5.539019e-03 1.866719e-04 
0.803829 0.004011 5.308838e-03 1.693221e-04 
0.811932 0.004051 5.150280e-03 1.690451e-04 
0.820116 0.004092 5.151972e-03 1.885675e-04 
0.828383 0.004134 5.286878e-03 2.172916e-04 
0.836734 0.004175 5.196393e-03 2.099147e-04 
0.845168 0.004217 5.211996e-03 1.805223e-04 
0.853688 0.004260 5.343488e-03 1.579176e-04 
0.862293 0.004303 4.976426e-03 1.652169e-04 
0.870985 0.004346 5.246946e-03 1.878261e-04 
0.879765 0.004390 4.948694e-03 1.657211e-04 
0.888634 0.004434 5.256528e-03 1.183267e-04 
0.897591 0.004479 5.089221e-03 1.053216e-04 
0.906639 0.004524 5.284016e-03 1.194697e-04 
0.915779 0.004570 5.323675e-03 1.214068e-04 
0.925010 0.004616 5.128765e-03 9.352725e-05 
0.934334 0.004662 5.298440e-03 8.419706e-05 
0.943753 0.004709 5.256518e-03 1.103647e-04 
0.953266 0.004757 5.064960e-03 1.080208e-04 
0.962875 0.004805 5.181301e-03 7.709260e-05 
0.972581 0.004853 5.096264e-03 8.150896e-05 
0.982385 0.004902 5.086118e-03 1.004008e-04 
0.992288 0.004951 5.184797e-03 8.206947e-05 
1.002291 0.005001 5.326365e-03 6.769737e-05 
1.012394 0.005052 5.173019e-03 9.044021e-05 
1.022600 0.005103 5.218793e-03 8.434062e-05 
1.032908 0.005154 5.151881e-03 6.031877e-05 
1.043320 0.005206 5.233005e-03 7.930398e-05 
1.053837 0.005259 5.146776e-03 8.006022e-05 
1.064460 0.005312 5.148856e-03 5.558080e-05 
1.075190 0.005365 5.272586e-03 6.905379e-05 
1.086028 0.005419 5.128592e-03 7.354265e-05 
1.096976 0.005474 5.256706e-03 5.241298e-05 
1.108034 0.005529 5.291484e-03 6.437750e-05 
1.119203 0.005585 5.187180e-03 7.195049e-05 
1.130485 0.005641 5.174515e-03 5.193866e-05 
1.141881 0.005698 5.074433e-03 6.457839e-05 
1.153391 0.005755 5.267230e-03 6.836145e-05 
1.165018 0.005813 5.223214e-03 4.772172e-05 
1.176762 0.005872 5.282461e-03 5.999847e-05 
1.188624 0.005931 5.168703e-03 6.376159e-05 
1.200605 0.005991 5.205524e-03 4.487515e-05 
1.212708 0.006051 5.221036e-03 5.812667e-05 
1.224933 0.006112 5.099034e-03 6.073292e-05 
1.237280 0.006174 5.185989e-03 4.284544e-05 
1.249752 0.006236 5.140892e-03 5.615694e-05 
1.262350 0.006299 5.144720e-03 5.936774e-05 
1.275075 0.006362 5.184365e-03 4.262081e-05 
1.287929 0.006427 5.158269e-03 5.540402e-05 
1.300911 0.006491 5.282590e-03 6.318228e-05 
1.314025 0.006557 5.241868e-03 4.851016e-05 
1.327271 0.006623 5.178048e-03 6.087847e-05 
1.340650 0.006690 5.148352e-03 7.762492e-05 
1.354164 0.006757 5.225380e-03 5.926117e-05 
1.367815 0.006825 5.177475e-03 6.432701e-05 
1.381603 0.006894 5.187840e-03 7.663659e-05 
1.395530 0.006964 5.187573e-03 6.186978e-05 
1.409597 0.007034 5.308588e-03 5.609738e-05 
1.423807 0.007105 5.219957e-03 7.851661e-05 
1.438159 0.007176 5.163835e-03 7.559740e-05 
1.452656 0.007249 5.216813e-03 5.492932e-05 
1.467299 0.007322 5.188902e-03 6.336560e-05 
1.482090 0.007395 5.072786e-03 7.253021e-05 
1.497030 0.007470 5.149415e-03 5.895937e-05 
1.512121 0.007545 5.242175e-03 4.944567e-05 
1.527364 0.007621 5.152260e-03 6.029545e-05 
1.542760 0.007698 5.119744e-03 6.928626e-05 
1.558311 0.007776 5.182906e-03 5.854097e-05 
1.574020 0.007854 5.103069e-03 4.835914e-05 
1.589886 0.007933 5.206671e-03 5.288156e-05 
1.605913 0.008013 5.171856e-03 6.592533e-05 
1.622101 0.008094 5.156248e-03 6.553383e-05 
1.638453 0.008176 5.104944e-03 5.189645e-05 
1.654969 0.008258 5.206616e-03 4.593262e-05 
1.671651 0.008341 5.183866e-03 4.826729e-05 
1.688502 0.008425 5.311039e-03 5.640053e-05 
1.705523 0.008510 5.338505e-03 6.673991e-05 
1.722715 0.008596 5.286324e-03 6.738754e-05 
1.740081 0.008683 5.176323e-03 6.069654e-05 
1.757621 0.008770 5.280889e-03 5.699534e-05 
1.775339 0.008859 5.096875e-03 5.744944e-05 
1.793235 0.008948 5.138893e-03 6.174865e-05 
1.811311 0.009038 5.157690e-03 6.758836e-05 
1.829570 0.009129 5.197369e-03 7.088656e-05 
1.848013 0.009221 5.298822e-03 7.276547e-05 
1.866641 0.009314 5.278962e-03 7.567384e-05 
1.885458 0.009408 5.283824e-03 7.690812e-05 
1.904464 0.009503 5.215908e-03 7.450012e-05 
1.923661 0.009599 5.257607e-03 7.200343e-05 
1.943052 0.009696 5.174701e-03 7.145980e-05 
1.962639 0.009793 5.159503e-03 7.263021e-05 
1.982423 0.009892 5.253851e-03 7.289175e-05 
2.002407 0.009992 5.289806e-03 6.984724e-05 
2.022592 0.010092 5.271167e-03 6.480592e-05 
2.042980 0.010194 5.297464e-03 6.279927e-05 
2.063574 0.010297 5.345957e-03 6.546613e-05 
2.084376 0.010401 5.258493e-03 7.187407e-05 
2.105387 0.010506 5.238523e-03 7.683826e-05 
2.126610 0.010612 5.190019e-03 7.257244e-05 
2.148047 0.010718 5.150245e-03 6.297541e-05 
2.169700 0.010827 5.219239e-03 6.059751e-05 
2.191571 0.010936 5.089101e-03 6.753164e-05 
2.213663 0.011046 5.321485e-03 6.836701e-05 
2.235977 0.011157 5.344672e-03 6.115618e-05 
2.258517 0.011270 5.170703e-03 6.214765e-05 
2.281283 0.011383 5.239895e-03 6.995478e-05 
2.304280 0.011498 5.287770e-03 7.197786e-05 
2.327508 0.011614 5.330298e-03 7.462580e-05 
2.350970 0.011731 5.223721e-03 7.339305e-05 
2.374668 0.011849 5.254492e-03 7.076824e-05 
2.398606 0.011969 5.272158e-03 7.533206e-05 
2.422784 0.012089 5.294063e-03 8.267683e-05 
2.447207 0.012211 5.261018e-03 9.055250e-05 
2.471876 0.012334 5.190027e-03 9.836248e-05 
2.496793 0.012459 5.176404e-03 9.450966e-05 
2.521962 0.012584 5.262479e-03 9.351806e-05 
2.547384 0.012711 5.271146e-03 9.363773e-05 
2.573062 0.012839 5.325798e-03 8.850948e-05 
2.599000 0.012969 5.262788e-03 9.247597e-05 
2.625199 0.013099 5.192122e-03 8.989451e-05 
2.651661 0.013231 5.334376e-03 8.240580e-05 
2.678391 0.013365 5.405125e-03 8.438218e-05 
2.705390 0.013500 5.234980e-03 9.847256e-05 
2.732661 0.013636 5.112349e-03 1.122564e-04 
2.760208 0.013773 5.268981e-03 1.098153e-04 
2.788031 0.013912 5.380805e-03 1.029858e-04 
2.816136 0.014052 5.207190e-03 9.875851e-05 
2.844523 0.014194 5.198995e-03 9.912101e-05 
2.873197 0.014337 5.303913e-03 9.821464e-05 
2.902160 0.014481 5.534014e-03 9.894242e-05 
2.931415 0.014627 5.356587e-03 9.995901e-05 
2.960964 0.014775 5.303865e-03 1.013016e-04 
2.990812 0.014924 5.168188e-03 1.022629e-04 
3.020960 0.015074 5.198790e-03 1.051920e-04 
3.051413 0.015226 5.335629e-03 1.079793e-04 
3.082172 0.015380 5.188098e-03 1.022292e-04 
3.113241 0.015535 5.107240e-03 9.362999e-05 
3.144624 0.015691 5.105674e-03 9.369008e-05 
3.176323 0.015849 5.376163e-03 9.166050e-05 
3.208341 0.016009 5.342187e-03 9.274857e-05 
3.240683 0.016171 5.272912e-03 9.776740e-05 
3.273350 0.016334 5.070546e-03 9.644785e-05 
3.306346 0.016498 5.045086e-03 9.450740e-05 
3.339675 0.016665 5.205988e-03 9.440812e-05 
3.373340 0.016833 5.091037e-03 9.392511e-05 
3.407345 0.017002 5.062406e-03 9.296493e-05 
3.441692 0.017174 5.249719e-03 9.001073e-05 
3.476386 0.017347 5.381867e-03 8.858114e-05 
3.511429 0.017522 5.136955e-03 9.149746e-05 
3.546825 0.017698 5.353799e-03 9.134678e-05 
3.582578 0.017877 5.167092e-03 9.240286e-05 
3.618692 0.018057 5.148417e-03 8.910333e-05 
3.655170 0.018239 5.241354e-03 8.537094e-05 
3.692015 0.018423 5.234738e-03 8.679118e-05 
3.729232 0.018608 5.236871e-03 8.719662e-05 
3.766824 0.018796 5.405585e-03 8.668301e-05 
3.804795 0.018985 5.168807e-03 8.473594e-05 
3.843148 0.019177 5.239591e-03 8.683411e-05 
3.881889 0.019370 5.355844e-03 8.888855e-05 
3.921019 0.019565 5.217836e-03 8.740938e-05 
3.960545 0.019763 5.161816e-03 8.675025e-05 
4.000468 0.019962 5.172028e-03 8.705175e-05 
4.040794 0.020163 5.216185e-03 8.922570e-05 
4.081527 0.020366 5.367601e-03 9.229911e-05 
4.122670 0.020572 5.113759e-03 9.789506e-05 
4.164228 0.020779 5.216808e-03 9.865194e-05 
4.206205 0.020988 5.201995e-03 1.006781e-04 
4.248605 0.021200 5.301516e-03 1.132747e-04 
4.291432 0.021414 5.332878e-03 1.098220e-04 
4.334691 0.021630 5.236605e-03 1.104032e-04 
4.378387 0.021848 5.244182e-03 1.166170e-04 
4.422522 0.022068 5.550947e-03 1.157966e-04 
4.467103 0.022290 5.209912e-03 1.208113e-04 
4.512133 0.022515 5.300551e-03 1.284819e-04 
4.557617 0.022742 5.416143e-03 1.246594e-04 
4.603559 0.022971 5.135265e-03 1.282624e-04 
4.649965 0.023203 5.149587e-03 1.259441e-04 
4.696838 0.023437 5.262147e-03 1.296380e-04 
4.744184 0.023673 5.470037e-03 1.264741e-04 
4.792007 0.023912 5.115465e-03 1.332822e-04 
4.840312 0.024153 5.326984e-03 1.394392e-04 
4.889104 0.024396 5.240342e-03 1.479779e-04 
4.938387 0.024642 5.191575e-03 1.463709e-04 
4.988168 0.024890 5.214323e-03 1.356905e-04 
5.038451 0.025141 5.068656e-03 1.392635e-04 
5.089240 0.025395 5.043713e-03 1.407694e-04 
5.140541 0.025651 5.296828e-03 1.556476e-04 
5.192360 0.025909 5.228530e-03 1.562891e-04 
5.244700 0.026170 5.377216e-03 1.617783e-04 
5.297569 0.026434 5.276412e-03 1.617783e-04 
