Chemical species: N2 H2O CO2 CH4 O2 O3 N2O NH3
P (bar) | log_N2: -2σ | log_N2: -1σ | log_N2: median | log_N2: +1σ | log_N2: +2σ 
1.00000000e+01 -0.03920846 -0.01439067 -0.00046568 -0.00007516 -0.00002634 
7.74263683e+00 -0.03920846 -0.01439067 -0.00046568 -0.00007516 -0.00002634 
5.99484250e+00 -0.03920846 -0.01439067 -0.00046568 -0.00007516 -0.00002634 
4.64158883e+00 -0.03920846 -0.01439067 -0.00046568 -0.00007516 -0.00002634 
3.59381366e+00 -0.03920846 -0.01439067 -0.00046568 -0.00007516 -0.00002634 
2.78255940e+00 -0.03920846 -0.01439067 -0.00046568 -0.00007516 -0.00002634 
2.15443469e+00 -0.03920846 -0.01439067 -0.00046568 -0.00007516 -0.00002634 
1.66810054e+00 -0.03920846 -0.01439067 -0.00046568 -0.00007516 -0.00002634 
1.29154967e+00 -0.03920846 -0.01439067 -0.00046568 -0.00007516 -0.00002634 
1.00000000e+00 -0.03920846 -0.01439067 -0.00046568 -0.00007516 -0.00002634 
7.74263683e-01 -0.03920846 -0.01439067 -0.00046568 -0.00007516 -0.00002634 
5.99484250e-01 -0.03920846 -0.01439067 -0.00046568 -0.00007516 -0.00002634 
4.64158883e-01 -0.03920846 -0.01439067 -0.00046568 -0.00007516 -0.00002634 
3.59381366e-01 -0.03920846 -0.01439067 -0.00046568 -0.00007516 -0.00002634 
2.78255940e-01 -0.03920846 -0.01439067 -0.00046568 -0.00007516 -0.00002634 
2.15443469e-01 -0.03920846 -0.01439067 -0.00046568 -0.00007516 -0.00002634 
1.66810054e-01 -0.03920846 -0.01439067 -0.00046568 -0.00007516 -0.00002634 
1.29154967e-01 -0.03920846 -0.01439067 -0.00046568 -0.00007516 -0.00002634 
1.00000000e-01 -0.03920846 -0.01439067 -0.00046568 -0.00007516 -0.00002634 
7.74263683e-02 -0.03920846 -0.01439067 -0.00046568 -0.00007516 -0.00002634 
5.99484250e-02 -0.03920846 -0.01439067 -0.00046568 -0.00007516 -0.00002634 
4.64158883e-02 -0.03920846 -0.01439067 -0.00046568 -0.00007516 -0.00002634 
3.59381366e-02 -0.03920846 -0.01439067 -0.00046568 -0.00007516 -0.00002634 
2.78255940e-02 -0.03920846 -0.01439067 -0.00046568 -0.00007516 -0.00002634 
2.15443469e-02 -0.03920846 -0.01439067 -0.00046568 -0.00007516 -0.00002634 
1.66810054e-02 -0.03920846 -0.01439067 -0.00046568 -0.00007516 -0.00002634 
1.29154967e-02 -0.03920846 -0.01439067 -0.00046568 -0.00007516 -0.00002634 
1.00000000e-02 -0.03920846 -0.01439067 -0.00046568 -0.00007516 -0.00002634 
7.74263683e-03 -0.03920846 -0.01439067 -0.00046568 -0.00007516 -0.00002634 
5.99484250e-03 -0.03920846 -0.01439067 -0.00046568 -0.00007516 -0.00002634 
4.64158883e-03 -0.03920846 -0.01439067 -0.00046568 -0.00007516 -0.00002634 
3.59381366e-03 -0.03920846 -0.01439067 -0.00046568 -0.00007516 -0.00002634 
2.78255940e-03 -0.03920846 -0.01439067 -0.00046568 -0.00007516 -0.00002634 
2.15443469e-03 -0.03920846 -0.01439067 -0.00046568 -0.00007516 -0.00002634 
1.66810054e-03 -0.03920846 -0.01439067 -0.00046568 -0.00007516 -0.00002634 
1.29154967e-03 -0.03920846 -0.01439067 -0.00046568 -0.00007516 -0.00002634 
1.00000000e-03 -0.03920846 -0.01439067 -0.00046568 -0.00007516 -0.00002634 
7.74263683e-04 -0.03920846 -0.01439067 -0.00046568 -0.00007516 -0.00002634 
5.99484250e-04 -0.03920846 -0.01439067 -0.00046568 -0.00007516 -0.00002634 
4.64158883e-04 -0.03920846 -0.01439067 -0.00046568 -0.00007516 -0.00002634 
3.59381366e-04 -0.03920846 -0.01439067 -0.00046568 -0.00007516 -0.00002634 
2.78255940e-04 -0.03920846 -0.01439067 -0.00046568 -0.00007516 -0.00002634 
2.15443469e-04 -0.03920846 -0.01439067 -0.00046568 -0.00007516 -0.00002634 
1.66810054e-04 -0.03920846 -0.01439067 -0.00046568 -0.00007516 -0.00002634 
1.29154967e-04 -0.03920846 -0.01439067 -0.00046568 -0.00007516 -0.00002634 
1.00000000e-04 -0.03920846 -0.01439067 -0.00046568 -0.00007516 -0.00002634 
7.74263683e-05 -0.03920846 -0.01439067 -0.00046568 -0.00007516 -0.00002634 
5.99484250e-05 -0.03920846 -0.01439067 -0.00046568 -0.00007516 -0.00002634 
4.64158883e-05 -0.03920846 -0.01439067 -0.00046568 -0.00007516 -0.00002634 
3.59381366e-05 -0.03920846 -0.01439067 -0.00046568 -0.00007516 -0.00002634 
2.78255940e-05 -0.03920846 -0.01439067 -0.00046568 -0.00007516 -0.00002634 
2.15443469e-05 -0.03920846 -0.01439067 -0.00046568 -0.00007516 -0.00002634 
1.66810054e-05 -0.03920846 -0.01439067 -0.00046568 -0.00007516 -0.00002634 
1.29154967e-05 -0.03920846 -0.01439067 -0.00046568 -0.00007516 -0.00002634 
1.00000000e-05 -0.03920846 -0.01439067 -0.00046568 -0.00007516 -0.00002634 
7.74263683e-06 -0.03920846 -0.01439067 -0.00046568 -0.00007516 -0.00002634 
5.99484250e-06 -0.03920846 -0.01439067 -0.00046568 -0.00007516 -0.00002634 
4.64158883e-06 -0.03920846 -0.01439067 -0.00046568 -0.00007516 -0.00002634 
3.59381366e-06 -0.03920846 -0.01439067 -0.00046568 -0.00007516 -0.00002634 
2.78255940e-06 -0.03920846 -0.01439067 -0.00046568 -0.00007516 -0.00002634 
2.15443469e-06 -0.03920846 -0.01439067 -0.00046568 -0.00007516 -0.00002634 
1.66810054e-06 -0.03920846 -0.01439067 -0.00046568 -0.00007516 -0.00002634 
1.29154967e-06 -0.03920846 -0.01439067 -0.00046568 -0.00007516 -0.00002634 
1.00000000e-06 -0.03920846 -0.01439067 -0.00046568 -0.00007516 -0.00002634 
7.74263683e-07 -0.03920846 -0.01439067 -0.00046568 -0.00007516 -0.00002634 
5.99484250e-07 -0.03920846 -0.01439067 -0.00046568 -0.00007516 -0.00002634 
4.64158883e-07 -0.03920846 -0.01439067 -0.00046568 -0.00007516 -0.00002634 
3.59381366e-07 -0.03920846 -0.01439067 -0.00046568 -0.00007516 -0.00002634 
2.78255940e-07 -0.03920846 -0.01439067 -0.00046568 -0.00007516 -0.00002634 
2.15443469e-07 -0.03920846 -0.01439067 -0.00046568 -0.00007516 -0.00002634 
1.66810054e-07 -0.03920846 -0.01439067 -0.00046568 -0.00007516 -0.00002634 
1.29154967e-07 -0.03920846 -0.01439067 -0.00046568 -0.00007516 -0.00002634 
1.00000000e-07 -0.03920846 -0.01439067 -0.00046568 -0.00007516 -0.00002634 
7.74263683e-08 -0.03920846 -0.01439067 -0.00046568 -0.00007516 -0.00002634 
5.99484250e-08 -0.03920846 -0.01439067 -0.00046568 -0.00007516 -0.00002634 
4.64158883e-08 -0.03920846 -0.01439067 -0.00046568 -0.00007516 -0.00002634 
3.59381366e-08 -0.03920846 -0.01439067 -0.00046568 -0.00007516 -0.00002634 
2.78255940e-08 -0.03920846 -0.01439067 -0.00046568 -0.00007516 -0.00002634 
2.15443469e-08 -0.03920846 -0.01439067 -0.00046568 -0.00007516 -0.00002634 
1.66810054e-08 -0.03920846 -0.01439067 -0.00046568 -0.00007516 -0.00002634 
1.29154967e-08 -0.03920846 -0.01439067 -0.00046568 -0.00007516 -0.00002634 
1.00000000e-08 -0.03920846 -0.01439067 -0.00046568 -0.00007516 -0.00002634 
7.74263683e-09 -0.03920846 -0.01439067 -0.00046568 -0.00007516 -0.00002634 
5.99484250e-09 -0.03920846 -0.01439067 -0.00046568 -0.00007516 -0.00002634 
4.64158883e-09 -0.03920846 -0.01439067 -0.00046568 -0.00007516 -0.00002634 
3.59381366e-09 -0.03920846 -0.01439067 -0.00046568 -0.00007516 -0.00002634 
2.78255940e-09 -0.03920846 -0.01439067 -0.00046568 -0.00007516 -0.00002634 
2.15443469e-09 -0.03920846 -0.01439067 -0.00046568 -0.00007516 -0.00002634 
1.66810054e-09 -0.03920846 -0.01439067 -0.00046568 -0.00007516 -0.00002634 
1.29154967e-09 -0.03920846 -0.01439067 -0.00046568 -0.00007516 -0.00002634 
1.00000000e-09 -0.03920846 -0.01439067 -0.00046568 -0.00007516 -0.00002634 
7.74263683e-10 -0.03920846 -0.01439067 -0.00046568 -0.00007516 -0.00002634 
5.99484250e-10 -0.03920846 -0.01439067 -0.00046568 -0.00007516 -0.00002634 
4.64158883e-10 -0.03920846 -0.01439067 -0.00046568 -0.00007516 -0.00002634 
3.59381366e-10 -0.03920846 -0.01439067 -0.00046568 -0.00007516 -0.00002634 
2.78255940e-10 -0.03920846 -0.01439067 -0.00046568 -0.00007516 -0.00002634 
2.15443469e-10 -0.03920846 -0.01439067 -0.00046568 -0.00007516 -0.00002634 
1.66810054e-10 -0.03920846 -0.01439067 -0.00046568 -0.00007516 -0.00002634 
1.29154967e-10 -0.03920846 -0.01439067 -0.00046568 -0.00007516 -0.00002634 
1.00000000e-10 -0.03920846 -0.01439067 -0.00046568 -0.00007516 -0.00002634 
P (bar) | log_H2O: -2σ | log_H2O: -1σ | log_H2O: median | log_H2O: +1σ | log_H2O: +2σ 
1.00000000e+01 -9.76294417 -8.69872214 -6.86951217 -5.56034101 -4.85668579 
7.74263683e+00 -9.76294417 -8.69872214 -6.86951217 -5.56034101 -4.85668579 
5.99484250e+00 -9.76294417 -8.69872214 -6.86951217 -5.56034101 -4.85668579 
4.64158883e+00 -9.76294417 -8.69872214 -6.86951217 -5.56034101 -4.85668579 
3.59381366e+00 -9.76294417 -8.69872214 -6.86951217 -5.56034101 -4.85668579 
2.78255940e+00 -9.76294417 -8.69872214 -6.86951217 -5.56034101 -4.85668579 
2.15443469e+00 -9.76294417 -8.69872214 -6.86951217 -5.56034101 -4.85668579 
1.66810054e+00 -9.76294417 -8.69872214 -6.86951217 -5.56034101 -4.85668579 
1.29154967e+00 -9.76294417 -8.69872214 -6.86951217 -5.56034101 -4.85668579 
1.00000000e+00 -9.76294417 -8.69872214 -6.86951217 -5.56034101 -4.85668579 
7.74263683e-01 -9.76294417 -8.69872214 -6.86951217 -5.56034101 -4.85668579 
5.99484250e-01 -9.76294417 -8.69872214 -6.86951217 -5.56034101 -4.85668579 
4.64158883e-01 -9.76294417 -8.69872214 -6.86951217 -5.56034101 -4.85668579 
3.59381366e-01 -9.76294417 -8.69872214 -6.86951217 -5.56034101 -4.85668579 
2.78255940e-01 -9.76294417 -8.69872214 -6.86951217 -5.56034101 -4.85668579 
2.15443469e-01 -9.76294417 -8.69872214 -6.86951217 -5.56034101 -4.85668579 
1.66810054e-01 -9.76294417 -8.69872214 -6.86951217 -5.56034101 -4.85668579 
1.29154967e-01 -9.76294417 -8.69872214 -6.86951217 -5.56034101 -4.85668579 
1.00000000e-01 -9.76294417 -8.69872214 -6.86951217 -5.56034101 -4.85668579 
7.74263683e-02 -9.76294417 -8.69872214 -6.86951217 -5.56034101 -4.85668579 
5.99484250e-02 -9.76294417 -8.69872214 -6.86951217 -5.56034101 -4.85668579 
4.64158883e-02 -9.76294417 -8.69872214 -6.86951217 -5.56034101 -4.85668579 
3.59381366e-02 -9.76294417 -8.69872214 -6.86951217 -5.56034101 -4.85668579 
2.78255940e-02 -9.76294417 -8.69872214 -6.86951217 -5.56034101 -4.85668579 
2.15443469e-02 -9.76294417 -8.69872214 -6.86951217 -5.56034101 -4.85668579 
1.66810054e-02 -9.76294417 -8.69872214 -6.86951217 -5.56034101 -4.85668579 
1.29154967e-02 -9.76294417 -8.69872214 -6.86951217 -5.56034101 -4.85668579 
1.00000000e-02 -9.76294417 -8.69872214 -6.86951217 -5.56034101 -4.85668579 
7.74263683e-03 -9.76294417 -8.69872214 -6.86951217 -5.56034101 -4.85668579 
5.99484250e-03 -9.76294417 -8.69872214 -6.86951217 -5.56034101 -4.85668579 
4.64158883e-03 -9.76294417 -8.69872214 -6.86951217 -5.56034101 -4.85668579 
3.59381366e-03 -9.76294417 -8.69872214 -6.86951217 -5.56034101 -4.85668579 
2.78255940e-03 -9.76294417 -8.69872214 -6.86951217 -5.56034101 -4.85668579 
2.15443469e-03 -9.76294417 -8.69872214 -6.86951217 -5.56034101 -4.85668579 
1.66810054e-03 -9.76294417 -8.69872214 -6.86951217 -5.56034101 -4.85668579 
1.29154967e-03 -9.76294417 -8.69872214 -6.86951217 -5.56034101 -4.85668579 
1.00000000e-03 -9.76294417 -8.69872214 -6.86951217 -5.56034101 -4.85668579 
7.74263683e-04 -9.76294417 -8.69872214 -6.86951217 -5.56034101 -4.85668579 
5.99484250e-04 -9.76294417 -8.69872214 -6.86951217 -5.56034101 -4.85668579 
4.64158883e-04 -9.76294417 -8.69872214 -6.86951217 -5.56034101 -4.85668579 
3.59381366e-04 -9.76294417 -8.69872214 -6.86951217 -5.56034101 -4.85668579 
2.78255940e-04 -9.76294417 -8.69872214 -6.86951217 -5.56034101 -4.85668579 
2.15443469e-04 -9.76294417 -8.69872214 -6.86951217 -5.56034101 -4.85668579 
1.66810054e-04 -9.76294417 -8.69872214 -6.86951217 -5.56034101 -4.85668579 
1.29154967e-04 -9.76294417 -8.69872214 -6.86951217 -5.56034101 -4.85668579 
1.00000000e-04 -9.76294417 -8.69872214 -6.86951217 -5.56034101 -4.85668579 
7.74263683e-05 -9.76294417 -8.69872214 -6.86951217 -5.56034101 -4.85668579 
5.99484250e-05 -9.76294417 -8.69872214 -6.86951217 -5.56034101 -4.85668579 
4.64158883e-05 -9.76294417 -8.69872214 -6.86951217 -5.56034101 -4.85668579 
3.59381366e-05 -9.76294417 -8.69872214 -6.86951217 -5.56034101 -4.85668579 
2.78255940e-05 -9.76294417 -8.69872214 -6.86951217 -5.56034101 -4.85668579 
2.15443469e-05 -9.76294417 -8.69872214 -6.86951217 -5.56034101 -4.85668579 
1.66810054e-05 -9.76294417 -8.69872214 -6.86951217 -5.56034101 -4.85668579 
1.29154967e-05 -9.76294417 -8.69872214 -6.86951217 -5.56034101 -4.85668579 
1.00000000e-05 -9.76294417 -8.69872214 -6.86951217 -5.56034101 -4.85668579 
7.74263683e-06 -9.76294417 -8.69872214 -6.86951217 -5.56034101 -4.85668579 
5.99484250e-06 -9.76294417 -8.69872214 -6.86951217 -5.56034101 -4.85668579 
4.64158883e-06 -9.76294417 -8.69872214 -6.86951217 -5.56034101 -4.85668579 
3.59381366e-06 -9.76294417 -8.69872214 -6.86951217 -5.56034101 -4.85668579 
2.78255940e-06 -9.76294417 -8.69872214 -6.86951217 -5.56034101 -4.85668579 
2.15443469e-06 -9.76294417 -8.69872214 -6.86951217 -5.56034101 -4.85668579 
1.66810054e-06 -9.76294417 -8.69872214 -6.86951217 -5.56034101 -4.85668579 
1.29154967e-06 -9.76294417 -8.69872214 -6.86951217 -5.56034101 -4.85668579 
1.00000000e-06 -9.76294417 -8.69872214 -6.86951217 -5.56034101 -4.85668579 
7.74263683e-07 -9.76294417 -8.69872214 -6.86951217 -5.56034101 -4.85668579 
5.99484250e-07 -9.76294417 -8.69872214 -6.86951217 -5.56034101 -4.85668579 
4.64158883e-07 -9.76294417 -8.69872214 -6.86951217 -5.56034101 -4.85668579 
3.59381366e-07 -9.76294417 -8.69872214 -6.86951217 -5.56034101 -4.85668579 
2.78255940e-07 -9.76294417 -8.69872214 -6.86951217 -5.56034101 -4.85668579 
2.15443469e-07 -9.76294417 -8.69872214 -6.86951217 -5.56034101 -4.85668579 
1.66810054e-07 -9.76294417 -8.69872214 -6.86951217 -5.56034101 -4.85668579 
1.29154967e-07 -9.76294417 -8.69872214 -6.86951217 -5.56034101 -4.85668579 
1.00000000e-07 -9.76294417 -8.69872214 -6.86951217 -5.56034101 -4.85668579 
7.74263683e-08 -9.76294417 -8.69872214 -6.86951217 -5.56034101 -4.85668579 
5.99484250e-08 -9.76294417 -8.69872214 -6.86951217 -5.56034101 -4.85668579 
4.64158883e-08 -9.76294417 -8.69872214 -6.86951217 -5.56034101 -4.85668579 
3.59381366e-08 -9.76294417 -8.69872214 -6.86951217 -5.56034101 -4.85668579 
2.78255940e-08 -9.76294417 -8.69872214 -6.86951217 -5.56034101 -4.85668579 
2.15443469e-08 -9.76294417 -8.69872214 -6.86951217 -5.56034101 -4.85668579 
1.66810054e-08 -9.76294417 -8.69872214 -6.86951217 -5.56034101 -4.85668579 
1.29154967e-08 -9.76294417 -8.69872214 -6.86951217 -5.56034101 -4.85668579 
1.00000000e-08 -9.76294417 -8.69872214 -6.86951217 -5.56034101 -4.85668579 
7.74263683e-09 -9.76294417 -8.69872214 -6.86951217 -5.56034101 -4.85668579 
5.99484250e-09 -9.76294417 -8.69872214 -6.86951217 -5.56034101 -4.85668579 
4.64158883e-09 -9.76294417 -8.69872214 -6.86951217 -5.56034101 -4.85668579 
3.59381366e-09 -9.76294417 -8.69872214 -6.86951217 -5.56034101 -4.85668579 
2.78255940e-09 -9.76294417 -8.69872214 -6.86951217 -5.56034101 -4.85668579 
2.15443469e-09 -9.76294417 -8.69872214 -6.86951217 -5.56034101 -4.85668579 
1.66810054e-09 -9.76294417 -8.69872214 -6.86951217 -5.56034101 -4.85668579 
1.29154967e-09 -9.76294417 -8.69872214 -6.86951217 -5.56034101 -4.85668579 
1.00000000e-09 -9.76294417 -8.69872214 -6.86951217 -5.56034101 -4.85668579 
7.74263683e-10 -9.76294417 -8.69872214 -6.86951217 -5.56034101 -4.85668579 
5.99484250e-10 -9.76294417 -8.69872214 -6.86951217 -5.56034101 -4.85668579 
4.64158883e-10 -9.76294417 -8.69872214 -6.86951217 -5.56034101 -4.85668579 
3.59381366e-10 -9.76294417 -8.69872214 -6.86951217 -5.56034101 -4.85668579 
2.78255940e-10 -9.76294417 -8.69872214 -6.86951217 -5.56034101 -4.85668579 
2.15443469e-10 -9.76294417 -8.69872214 -6.86951217 -5.56034101 -4.85668579 
1.66810054e-10 -9.76294417 -8.69872214 -6.86951217 -5.56034101 -4.85668579 
1.29154967e-10 -9.76294417 -8.69872214 -6.86951217 -5.56034101 -4.85668579 
1.00000000e-10 -9.76294417 -8.69872214 -6.86951217 -5.56034101 -4.85668579 
P (bar) | log_CO2: -2σ | log_CO2: -1σ | log_CO2: median | log_CO2: +1σ | log_CO2: +2σ 
1.00000000e+01 -5.13383010 -4.45747600 -3.80726942 -3.20221091 -2.54605994 
7.74263683e+00 -5.13383010 -4.45747600 -3.80726942 -3.20221091 -2.54605994 
5.99484250e+00 -5.13383010 -4.45747600 -3.80726942 -3.20221091 -2.54605994 
4.64158883e+00 -5.13383010 -4.45747600 -3.80726942 -3.20221091 -2.54605994 
3.59381366e+00 -5.13383010 -4.45747600 -3.80726942 -3.20221091 -2.54605994 
2.78255940e+00 -5.13383010 -4.45747600 -3.80726942 -3.20221091 -2.54605994 
2.15443469e+00 -5.13383010 -4.45747600 -3.80726942 -3.20221091 -2.54605994 
1.66810054e+00 -5.13383010 -4.45747600 -3.80726942 -3.20221091 -2.54605994 
1.29154967e+00 -5.13383010 -4.45747600 -3.80726942 -3.20221091 -2.54605994 
1.00000000e+00 -5.13383010 -4.45747600 -3.80726942 -3.20221091 -2.54605994 
7.74263683e-01 -5.13383010 -4.45747600 -3.80726942 -3.20221091 -2.54605994 
5.99484250e-01 -5.13383010 -4.45747600 -3.80726942 -3.20221091 -2.54605994 
4.64158883e-01 -5.13383010 -4.45747600 -3.80726942 -3.20221091 -2.54605994 
3.59381366e-01 -5.13383010 -4.45747600 -3.80726942 -3.20221091 -2.54605994 
2.78255940e-01 -5.13383010 -4.45747600 -3.80726942 -3.20221091 -2.54605994 
2.15443469e-01 -5.13383010 -4.45747600 -3.80726942 -3.20221091 -2.54605994 
1.66810054e-01 -5.13383010 -4.45747600 -3.80726942 -3.20221091 -2.54605994 
1.29154967e-01 -5.13383010 -4.45747600 -3.80726942 -3.20221091 -2.54605994 
1.00000000e-01 -5.13383010 -4.45747600 -3.80726942 -3.20221091 -2.54605994 
7.74263683e-02 -5.13383010 -4.45747600 -3.80726942 -3.20221091 -2.54605994 
5.99484250e-02 -5.13383010 -4.45747600 -3.80726942 -3.20221091 -2.54605994 
4.64158883e-02 -5.13383010 -4.45747600 -3.80726942 -3.20221091 -2.54605994 
3.59381366e-02 -5.13383010 -4.45747600 -3.80726942 -3.20221091 -2.54605994 
2.78255940e-02 -5.13383010 -4.45747600 -3.80726942 -3.20221091 -2.54605994 
2.15443469e-02 -5.13383010 -4.45747600 -3.80726942 -3.20221091 -2.54605994 
1.66810054e-02 -5.13383010 -4.45747600 -3.80726942 -3.20221091 -2.54605994 
1.29154967e-02 -5.13383010 -4.45747600 -3.80726942 -3.20221091 -2.54605994 
1.00000000e-02 -5.13383010 -4.45747600 -3.80726942 -3.20221091 -2.54605994 
7.74263683e-03 -5.13383010 -4.45747600 -3.80726942 -3.20221091 -2.54605994 
5.99484250e-03 -5.13383010 -4.45747600 -3.80726942 -3.20221091 -2.54605994 
4.64158883e-03 -5.13383010 -4.45747600 -3.80726942 -3.20221091 -2.54605994 
3.59381366e-03 -5.13383010 -4.45747600 -3.80726942 -3.20221091 -2.54605994 
2.78255940e-03 -5.13383010 -4.45747600 -3.80726942 -3.20221091 -2.54605994 
2.15443469e-03 -5.13383010 -4.45747600 -3.80726942 -3.20221091 -2.54605994 
1.66810054e-03 -5.13383010 -4.45747600 -3.80726942 -3.20221091 -2.54605994 
1.29154967e-03 -5.13383010 -4.45747600 -3.80726942 -3.20221091 -2.54605994 
1.00000000e-03 -5.13383010 -4.45747600 -3.80726942 -3.20221091 -2.54605994 
7.74263683e-04 -5.13383010 -4.45747600 -3.80726942 -3.20221091 -2.54605994 
5.99484250e-04 -5.13383010 -4.45747600 -3.80726942 -3.20221091 -2.54605994 
4.64158883e-04 -5.13383010 -4.45747600 -3.80726942 -3.20221091 -2.54605994 
3.59381366e-04 -5.13383010 -4.45747600 -3.80726942 -3.20221091 -2.54605994 
2.78255940e-04 -5.13383010 -4.45747600 -3.80726942 -3.20221091 -2.54605994 
2.15443469e-04 -5.13383010 -4.45747600 -3.80726942 -3.20221091 -2.54605994 
1.66810054e-04 -5.13383010 -4.45747600 -3.80726942 -3.20221091 -2.54605994 
1.29154967e-04 -5.13383010 -4.45747600 -3.80726942 -3.20221091 -2.54605994 
1.00000000e-04 -5.13383010 -4.45747600 -3.80726942 -3.20221091 -2.54605994 
7.74263683e-05 -5.13383010 -4.45747600 -3.80726942 -3.20221091 -2.54605994 
5.99484250e-05 -5.13383010 -4.45747600 -3.80726942 -3.20221091 -2.54605994 
4.64158883e-05 -5.13383010 -4.45747600 -3.80726942 -3.20221091 -2.54605994 
3.59381366e-05 -5.13383010 -4.45747600 -3.80726942 -3.20221091 -2.54605994 
2.78255940e-05 -5.13383010 -4.45747600 -3.80726942 -3.20221091 -2.54605994 
2.15443469e-05 -5.13383010 -4.45747600 -3.80726942 -3.20221091 -2.54605994 
1.66810054e-05 -5.13383010 -4.45747600 -3.80726942 -3.20221091 -2.54605994 
1.29154967e-05 -5.13383010 -4.45747600 -3.80726942 -3.20221091 -2.54605994 
1.00000000e-05 -5.13383010 -4.45747600 -3.80726942 -3.20221091 -2.54605994 
7.74263683e-06 -5.13383010 -4.45747600 -3.80726942 -3.20221091 -2.54605994 
5.99484250e-06 -5.13383010 -4.45747600 -3.80726942 -3.20221091 -2.54605994 
4.64158883e-06 -5.13383010 -4.45747600 -3.80726942 -3.20221091 -2.54605994 
3.59381366e-06 -5.13383010 -4.45747600 -3.80726942 -3.20221091 -2.54605994 
2.78255940e-06 -5.13383010 -4.45747600 -3.80726942 -3.20221091 -2.54605994 
2.15443469e-06 -5.13383010 -4.45747600 -3.80726942 -3.20221091 -2.54605994 
1.66810054e-06 -5.13383010 -4.45747600 -3.80726942 -3.20221091 -2.54605994 
1.29154967e-06 -5.13383010 -4.45747600 -3.80726942 -3.20221091 -2.54605994 
1.00000000e-06 -5.13383010 -4.45747600 -3.80726942 -3.20221091 -2.54605994 
7.74263683e-07 -5.13383010 -4.45747600 -3.80726942 -3.20221091 -2.54605994 
5.99484250e-07 -5.13383010 -4.45747600 -3.80726942 -3.20221091 -2.54605994 
4.64158883e-07 -5.13383010 -4.45747600 -3.80726942 -3.20221091 -2.54605994 
3.59381366e-07 -5.13383010 -4.45747600 -3.80726942 -3.20221091 -2.54605994 
2.78255940e-07 -5.13383010 -4.45747600 -3.80726942 -3.20221091 -2.54605994 
2.15443469e-07 -5.13383010 -4.45747600 -3.80726942 -3.20221091 -2.54605994 
1.66810054e-07 -5.13383010 -4.45747600 -3.80726942 -3.20221091 -2.54605994 
1.29154967e-07 -5.13383010 -4.45747600 -3.80726942 -3.20221091 -2.54605994 
1.00000000e-07 -5.13383010 -4.45747600 -3.80726942 -3.20221091 -2.54605994 
7.74263683e-08 -5.13383010 -4.45747600 -3.80726942 -3.20221091 -2.54605994 
5.99484250e-08 -5.13383010 -4.45747600 -3.80726942 -3.20221091 -2.54605994 
4.64158883e-08 -5.13383010 -4.45747600 -3.80726942 -3.20221091 -2.54605994 
3.59381366e-08 -5.13383010 -4.45747600 -3.80726942 -3.20221091 -2.54605994 
2.78255940e-08 -5.13383010 -4.45747600 -3.80726942 -3.20221091 -2.54605994 
2.15443469e-08 -5.13383010 -4.45747600 -3.80726942 -3.20221091 -2.54605994 
1.66810054e-08 -5.13383010 -4.45747600 -3.80726942 -3.20221091 -2.54605994 
1.29154967e-08 -5.13383010 -4.45747600 -3.80726942 -3.20221091 -2.54605994 
1.00000000e-08 -5.13383010 -4.45747600 -3.80726942 -3.20221091 -2.54605994 
7.74263683e-09 -5.13383010 -4.45747600 -3.80726942 -3.20221091 -2.54605994 
5.99484250e-09 -5.13383010 -4.45747600 -3.80726942 -3.20221091 -2.54605994 
4.64158883e-09 -5.13383010 -4.45747600 -3.80726942 -3.20221091 -2.54605994 
3.59381366e-09 -5.13383010 -4.45747600 -3.80726942 -3.20221091 -2.54605994 
2.78255940e-09 -5.13383010 -4.45747600 -3.80726942 -3.20221091 -2.54605994 
2.15443469e-09 -5.13383010 -4.45747600 -3.80726942 -3.20221091 -2.54605994 
1.66810054e-09 -5.13383010 -4.45747600 -3.80726942 -3.20221091 -2.54605994 
1.29154967e-09 -5.13383010 -4.45747600 -3.80726942 -3.20221091 -2.54605994 
1.00000000e-09 -5.13383010 -4.45747600 -3.80726942 -3.20221091 -2.54605994 
7.74263683e-10 -5.13383010 -4.45747600 -3.80726942 -3.20221091 -2.54605994 
5.99484250e-10 -5.13383010 -4.45747600 -3.80726942 -3.20221091 -2.54605994 
4.64158883e-10 -5.13383010 -4.45747600 -3.80726942 -3.20221091 -2.54605994 
3.59381366e-10 -5.13383010 -4.45747600 -3.80726942 -3.20221091 -2.54605994 
2.78255940e-10 -5.13383010 -4.45747600 -3.80726942 -3.20221091 -2.54605994 
2.15443469e-10 -5.13383010 -4.45747600 -3.80726942 -3.20221091 -2.54605994 
1.66810054e-10 -5.13383010 -4.45747600 -3.80726942 -3.20221091 -2.54605994 
1.29154967e-10 -5.13383010 -4.45747600 -3.80726942 -3.20221091 -2.54605994 
1.00000000e-10 -5.13383010 -4.45747600 -3.80726942 -3.20221091 -2.54605994 
P (bar) | log_CH4: -2σ | log_CH4: -1σ | log_CH4: median | log_CH4: +1σ | log_CH4: +2σ 
1.00000000e+01 -4.64886946 -4.35839373 -4.06464427 -3.75381163 -3.32113378 
7.74263683e+00 -4.64886946 -4.35839373 -4.06464427 -3.75381163 -3.32113378 
5.99484250e+00 -4.64886946 -4.35839373 -4.06464427 -3.75381163 -3.32113378 
4.64158883e+00 -4.64886946 -4.35839373 -4.06464427 -3.75381163 -3.32113378 
3.59381366e+00 -4.64886946 -4.35839373 -4.06464427 -3.75381163 -3.32113378 
2.78255940e+00 -4.64886946 -4.35839373 -4.06464427 -3.75381163 -3.32113378 
2.15443469e+00 -4.64886946 -4.35839373 -4.06464427 -3.75381163 -3.32113378 
1.66810054e+00 -4.64886946 -4.35839373 -4.06464427 -3.75381163 -3.32113378 
1.29154967e+00 -4.64886946 -4.35839373 -4.06464427 -3.75381163 -3.32113378 
1.00000000e+00 -4.64886946 -4.35839373 -4.06464427 -3.75381163 -3.32113378 
7.74263683e-01 -4.64886946 -4.35839373 -4.06464427 -3.75381163 -3.32113378 
5.99484250e-01 -4.64886946 -4.35839373 -4.06464427 -3.75381163 -3.32113378 
4.64158883e-01 -4.64886946 -4.35839373 -4.06464427 -3.75381163 -3.32113378 
3.59381366e-01 -4.64886946 -4.35839373 -4.06464427 -3.75381163 -3.32113378 
2.78255940e-01 -4.64886946 -4.35839373 -4.06464427 -3.75381163 -3.32113378 
2.15443469e-01 -4.64886946 -4.35839373 -4.06464427 -3.75381163 -3.32113378 
1.66810054e-01 -4.64886946 -4.35839373 -4.06464427 -3.75381163 -3.32113378 
1.29154967e-01 -4.64886946 -4.35839373 -4.06464427 -3.75381163 -3.32113378 
1.00000000e-01 -4.64886946 -4.35839373 -4.06464427 -3.75381163 -3.32113378 
7.74263683e-02 -4.64886946 -4.35839373 -4.06464427 -3.75381163 -3.32113378 
5.99484250e-02 -4.64886946 -4.35839373 -4.06464427 -3.75381163 -3.32113378 
4.64158883e-02 -4.64886946 -4.35839373 -4.06464427 -3.75381163 -3.32113378 
3.59381366e-02 -4.64886946 -4.35839373 -4.06464427 -3.75381163 -3.32113378 
2.78255940e-02 -4.64886946 -4.35839373 -4.06464427 -3.75381163 -3.32113378 
2.15443469e-02 -4.64886946 -4.35839373 -4.06464427 -3.75381163 -3.32113378 
1.66810054e-02 -4.64886946 -4.35839373 -4.06464427 -3.75381163 -3.32113378 
1.29154967e-02 -4.64886946 -4.35839373 -4.06464427 -3.75381163 -3.32113378 
1.00000000e-02 -4.64886946 -4.35839373 -4.06464427 -3.75381163 -3.32113378 
7.74263683e-03 -4.64886946 -4.35839373 -4.06464427 -3.75381163 -3.32113378 
5.99484250e-03 -4.64886946 -4.35839373 -4.06464427 -3.75381163 -3.32113378 
4.64158883e-03 -4.64886946 -4.35839373 -4.06464427 -3.75381163 -3.32113378 
3.59381366e-03 -4.64886946 -4.35839373 -4.06464427 -3.75381163 -3.32113378 
2.78255940e-03 -4.64886946 -4.35839373 -4.06464427 -3.75381163 -3.32113378 
2.15443469e-03 -4.64886946 -4.35839373 -4.06464427 -3.75381163 -3.32113378 
1.66810054e-03 -4.64886946 -4.35839373 -4.06464427 -3.75381163 -3.32113378 
1.29154967e-03 -4.64886946 -4.35839373 -4.06464427 -3.75381163 -3.32113378 
1.00000000e-03 -4.64886946 -4.35839373 -4.06464427 -3.75381163 -3.32113378 
7.74263683e-04 -4.64886946 -4.35839373 -4.06464427 -3.75381163 -3.32113378 
5.99484250e-04 -4.64886946 -4.35839373 -4.06464427 -3.75381163 -3.32113378 
4.64158883e-04 -4.64886946 -4.35839373 -4.06464427 -3.75381163 -3.32113378 
3.59381366e-04 -4.64886946 -4.35839373 -4.06464427 -3.75381163 -3.32113378 
2.78255940e-04 -4.64886946 -4.35839373 -4.06464427 -3.75381163 -3.32113378 
2.15443469e-04 -4.64886946 -4.35839373 -4.06464427 -3.75381163 -3.32113378 
1.66810054e-04 -4.64886946 -4.35839373 -4.06464427 -3.75381163 -3.32113378 
1.29154967e-04 -4.64886946 -4.35839373 -4.06464427 -3.75381163 -3.32113378 
1.00000000e-04 -4.64886946 -4.35839373 -4.06464427 -3.75381163 -3.32113378 
7.74263683e-05 -4.64886946 -4.35839373 -4.06464427 -3.75381163 -3.32113378 
5.99484250e-05 -4.64886946 -4.35839373 -4.06464427 -3.75381163 -3.32113378 
4.64158883e-05 -4.64886946 -4.35839373 -4.06464427 -3.75381163 -3.32113378 
3.59381366e-05 -4.64886946 -4.35839373 -4.06464427 -3.75381163 -3.32113378 
2.78255940e-05 -4.64886946 -4.35839373 -4.06464427 -3.75381163 -3.32113378 
2.15443469e-05 -4.64886946 -4.35839373 -4.06464427 -3.75381163 -3.32113378 
1.66810054e-05 -4.64886946 -4.35839373 -4.06464427 -3.75381163 -3.32113378 
1.29154967e-05 -4.64886946 -4.35839373 -4.06464427 -3.75381163 -3.32113378 
1.00000000e-05 -4.64886946 -4.35839373 -4.06464427 -3.75381163 -3.32113378 
7.74263683e-06 -4.64886946 -4.35839373 -4.06464427 -3.75381163 -3.32113378 
5.99484250e-06 -4.64886946 -4.35839373 -4.06464427 -3.75381163 -3.32113378 
4.64158883e-06 -4.64886946 -4.35839373 -4.06464427 -3.75381163 -3.32113378 
3.59381366e-06 -4.64886946 -4.35839373 -4.06464427 -3.75381163 -3.32113378 
2.78255940e-06 -4.64886946 -4.35839373 -4.06464427 -3.75381163 -3.32113378 
2.15443469e-06 -4.64886946 -4.35839373 -4.06464427 -3.75381163 -3.32113378 
1.66810054e-06 -4.64886946 -4.35839373 -4.06464427 -3.75381163 -3.32113378 
1.29154967e-06 -4.64886946 -4.35839373 -4.06464427 -3.75381163 -3.32113378 
1.00000000e-06 -4.64886946 -4.35839373 -4.06464427 -3.75381163 -3.32113378 
7.74263683e-07 -4.64886946 -4.35839373 -4.06464427 -3.75381163 -3.32113378 
5.99484250e-07 -4.64886946 -4.35839373 -4.06464427 -3.75381163 -3.32113378 
4.64158883e-07 -4.64886946 -4.35839373 -4.06464427 -3.75381163 -3.32113378 
3.59381366e-07 -4.64886946 -4.35839373 -4.06464427 -3.75381163 -3.32113378 
2.78255940e-07 -4.64886946 -4.35839373 -4.06464427 -3.75381163 -3.32113378 
2.15443469e-07 -4.64886946 -4.35839373 -4.06464427 -3.75381163 -3.32113378 
1.66810054e-07 -4.64886946 -4.35839373 -4.06464427 -3.75381163 -3.32113378 
1.29154967e-07 -4.64886946 -4.35839373 -4.06464427 -3.75381163 -3.32113378 
1.00000000e-07 -4.64886946 -4.35839373 -4.06464427 -3.75381163 -3.32113378 
7.74263683e-08 -4.64886946 -4.35839373 -4.06464427 -3.75381163 -3.32113378 
5.99484250e-08 -4.64886946 -4.35839373 -4.06464427 -3.75381163 -3.32113378 
4.64158883e-08 -4.64886946 -4.35839373 -4.06464427 -3.75381163 -3.32113378 
3.59381366e-08 -4.64886946 -4.35839373 -4.06464427 -3.75381163 -3.32113378 
2.78255940e-08 -4.64886946 -4.35839373 -4.06464427 -3.75381163 -3.32113378 
2.15443469e-08 -4.64886946 -4.35839373 -4.06464427 -3.75381163 -3.32113378 
1.66810054e-08 -4.64886946 -4.35839373 -4.06464427 -3.75381163 -3.32113378 
1.29154967e-08 -4.64886946 -4.35839373 -4.06464427 -3.75381163 -3.32113378 
1.00000000e-08 -4.64886946 -4.35839373 -4.06464427 -3.75381163 -3.32113378 
7.74263683e-09 -4.64886946 -4.35839373 -4.06464427 -3.75381163 -3.32113378 
5.99484250e-09 -4.64886946 -4.35839373 -4.06464427 -3.75381163 -3.32113378 
4.64158883e-09 -4.64886946 -4.35839373 -4.06464427 -3.75381163 -3.32113378 
3.59381366e-09 -4.64886946 -4.35839373 -4.06464427 -3.75381163 -3.32113378 
2.78255940e-09 -4.64886946 -4.35839373 -4.06464427 -3.75381163 -3.32113378 
2.15443469e-09 -4.64886946 -4.35839373 -4.06464427 -3.75381163 -3.32113378 
1.66810054e-09 -4.64886946 -4.35839373 -4.06464427 -3.75381163 -3.32113378 
1.29154967e-09 -4.64886946 -4.35839373 -4.06464427 -3.75381163 -3.32113378 
1.00000000e-09 -4.64886946 -4.35839373 -4.06464427 -3.75381163 -3.32113378 
7.74263683e-10 -4.64886946 -4.35839373 -4.06464427 -3.75381163 -3.32113378 
5.99484250e-10 -4.64886946 -4.35839373 -4.06464427 -3.75381163 -3.32113378 
4.64158883e-10 -4.64886946 -4.35839373 -4.06464427 -3.75381163 -3.32113378 
3.59381366e-10 -4.64886946 -4.35839373 -4.06464427 -3.75381163 -3.32113378 
2.78255940e-10 -4.64886946 -4.35839373 -4.06464427 -3.75381163 -3.32113378 
2.15443469e-10 -4.64886946 -4.35839373 -4.06464427 -3.75381163 -3.32113378 
1.66810054e-10 -4.64886946 -4.35839373 -4.06464427 -3.75381163 -3.32113378 
1.29154967e-10 -4.64886946 -4.35839373 -4.06464427 -3.75381163 -3.32113378 
1.00000000e-10 -4.64886946 -4.35839373 -4.06464427 -3.75381163 -3.32113378 
P (bar) | log_O2: -2σ | log_O2: -1σ | log_O2: median | log_O2: +1σ | log_O2: +2σ 
1.00000000e+01 -9.52404341 -7.99966759 -3.94632813 -1.49806165 -1.07962820 
7.74263683e+00 -9.52404341 -7.99966759 -3.94632813 -1.49806165 -1.07962820 
5.99484250e+00 -9.52404341 -7.99966759 -3.94632813 -1.49806165 -1.07962820 
4.64158883e+00 -9.52404341 -7.99966759 -3.94632813 -1.49806165 -1.07962820 
3.59381366e+00 -9.52404341 -7.99966759 -3.94632813 -1.49806165 -1.07962820 
2.78255940e+00 -9.52404341 -7.99966759 -3.94632813 -1.49806165 -1.07962820 
2.15443469e+00 -9.52404341 -7.99966759 -3.94632813 -1.49806165 -1.07962820 
1.66810054e+00 -9.52404341 -7.99966759 -3.94632813 -1.49806165 -1.07962820 
1.29154967e+00 -9.52404341 -7.99966759 -3.94632813 -1.49806165 -1.07962820 
1.00000000e+00 -9.52404341 -7.99966759 -3.94632813 -1.49806165 -1.07962820 
7.74263683e-01 -9.52404341 -7.99966759 -3.94632813 -1.49806165 -1.07962820 
5.99484250e-01 -9.52404341 -7.99966759 -3.94632813 -1.49806165 -1.07962820 
4.64158883e-01 -9.52404341 -7.99966759 -3.94632813 -1.49806165 -1.07962820 
3.59381366e-01 -9.52404341 -7.99966759 -3.94632813 -1.49806165 -1.07962820 
2.78255940e-01 -9.52404341 -7.99966759 -3.94632813 -1.49806165 -1.07962820 
2.15443469e-01 -9.52404341 -7.99966759 -3.94632813 -1.49806165 -1.07962820 
1.66810054e-01 -9.52404341 -7.99966759 -3.94632813 -1.49806165 -1.07962820 
1.29154967e-01 -9.52404341 -7.99966759 -3.94632813 -1.49806165 -1.07962820 
1.00000000e-01 -9.52404341 -7.99966759 -3.94632813 -1.49806165 -1.07962820 
7.74263683e-02 -9.52404341 -7.99966759 -3.94632813 -1.49806165 -1.07962820 
5.99484250e-02 -9.52404341 -7.99966759 -3.94632813 -1.49806165 -1.07962820 
4.64158883e-02 -9.52404341 -7.99966759 -3.94632813 -1.49806165 -1.07962820 
3.59381366e-02 -9.52404341 -7.99966759 -3.94632813 -1.49806165 -1.07962820 
2.78255940e-02 -9.52404341 -7.99966759 -3.94632813 -1.49806165 -1.07962820 
2.15443469e-02 -9.52404341 -7.99966759 -3.94632813 -1.49806165 -1.07962820 
1.66810054e-02 -9.52404341 -7.99966759 -3.94632813 -1.49806165 -1.07962820 
1.29154967e-02 -9.52404341 -7.99966759 -3.94632813 -1.49806165 -1.07962820 
1.00000000e-02 -9.52404341 -7.99966759 -3.94632813 -1.49806165 -1.07962820 
7.74263683e-03 -9.52404341 -7.99966759 -3.94632813 -1.49806165 -1.07962820 
5.99484250e-03 -9.52404341 -7.99966759 -3.94632813 -1.49806165 -1.07962820 
4.64158883e-03 -9.52404341 -7.99966759 -3.94632813 -1.49806165 -1.07962820 
3.59381366e-03 -9.52404341 -7.99966759 -3.94632813 -1.49806165 -1.07962820 
2.78255940e-03 -9.52404341 -7.99966759 -3.94632813 -1.49806165 -1.07962820 
2.15443469e-03 -9.52404341 -7.99966759 -3.94632813 -1.49806165 -1.07962820 
1.66810054e-03 -9.52404341 -7.99966759 -3.94632813 -1.49806165 -1.07962820 
1.29154967e-03 -9.52404341 -7.99966759 -3.94632813 -1.49806165 -1.07962820 
1.00000000e-03 -9.52404341 -7.99966759 -3.94632813 -1.49806165 -1.07962820 
7.74263683e-04 -9.52404341 -7.99966759 -3.94632813 -1.49806165 -1.07962820 
5.99484250e-04 -9.52404341 -7.99966759 -3.94632813 -1.49806165 -1.07962820 
4.64158883e-04 -9.52404341 -7.99966759 -3.94632813 -1.49806165 -1.07962820 
3.59381366e-04 -9.52404341 -7.99966759 -3.94632813 -1.49806165 -1.07962820 
2.78255940e-04 -9.52404341 -7.99966759 -3.94632813 -1.49806165 -1.07962820 
2.15443469e-04 -9.52404341 -7.99966759 -3.94632813 -1.49806165 -1.07962820 
1.66810054e-04 -9.52404341 -7.99966759 -3.94632813 -1.49806165 -1.07962820 
1.29154967e-04 -9.52404341 -7.99966759 -3.94632813 -1.49806165 -1.07962820 
1.00000000e-04 -9.52404341 -7.99966759 -3.94632813 -1.49806165 -1.07962820 
7.74263683e-05 -9.52404341 -7.99966759 -3.94632813 -1.49806165 -1.07962820 
5.99484250e-05 -9.52404341 -7.99966759 -3.94632813 -1.49806165 -1.07962820 
4.64158883e-05 -9.52404341 -7.99966759 -3.94632813 -1.49806165 -1.07962820 
3.59381366e-05 -9.52404341 -7.99966759 -3.94632813 -1.49806165 -1.07962820 
2.78255940e-05 -9.52404341 -7.99966759 -3.94632813 -1.49806165 -1.07962820 
2.15443469e-05 -9.52404341 -7.99966759 -3.94632813 -1.49806165 -1.07962820 
1.66810054e-05 -9.52404341 -7.99966759 -3.94632813 -1.49806165 -1.07962820 
1.29154967e-05 -9.52404341 -7.99966759 -3.94632813 -1.49806165 -1.07962820 
1.00000000e-05 -9.52404341 -7.99966759 -3.94632813 -1.49806165 -1.07962820 
7.74263683e-06 -9.52404341 -7.99966759 -3.94632813 -1.49806165 -1.07962820 
5.99484250e-06 -9.52404341 -7.99966759 -3.94632813 -1.49806165 -1.07962820 
4.64158883e-06 -9.52404341 -7.99966759 -3.94632813 -1.49806165 -1.07962820 
3.59381366e-06 -9.52404341 -7.99966759 -3.94632813 -1.49806165 -1.07962820 
2.78255940e-06 -9.52404341 -7.99966759 -3.94632813 -1.49806165 -1.07962820 
2.15443469e-06 -9.52404341 -7.99966759 -3.94632813 -1.49806165 -1.07962820 
1.66810054e-06 -9.52404341 -7.99966759 -3.94632813 -1.49806165 -1.07962820 
1.29154967e-06 -9.52404341 -7.99966759 -3.94632813 -1.49806165 -1.07962820 
1.00000000e-06 -9.52404341 -7.99966759 -3.94632813 -1.49806165 -1.07962820 
7.74263683e-07 -9.52404341 -7.99966759 -3.94632813 -1.49806165 -1.07962820 
5.99484250e-07 -9.52404341 -7.99966759 -3.94632813 -1.49806165 -1.07962820 
4.64158883e-07 -9.52404341 -7.99966759 -3.94632813 -1.49806165 -1.07962820 
3.59381366e-07 -9.52404341 -7.99966759 -3.94632813 -1.49806165 -1.07962820 
2.78255940e-07 -9.52404341 -7.99966759 -3.94632813 -1.49806165 -1.07962820 
2.15443469e-07 -9.52404341 -7.99966759 -3.94632813 -1.49806165 -1.07962820 
1.66810054e-07 -9.52404341 -7.99966759 -3.94632813 -1.49806165 -1.07962820 
1.29154967e-07 -9.52404341 -7.99966759 -3.94632813 -1.49806165 -1.07962820 
1.00000000e-07 -9.52404341 -7.99966759 -3.94632813 -1.49806165 -1.07962820 
7.74263683e-08 -9.52404341 -7.99966759 -3.94632813 -1.49806165 -1.07962820 
5.99484250e-08 -9.52404341 -7.99966759 -3.94632813 -1.49806165 -1.07962820 
4.64158883e-08 -9.52404341 -7.99966759 -3.94632813 -1.49806165 -1.07962820 
3.59381366e-08 -9.52404341 -7.99966759 -3.94632813 -1.49806165 -1.07962820 
2.78255940e-08 -9.52404341 -7.99966759 -3.94632813 -1.49806165 -1.07962820 
2.15443469e-08 -9.52404341 -7.99966759 -3.94632813 -1.49806165 -1.07962820 
1.66810054e-08 -9.52404341 -7.99966759 -3.94632813 -1.49806165 -1.07962820 
1.29154967e-08 -9.52404341 -7.99966759 -3.94632813 -1.49806165 -1.07962820 
1.00000000e-08 -9.52404341 -7.99966759 -3.94632813 -1.49806165 -1.07962820 
7.74263683e-09 -9.52404341 -7.99966759 -3.94632813 -1.49806165 -1.07962820 
5.99484250e-09 -9.52404341 -7.99966759 -3.94632813 -1.49806165 -1.07962820 
4.64158883e-09 -9.52404341 -7.99966759 -3.94632813 -1.49806165 -1.07962820 
3.59381366e-09 -9.52404341 -7.99966759 -3.94632813 -1.49806165 -1.07962820 
2.78255940e-09 -9.52404341 -7.99966759 -3.94632813 -1.49806165 -1.07962820 
2.15443469e-09 -9.52404341 -7.99966759 -3.94632813 -1.49806165 -1.07962820 
1.66810054e-09 -9.52404341 -7.99966759 -3.94632813 -1.49806165 -1.07962820 
1.29154967e-09 -9.52404341 -7.99966759 -3.94632813 -1.49806165 -1.07962820 
1.00000000e-09 -9.52404341 -7.99966759 -3.94632813 -1.49806165 -1.07962820 
7.74263683e-10 -9.52404341 -7.99966759 -3.94632813 -1.49806165 -1.07962820 
5.99484250e-10 -9.52404341 -7.99966759 -3.94632813 -1.49806165 -1.07962820 
4.64158883e-10 -9.52404341 -7.99966759 -3.94632813 -1.49806165 -1.07962820 
3.59381366e-10 -9.52404341 -7.99966759 -3.94632813 -1.49806165 -1.07962820 
2.78255940e-10 -9.52404341 -7.99966759 -3.94632813 -1.49806165 -1.07962820 
2.15443469e-10 -9.52404341 -7.99966759 -3.94632813 -1.49806165 -1.07962820 
1.66810054e-10 -9.52404341 -7.99966759 -3.94632813 -1.49806165 -1.07962820 
1.29154967e-10 -9.52404341 -7.99966759 -3.94632813 -1.49806165 -1.07962820 
1.00000000e-10 -9.52404341 -7.99966759 -3.94632813 -1.49806165 -1.07962820 
P (bar) | log_O3: -2σ | log_O3: -1σ | log_O3: median | log_O3: +1σ | log_O3: +2σ 
1.00000000e+01 -9.90872197 -9.26251200 -7.80245340 -5.80931994 -4.76885191 
7.74263683e+00 -9.90872197 -9.26251200 -7.80245340 -5.80931994 -4.76885191 
5.99484250e+00 -9.90872197 -9.26251200 -7.80245340 -5.80931994 -4.76885191 
4.64158883e+00 -9.90872197 -9.26251200 -7.80245340 -5.80931994 -4.76885191 
3.59381366e+00 -9.90872197 -9.26251200 -7.80245340 -5.80931994 -4.76885191 
2.78255940e+00 -9.90872197 -9.26251200 -7.80245340 -5.80931994 -4.76885191 
2.15443469e+00 -9.90872197 -9.26251200 -7.80245340 -5.80931994 -4.76885191 
1.66810054e+00 -9.90872197 -9.26251200 -7.80245340 -5.80931994 -4.76885191 
1.29154967e+00 -9.90872197 -9.26251200 -7.80245340 -5.80931994 -4.76885191 
1.00000000e+00 -9.90872197 -9.26251200 -7.80245340 -5.80931994 -4.76885191 
7.74263683e-01 -9.90872197 -9.26251200 -7.80245340 -5.80931994 -4.76885191 
5.99484250e-01 -9.90872197 -9.26251200 -7.80245340 -5.80931994 -4.76885191 
4.64158883e-01 -9.90872197 -9.26251200 -7.80245340 -5.80931994 -4.76885191 
3.59381366e-01 -9.90872197 -9.26251200 -7.80245340 -5.80931994 -4.76885191 
2.78255940e-01 -9.90872197 -9.26251200 -7.80245340 -5.80931994 -4.76885191 
2.15443469e-01 -9.90872197 -9.26251200 -7.80245340 -5.80931994 -4.76885191 
1.66810054e-01 -9.90872197 -9.26251200 -7.80245340 -5.80931994 -4.76885191 
1.29154967e-01 -9.90872197 -9.26251200 -7.80245340 -5.80931994 -4.76885191 
1.00000000e-01 -9.90872197 -9.26251200 -7.80245340 -5.80931994 -4.76885191 
7.74263683e-02 -9.90872197 -9.26251200 -7.80245340 -5.80931994 -4.76885191 
5.99484250e-02 -9.90872197 -9.26251200 -7.80245340 -5.80931994 -4.76885191 
4.64158883e-02 -9.90872197 -9.26251200 -7.80245340 -5.80931994 -4.76885191 
3.59381366e-02 -9.90872197 -9.26251200 -7.80245340 -5.80931994 -4.76885191 
2.78255940e-02 -9.90872197 -9.26251200 -7.80245340 -5.80931994 -4.76885191 
2.15443469e-02 -9.90872197 -9.26251200 -7.80245340 -5.80931994 -4.76885191 
1.66810054e-02 -9.90872197 -9.26251200 -7.80245340 -5.80931994 -4.76885191 
1.29154967e-02 -9.90872197 -9.26251200 -7.80245340 -5.80931994 -4.76885191 
1.00000000e-02 -9.90872197 -9.26251200 -7.80245340 -5.80931994 -4.76885191 
7.74263683e-03 -9.90872197 -9.26251200 -7.80245340 -5.80931994 -4.76885191 
5.99484250e-03 -9.90872197 -9.26251200 -7.80245340 -5.80931994 -4.76885191 
4.64158883e-03 -9.90872197 -9.26251200 -7.80245340 -5.80931994 -4.76885191 
3.59381366e-03 -9.90872197 -9.26251200 -7.80245340 -5.80931994 -4.76885191 
2.78255940e-03 -9.90872197 -9.26251200 -7.80245340 -5.80931994 -4.76885191 
2.15443469e-03 -9.90872197 -9.26251200 -7.80245340 -5.80931994 -4.76885191 
1.66810054e-03 -9.90872197 -9.26251200 -7.80245340 -5.80931994 -4.76885191 
1.29154967e-03 -9.90872197 -9.26251200 -7.80245340 -5.80931994 -4.76885191 
1.00000000e-03 -9.90872197 -9.26251200 -7.80245340 -5.80931994 -4.76885191 
7.74263683e-04 -9.90872197 -9.26251200 -7.80245340 -5.80931994 -4.76885191 
5.99484250e-04 -9.90872197 -9.26251200 -7.80245340 -5.80931994 -4.76885191 
4.64158883e-04 -9.90872197 -9.26251200 -7.80245340 -5.80931994 -4.76885191 
3.59381366e-04 -9.90872197 -9.26251200 -7.80245340 -5.80931994 -4.76885191 
2.78255940e-04 -9.90872197 -9.26251200 -7.80245340 -5.80931994 -4.76885191 
2.15443469e-04 -9.90872197 -9.26251200 -7.80245340 -5.80931994 -4.76885191 
1.66810054e-04 -9.90872197 -9.26251200 -7.80245340 -5.80931994 -4.76885191 
1.29154967e-04 -9.90872197 -9.26251200 -7.80245340 -5.80931994 -4.76885191 
1.00000000e-04 -9.90872197 -9.26251200 -7.80245340 -5.80931994 -4.76885191 
7.74263683e-05 -9.90872197 -9.26251200 -7.80245340 -5.80931994 -4.76885191 
5.99484250e-05 -9.90872197 -9.26251200 -7.80245340 -5.80931994 -4.76885191 
4.64158883e-05 -9.90872197 -9.26251200 -7.80245340 -5.80931994 -4.76885191 
3.59381366e-05 -9.90872197 -9.26251200 -7.80245340 -5.80931994 -4.76885191 
2.78255940e-05 -9.90872197 -9.26251200 -7.80245340 -5.80931994 -4.76885191 
2.15443469e-05 -9.90872197 -9.26251200 -7.80245340 -5.80931994 -4.76885191 
1.66810054e-05 -9.90872197 -9.26251200 -7.80245340 -5.80931994 -4.76885191 
1.29154967e-05 -9.90872197 -9.26251200 -7.80245340 -5.80931994 -4.76885191 
1.00000000e-05 -9.90872197 -9.26251200 -7.80245340 -5.80931994 -4.76885191 
7.74263683e-06 -9.90872197 -9.26251200 -7.80245340 -5.80931994 -4.76885191 
5.99484250e-06 -9.90872197 -9.26251200 -7.80245340 -5.80931994 -4.76885191 
4.64158883e-06 -9.90872197 -9.26251200 -7.80245340 -5.80931994 -4.76885191 
3.59381366e-06 -9.90872197 -9.26251200 -7.80245340 -5.80931994 -4.76885191 
2.78255940e-06 -9.90872197 -9.26251200 -7.80245340 -5.80931994 -4.76885191 
2.15443469e-06 -9.90872197 -9.26251200 -7.80245340 -5.80931994 -4.76885191 
1.66810054e-06 -9.90872197 -9.26251200 -7.80245340 -5.80931994 -4.76885191 
1.29154967e-06 -9.90872197 -9.26251200 -7.80245340 -5.80931994 -4.76885191 
1.00000000e-06 -9.90872197 -9.26251200 -7.80245340 -5.80931994 -4.76885191 
7.74263683e-07 -9.90872197 -9.26251200 -7.80245340 -5.80931994 -4.76885191 
5.99484250e-07 -9.90872197 -9.26251200 -7.80245340 -5.80931994 -4.76885191 
4.64158883e-07 -9.90872197 -9.26251200 -7.80245340 -5.80931994 -4.76885191 
3.59381366e-07 -9.90872197 -9.26251200 -7.80245340 -5.80931994 -4.76885191 
2.78255940e-07 -9.90872197 -9.26251200 -7.80245340 -5.80931994 -4.76885191 
2.15443469e-07 -9.90872197 -9.26251200 -7.80245340 -5.80931994 -4.76885191 
1.66810054e-07 -9.90872197 -9.26251200 -7.80245340 -5.80931994 -4.76885191 
1.29154967e-07 -9.90872197 -9.26251200 -7.80245340 -5.80931994 -4.76885191 
1.00000000e-07 -9.90872197 -9.26251200 -7.80245340 -5.80931994 -4.76885191 
7.74263683e-08 -9.90872197 -9.26251200 -7.80245340 -5.80931994 -4.76885191 
5.99484250e-08 -9.90872197 -9.26251200 -7.80245340 -5.80931994 -4.76885191 
4.64158883e-08 -9.90872197 -9.26251200 -7.80245340 -5.80931994 -4.76885191 
3.59381366e-08 -9.90872197 -9.26251200 -7.80245340 -5.80931994 -4.76885191 
2.78255940e-08 -9.90872197 -9.26251200 -7.80245340 -5.80931994 -4.76885191 
2.15443469e-08 -9.90872197 -9.26251200 -7.80245340 -5.80931994 -4.76885191 
1.66810054e-08 -9.90872197 -9.26251200 -7.80245340 -5.80931994 -4.76885191 
1.29154967e-08 -9.90872197 -9.26251200 -7.80245340 -5.80931994 -4.76885191 
1.00000000e-08 -9.90872197 -9.26251200 -7.80245340 -5.80931994 -4.76885191 
7.74263683e-09 -9.90872197 -9.26251200 -7.80245340 -5.80931994 -4.76885191 
5.99484250e-09 -9.90872197 -9.26251200 -7.80245340 -5.80931994 -4.76885191 
4.64158883e-09 -9.90872197 -9.26251200 -7.80245340 -5.80931994 -4.76885191 
3.59381366e-09 -9.90872197 -9.26251200 -7.80245340 -5.80931994 -4.76885191 
2.78255940e-09 -9.90872197 -9.26251200 -7.80245340 -5.80931994 -4.76885191 
2.15443469e-09 -9.90872197 -9.26251200 -7.80245340 -5.80931994 -4.76885191 
1.66810054e-09 -9.90872197 -9.26251200 -7.80245340 -5.80931994 -4.76885191 
1.29154967e-09 -9.90872197 -9.26251200 -7.80245340 -5.80931994 -4.76885191 
1.00000000e-09 -9.90872197 -9.26251200 -7.80245340 -5.80931994 -4.76885191 
7.74263683e-10 -9.90872197 -9.26251200 -7.80245340 -5.80931994 -4.76885191 
5.99484250e-10 -9.90872197 -9.26251200 -7.80245340 -5.80931994 -4.76885191 
4.64158883e-10 -9.90872197 -9.26251200 -7.80245340 -5.80931994 -4.76885191 
3.59381366e-10 -9.90872197 -9.26251200 -7.80245340 -5.80931994 -4.76885191 
2.78255940e-10 -9.90872197 -9.26251200 -7.80245340 -5.80931994 -4.76885191 
2.15443469e-10 -9.90872197 -9.26251200 -7.80245340 -5.80931994 -4.76885191 
1.66810054e-10 -9.90872197 -9.26251200 -7.80245340 -5.80931994 -4.76885191 
1.29154967e-10 -9.90872197 -9.26251200 -7.80245340 -5.80931994 -4.76885191 
1.00000000e-10 -9.90872197 -9.26251200 -7.80245340 -5.80931994 -4.76885191 
P (bar) | log_N2O: -2σ | log_N2O: -1σ | log_N2O: median | log_N2O: +1σ | log_N2O: +2σ 
1.00000000e+01 -9.91099016 -9.26897538 -7.78888333 -6.45231842 -5.47786490 
7.74263683e+00 -9.91099016 -9.26897538 -7.78888333 -6.45231842 -5.47786490 
5.99484250e+00 -9.91099016 -9.26897538 -7.78888333 -6.45231842 -5.47786490 
4.64158883e+00 -9.91099016 -9.26897538 -7.78888333 -6.45231842 -5.47786490 
3.59381366e+00 -9.91099016 -9.26897538 -7.78888333 -6.45231842 -5.47786490 
2.78255940e+00 -9.91099016 -9.26897538 -7.78888333 -6.45231842 -5.47786490 
2.15443469e+00 -9.91099016 -9.26897538 -7.78888333 -6.45231842 -5.47786490 
1.66810054e+00 -9.91099016 -9.26897538 -7.78888333 -6.45231842 -5.47786490 
1.29154967e+00 -9.91099016 -9.26897538 -7.78888333 -6.45231842 -5.47786490 
1.00000000e+00 -9.91099016 -9.26897538 -7.78888333 -6.45231842 -5.47786490 
7.74263683e-01 -9.91099016 -9.26897538 -7.78888333 -6.45231842 -5.47786490 
5.99484250e-01 -9.91099016 -9.26897538 -7.78888333 -6.45231842 -5.47786490 
4.64158883e-01 -9.91099016 -9.26897538 -7.78888333 -6.45231842 -5.47786490 
3.59381366e-01 -9.91099016 -9.26897538 -7.78888333 -6.45231842 -5.47786490 
2.78255940e-01 -9.91099016 -9.26897538 -7.78888333 -6.45231842 -5.47786490 
2.15443469e-01 -9.91099016 -9.26897538 -7.78888333 -6.45231842 -5.47786490 
1.66810054e-01 -9.91099016 -9.26897538 -7.78888333 -6.45231842 -5.47786490 
1.29154967e-01 -9.91099016 -9.26897538 -7.78888333 -6.45231842 -5.47786490 
1.00000000e-01 -9.91099016 -9.26897538 -7.78888333 -6.45231842 -5.47786490 
7.74263683e-02 -9.91099016 -9.26897538 -7.78888333 -6.45231842 -5.47786490 
5.99484250e-02 -9.91099016 -9.26897538 -7.78888333 -6.45231842 -5.47786490 
4.64158883e-02 -9.91099016 -9.26897538 -7.78888333 -6.45231842 -5.47786490 
3.59381366e-02 -9.91099016 -9.26897538 -7.78888333 -6.45231842 -5.47786490 
2.78255940e-02 -9.91099016 -9.26897538 -7.78888333 -6.45231842 -5.47786490 
2.15443469e-02 -9.91099016 -9.26897538 -7.78888333 -6.45231842 -5.47786490 
1.66810054e-02 -9.91099016 -9.26897538 -7.78888333 -6.45231842 -5.47786490 
1.29154967e-02 -9.91099016 -9.26897538 -7.78888333 -6.45231842 -5.47786490 
1.00000000e-02 -9.91099016 -9.26897538 -7.78888333 -6.45231842 -5.47786490 
7.74263683e-03 -9.91099016 -9.26897538 -7.78888333 -6.45231842 -5.47786490 
5.99484250e-03 -9.91099016 -9.26897538 -7.78888333 -6.45231842 -5.47786490 
4.64158883e-03 -9.91099016 -9.26897538 -7.78888333 -6.45231842 -5.47786490 
3.59381366e-03 -9.91099016 -9.26897538 -7.78888333 -6.45231842 -5.47786490 
2.78255940e-03 -9.91099016 -9.26897538 -7.78888333 -6.45231842 -5.47786490 
2.15443469e-03 -9.91099016 -9.26897538 -7.78888333 -6.45231842 -5.47786490 
1.66810054e-03 -9.91099016 -9.26897538 -7.78888333 -6.45231842 -5.47786490 
1.29154967e-03 -9.91099016 -9.26897538 -7.78888333 -6.45231842 -5.47786490 
1.00000000e-03 -9.91099016 -9.26897538 -7.78888333 -6.45231842 -5.47786490 
7.74263683e-04 -9.91099016 -9.26897538 -7.78888333 -6.45231842 -5.47786490 
5.99484250e-04 -9.91099016 -9.26897538 -7.78888333 -6.45231842 -5.47786490 
4.64158883e-04 -9.91099016 -9.26897538 -7.78888333 -6.45231842 -5.47786490 
3.59381366e-04 -9.91099016 -9.26897538 -7.78888333 -6.45231842 -5.47786490 
2.78255940e-04 -9.91099016 -9.26897538 -7.78888333 -6.45231842 -5.47786490 
2.15443469e-04 -9.91099016 -9.26897538 -7.78888333 -6.45231842 -5.47786490 
1.66810054e-04 -9.91099016 -9.26897538 -7.78888333 -6.45231842 -5.47786490 
1.29154967e-04 -9.91099016 -9.26897538 -7.78888333 -6.45231842 -5.47786490 
1.00000000e-04 -9.91099016 -9.26897538 -7.78888333 -6.45231842 -5.47786490 
7.74263683e-05 -9.91099016 -9.26897538 -7.78888333 -6.45231842 -5.47786490 
5.99484250e-05 -9.91099016 -9.26897538 -7.78888333 -6.45231842 -5.47786490 
4.64158883e-05 -9.91099016 -9.26897538 -7.78888333 -6.45231842 -5.47786490 
3.59381366e-05 -9.91099016 -9.26897538 -7.78888333 -6.45231842 -5.47786490 
2.78255940e-05 -9.91099016 -9.26897538 -7.78888333 -6.45231842 -5.47786490 
2.15443469e-05 -9.91099016 -9.26897538 -7.78888333 -6.45231842 -5.47786490 
1.66810054e-05 -9.91099016 -9.26897538 -7.78888333 -6.45231842 -5.47786490 
1.29154967e-05 -9.91099016 -9.26897538 -7.78888333 -6.45231842 -5.47786490 
1.00000000e-05 -9.91099016 -9.26897538 -7.78888333 -6.45231842 -5.47786490 
7.74263683e-06 -9.91099016 -9.26897538 -7.78888333 -6.45231842 -5.47786490 
5.99484250e-06 -9.91099016 -9.26897538 -7.78888333 -6.45231842 -5.47786490 
4.64158883e-06 -9.91099016 -9.26897538 -7.78888333 -6.45231842 -5.47786490 
3.59381366e-06 -9.91099016 -9.26897538 -7.78888333 -6.45231842 -5.47786490 
2.78255940e-06 -9.91099016 -9.26897538 -7.78888333 -6.45231842 -5.47786490 
2.15443469e-06 -9.91099016 -9.26897538 -7.78888333 -6.45231842 -5.47786490 
1.66810054e-06 -9.91099016 -9.26897538 -7.78888333 -6.45231842 -5.47786490 
1.29154967e-06 -9.91099016 -9.26897538 -7.78888333 -6.45231842 -5.47786490 
1.00000000e-06 -9.91099016 -9.26897538 -7.78888333 -6.45231842 -5.47786490 
7.74263683e-07 -9.91099016 -9.26897538 -7.78888333 -6.45231842 -5.47786490 
5.99484250e-07 -9.91099016 -9.26897538 -7.78888333 -6.45231842 -5.47786490 
4.64158883e-07 -9.91099016 -9.26897538 -7.78888333 -6.45231842 -5.47786490 
3.59381366e-07 -9.91099016 -9.26897538 -7.78888333 -6.45231842 -5.47786490 
2.78255940e-07 -9.91099016 -9.26897538 -7.78888333 -6.45231842 -5.47786490 
2.15443469e-07 -9.91099016 -9.26897538 -7.78888333 -6.45231842 -5.47786490 
1.66810054e-07 -9.91099016 -9.26897538 -7.78888333 -6.45231842 -5.47786490 
1.29154967e-07 -9.91099016 -9.26897538 -7.78888333 -6.45231842 -5.47786490 
1.00000000e-07 -9.91099016 -9.26897538 -7.78888333 -6.45231842 -5.47786490 
7.74263683e-08 -9.91099016 -9.26897538 -7.78888333 -6.45231842 -5.47786490 
5.99484250e-08 -9.91099016 -9.26897538 -7.78888333 -6.45231842 -5.47786490 
4.64158883e-08 -9.91099016 -9.26897538 -7.78888333 -6.45231842 -5.47786490 
3.59381366e-08 -9.91099016 -9.26897538 -7.78888333 -6.45231842 -5.47786490 
2.78255940e-08 -9.91099016 -9.26897538 -7.78888333 -6.45231842 -5.47786490 
2.15443469e-08 -9.91099016 -9.26897538 -7.78888333 -6.45231842 -5.47786490 
1.66810054e-08 -9.91099016 -9.26897538 -7.78888333 -6.45231842 -5.47786490 
1.29154967e-08 -9.91099016 -9.26897538 -7.78888333 -6.45231842 -5.47786490 
1.00000000e-08 -9.91099016 -9.26897538 -7.78888333 -6.45231842 -5.47786490 
7.74263683e-09 -9.91099016 -9.26897538 -7.78888333 -6.45231842 -5.47786490 
5.99484250e-09 -9.91099016 -9.26897538 -7.78888333 -6.45231842 -5.47786490 
4.64158883e-09 -9.91099016 -9.26897538 -7.78888333 -6.45231842 -5.47786490 
3.59381366e-09 -9.91099016 -9.26897538 -7.78888333 -6.45231842 -5.47786490 
2.78255940e-09 -9.91099016 -9.26897538 -7.78888333 -6.45231842 -5.47786490 
2.15443469e-09 -9.91099016 -9.26897538 -7.78888333 -6.45231842 -5.47786490 
1.66810054e-09 -9.91099016 -9.26897538 -7.78888333 -6.45231842 -5.47786490 
1.29154967e-09 -9.91099016 -9.26897538 -7.78888333 -6.45231842 -5.47786490 
1.00000000e-09 -9.91099016 -9.26897538 -7.78888333 -6.45231842 -5.47786490 
7.74263683e-10 -9.91099016 -9.26897538 -7.78888333 -6.45231842 -5.47786490 
5.99484250e-10 -9.91099016 -9.26897538 -7.78888333 -6.45231842 -5.47786490 
4.64158883e-10 -9.91099016 -9.26897538 -7.78888333 -6.45231842 -5.47786490 
3.59381366e-10 -9.91099016 -9.26897538 -7.78888333 -6.45231842 -5.47786490 
2.78255940e-10 -9.91099016 -9.26897538 -7.78888333 -6.45231842 -5.47786490 
2.15443469e-10 -9.91099016 -9.26897538 -7.78888333 -6.45231842 -5.47786490 
1.66810054e-10 -9.91099016 -9.26897538 -7.78888333 -6.45231842 -5.47786490 
1.29154967e-10 -9.91099016 -9.26897538 -7.78888333 -6.45231842 -5.47786490 
1.00000000e-10 -9.91099016 -9.26897538 -7.78888333 -6.45231842 -5.47786490 
P (bar) | log_NH3: -2σ | log_NH3: -1σ | log_NH3: median | log_NH3: +1σ | log_NH3: +2σ 
1.00000000e+01 -6.50280801 -6.01683015 -5.62728793 -5.19796458 -4.72176407 
7.74263683e+00 -6.50280801 -6.01683015 -5.62728793 -5.19796458 -4.72176407 
5.99484250e+00 -6.50280801 -6.01683015 -5.62728793 -5.19796458 -4.72176407 
4.64158883e+00 -6.50280801 -6.01683015 -5.62728793 -5.19796458 -4.72176407 
3.59381366e+00 -6.50280801 -6.01683015 -5.62728793 -5.19796458 -4.72176407 
2.78255940e+00 -6.50280801 -6.01683015 -5.62728793 -5.19796458 -4.72176407 
2.15443469e+00 -6.50280801 -6.01683015 -5.62728793 -5.19796458 -4.72176407 
1.66810054e+00 -6.50280801 -6.01683015 -5.62728793 -5.19796458 -4.72176407 
1.29154967e+00 -6.50280801 -6.01683015 -5.62728793 -5.19796458 -4.72176407 
1.00000000e+00 -6.50280801 -6.01683015 -5.62728793 -5.19796458 -4.72176407 
7.74263683e-01 -6.50280801 -6.01683015 -5.62728793 -5.19796458 -4.72176407 
5.99484250e-01 -6.50280801 -6.01683015 -5.62728793 -5.19796458 -4.72176407 
4.64158883e-01 -6.50280801 -6.01683015 -5.62728793 -5.19796458 -4.72176407 
3.59381366e-01 -6.50280801 -6.01683015 -5.62728793 -5.19796458 -4.72176407 
2.78255940e-01 -6.50280801 -6.01683015 -5.62728793 -5.19796458 -4.72176407 
2.15443469e-01 -6.50280801 -6.01683015 -5.62728793 -5.19796458 -4.72176407 
1.66810054e-01 -6.50280801 -6.01683015 -5.62728793 -5.19796458 -4.72176407 
1.29154967e-01 -6.50280801 -6.01683015 -5.62728793 -5.19796458 -4.72176407 
1.00000000e-01 -6.50280801 -6.01683015 -5.62728793 -5.19796458 -4.72176407 
7.74263683e-02 -6.50280801 -6.01683015 -5.62728793 -5.19796458 -4.72176407 
5.99484250e-02 -6.50280801 -6.01683015 -5.62728793 -5.19796458 -4.72176407 
4.64158883e-02 -6.50280801 -6.01683015 -5.62728793 -5.19796458 -4.72176407 
3.59381366e-02 -6.50280801 -6.01683015 -5.62728793 -5.19796458 -4.72176407 
2.78255940e-02 -6.50280801 -6.01683015 -5.62728793 -5.19796458 -4.72176407 
2.15443469e-02 -6.50280801 -6.01683015 -5.62728793 -5.19796458 -4.72176407 
1.66810054e-02 -6.50280801 -6.01683015 -5.62728793 -5.19796458 -4.72176407 
1.29154967e-02 -6.50280801 -6.01683015 -5.62728793 -5.19796458 -4.72176407 
1.00000000e-02 -6.50280801 -6.01683015 -5.62728793 -5.19796458 -4.72176407 
7.74263683e-03 -6.50280801 -6.01683015 -5.62728793 -5.19796458 -4.72176407 
5.99484250e-03 -6.50280801 -6.01683015 -5.62728793 -5.19796458 -4.72176407 
4.64158883e-03 -6.50280801 -6.01683015 -5.62728793 -5.19796458 -4.72176407 
3.59381366e-03 -6.50280801 -6.01683015 -5.62728793 -5.19796458 -4.72176407 
2.78255940e-03 -6.50280801 -6.01683015 -5.62728793 -5.19796458 -4.72176407 
2.15443469e-03 -6.50280801 -6.01683015 -5.62728793 -5.19796458 -4.72176407 
1.66810054e-03 -6.50280801 -6.01683015 -5.62728793 -5.19796458 -4.72176407 
1.29154967e-03 -6.50280801 -6.01683015 -5.62728793 -5.19796458 -4.72176407 
1.00000000e-03 -6.50280801 -6.01683015 -5.62728793 -5.19796458 -4.72176407 
7.74263683e-04 -6.50280801 -6.01683015 -5.62728793 -5.19796458 -4.72176407 
5.99484250e-04 -6.50280801 -6.01683015 -5.62728793 -5.19796458 -4.72176407 
4.64158883e-04 -6.50280801 -6.01683015 -5.62728793 -5.19796458 -4.72176407 
3.59381366e-04 -6.50280801 -6.01683015 -5.62728793 -5.19796458 -4.72176407 
2.78255940e-04 -6.50280801 -6.01683015 -5.62728793 -5.19796458 -4.72176407 
2.15443469e-04 -6.50280801 -6.01683015 -5.62728793 -5.19796458 -4.72176407 
1.66810054e-04 -6.50280801 -6.01683015 -5.62728793 -5.19796458 -4.72176407 
1.29154967e-04 -6.50280801 -6.01683015 -5.62728793 -5.19796458 -4.72176407 
1.00000000e-04 -6.50280801 -6.01683015 -5.62728793 -5.19796458 -4.72176407 
7.74263683e-05 -6.50280801 -6.01683015 -5.62728793 -5.19796458 -4.72176407 
5.99484250e-05 -6.50280801 -6.01683015 -5.62728793 -5.19796458 -4.72176407 
4.64158883e-05 -6.50280801 -6.01683015 -5.62728793 -5.19796458 -4.72176407 
3.59381366e-05 -6.50280801 -6.01683015 -5.62728793 -5.19796458 -4.72176407 
2.78255940e-05 -6.50280801 -6.01683015 -5.62728793 -5.19796458 -4.72176407 
2.15443469e-05 -6.50280801 -6.01683015 -5.62728793 -5.19796458 -4.72176407 
1.66810054e-05 -6.50280801 -6.01683015 -5.62728793 -5.19796458 -4.72176407 
1.29154967e-05 -6.50280801 -6.01683015 -5.62728793 -5.19796458 -4.72176407 
1.00000000e-05 -6.50280801 -6.01683015 -5.62728793 -5.19796458 -4.72176407 
7.74263683e-06 -6.50280801 -6.01683015 -5.62728793 -5.19796458 -4.72176407 
5.99484250e-06 -6.50280801 -6.01683015 -5.62728793 -5.19796458 -4.72176407 
4.64158883e-06 -6.50280801 -6.01683015 -5.62728793 -5.19796458 -4.72176407 
3.59381366e-06 -6.50280801 -6.01683015 -5.62728793 -5.19796458 -4.72176407 
2.78255940e-06 -6.50280801 -6.01683015 -5.62728793 -5.19796458 -4.72176407 
2.15443469e-06 -6.50280801 -6.01683015 -5.62728793 -5.19796458 -4.72176407 
1.66810054e-06 -6.50280801 -6.01683015 -5.62728793 -5.19796458 -4.72176407 
1.29154967e-06 -6.50280801 -6.01683015 -5.62728793 -5.19796458 -4.72176407 
1.00000000e-06 -6.50280801 -6.01683015 -5.62728793 -5.19796458 -4.72176407 
7.74263683e-07 -6.50280801 -6.01683015 -5.62728793 -5.19796458 -4.72176407 
5.99484250e-07 -6.50280801 -6.01683015 -5.62728793 -5.19796458 -4.72176407 
4.64158883e-07 -6.50280801 -6.01683015 -5.62728793 -5.19796458 -4.72176407 
3.59381366e-07 -6.50280801 -6.01683015 -5.62728793 -5.19796458 -4.72176407 
2.78255940e-07 -6.50280801 -6.01683015 -5.62728793 -5.19796458 -4.72176407 
2.15443469e-07 -6.50280801 -6.01683015 -5.62728793 -5.19796458 -4.72176407 
1.66810054e-07 -6.50280801 -6.01683015 -5.62728793 -5.19796458 -4.72176407 
1.29154967e-07 -6.50280801 -6.01683015 -5.62728793 -5.19796458 -4.72176407 
1.00000000e-07 -6.50280801 -6.01683015 -5.62728793 -5.19796458 -4.72176407 
7.74263683e-08 -6.50280801 -6.01683015 -5.62728793 -5.19796458 -4.72176407 
5.99484250e-08 -6.50280801 -6.01683015 -5.62728793 -5.19796458 -4.72176407 
4.64158883e-08 -6.50280801 -6.01683015 -5.62728793 -5.19796458 -4.72176407 
3.59381366e-08 -6.50280801 -6.01683015 -5.62728793 -5.19796458 -4.72176407 
2.78255940e-08 -6.50280801 -6.01683015 -5.62728793 -5.19796458 -4.72176407 
2.15443469e-08 -6.50280801 -6.01683015 -5.62728793 -5.19796458 -4.72176407 
1.66810054e-08 -6.50280801 -6.01683015 -5.62728793 -5.19796458 -4.72176407 
1.29154967e-08 -6.50280801 -6.01683015 -5.62728793 -5.19796458 -4.72176407 
1.00000000e-08 -6.50280801 -6.01683015 -5.62728793 -5.19796458 -4.72176407 
7.74263683e-09 -6.50280801 -6.01683015 -5.62728793 -5.19796458 -4.72176407 
5.99484250e-09 -6.50280801 -6.01683015 -5.62728793 -5.19796458 -4.72176407 
4.64158883e-09 -6.50280801 -6.01683015 -5.62728793 -5.19796458 -4.72176407 
3.59381366e-09 -6.50280801 -6.01683015 -5.62728793 -5.19796458 -4.72176407 
2.78255940e-09 -6.50280801 -6.01683015 -5.62728793 -5.19796458 -4.72176407 
2.15443469e-09 -6.50280801 -6.01683015 -5.62728793 -5.19796458 -4.72176407 
1.66810054e-09 -6.50280801 -6.01683015 -5.62728793 -5.19796458 -4.72176407 
1.29154967e-09 -6.50280801 -6.01683015 -5.62728793 -5.19796458 -4.72176407 
1.00000000e-09 -6.50280801 -6.01683015 -5.62728793 -5.19796458 -4.72176407 
7.74263683e-10 -6.50280801 -6.01683015 -5.62728793 -5.19796458 -4.72176407 
5.99484250e-10 -6.50280801 -6.01683015 -5.62728793 -5.19796458 -4.72176407 
4.64158883e-10 -6.50280801 -6.01683015 -5.62728793 -5.19796458 -4.72176407 
3.59381366e-10 -6.50280801 -6.01683015 -5.62728793 -5.19796458 -4.72176407 
2.78255940e-10 -6.50280801 -6.01683015 -5.62728793 -5.19796458 -4.72176407 
2.15443469e-10 -6.50280801 -6.01683015 -5.62728793 -5.19796458 -4.72176407 
1.66810054e-10 -6.50280801 -6.01683015 -5.62728793 -5.19796458 -4.72176407 
1.29154967e-10 -6.50280801 -6.01683015 -5.62728793 -5.19796458 -4.72176407 
1.00000000e-10 -6.50280801 -6.01683015 -5.62728793 -5.19796458 -4.72176407 
