Chemical species: N2 H2O CO2 CH4 O2 O3 N2O NH3
P (bar) | log_N2: -2σ | log_N2: -1σ | log_N2: median | log_N2: +1σ | log_N2: +2σ 
1.00000000e+01 -0.04561828 -0.04390635 -0.03908399 -0.03057674 -0.02110004 
7.74263683e+00 -0.04561828 -0.04390635 -0.03908399 -0.03057674 -0.02110004 
5.99484250e+00 -0.04561828 -0.04390635 -0.03908399 -0.03057674 -0.02110004 
4.64158883e+00 -0.04561828 -0.04390635 -0.03908399 -0.03057674 -0.02110004 
3.59381366e+00 -0.04561828 -0.04390635 -0.03908399 -0.03057674 -0.02110004 
2.78255940e+00 -0.04561828 -0.04390635 -0.03908399 -0.03057674 -0.02110004 
2.15443469e+00 -0.04561828 -0.04390635 -0.03908399 -0.03057674 -0.02110004 
1.66810054e+00 -0.04561828 -0.04390635 -0.03908399 -0.03057674 -0.02110004 
1.29154967e+00 -0.04561828 -0.04390635 -0.03908399 -0.03057674 -0.02110004 
1.00000000e+00 -0.04561828 -0.04390635 -0.03908399 -0.03057674 -0.02110004 
7.74263683e-01 -0.04561828 -0.04390635 -0.03908399 -0.03057674 -0.02110004 
5.99484250e-01 -0.04561828 -0.04390635 -0.03908399 -0.03057674 -0.02110004 
4.64158883e-01 -0.04561828 -0.04390635 -0.03908399 -0.03057674 -0.02110004 
3.59381366e-01 -0.04561828 -0.04390635 -0.03908399 -0.03057674 -0.02110004 
2.78255940e-01 -0.04561828 -0.04390635 -0.03908399 -0.03057674 -0.02110004 
2.15443469e-01 -0.04561828 -0.04390635 -0.03908399 -0.03057674 -0.02110004 
1.66810054e-01 -0.04561828 -0.04390635 -0.03908399 -0.03057674 -0.02110004 
1.29154967e-01 -0.04561828 -0.04390635 -0.03908399 -0.03057674 -0.02110004 
1.00000000e-01 -0.04561828 -0.04390635 -0.03908399 -0.03057674 -0.02110004 
7.74263683e-02 -0.04561828 -0.04390635 -0.03908399 -0.03057674 -0.02110004 
5.99484250e-02 -0.04561828 -0.04390635 -0.03908399 -0.03057674 -0.02110004 
4.64158883e-02 -0.04561828 -0.04390635 -0.03908399 -0.03057674 -0.02110004 
3.59381366e-02 -0.04561828 -0.04390635 -0.03908399 -0.03057674 -0.02110004 
2.78255940e-02 -0.04561828 -0.04390635 -0.03908399 -0.03057674 -0.02110004 
2.15443469e-02 -0.04561828 -0.04390635 -0.03908399 -0.03057674 -0.02110004 
1.66810054e-02 -0.04561828 -0.04390635 -0.03908399 -0.03057674 -0.02110004 
1.29154967e-02 -0.04561828 -0.04390635 -0.03908399 -0.03057674 -0.02110004 
1.00000000e-02 -0.04561828 -0.04390635 -0.03908399 -0.03057674 -0.02110004 
7.74263683e-03 -0.04561828 -0.04390635 -0.03908399 -0.03057674 -0.02110004 
5.99484250e-03 -0.04561828 -0.04390635 -0.03908399 -0.03057674 -0.02110004 
4.64158883e-03 -0.04561828 -0.04390635 -0.03908399 -0.03057674 -0.02110004 
3.59381366e-03 -0.04561828 -0.04390635 -0.03908399 -0.03057674 -0.02110004 
2.78255940e-03 -0.04561828 -0.04390635 -0.03908399 -0.03057674 -0.02110004 
2.15443469e-03 -0.04561828 -0.04390635 -0.03908399 -0.03057674 -0.02110004 
1.66810054e-03 -0.04561828 -0.04390635 -0.03908399 -0.03057674 -0.02110004 
1.29154967e-03 -0.04561828 -0.04390635 -0.03908399 -0.03057674 -0.02110004 
1.00000000e-03 -0.04561828 -0.04390635 -0.03908399 -0.03057674 -0.02110004 
7.74263683e-04 -0.04561828 -0.04390635 -0.03908399 -0.03057674 -0.02110004 
5.99484250e-04 -0.04561828 -0.04390635 -0.03908399 -0.03057674 -0.02110004 
4.64158883e-04 -0.04561828 -0.04390635 -0.03908399 -0.03057674 -0.02110004 
3.59381366e-04 -0.04561828 -0.04390635 -0.03908399 -0.03057674 -0.02110004 
2.78255940e-04 -0.04561828 -0.04390635 -0.03908399 -0.03057674 -0.02110004 
2.15443469e-04 -0.04561828 -0.04390635 -0.03908399 -0.03057674 -0.02110004 
1.66810054e-04 -0.04561828 -0.04390635 -0.03908399 -0.03057674 -0.02110004 
1.29154967e-04 -0.04561828 -0.04390635 -0.03908399 -0.03057674 -0.02110004 
1.00000000e-04 -0.04561828 -0.04390635 -0.03908399 -0.03057674 -0.02110004 
7.74263683e-05 -0.04561828 -0.04390635 -0.03908399 -0.03057674 -0.02110004 
5.99484250e-05 -0.04561828 -0.04390635 -0.03908399 -0.03057674 -0.02110004 
4.64158883e-05 -0.04561828 -0.04390635 -0.03908399 -0.03057674 -0.02110004 
3.59381366e-05 -0.04561828 -0.04390635 -0.03908399 -0.03057674 -0.02110004 
2.78255940e-05 -0.04561828 -0.04390635 -0.03908399 -0.03057674 -0.02110004 
2.15443469e-05 -0.04561828 -0.04390635 -0.03908399 -0.03057674 -0.02110004 
1.66810054e-05 -0.04561828 -0.04390635 -0.03908399 -0.03057674 -0.02110004 
1.29154967e-05 -0.04561828 -0.04390635 -0.03908399 -0.03057674 -0.02110004 
1.00000000e-05 -0.04561828 -0.04390635 -0.03908399 -0.03057674 -0.02110004 
7.74263683e-06 -0.04561828 -0.04390635 -0.03908399 -0.03057674 -0.02110004 
5.99484250e-06 -0.04561828 -0.04390635 -0.03908399 -0.03057674 -0.02110004 
4.64158883e-06 -0.04561828 -0.04390635 -0.03908399 -0.03057674 -0.02110004 
3.59381366e-06 -0.04561828 -0.04390635 -0.03908399 -0.03057674 -0.02110004 
2.78255940e-06 -0.04561828 -0.04390635 -0.03908399 -0.03057674 -0.02110004 
2.15443469e-06 -0.04561828 -0.04390635 -0.03908399 -0.03057674 -0.02110004 
1.66810054e-06 -0.04561828 -0.04390635 -0.03908399 -0.03057674 -0.02110004 
1.29154967e-06 -0.04561828 -0.04390635 -0.03908399 -0.03057674 -0.02110004 
1.00000000e-06 -0.04561828 -0.04390635 -0.03908399 -0.03057674 -0.02110004 
7.74263683e-07 -0.04561828 -0.04390635 -0.03908399 -0.03057674 -0.02110004 
5.99484250e-07 -0.04561828 -0.04390635 -0.03908399 -0.03057674 -0.02110004 
4.64158883e-07 -0.04561828 -0.04390635 -0.03908399 -0.03057674 -0.02110004 
3.59381366e-07 -0.04561828 -0.04390635 -0.03908399 -0.03057674 -0.02110004 
2.78255940e-07 -0.04561828 -0.04390635 -0.03908399 -0.03057674 -0.02110004 
2.15443469e-07 -0.04561828 -0.04390635 -0.03908399 -0.03057674 -0.02110004 
1.66810054e-07 -0.04561828 -0.04390635 -0.03908399 -0.03057674 -0.02110004 
1.29154967e-07 -0.04561828 -0.04390635 -0.03908399 -0.03057674 -0.02110004 
1.00000000e-07 -0.04561828 -0.04390635 -0.03908399 -0.03057674 -0.02110004 
7.74263683e-08 -0.04561828 -0.04390635 -0.03908399 -0.03057674 -0.02110004 
5.99484250e-08 -0.04561828 -0.04390635 -0.03908399 -0.03057674 -0.02110004 
4.64158883e-08 -0.04561828 -0.04390635 -0.03908399 -0.03057674 -0.02110004 
3.59381366e-08 -0.04561828 -0.04390635 -0.03908399 -0.03057674 -0.02110004 
2.78255940e-08 -0.04561828 -0.04390635 -0.03908399 -0.03057674 -0.02110004 
2.15443469e-08 -0.04561828 -0.04390635 -0.03908399 -0.03057674 -0.02110004 
1.66810054e-08 -0.04561828 -0.04390635 -0.03908399 -0.03057674 -0.02110004 
1.29154967e-08 -0.04561828 -0.04390635 -0.03908399 -0.03057674 -0.02110004 
1.00000000e-08 -0.04561828 -0.04390635 -0.03908399 -0.03057674 -0.02110004 
7.74263683e-09 -0.04561828 -0.04390635 -0.03908399 -0.03057674 -0.02110004 
5.99484250e-09 -0.04561828 -0.04390635 -0.03908399 -0.03057674 -0.02110004 
4.64158883e-09 -0.04561828 -0.04390635 -0.03908399 -0.03057674 -0.02110004 
3.59381366e-09 -0.04561828 -0.04390635 -0.03908399 -0.03057674 -0.02110004 
2.78255940e-09 -0.04561828 -0.04390635 -0.03908399 -0.03057674 -0.02110004 
2.15443469e-09 -0.04561828 -0.04390635 -0.03908399 -0.03057674 -0.02110004 
1.66810054e-09 -0.04561828 -0.04390635 -0.03908399 -0.03057674 -0.02110004 
1.29154967e-09 -0.04561828 -0.04390635 -0.03908399 -0.03057674 -0.02110004 
1.00000000e-09 -0.04561828 -0.04390635 -0.03908399 -0.03057674 -0.02110004 
7.74263683e-10 -0.04561828 -0.04390635 -0.03908399 -0.03057674 -0.02110004 
5.99484250e-10 -0.04561828 -0.04390635 -0.03908399 -0.03057674 -0.02110004 
4.64158883e-10 -0.04561828 -0.04390635 -0.03908399 -0.03057674 -0.02110004 
3.59381366e-10 -0.04561828 -0.04390635 -0.03908399 -0.03057674 -0.02110004 
2.78255940e-10 -0.04561828 -0.04390635 -0.03908399 -0.03057674 -0.02110004 
2.15443469e-10 -0.04561828 -0.04390635 -0.03908399 -0.03057674 -0.02110004 
1.66810054e-10 -0.04561828 -0.04390635 -0.03908399 -0.03057674 -0.02110004 
1.29154967e-10 -0.04561828 -0.04390635 -0.03908399 -0.03057674 -0.02110004 
1.00000000e-10 -0.04561828 -0.04390635 -0.03908399 -0.03057674 -0.02110004 
P (bar) | log_H2O: -2σ | log_H2O: -1σ | log_H2O: median | log_H2O: +1σ | log_H2O: +2σ 
1.00000000e+01 -4.61566148 -4.45398258 -4.30456095 -4.15908330 -3.99427438 
7.74263683e+00 -4.61566148 -4.45398258 -4.30456095 -4.15908330 -3.99427438 
5.99484250e+00 -4.61566148 -4.45398258 -4.30456095 -4.15908330 -3.99427438 
4.64158883e+00 -4.61566148 -4.45398258 -4.30456095 -4.15908330 -3.99427438 
3.59381366e+00 -4.61566148 -4.45398258 -4.30456095 -4.15908330 -3.99427438 
2.78255940e+00 -4.61566148 -4.45398258 -4.30456095 -4.15908330 -3.99427438 
2.15443469e+00 -4.61566148 -4.45398258 -4.30456095 -4.15908330 -3.99427438 
1.66810054e+00 -4.61566148 -4.45398258 -4.30456095 -4.15908330 -3.99427438 
1.29154967e+00 -4.61566148 -4.45398258 -4.30456095 -4.15908330 -3.99427438 
1.00000000e+00 -4.61566148 -4.45398258 -4.30456095 -4.15908330 -3.99427438 
7.74263683e-01 -4.61566148 -4.45398258 -4.30456095 -4.15908330 -3.99427438 
5.99484250e-01 -4.61566148 -4.45398258 -4.30456095 -4.15908330 -3.99427438 
4.64158883e-01 -4.61566148 -4.45398258 -4.30456095 -4.15908330 -3.99427438 
3.59381366e-01 -4.61566148 -4.45398258 -4.30456095 -4.15908330 -3.99427438 
2.78255940e-01 -4.61566148 -4.45398258 -4.30456095 -4.15908330 -3.99427438 
2.15443469e-01 -4.61566148 -4.45398258 -4.30456095 -4.15908330 -3.99427438 
1.66810054e-01 -4.61566148 -4.45398258 -4.30456095 -4.15908330 -3.99427438 
1.29154967e-01 -4.61566148 -4.45398258 -4.30456095 -4.15908330 -3.99427438 
1.00000000e-01 -4.61566148 -4.45398258 -4.30456095 -4.15908330 -3.99427438 
7.74263683e-02 -4.61566148 -4.45398258 -4.30456095 -4.15908330 -3.99427438 
5.99484250e-02 -4.61566148 -4.45398258 -4.30456095 -4.15908330 -3.99427438 
4.64158883e-02 -4.61566148 -4.45398258 -4.30456095 -4.15908330 -3.99427438 
3.59381366e-02 -4.61566148 -4.45398258 -4.30456095 -4.15908330 -3.99427438 
2.78255940e-02 -4.61566148 -4.45398258 -4.30456095 -4.15908330 -3.99427438 
2.15443469e-02 -4.61566148 -4.45398258 -4.30456095 -4.15908330 -3.99427438 
1.66810054e-02 -4.61566148 -4.45398258 -4.30456095 -4.15908330 -3.99427438 
1.29154967e-02 -4.61566148 -4.45398258 -4.30456095 -4.15908330 -3.99427438 
1.00000000e-02 -4.61566148 -4.45398258 -4.30456095 -4.15908330 -3.99427438 
7.74263683e-03 -4.61566148 -4.45398258 -4.30456095 -4.15908330 -3.99427438 
5.99484250e-03 -4.61566148 -4.45398258 -4.30456095 -4.15908330 -3.99427438 
4.64158883e-03 -4.61566148 -4.45398258 -4.30456095 -4.15908330 -3.99427438 
3.59381366e-03 -4.61566148 -4.45398258 -4.30456095 -4.15908330 -3.99427438 
2.78255940e-03 -4.61566148 -4.45398258 -4.30456095 -4.15908330 -3.99427438 
2.15443469e-03 -4.61566148 -4.45398258 -4.30456095 -4.15908330 -3.99427438 
1.66810054e-03 -4.61566148 -4.45398258 -4.30456095 -4.15908330 -3.99427438 
1.29154967e-03 -4.61566148 -4.45398258 -4.30456095 -4.15908330 -3.99427438 
1.00000000e-03 -4.61566148 -4.45398258 -4.30456095 -4.15908330 -3.99427438 
7.74263683e-04 -4.61566148 -4.45398258 -4.30456095 -4.15908330 -3.99427438 
5.99484250e-04 -4.61566148 -4.45398258 -4.30456095 -4.15908330 -3.99427438 
4.64158883e-04 -4.61566148 -4.45398258 -4.30456095 -4.15908330 -3.99427438 
3.59381366e-04 -4.61566148 -4.45398258 -4.30456095 -4.15908330 -3.99427438 
2.78255940e-04 -4.61566148 -4.45398258 -4.30456095 -4.15908330 -3.99427438 
2.15443469e-04 -4.61566148 -4.45398258 -4.30456095 -4.15908330 -3.99427438 
1.66810054e-04 -4.61566148 -4.45398258 -4.30456095 -4.15908330 -3.99427438 
1.29154967e-04 -4.61566148 -4.45398258 -4.30456095 -4.15908330 -3.99427438 
1.00000000e-04 -4.61566148 -4.45398258 -4.30456095 -4.15908330 -3.99427438 
7.74263683e-05 -4.61566148 -4.45398258 -4.30456095 -4.15908330 -3.99427438 
5.99484250e-05 -4.61566148 -4.45398258 -4.30456095 -4.15908330 -3.99427438 
4.64158883e-05 -4.61566148 -4.45398258 -4.30456095 -4.15908330 -3.99427438 
3.59381366e-05 -4.61566148 -4.45398258 -4.30456095 -4.15908330 -3.99427438 
2.78255940e-05 -4.61566148 -4.45398258 -4.30456095 -4.15908330 -3.99427438 
2.15443469e-05 -4.61566148 -4.45398258 -4.30456095 -4.15908330 -3.99427438 
1.66810054e-05 -4.61566148 -4.45398258 -4.30456095 -4.15908330 -3.99427438 
1.29154967e-05 -4.61566148 -4.45398258 -4.30456095 -4.15908330 -3.99427438 
1.00000000e-05 -4.61566148 -4.45398258 -4.30456095 -4.15908330 -3.99427438 
7.74263683e-06 -4.61566148 -4.45398258 -4.30456095 -4.15908330 -3.99427438 
5.99484250e-06 -4.61566148 -4.45398258 -4.30456095 -4.15908330 -3.99427438 
4.64158883e-06 -4.61566148 -4.45398258 -4.30456095 -4.15908330 -3.99427438 
3.59381366e-06 -4.61566148 -4.45398258 -4.30456095 -4.15908330 -3.99427438 
2.78255940e-06 -4.61566148 -4.45398258 -4.30456095 -4.15908330 -3.99427438 
2.15443469e-06 -4.61566148 -4.45398258 -4.30456095 -4.15908330 -3.99427438 
1.66810054e-06 -4.61566148 -4.45398258 -4.30456095 -4.15908330 -3.99427438 
1.29154967e-06 -4.61566148 -4.45398258 -4.30456095 -4.15908330 -3.99427438 
1.00000000e-06 -4.61566148 -4.45398258 -4.30456095 -4.15908330 -3.99427438 
7.74263683e-07 -4.61566148 -4.45398258 -4.30456095 -4.15908330 -3.99427438 
5.99484250e-07 -4.61566148 -4.45398258 -4.30456095 -4.15908330 -3.99427438 
4.64158883e-07 -4.61566148 -4.45398258 -4.30456095 -4.15908330 -3.99427438 
3.59381366e-07 -4.61566148 -4.45398258 -4.30456095 -4.15908330 -3.99427438 
2.78255940e-07 -4.61566148 -4.45398258 -4.30456095 -4.15908330 -3.99427438 
2.15443469e-07 -4.61566148 -4.45398258 -4.30456095 -4.15908330 -3.99427438 
1.66810054e-07 -4.61566148 -4.45398258 -4.30456095 -4.15908330 -3.99427438 
1.29154967e-07 -4.61566148 -4.45398258 -4.30456095 -4.15908330 -3.99427438 
1.00000000e-07 -4.61566148 -4.45398258 -4.30456095 -4.15908330 -3.99427438 
7.74263683e-08 -4.61566148 -4.45398258 -4.30456095 -4.15908330 -3.99427438 
5.99484250e-08 -4.61566148 -4.45398258 -4.30456095 -4.15908330 -3.99427438 
4.64158883e-08 -4.61566148 -4.45398258 -4.30456095 -4.15908330 -3.99427438 
3.59381366e-08 -4.61566148 -4.45398258 -4.30456095 -4.15908330 -3.99427438 
2.78255940e-08 -4.61566148 -4.45398258 -4.30456095 -4.15908330 -3.99427438 
2.15443469e-08 -4.61566148 -4.45398258 -4.30456095 -4.15908330 -3.99427438 
1.66810054e-08 -4.61566148 -4.45398258 -4.30456095 -4.15908330 -3.99427438 
1.29154967e-08 -4.61566148 -4.45398258 -4.30456095 -4.15908330 -3.99427438 
1.00000000e-08 -4.61566148 -4.45398258 -4.30456095 -4.15908330 -3.99427438 
7.74263683e-09 -4.61566148 -4.45398258 -4.30456095 -4.15908330 -3.99427438 
5.99484250e-09 -4.61566148 -4.45398258 -4.30456095 -4.15908330 -3.99427438 
4.64158883e-09 -4.61566148 -4.45398258 -4.30456095 -4.15908330 -3.99427438 
3.59381366e-09 -4.61566148 -4.45398258 -4.30456095 -4.15908330 -3.99427438 
2.78255940e-09 -4.61566148 -4.45398258 -4.30456095 -4.15908330 -3.99427438 
2.15443469e-09 -4.61566148 -4.45398258 -4.30456095 -4.15908330 -3.99427438 
1.66810054e-09 -4.61566148 -4.45398258 -4.30456095 -4.15908330 -3.99427438 
1.29154967e-09 -4.61566148 -4.45398258 -4.30456095 -4.15908330 -3.99427438 
1.00000000e-09 -4.61566148 -4.45398258 -4.30456095 -4.15908330 -3.99427438 
7.74263683e-10 -4.61566148 -4.45398258 -4.30456095 -4.15908330 -3.99427438 
5.99484250e-10 -4.61566148 -4.45398258 -4.30456095 -4.15908330 -3.99427438 
4.64158883e-10 -4.61566148 -4.45398258 -4.30456095 -4.15908330 -3.99427438 
3.59381366e-10 -4.61566148 -4.45398258 -4.30456095 -4.15908330 -3.99427438 
2.78255940e-10 -4.61566148 -4.45398258 -4.30456095 -4.15908330 -3.99427438 
2.15443469e-10 -4.61566148 -4.45398258 -4.30456095 -4.15908330 -3.99427438 
1.66810054e-10 -4.61566148 -4.45398258 -4.30456095 -4.15908330 -3.99427438 
1.29154967e-10 -4.61566148 -4.45398258 -4.30456095 -4.15908330 -3.99427438 
1.00000000e-10 -4.61566148 -4.45398258 -4.30456095 -4.15908330 -3.99427438 
P (bar) | log_CO2: -2σ | log_CO2: -1σ | log_CO2: median | log_CO2: +1σ | log_CO2: +2σ 
1.00000000e+01 -3.83715039 -3.66039608 -3.48594972 -3.30763543 -3.12100899 
7.74263683e+00 -3.83715039 -3.66039608 -3.48594972 -3.30763543 -3.12100899 
5.99484250e+00 -3.83715039 -3.66039608 -3.48594972 -3.30763543 -3.12100899 
4.64158883e+00 -3.83715039 -3.66039608 -3.48594972 -3.30763543 -3.12100899 
3.59381366e+00 -3.83715039 -3.66039608 -3.48594972 -3.30763543 -3.12100899 
2.78255940e+00 -3.83715039 -3.66039608 -3.48594972 -3.30763543 -3.12100899 
2.15443469e+00 -3.83715039 -3.66039608 -3.48594972 -3.30763543 -3.12100899 
1.66810054e+00 -3.83715039 -3.66039608 -3.48594972 -3.30763543 -3.12100899 
1.29154967e+00 -3.83715039 -3.66039608 -3.48594972 -3.30763543 -3.12100899 
1.00000000e+00 -3.83715039 -3.66039608 -3.48594972 -3.30763543 -3.12100899 
7.74263683e-01 -3.83715039 -3.66039608 -3.48594972 -3.30763543 -3.12100899 
5.99484250e-01 -3.83715039 -3.66039608 -3.48594972 -3.30763543 -3.12100899 
4.64158883e-01 -3.83715039 -3.66039608 -3.48594972 -3.30763543 -3.12100899 
3.59381366e-01 -3.83715039 -3.66039608 -3.48594972 -3.30763543 -3.12100899 
2.78255940e-01 -3.83715039 -3.66039608 -3.48594972 -3.30763543 -3.12100899 
2.15443469e-01 -3.83715039 -3.66039608 -3.48594972 -3.30763543 -3.12100899 
1.66810054e-01 -3.83715039 -3.66039608 -3.48594972 -3.30763543 -3.12100899 
1.29154967e-01 -3.83715039 -3.66039608 -3.48594972 -3.30763543 -3.12100899 
1.00000000e-01 -3.83715039 -3.66039608 -3.48594972 -3.30763543 -3.12100899 
7.74263683e-02 -3.83715039 -3.66039608 -3.48594972 -3.30763543 -3.12100899 
5.99484250e-02 -3.83715039 -3.66039608 -3.48594972 -3.30763543 -3.12100899 
4.64158883e-02 -3.83715039 -3.66039608 -3.48594972 -3.30763543 -3.12100899 
3.59381366e-02 -3.83715039 -3.66039608 -3.48594972 -3.30763543 -3.12100899 
2.78255940e-02 -3.83715039 -3.66039608 -3.48594972 -3.30763543 -3.12100899 
2.15443469e-02 -3.83715039 -3.66039608 -3.48594972 -3.30763543 -3.12100899 
1.66810054e-02 -3.83715039 -3.66039608 -3.48594972 -3.30763543 -3.12100899 
1.29154967e-02 -3.83715039 -3.66039608 -3.48594972 -3.30763543 -3.12100899 
1.00000000e-02 -3.83715039 -3.66039608 -3.48594972 -3.30763543 -3.12100899 
7.74263683e-03 -3.83715039 -3.66039608 -3.48594972 -3.30763543 -3.12100899 
5.99484250e-03 -3.83715039 -3.66039608 -3.48594972 -3.30763543 -3.12100899 
4.64158883e-03 -3.83715039 -3.66039608 -3.48594972 -3.30763543 -3.12100899 
3.59381366e-03 -3.83715039 -3.66039608 -3.48594972 -3.30763543 -3.12100899 
2.78255940e-03 -3.83715039 -3.66039608 -3.48594972 -3.30763543 -3.12100899 
2.15443469e-03 -3.83715039 -3.66039608 -3.48594972 -3.30763543 -3.12100899 
1.66810054e-03 -3.83715039 -3.66039608 -3.48594972 -3.30763543 -3.12100899 
1.29154967e-03 -3.83715039 -3.66039608 -3.48594972 -3.30763543 -3.12100899 
1.00000000e-03 -3.83715039 -3.66039608 -3.48594972 -3.30763543 -3.12100899 
7.74263683e-04 -3.83715039 -3.66039608 -3.48594972 -3.30763543 -3.12100899 
5.99484250e-04 -3.83715039 -3.66039608 -3.48594972 -3.30763543 -3.12100899 
4.64158883e-04 -3.83715039 -3.66039608 -3.48594972 -3.30763543 -3.12100899 
3.59381366e-04 -3.83715039 -3.66039608 -3.48594972 -3.30763543 -3.12100899 
2.78255940e-04 -3.83715039 -3.66039608 -3.48594972 -3.30763543 -3.12100899 
2.15443469e-04 -3.83715039 -3.66039608 -3.48594972 -3.30763543 -3.12100899 
1.66810054e-04 -3.83715039 -3.66039608 -3.48594972 -3.30763543 -3.12100899 
1.29154967e-04 -3.83715039 -3.66039608 -3.48594972 -3.30763543 -3.12100899 
1.00000000e-04 -3.83715039 -3.66039608 -3.48594972 -3.30763543 -3.12100899 
7.74263683e-05 -3.83715039 -3.66039608 -3.48594972 -3.30763543 -3.12100899 
5.99484250e-05 -3.83715039 -3.66039608 -3.48594972 -3.30763543 -3.12100899 
4.64158883e-05 -3.83715039 -3.66039608 -3.48594972 -3.30763543 -3.12100899 
3.59381366e-05 -3.83715039 -3.66039608 -3.48594972 -3.30763543 -3.12100899 
2.78255940e-05 -3.83715039 -3.66039608 -3.48594972 -3.30763543 -3.12100899 
2.15443469e-05 -3.83715039 -3.66039608 -3.48594972 -3.30763543 -3.12100899 
1.66810054e-05 -3.83715039 -3.66039608 -3.48594972 -3.30763543 -3.12100899 
1.29154967e-05 -3.83715039 -3.66039608 -3.48594972 -3.30763543 -3.12100899 
1.00000000e-05 -3.83715039 -3.66039608 -3.48594972 -3.30763543 -3.12100899 
7.74263683e-06 -3.83715039 -3.66039608 -3.48594972 -3.30763543 -3.12100899 
5.99484250e-06 -3.83715039 -3.66039608 -3.48594972 -3.30763543 -3.12100899 
4.64158883e-06 -3.83715039 -3.66039608 -3.48594972 -3.30763543 -3.12100899 
3.59381366e-06 -3.83715039 -3.66039608 -3.48594972 -3.30763543 -3.12100899 
2.78255940e-06 -3.83715039 -3.66039608 -3.48594972 -3.30763543 -3.12100899 
2.15443469e-06 -3.83715039 -3.66039608 -3.48594972 -3.30763543 -3.12100899 
1.66810054e-06 -3.83715039 -3.66039608 -3.48594972 -3.30763543 -3.12100899 
1.29154967e-06 -3.83715039 -3.66039608 -3.48594972 -3.30763543 -3.12100899 
1.00000000e-06 -3.83715039 -3.66039608 -3.48594972 -3.30763543 -3.12100899 
7.74263683e-07 -3.83715039 -3.66039608 -3.48594972 -3.30763543 -3.12100899 
5.99484250e-07 -3.83715039 -3.66039608 -3.48594972 -3.30763543 -3.12100899 
4.64158883e-07 -3.83715039 -3.66039608 -3.48594972 -3.30763543 -3.12100899 
3.59381366e-07 -3.83715039 -3.66039608 -3.48594972 -3.30763543 -3.12100899 
2.78255940e-07 -3.83715039 -3.66039608 -3.48594972 -3.30763543 -3.12100899 
2.15443469e-07 -3.83715039 -3.66039608 -3.48594972 -3.30763543 -3.12100899 
1.66810054e-07 -3.83715039 -3.66039608 -3.48594972 -3.30763543 -3.12100899 
1.29154967e-07 -3.83715039 -3.66039608 -3.48594972 -3.30763543 -3.12100899 
1.00000000e-07 -3.83715039 -3.66039608 -3.48594972 -3.30763543 -3.12100899 
7.74263683e-08 -3.83715039 -3.66039608 -3.48594972 -3.30763543 -3.12100899 
5.99484250e-08 -3.83715039 -3.66039608 -3.48594972 -3.30763543 -3.12100899 
4.64158883e-08 -3.83715039 -3.66039608 -3.48594972 -3.30763543 -3.12100899 
3.59381366e-08 -3.83715039 -3.66039608 -3.48594972 -3.30763543 -3.12100899 
2.78255940e-08 -3.83715039 -3.66039608 -3.48594972 -3.30763543 -3.12100899 
2.15443469e-08 -3.83715039 -3.66039608 -3.48594972 -3.30763543 -3.12100899 
1.66810054e-08 -3.83715039 -3.66039608 -3.48594972 -3.30763543 -3.12100899 
1.29154967e-08 -3.83715039 -3.66039608 -3.48594972 -3.30763543 -3.12100899 
1.00000000e-08 -3.83715039 -3.66039608 -3.48594972 -3.30763543 -3.12100899 
7.74263683e-09 -3.83715039 -3.66039608 -3.48594972 -3.30763543 -3.12100899 
5.99484250e-09 -3.83715039 -3.66039608 -3.48594972 -3.30763543 -3.12100899 
4.64158883e-09 -3.83715039 -3.66039608 -3.48594972 -3.30763543 -3.12100899 
3.59381366e-09 -3.83715039 -3.66039608 -3.48594972 -3.30763543 -3.12100899 
2.78255940e-09 -3.83715039 -3.66039608 -3.48594972 -3.30763543 -3.12100899 
2.15443469e-09 -3.83715039 -3.66039608 -3.48594972 -3.30763543 -3.12100899 
1.66810054e-09 -3.83715039 -3.66039608 -3.48594972 -3.30763543 -3.12100899 
1.29154967e-09 -3.83715039 -3.66039608 -3.48594972 -3.30763543 -3.12100899 
1.00000000e-09 -3.83715039 -3.66039608 -3.48594972 -3.30763543 -3.12100899 
7.74263683e-10 -3.83715039 -3.66039608 -3.48594972 -3.30763543 -3.12100899 
5.99484250e-10 -3.83715039 -3.66039608 -3.48594972 -3.30763543 -3.12100899 
4.64158883e-10 -3.83715039 -3.66039608 -3.48594972 -3.30763543 -3.12100899 
3.59381366e-10 -3.83715039 -3.66039608 -3.48594972 -3.30763543 -3.12100899 
2.78255940e-10 -3.83715039 -3.66039608 -3.48594972 -3.30763543 -3.12100899 
2.15443469e-10 -3.83715039 -3.66039608 -3.48594972 -3.30763543 -3.12100899 
1.66810054e-10 -3.83715039 -3.66039608 -3.48594972 -3.30763543 -3.12100899 
1.29154967e-10 -3.83715039 -3.66039608 -3.48594972 -3.30763543 -3.12100899 
1.00000000e-10 -3.83715039 -3.66039608 -3.48594972 -3.30763543 -3.12100899 
P (bar) | log_CH4: -2σ | log_CH4: -1σ | log_CH4: median | log_CH4: +1σ | log_CH4: +2σ 
1.00000000e+01 -4.32375332 -4.23194579 -4.13773060 -4.04192169 -3.96584228 
7.74263683e+00 -4.32375332 -4.23194579 -4.13773060 -4.04192169 -3.96584228 
5.99484250e+00 -4.32375332 -4.23194579 -4.13773060 -4.04192169 -3.96584228 
4.64158883e+00 -4.32375332 -4.23194579 -4.13773060 -4.04192169 -3.96584228 
3.59381366e+00 -4.32375332 -4.23194579 -4.13773060 -4.04192169 -3.96584228 
2.78255940e+00 -4.32375332 -4.23194579 -4.13773060 -4.04192169 -3.96584228 
2.15443469e+00 -4.32375332 -4.23194579 -4.13773060 -4.04192169 -3.96584228 
1.66810054e+00 -4.32375332 -4.23194579 -4.13773060 -4.04192169 -3.96584228 
1.29154967e+00 -4.32375332 -4.23194579 -4.13773060 -4.04192169 -3.96584228 
1.00000000e+00 -4.32375332 -4.23194579 -4.13773060 -4.04192169 -3.96584228 
7.74263683e-01 -4.32375332 -4.23194579 -4.13773060 -4.04192169 -3.96584228 
5.99484250e-01 -4.32375332 -4.23194579 -4.13773060 -4.04192169 -3.96584228 
4.64158883e-01 -4.32375332 -4.23194579 -4.13773060 -4.04192169 -3.96584228 
3.59381366e-01 -4.32375332 -4.23194579 -4.13773060 -4.04192169 -3.96584228 
2.78255940e-01 -4.32375332 -4.23194579 -4.13773060 -4.04192169 -3.96584228 
2.15443469e-01 -4.32375332 -4.23194579 -4.13773060 -4.04192169 -3.96584228 
1.66810054e-01 -4.32375332 -4.23194579 -4.13773060 -4.04192169 -3.96584228 
1.29154967e-01 -4.32375332 -4.23194579 -4.13773060 -4.04192169 -3.96584228 
1.00000000e-01 -4.32375332 -4.23194579 -4.13773060 -4.04192169 -3.96584228 
7.74263683e-02 -4.32375332 -4.23194579 -4.13773060 -4.04192169 -3.96584228 
5.99484250e-02 -4.32375332 -4.23194579 -4.13773060 -4.04192169 -3.96584228 
4.64158883e-02 -4.32375332 -4.23194579 -4.13773060 -4.04192169 -3.96584228 
3.59381366e-02 -4.32375332 -4.23194579 -4.13773060 -4.04192169 -3.96584228 
2.78255940e-02 -4.32375332 -4.23194579 -4.13773060 -4.04192169 -3.96584228 
2.15443469e-02 -4.32375332 -4.23194579 -4.13773060 -4.04192169 -3.96584228 
1.66810054e-02 -4.32375332 -4.23194579 -4.13773060 -4.04192169 -3.96584228 
1.29154967e-02 -4.32375332 -4.23194579 -4.13773060 -4.04192169 -3.96584228 
1.00000000e-02 -4.32375332 -4.23194579 -4.13773060 -4.04192169 -3.96584228 
7.74263683e-03 -4.32375332 -4.23194579 -4.13773060 -4.04192169 -3.96584228 
5.99484250e-03 -4.32375332 -4.23194579 -4.13773060 -4.04192169 -3.96584228 
4.64158883e-03 -4.32375332 -4.23194579 -4.13773060 -4.04192169 -3.96584228 
3.59381366e-03 -4.32375332 -4.23194579 -4.13773060 -4.04192169 -3.96584228 
2.78255940e-03 -4.32375332 -4.23194579 -4.13773060 -4.04192169 -3.96584228 
2.15443469e-03 -4.32375332 -4.23194579 -4.13773060 -4.04192169 -3.96584228 
1.66810054e-03 -4.32375332 -4.23194579 -4.13773060 -4.04192169 -3.96584228 
1.29154967e-03 -4.32375332 -4.23194579 -4.13773060 -4.04192169 -3.96584228 
1.00000000e-03 -4.32375332 -4.23194579 -4.13773060 -4.04192169 -3.96584228 
7.74263683e-04 -4.32375332 -4.23194579 -4.13773060 -4.04192169 -3.96584228 
5.99484250e-04 -4.32375332 -4.23194579 -4.13773060 -4.04192169 -3.96584228 
4.64158883e-04 -4.32375332 -4.23194579 -4.13773060 -4.04192169 -3.96584228 
3.59381366e-04 -4.32375332 -4.23194579 -4.13773060 -4.04192169 -3.96584228 
2.78255940e-04 -4.32375332 -4.23194579 -4.13773060 -4.04192169 -3.96584228 
2.15443469e-04 -4.32375332 -4.23194579 -4.13773060 -4.04192169 -3.96584228 
1.66810054e-04 -4.32375332 -4.23194579 -4.13773060 -4.04192169 -3.96584228 
1.29154967e-04 -4.32375332 -4.23194579 -4.13773060 -4.04192169 -3.96584228 
1.00000000e-04 -4.32375332 -4.23194579 -4.13773060 -4.04192169 -3.96584228 
7.74263683e-05 -4.32375332 -4.23194579 -4.13773060 -4.04192169 -3.96584228 
5.99484250e-05 -4.32375332 -4.23194579 -4.13773060 -4.04192169 -3.96584228 
4.64158883e-05 -4.32375332 -4.23194579 -4.13773060 -4.04192169 -3.96584228 
3.59381366e-05 -4.32375332 -4.23194579 -4.13773060 -4.04192169 -3.96584228 
2.78255940e-05 -4.32375332 -4.23194579 -4.13773060 -4.04192169 -3.96584228 
2.15443469e-05 -4.32375332 -4.23194579 -4.13773060 -4.04192169 -3.96584228 
1.66810054e-05 -4.32375332 -4.23194579 -4.13773060 -4.04192169 -3.96584228 
1.29154967e-05 -4.32375332 -4.23194579 -4.13773060 -4.04192169 -3.96584228 
1.00000000e-05 -4.32375332 -4.23194579 -4.13773060 -4.04192169 -3.96584228 
7.74263683e-06 -4.32375332 -4.23194579 -4.13773060 -4.04192169 -3.96584228 
5.99484250e-06 -4.32375332 -4.23194579 -4.13773060 -4.04192169 -3.96584228 
4.64158883e-06 -4.32375332 -4.23194579 -4.13773060 -4.04192169 -3.96584228 
3.59381366e-06 -4.32375332 -4.23194579 -4.13773060 -4.04192169 -3.96584228 
2.78255940e-06 -4.32375332 -4.23194579 -4.13773060 -4.04192169 -3.96584228 
2.15443469e-06 -4.32375332 -4.23194579 -4.13773060 -4.04192169 -3.96584228 
1.66810054e-06 -4.32375332 -4.23194579 -4.13773060 -4.04192169 -3.96584228 
1.29154967e-06 -4.32375332 -4.23194579 -4.13773060 -4.04192169 -3.96584228 
1.00000000e-06 -4.32375332 -4.23194579 -4.13773060 -4.04192169 -3.96584228 
7.74263683e-07 -4.32375332 -4.23194579 -4.13773060 -4.04192169 -3.96584228 
5.99484250e-07 -4.32375332 -4.23194579 -4.13773060 -4.04192169 -3.96584228 
4.64158883e-07 -4.32375332 -4.23194579 -4.13773060 -4.04192169 -3.96584228 
3.59381366e-07 -4.32375332 -4.23194579 -4.13773060 -4.04192169 -3.96584228 
2.78255940e-07 -4.32375332 -4.23194579 -4.13773060 -4.04192169 -3.96584228 
2.15443469e-07 -4.32375332 -4.23194579 -4.13773060 -4.04192169 -3.96584228 
1.66810054e-07 -4.32375332 -4.23194579 -4.13773060 -4.04192169 -3.96584228 
1.29154967e-07 -4.32375332 -4.23194579 -4.13773060 -4.04192169 -3.96584228 
1.00000000e-07 -4.32375332 -4.23194579 -4.13773060 -4.04192169 -3.96584228 
7.74263683e-08 -4.32375332 -4.23194579 -4.13773060 -4.04192169 -3.96584228 
5.99484250e-08 -4.32375332 -4.23194579 -4.13773060 -4.04192169 -3.96584228 
4.64158883e-08 -4.32375332 -4.23194579 -4.13773060 -4.04192169 -3.96584228 
3.59381366e-08 -4.32375332 -4.23194579 -4.13773060 -4.04192169 -3.96584228 
2.78255940e-08 -4.32375332 -4.23194579 -4.13773060 -4.04192169 -3.96584228 
2.15443469e-08 -4.32375332 -4.23194579 -4.13773060 -4.04192169 -3.96584228 
1.66810054e-08 -4.32375332 -4.23194579 -4.13773060 -4.04192169 -3.96584228 
1.29154967e-08 -4.32375332 -4.23194579 -4.13773060 -4.04192169 -3.96584228 
1.00000000e-08 -4.32375332 -4.23194579 -4.13773060 -4.04192169 -3.96584228 
7.74263683e-09 -4.32375332 -4.23194579 -4.13773060 -4.04192169 -3.96584228 
5.99484250e-09 -4.32375332 -4.23194579 -4.13773060 -4.04192169 -3.96584228 
4.64158883e-09 -4.32375332 -4.23194579 -4.13773060 -4.04192169 -3.96584228 
3.59381366e-09 -4.32375332 -4.23194579 -4.13773060 -4.04192169 -3.96584228 
2.78255940e-09 -4.32375332 -4.23194579 -4.13773060 -4.04192169 -3.96584228 
2.15443469e-09 -4.32375332 -4.23194579 -4.13773060 -4.04192169 -3.96584228 
1.66810054e-09 -4.32375332 -4.23194579 -4.13773060 -4.04192169 -3.96584228 
1.29154967e-09 -4.32375332 -4.23194579 -4.13773060 -4.04192169 -3.96584228 
1.00000000e-09 -4.32375332 -4.23194579 -4.13773060 -4.04192169 -3.96584228 
7.74263683e-10 -4.32375332 -4.23194579 -4.13773060 -4.04192169 -3.96584228 
5.99484250e-10 -4.32375332 -4.23194579 -4.13773060 -4.04192169 -3.96584228 
4.64158883e-10 -4.32375332 -4.23194579 -4.13773060 -4.04192169 -3.96584228 
3.59381366e-10 -4.32375332 -4.23194579 -4.13773060 -4.04192169 -3.96584228 
2.78255940e-10 -4.32375332 -4.23194579 -4.13773060 -4.04192169 -3.96584228 
2.15443469e-10 -4.32375332 -4.23194579 -4.13773060 -4.04192169 -3.96584228 
1.66810054e-10 -4.32375332 -4.23194579 -4.13773060 -4.04192169 -3.96584228 
1.29154967e-10 -4.32375332 -4.23194579 -4.13773060 -4.04192169 -3.96584228 
1.00000000e-10 -4.32375332 -4.23194579 -4.13773060 -4.04192169 -3.96584228 
P (bar) | log_O2: -2σ | log_O2: -1σ | log_O2: median | log_O2: +1σ | log_O2: +2σ 
1.00000000e+01 -1.32829889 -1.17085725 -1.06767578 -1.01910405 -1.00314999 
7.74263683e+00 -1.32829889 -1.17085725 -1.06767578 -1.01910405 -1.00314999 
5.99484250e+00 -1.32829889 -1.17085725 -1.06767578 -1.01910405 -1.00314999 
4.64158883e+00 -1.32829889 -1.17085725 -1.06767578 -1.01910405 -1.00314999 
3.59381366e+00 -1.32829889 -1.17085725 -1.06767578 -1.01910405 -1.00314999 
2.78255940e+00 -1.32829889 -1.17085725 -1.06767578 -1.01910405 -1.00314999 
2.15443469e+00 -1.32829889 -1.17085725 -1.06767578 -1.01910405 -1.00314999 
1.66810054e+00 -1.32829889 -1.17085725 -1.06767578 -1.01910405 -1.00314999 
1.29154967e+00 -1.32829889 -1.17085725 -1.06767578 -1.01910405 -1.00314999 
1.00000000e+00 -1.32829889 -1.17085725 -1.06767578 -1.01910405 -1.00314999 
7.74263683e-01 -1.32829889 -1.17085725 -1.06767578 -1.01910405 -1.00314999 
5.99484250e-01 -1.32829889 -1.17085725 -1.06767578 -1.01910405 -1.00314999 
4.64158883e-01 -1.32829889 -1.17085725 -1.06767578 -1.01910405 -1.00314999 
3.59381366e-01 -1.32829889 -1.17085725 -1.06767578 -1.01910405 -1.00314999 
2.78255940e-01 -1.32829889 -1.17085725 -1.06767578 -1.01910405 -1.00314999 
2.15443469e-01 -1.32829889 -1.17085725 -1.06767578 -1.01910405 -1.00314999 
1.66810054e-01 -1.32829889 -1.17085725 -1.06767578 -1.01910405 -1.00314999 
1.29154967e-01 -1.32829889 -1.17085725 -1.06767578 -1.01910405 -1.00314999 
1.00000000e-01 -1.32829889 -1.17085725 -1.06767578 -1.01910405 -1.00314999 
7.74263683e-02 -1.32829889 -1.17085725 -1.06767578 -1.01910405 -1.00314999 
5.99484250e-02 -1.32829889 -1.17085725 -1.06767578 -1.01910405 -1.00314999 
4.64158883e-02 -1.32829889 -1.17085725 -1.06767578 -1.01910405 -1.00314999 
3.59381366e-02 -1.32829889 -1.17085725 -1.06767578 -1.01910405 -1.00314999 
2.78255940e-02 -1.32829889 -1.17085725 -1.06767578 -1.01910405 -1.00314999 
2.15443469e-02 -1.32829889 -1.17085725 -1.06767578 -1.01910405 -1.00314999 
1.66810054e-02 -1.32829889 -1.17085725 -1.06767578 -1.01910405 -1.00314999 
1.29154967e-02 -1.32829889 -1.17085725 -1.06767578 -1.01910405 -1.00314999 
1.00000000e-02 -1.32829889 -1.17085725 -1.06767578 -1.01910405 -1.00314999 
7.74263683e-03 -1.32829889 -1.17085725 -1.06767578 -1.01910405 -1.00314999 
5.99484250e-03 -1.32829889 -1.17085725 -1.06767578 -1.01910405 -1.00314999 
4.64158883e-03 -1.32829889 -1.17085725 -1.06767578 -1.01910405 -1.00314999 
3.59381366e-03 -1.32829889 -1.17085725 -1.06767578 -1.01910405 -1.00314999 
2.78255940e-03 -1.32829889 -1.17085725 -1.06767578 -1.01910405 -1.00314999 
2.15443469e-03 -1.32829889 -1.17085725 -1.06767578 -1.01910405 -1.00314999 
1.66810054e-03 -1.32829889 -1.17085725 -1.06767578 -1.01910405 -1.00314999 
1.29154967e-03 -1.32829889 -1.17085725 -1.06767578 -1.01910405 -1.00314999 
1.00000000e-03 -1.32829889 -1.17085725 -1.06767578 -1.01910405 -1.00314999 
7.74263683e-04 -1.32829889 -1.17085725 -1.06767578 -1.01910405 -1.00314999 
5.99484250e-04 -1.32829889 -1.17085725 -1.06767578 -1.01910405 -1.00314999 
4.64158883e-04 -1.32829889 -1.17085725 -1.06767578 -1.01910405 -1.00314999 
3.59381366e-04 -1.32829889 -1.17085725 -1.06767578 -1.01910405 -1.00314999 
2.78255940e-04 -1.32829889 -1.17085725 -1.06767578 -1.01910405 -1.00314999 
2.15443469e-04 -1.32829889 -1.17085725 -1.06767578 -1.01910405 -1.00314999 
1.66810054e-04 -1.32829889 -1.17085725 -1.06767578 -1.01910405 -1.00314999 
1.29154967e-04 -1.32829889 -1.17085725 -1.06767578 -1.01910405 -1.00314999 
1.00000000e-04 -1.32829889 -1.17085725 -1.06767578 -1.01910405 -1.00314999 
7.74263683e-05 -1.32829889 -1.17085725 -1.06767578 -1.01910405 -1.00314999 
5.99484250e-05 -1.32829889 -1.17085725 -1.06767578 -1.01910405 -1.00314999 
4.64158883e-05 -1.32829889 -1.17085725 -1.06767578 -1.01910405 -1.00314999 
3.59381366e-05 -1.32829889 -1.17085725 -1.06767578 -1.01910405 -1.00314999 
2.78255940e-05 -1.32829889 -1.17085725 -1.06767578 -1.01910405 -1.00314999 
2.15443469e-05 -1.32829889 -1.17085725 -1.06767578 -1.01910405 -1.00314999 
1.66810054e-05 -1.32829889 -1.17085725 -1.06767578 -1.01910405 -1.00314999 
1.29154967e-05 -1.32829889 -1.17085725 -1.06767578 -1.01910405 -1.00314999 
1.00000000e-05 -1.32829889 -1.17085725 -1.06767578 -1.01910405 -1.00314999 
7.74263683e-06 -1.32829889 -1.17085725 -1.06767578 -1.01910405 -1.00314999 
5.99484250e-06 -1.32829889 -1.17085725 -1.06767578 -1.01910405 -1.00314999 
4.64158883e-06 -1.32829889 -1.17085725 -1.06767578 -1.01910405 -1.00314999 
3.59381366e-06 -1.32829889 -1.17085725 -1.06767578 -1.01910405 -1.00314999 
2.78255940e-06 -1.32829889 -1.17085725 -1.06767578 -1.01910405 -1.00314999 
2.15443469e-06 -1.32829889 -1.17085725 -1.06767578 -1.01910405 -1.00314999 
1.66810054e-06 -1.32829889 -1.17085725 -1.06767578 -1.01910405 -1.00314999 
1.29154967e-06 -1.32829889 -1.17085725 -1.06767578 -1.01910405 -1.00314999 
1.00000000e-06 -1.32829889 -1.17085725 -1.06767578 -1.01910405 -1.00314999 
7.74263683e-07 -1.32829889 -1.17085725 -1.06767578 -1.01910405 -1.00314999 
5.99484250e-07 -1.32829889 -1.17085725 -1.06767578 -1.01910405 -1.00314999 
4.64158883e-07 -1.32829889 -1.17085725 -1.06767578 -1.01910405 -1.00314999 
3.59381366e-07 -1.32829889 -1.17085725 -1.06767578 -1.01910405 -1.00314999 
2.78255940e-07 -1.32829889 -1.17085725 -1.06767578 -1.01910405 -1.00314999 
2.15443469e-07 -1.32829889 -1.17085725 -1.06767578 -1.01910405 -1.00314999 
1.66810054e-07 -1.32829889 -1.17085725 -1.06767578 -1.01910405 -1.00314999 
1.29154967e-07 -1.32829889 -1.17085725 -1.06767578 -1.01910405 -1.00314999 
1.00000000e-07 -1.32829889 -1.17085725 -1.06767578 -1.01910405 -1.00314999 
7.74263683e-08 -1.32829889 -1.17085725 -1.06767578 -1.01910405 -1.00314999 
5.99484250e-08 -1.32829889 -1.17085725 -1.06767578 -1.01910405 -1.00314999 
4.64158883e-08 -1.32829889 -1.17085725 -1.06767578 -1.01910405 -1.00314999 
3.59381366e-08 -1.32829889 -1.17085725 -1.06767578 -1.01910405 -1.00314999 
2.78255940e-08 -1.32829889 -1.17085725 -1.06767578 -1.01910405 -1.00314999 
2.15443469e-08 -1.32829889 -1.17085725 -1.06767578 -1.01910405 -1.00314999 
1.66810054e-08 -1.32829889 -1.17085725 -1.06767578 -1.01910405 -1.00314999 
1.29154967e-08 -1.32829889 -1.17085725 -1.06767578 -1.01910405 -1.00314999 
1.00000000e-08 -1.32829889 -1.17085725 -1.06767578 -1.01910405 -1.00314999 
7.74263683e-09 -1.32829889 -1.17085725 -1.06767578 -1.01910405 -1.00314999 
5.99484250e-09 -1.32829889 -1.17085725 -1.06767578 -1.01910405 -1.00314999 
4.64158883e-09 -1.32829889 -1.17085725 -1.06767578 -1.01910405 -1.00314999 
3.59381366e-09 -1.32829889 -1.17085725 -1.06767578 -1.01910405 -1.00314999 
2.78255940e-09 -1.32829889 -1.17085725 -1.06767578 -1.01910405 -1.00314999 
2.15443469e-09 -1.32829889 -1.17085725 -1.06767578 -1.01910405 -1.00314999 
1.66810054e-09 -1.32829889 -1.17085725 -1.06767578 -1.01910405 -1.00314999 
1.29154967e-09 -1.32829889 -1.17085725 -1.06767578 -1.01910405 -1.00314999 
1.00000000e-09 -1.32829889 -1.17085725 -1.06767578 -1.01910405 -1.00314999 
7.74263683e-10 -1.32829889 -1.17085725 -1.06767578 -1.01910405 -1.00314999 
5.99484250e-10 -1.32829889 -1.17085725 -1.06767578 -1.01910405 -1.00314999 
4.64158883e-10 -1.32829889 -1.17085725 -1.06767578 -1.01910405 -1.00314999 
3.59381366e-10 -1.32829889 -1.17085725 -1.06767578 -1.01910405 -1.00314999 
2.78255940e-10 -1.32829889 -1.17085725 -1.06767578 -1.01910405 -1.00314999 
2.15443469e-10 -1.32829889 -1.17085725 -1.06767578 -1.01910405 -1.00314999 
1.66810054e-10 -1.32829889 -1.17085725 -1.06767578 -1.01910405 -1.00314999 
1.29154967e-10 -1.32829889 -1.17085725 -1.06767578 -1.01910405 -1.00314999 
1.00000000e-10 -1.32829889 -1.17085725 -1.06767578 -1.01910405 -1.00314999 
P (bar) | log_O3: -2σ | log_O3: -1σ | log_O3: median | log_O3: +1σ | log_O3: +2σ 
1.00000000e+01 -9.94289658 -9.67080194 -8.98075052 -8.21739151 -7.38941088 
7.74263683e+00 -9.94289658 -9.67080194 -8.98075052 -8.21739151 -7.38941088 
5.99484250e+00 -9.94289658 -9.67080194 -8.98075052 -8.21739151 -7.38941088 
4.64158883e+00 -9.94289658 -9.67080194 -8.98075052 -8.21739151 -7.38941088 
3.59381366e+00 -9.94289658 -9.67080194 -8.98075052 -8.21739151 -7.38941088 
2.78255940e+00 -9.94289658 -9.67080194 -8.98075052 -8.21739151 -7.38941088 
2.15443469e+00 -9.94289658 -9.67080194 -8.98075052 -8.21739151 -7.38941088 
1.66810054e+00 -9.94289658 -9.67080194 -8.98075052 -8.21739151 -7.38941088 
1.29154967e+00 -9.94289658 -9.67080194 -8.98075052 -8.21739151 -7.38941088 
1.00000000e+00 -9.94289658 -9.67080194 -8.98075052 -8.21739151 -7.38941088 
7.74263683e-01 -9.94289658 -9.67080194 -8.98075052 -8.21739151 -7.38941088 
5.99484250e-01 -9.94289658 -9.67080194 -8.98075052 -8.21739151 -7.38941088 
4.64158883e-01 -9.94289658 -9.67080194 -8.98075052 -8.21739151 -7.38941088 
3.59381366e-01 -9.94289658 -9.67080194 -8.98075052 -8.21739151 -7.38941088 
2.78255940e-01 -9.94289658 -9.67080194 -8.98075052 -8.21739151 -7.38941088 
2.15443469e-01 -9.94289658 -9.67080194 -8.98075052 -8.21739151 -7.38941088 
1.66810054e-01 -9.94289658 -9.67080194 -8.98075052 -8.21739151 -7.38941088 
1.29154967e-01 -9.94289658 -9.67080194 -8.98075052 -8.21739151 -7.38941088 
1.00000000e-01 -9.94289658 -9.67080194 -8.98075052 -8.21739151 -7.38941088 
7.74263683e-02 -9.94289658 -9.67080194 -8.98075052 -8.21739151 -7.38941088 
5.99484250e-02 -9.94289658 -9.67080194 -8.98075052 -8.21739151 -7.38941088 
4.64158883e-02 -9.94289658 -9.67080194 -8.98075052 -8.21739151 -7.38941088 
3.59381366e-02 -9.94289658 -9.67080194 -8.98075052 -8.21739151 -7.38941088 
2.78255940e-02 -9.94289658 -9.67080194 -8.98075052 -8.21739151 -7.38941088 
2.15443469e-02 -9.94289658 -9.67080194 -8.98075052 -8.21739151 -7.38941088 
1.66810054e-02 -9.94289658 -9.67080194 -8.98075052 -8.21739151 -7.38941088 
1.29154967e-02 -9.94289658 -9.67080194 -8.98075052 -8.21739151 -7.38941088 
1.00000000e-02 -9.94289658 -9.67080194 -8.98075052 -8.21739151 -7.38941088 
7.74263683e-03 -9.94289658 -9.67080194 -8.98075052 -8.21739151 -7.38941088 
5.99484250e-03 -9.94289658 -9.67080194 -8.98075052 -8.21739151 -7.38941088 
4.64158883e-03 -9.94289658 -9.67080194 -8.98075052 -8.21739151 -7.38941088 
3.59381366e-03 -9.94289658 -9.67080194 -8.98075052 -8.21739151 -7.38941088 
2.78255940e-03 -9.94289658 -9.67080194 -8.98075052 -8.21739151 -7.38941088 
2.15443469e-03 -9.94289658 -9.67080194 -8.98075052 -8.21739151 -7.38941088 
1.66810054e-03 -9.94289658 -9.67080194 -8.98075052 -8.21739151 -7.38941088 
1.29154967e-03 -9.94289658 -9.67080194 -8.98075052 -8.21739151 -7.38941088 
1.00000000e-03 -9.94289658 -9.67080194 -8.98075052 -8.21739151 -7.38941088 
7.74263683e-04 -9.94289658 -9.67080194 -8.98075052 -8.21739151 -7.38941088 
5.99484250e-04 -9.94289658 -9.67080194 -8.98075052 -8.21739151 -7.38941088 
4.64158883e-04 -9.94289658 -9.67080194 -8.98075052 -8.21739151 -7.38941088 
3.59381366e-04 -9.94289658 -9.67080194 -8.98075052 -8.21739151 -7.38941088 
2.78255940e-04 -9.94289658 -9.67080194 -8.98075052 -8.21739151 -7.38941088 
2.15443469e-04 -9.94289658 -9.67080194 -8.98075052 -8.21739151 -7.38941088 
1.66810054e-04 -9.94289658 -9.67080194 -8.98075052 -8.21739151 -7.38941088 
1.29154967e-04 -9.94289658 -9.67080194 -8.98075052 -8.21739151 -7.38941088 
1.00000000e-04 -9.94289658 -9.67080194 -8.98075052 -8.21739151 -7.38941088 
7.74263683e-05 -9.94289658 -9.67080194 -8.98075052 -8.21739151 -7.38941088 
5.99484250e-05 -9.94289658 -9.67080194 -8.98075052 -8.21739151 -7.38941088 
4.64158883e-05 -9.94289658 -9.67080194 -8.98075052 -8.21739151 -7.38941088 
3.59381366e-05 -9.94289658 -9.67080194 -8.98075052 -8.21739151 -7.38941088 
2.78255940e-05 -9.94289658 -9.67080194 -8.98075052 -8.21739151 -7.38941088 
2.15443469e-05 -9.94289658 -9.67080194 -8.98075052 -8.21739151 -7.38941088 
1.66810054e-05 -9.94289658 -9.67080194 -8.98075052 -8.21739151 -7.38941088 
1.29154967e-05 -9.94289658 -9.67080194 -8.98075052 -8.21739151 -7.38941088 
1.00000000e-05 -9.94289658 -9.67080194 -8.98075052 -8.21739151 -7.38941088 
7.74263683e-06 -9.94289658 -9.67080194 -8.98075052 -8.21739151 -7.38941088 
5.99484250e-06 -9.94289658 -9.67080194 -8.98075052 -8.21739151 -7.38941088 
4.64158883e-06 -9.94289658 -9.67080194 -8.98075052 -8.21739151 -7.38941088 
3.59381366e-06 -9.94289658 -9.67080194 -8.98075052 -8.21739151 -7.38941088 
2.78255940e-06 -9.94289658 -9.67080194 -8.98075052 -8.21739151 -7.38941088 
2.15443469e-06 -9.94289658 -9.67080194 -8.98075052 -8.21739151 -7.38941088 
1.66810054e-06 -9.94289658 -9.67080194 -8.98075052 -8.21739151 -7.38941088 
1.29154967e-06 -9.94289658 -9.67080194 -8.98075052 -8.21739151 -7.38941088 
1.00000000e-06 -9.94289658 -9.67080194 -8.98075052 -8.21739151 -7.38941088 
7.74263683e-07 -9.94289658 -9.67080194 -8.98075052 -8.21739151 -7.38941088 
5.99484250e-07 -9.94289658 -9.67080194 -8.98075052 -8.21739151 -7.38941088 
4.64158883e-07 -9.94289658 -9.67080194 -8.98075052 -8.21739151 -7.38941088 
3.59381366e-07 -9.94289658 -9.67080194 -8.98075052 -8.21739151 -7.38941088 
2.78255940e-07 -9.94289658 -9.67080194 -8.98075052 -8.21739151 -7.38941088 
2.15443469e-07 -9.94289658 -9.67080194 -8.98075052 -8.21739151 -7.38941088 
1.66810054e-07 -9.94289658 -9.67080194 -8.98075052 -8.21739151 -7.38941088 
1.29154967e-07 -9.94289658 -9.67080194 -8.98075052 -8.21739151 -7.38941088 
1.00000000e-07 -9.94289658 -9.67080194 -8.98075052 -8.21739151 -7.38941088 
7.74263683e-08 -9.94289658 -9.67080194 -8.98075052 -8.21739151 -7.38941088 
5.99484250e-08 -9.94289658 -9.67080194 -8.98075052 -8.21739151 -7.38941088 
4.64158883e-08 -9.94289658 -9.67080194 -8.98075052 -8.21739151 -7.38941088 
3.59381366e-08 -9.94289658 -9.67080194 -8.98075052 -8.21739151 -7.38941088 
2.78255940e-08 -9.94289658 -9.67080194 -8.98075052 -8.21739151 -7.38941088 
2.15443469e-08 -9.94289658 -9.67080194 -8.98075052 -8.21739151 -7.38941088 
1.66810054e-08 -9.94289658 -9.67080194 -8.98075052 -8.21739151 -7.38941088 
1.29154967e-08 -9.94289658 -9.67080194 -8.98075052 -8.21739151 -7.38941088 
1.00000000e-08 -9.94289658 -9.67080194 -8.98075052 -8.21739151 -7.38941088 
7.74263683e-09 -9.94289658 -9.67080194 -8.98075052 -8.21739151 -7.38941088 
5.99484250e-09 -9.94289658 -9.67080194 -8.98075052 -8.21739151 -7.38941088 
4.64158883e-09 -9.94289658 -9.67080194 -8.98075052 -8.21739151 -7.38941088 
3.59381366e-09 -9.94289658 -9.67080194 -8.98075052 -8.21739151 -7.38941088 
2.78255940e-09 -9.94289658 -9.67080194 -8.98075052 -8.21739151 -7.38941088 
2.15443469e-09 -9.94289658 -9.67080194 -8.98075052 -8.21739151 -7.38941088 
1.66810054e-09 -9.94289658 -9.67080194 -8.98075052 -8.21739151 -7.38941088 
1.29154967e-09 -9.94289658 -9.67080194 -8.98075052 -8.21739151 -7.38941088 
1.00000000e-09 -9.94289658 -9.67080194 -8.98075052 -8.21739151 -7.38941088 
7.74263683e-10 -9.94289658 -9.67080194 -8.98075052 -8.21739151 -7.38941088 
5.99484250e-10 -9.94289658 -9.67080194 -8.98075052 -8.21739151 -7.38941088 
4.64158883e-10 -9.94289658 -9.67080194 -8.98075052 -8.21739151 -7.38941088 
3.59381366e-10 -9.94289658 -9.67080194 -8.98075052 -8.21739151 -7.38941088 
2.78255940e-10 -9.94289658 -9.67080194 -8.98075052 -8.21739151 -7.38941088 
2.15443469e-10 -9.94289658 -9.67080194 -8.98075052 -8.21739151 -7.38941088 
1.66810054e-10 -9.94289658 -9.67080194 -8.98075052 -8.21739151 -7.38941088 
1.29154967e-10 -9.94289658 -9.67080194 -8.98075052 -8.21739151 -7.38941088 
1.00000000e-10 -9.94289658 -9.67080194 -8.98075052 -8.21739151 -7.38941088 
P (bar) | log_N2O: -2σ | log_N2O: -1σ | log_N2O: median | log_N2O: +1σ | log_N2O: +2σ 
1.00000000e+01 -8.50019753 -7.40285277 -6.88757580 -6.48877719 -6.19018283 
7.74263683e+00 -8.50019753 -7.40285277 -6.88757580 -6.48877719 -6.19018283 
5.99484250e+00 -8.50019753 -7.40285277 -6.88757580 -6.48877719 -6.19018283 
4.64158883e+00 -8.50019753 -7.40285277 -6.88757580 -6.48877719 -6.19018283 
3.59381366e+00 -8.50019753 -7.40285277 -6.88757580 -6.48877719 -6.19018283 
2.78255940e+00 -8.50019753 -7.40285277 -6.88757580 -6.48877719 -6.19018283 
2.15443469e+00 -8.50019753 -7.40285277 -6.88757580 -6.48877719 -6.19018283 
1.66810054e+00 -8.50019753 -7.40285277 -6.88757580 -6.48877719 -6.19018283 
1.29154967e+00 -8.50019753 -7.40285277 -6.88757580 -6.48877719 -6.19018283 
1.00000000e+00 -8.50019753 -7.40285277 -6.88757580 -6.48877719 -6.19018283 
7.74263683e-01 -8.50019753 -7.40285277 -6.88757580 -6.48877719 -6.19018283 
5.99484250e-01 -8.50019753 -7.40285277 -6.88757580 -6.48877719 -6.19018283 
4.64158883e-01 -8.50019753 -7.40285277 -6.88757580 -6.48877719 -6.19018283 
3.59381366e-01 -8.50019753 -7.40285277 -6.88757580 -6.48877719 -6.19018283 
2.78255940e-01 -8.50019753 -7.40285277 -6.88757580 -6.48877719 -6.19018283 
2.15443469e-01 -8.50019753 -7.40285277 -6.88757580 -6.48877719 -6.19018283 
1.66810054e-01 -8.50019753 -7.40285277 -6.88757580 -6.48877719 -6.19018283 
1.29154967e-01 -8.50019753 -7.40285277 -6.88757580 -6.48877719 -6.19018283 
1.00000000e-01 -8.50019753 -7.40285277 -6.88757580 -6.48877719 -6.19018283 
7.74263683e-02 -8.50019753 -7.40285277 -6.88757580 -6.48877719 -6.19018283 
5.99484250e-02 -8.50019753 -7.40285277 -6.88757580 -6.48877719 -6.19018283 
4.64158883e-02 -8.50019753 -7.40285277 -6.88757580 -6.48877719 -6.19018283 
3.59381366e-02 -8.50019753 -7.40285277 -6.88757580 -6.48877719 -6.19018283 
2.78255940e-02 -8.50019753 -7.40285277 -6.88757580 -6.48877719 -6.19018283 
2.15443469e-02 -8.50019753 -7.40285277 -6.88757580 -6.48877719 -6.19018283 
1.66810054e-02 -8.50019753 -7.40285277 -6.88757580 -6.48877719 -6.19018283 
1.29154967e-02 -8.50019753 -7.40285277 -6.88757580 -6.48877719 -6.19018283 
1.00000000e-02 -8.50019753 -7.40285277 -6.88757580 -6.48877719 -6.19018283 
7.74263683e-03 -8.50019753 -7.40285277 -6.88757580 -6.48877719 -6.19018283 
5.99484250e-03 -8.50019753 -7.40285277 -6.88757580 -6.48877719 -6.19018283 
4.64158883e-03 -8.50019753 -7.40285277 -6.88757580 -6.48877719 -6.19018283 
3.59381366e-03 -8.50019753 -7.40285277 -6.88757580 -6.48877719 -6.19018283 
2.78255940e-03 -8.50019753 -7.40285277 -6.88757580 -6.48877719 -6.19018283 
2.15443469e-03 -8.50019753 -7.40285277 -6.88757580 -6.48877719 -6.19018283 
1.66810054e-03 -8.50019753 -7.40285277 -6.88757580 -6.48877719 -6.19018283 
1.29154967e-03 -8.50019753 -7.40285277 -6.88757580 -6.48877719 -6.19018283 
1.00000000e-03 -8.50019753 -7.40285277 -6.88757580 -6.48877719 -6.19018283 
7.74263683e-04 -8.50019753 -7.40285277 -6.88757580 -6.48877719 -6.19018283 
5.99484250e-04 -8.50019753 -7.40285277 -6.88757580 -6.48877719 -6.19018283 
4.64158883e-04 -8.50019753 -7.40285277 -6.88757580 -6.48877719 -6.19018283 
3.59381366e-04 -8.50019753 -7.40285277 -6.88757580 -6.48877719 -6.19018283 
2.78255940e-04 -8.50019753 -7.40285277 -6.88757580 -6.48877719 -6.19018283 
2.15443469e-04 -8.50019753 -7.40285277 -6.88757580 -6.48877719 -6.19018283 
1.66810054e-04 -8.50019753 -7.40285277 -6.88757580 -6.48877719 -6.19018283 
1.29154967e-04 -8.50019753 -7.40285277 -6.88757580 -6.48877719 -6.19018283 
1.00000000e-04 -8.50019753 -7.40285277 -6.88757580 -6.48877719 -6.19018283 
7.74263683e-05 -8.50019753 -7.40285277 -6.88757580 -6.48877719 -6.19018283 
5.99484250e-05 -8.50019753 -7.40285277 -6.88757580 -6.48877719 -6.19018283 
4.64158883e-05 -8.50019753 -7.40285277 -6.88757580 -6.48877719 -6.19018283 
3.59381366e-05 -8.50019753 -7.40285277 -6.88757580 -6.48877719 -6.19018283 
2.78255940e-05 -8.50019753 -7.40285277 -6.88757580 -6.48877719 -6.19018283 
2.15443469e-05 -8.50019753 -7.40285277 -6.88757580 -6.48877719 -6.19018283 
1.66810054e-05 -8.50019753 -7.40285277 -6.88757580 -6.48877719 -6.19018283 
1.29154967e-05 -8.50019753 -7.40285277 -6.88757580 -6.48877719 -6.19018283 
1.00000000e-05 -8.50019753 -7.40285277 -6.88757580 -6.48877719 -6.19018283 
7.74263683e-06 -8.50019753 -7.40285277 -6.88757580 -6.48877719 -6.19018283 
5.99484250e-06 -8.50019753 -7.40285277 -6.88757580 -6.48877719 -6.19018283 
4.64158883e-06 -8.50019753 -7.40285277 -6.88757580 -6.48877719 -6.19018283 
3.59381366e-06 -8.50019753 -7.40285277 -6.88757580 -6.48877719 -6.19018283 
2.78255940e-06 -8.50019753 -7.40285277 -6.88757580 -6.48877719 -6.19018283 
2.15443469e-06 -8.50019753 -7.40285277 -6.88757580 -6.48877719 -6.19018283 
1.66810054e-06 -8.50019753 -7.40285277 -6.88757580 -6.48877719 -6.19018283 
1.29154967e-06 -8.50019753 -7.40285277 -6.88757580 -6.48877719 -6.19018283 
1.00000000e-06 -8.50019753 -7.40285277 -6.88757580 -6.48877719 -6.19018283 
7.74263683e-07 -8.50019753 -7.40285277 -6.88757580 -6.48877719 -6.19018283 
5.99484250e-07 -8.50019753 -7.40285277 -6.88757580 -6.48877719 -6.19018283 
4.64158883e-07 -8.50019753 -7.40285277 -6.88757580 -6.48877719 -6.19018283 
3.59381366e-07 -8.50019753 -7.40285277 -6.88757580 -6.48877719 -6.19018283 
2.78255940e-07 -8.50019753 -7.40285277 -6.88757580 -6.48877719 -6.19018283 
2.15443469e-07 -8.50019753 -7.40285277 -6.88757580 -6.48877719 -6.19018283 
1.66810054e-07 -8.50019753 -7.40285277 -6.88757580 -6.48877719 -6.19018283 
1.29154967e-07 -8.50019753 -7.40285277 -6.88757580 -6.48877719 -6.19018283 
1.00000000e-07 -8.50019753 -7.40285277 -6.88757580 -6.48877719 -6.19018283 
7.74263683e-08 -8.50019753 -7.40285277 -6.88757580 -6.48877719 -6.19018283 
5.99484250e-08 -8.50019753 -7.40285277 -6.88757580 -6.48877719 -6.19018283 
4.64158883e-08 -8.50019753 -7.40285277 -6.88757580 -6.48877719 -6.19018283 
3.59381366e-08 -8.50019753 -7.40285277 -6.88757580 -6.48877719 -6.19018283 
2.78255940e-08 -8.50019753 -7.40285277 -6.88757580 -6.48877719 -6.19018283 
2.15443469e-08 -8.50019753 -7.40285277 -6.88757580 -6.48877719 -6.19018283 
1.66810054e-08 -8.50019753 -7.40285277 -6.88757580 -6.48877719 -6.19018283 
1.29154967e-08 -8.50019753 -7.40285277 -6.88757580 -6.48877719 -6.19018283 
1.00000000e-08 -8.50019753 -7.40285277 -6.88757580 -6.48877719 -6.19018283 
7.74263683e-09 -8.50019753 -7.40285277 -6.88757580 -6.48877719 -6.19018283 
5.99484250e-09 -8.50019753 -7.40285277 -6.88757580 -6.48877719 -6.19018283 
4.64158883e-09 -8.50019753 -7.40285277 -6.88757580 -6.48877719 -6.19018283 
3.59381366e-09 -8.50019753 -7.40285277 -6.88757580 -6.48877719 -6.19018283 
2.78255940e-09 -8.50019753 -7.40285277 -6.88757580 -6.48877719 -6.19018283 
2.15443469e-09 -8.50019753 -7.40285277 -6.88757580 -6.48877719 -6.19018283 
1.66810054e-09 -8.50019753 -7.40285277 -6.88757580 -6.48877719 -6.19018283 
1.29154967e-09 -8.50019753 -7.40285277 -6.88757580 -6.48877719 -6.19018283 
1.00000000e-09 -8.50019753 -7.40285277 -6.88757580 -6.48877719 -6.19018283 
7.74263683e-10 -8.50019753 -7.40285277 -6.88757580 -6.48877719 -6.19018283 
5.99484250e-10 -8.50019753 -7.40285277 -6.88757580 -6.48877719 -6.19018283 
4.64158883e-10 -8.50019753 -7.40285277 -6.88757580 -6.48877719 -6.19018283 
3.59381366e-10 -8.50019753 -7.40285277 -6.88757580 -6.48877719 -6.19018283 
2.78255940e-10 -8.50019753 -7.40285277 -6.88757580 -6.48877719 -6.19018283 
2.15443469e-10 -8.50019753 -7.40285277 -6.88757580 -6.48877719 -6.19018283 
1.66810054e-10 -8.50019753 -7.40285277 -6.88757580 -6.48877719 -6.19018283 
1.29154967e-10 -8.50019753 -7.40285277 -6.88757580 -6.48877719 -6.19018283 
1.00000000e-10 -8.50019753 -7.40285277 -6.88757580 -6.48877719 -6.19018283 
P (bar) | log_NH3: -2σ | log_NH3: -1σ | log_NH3: median | log_NH3: +1σ | log_NH3: +2σ 
1.00000000e+01 -6.86571405 -6.57941533 -6.34743965 -6.16888010 -5.96641081 
7.74263683e+00 -6.86571405 -6.57941533 -6.34743965 -6.16888010 -5.96641081 
5.99484250e+00 -6.86571405 -6.57941533 -6.34743965 -6.16888010 -5.96641081 
4.64158883e+00 -6.86571405 -6.57941533 -6.34743965 -6.16888010 -5.96641081 
3.59381366e+00 -6.86571405 -6.57941533 -6.34743965 -6.16888010 -5.96641081 
2.78255940e+00 -6.86571405 -6.57941533 -6.34743965 -6.16888010 -5.96641081 
2.15443469e+00 -6.86571405 -6.57941533 -6.34743965 -6.16888010 -5.96641081 
1.66810054e+00 -6.86571405 -6.57941533 -6.34743965 -6.16888010 -5.96641081 
1.29154967e+00 -6.86571405 -6.57941533 -6.34743965 -6.16888010 -5.96641081 
1.00000000e+00 -6.86571405 -6.57941533 -6.34743965 -6.16888010 -5.96641081 
7.74263683e-01 -6.86571405 -6.57941533 -6.34743965 -6.16888010 -5.96641081 
5.99484250e-01 -6.86571405 -6.57941533 -6.34743965 -6.16888010 -5.96641081 
4.64158883e-01 -6.86571405 -6.57941533 -6.34743965 -6.16888010 -5.96641081 
3.59381366e-01 -6.86571405 -6.57941533 -6.34743965 -6.16888010 -5.96641081 
2.78255940e-01 -6.86571405 -6.57941533 -6.34743965 -6.16888010 -5.96641081 
2.15443469e-01 -6.86571405 -6.57941533 -6.34743965 -6.16888010 -5.96641081 
1.66810054e-01 -6.86571405 -6.57941533 -6.34743965 -6.16888010 -5.96641081 
1.29154967e-01 -6.86571405 -6.57941533 -6.34743965 -6.16888010 -5.96641081 
1.00000000e-01 -6.86571405 -6.57941533 -6.34743965 -6.16888010 -5.96641081 
7.74263683e-02 -6.86571405 -6.57941533 -6.34743965 -6.16888010 -5.96641081 
5.99484250e-02 -6.86571405 -6.57941533 -6.34743965 -6.16888010 -5.96641081 
4.64158883e-02 -6.86571405 -6.57941533 -6.34743965 -6.16888010 -5.96641081 
3.59381366e-02 -6.86571405 -6.57941533 -6.34743965 -6.16888010 -5.96641081 
2.78255940e-02 -6.86571405 -6.57941533 -6.34743965 -6.16888010 -5.96641081 
2.15443469e-02 -6.86571405 -6.57941533 -6.34743965 -6.16888010 -5.96641081 
1.66810054e-02 -6.86571405 -6.57941533 -6.34743965 -6.16888010 -5.96641081 
1.29154967e-02 -6.86571405 -6.57941533 -6.34743965 -6.16888010 -5.96641081 
1.00000000e-02 -6.86571405 -6.57941533 -6.34743965 -6.16888010 -5.96641081 
7.74263683e-03 -6.86571405 -6.57941533 -6.34743965 -6.16888010 -5.96641081 
5.99484250e-03 -6.86571405 -6.57941533 -6.34743965 -6.16888010 -5.96641081 
4.64158883e-03 -6.86571405 -6.57941533 -6.34743965 -6.16888010 -5.96641081 
3.59381366e-03 -6.86571405 -6.57941533 -6.34743965 -6.16888010 -5.96641081 
2.78255940e-03 -6.86571405 -6.57941533 -6.34743965 -6.16888010 -5.96641081 
2.15443469e-03 -6.86571405 -6.57941533 -6.34743965 -6.16888010 -5.96641081 
1.66810054e-03 -6.86571405 -6.57941533 -6.34743965 -6.16888010 -5.96641081 
1.29154967e-03 -6.86571405 -6.57941533 -6.34743965 -6.16888010 -5.96641081 
1.00000000e-03 -6.86571405 -6.57941533 -6.34743965 -6.16888010 -5.96641081 
7.74263683e-04 -6.86571405 -6.57941533 -6.34743965 -6.16888010 -5.96641081 
5.99484250e-04 -6.86571405 -6.57941533 -6.34743965 -6.16888010 -5.96641081 
4.64158883e-04 -6.86571405 -6.57941533 -6.34743965 -6.16888010 -5.96641081 
3.59381366e-04 -6.86571405 -6.57941533 -6.34743965 -6.16888010 -5.96641081 
2.78255940e-04 -6.86571405 -6.57941533 -6.34743965 -6.16888010 -5.96641081 
2.15443469e-04 -6.86571405 -6.57941533 -6.34743965 -6.16888010 -5.96641081 
1.66810054e-04 -6.86571405 -6.57941533 -6.34743965 -6.16888010 -5.96641081 
1.29154967e-04 -6.86571405 -6.57941533 -6.34743965 -6.16888010 -5.96641081 
1.00000000e-04 -6.86571405 -6.57941533 -6.34743965 -6.16888010 -5.96641081 
7.74263683e-05 -6.86571405 -6.57941533 -6.34743965 -6.16888010 -5.96641081 
5.99484250e-05 -6.86571405 -6.57941533 -6.34743965 -6.16888010 -5.96641081 
4.64158883e-05 -6.86571405 -6.57941533 -6.34743965 -6.16888010 -5.96641081 
3.59381366e-05 -6.86571405 -6.57941533 -6.34743965 -6.16888010 -5.96641081 
2.78255940e-05 -6.86571405 -6.57941533 -6.34743965 -6.16888010 -5.96641081 
2.15443469e-05 -6.86571405 -6.57941533 -6.34743965 -6.16888010 -5.96641081 
1.66810054e-05 -6.86571405 -6.57941533 -6.34743965 -6.16888010 -5.96641081 
1.29154967e-05 -6.86571405 -6.57941533 -6.34743965 -6.16888010 -5.96641081 
1.00000000e-05 -6.86571405 -6.57941533 -6.34743965 -6.16888010 -5.96641081 
7.74263683e-06 -6.86571405 -6.57941533 -6.34743965 -6.16888010 -5.96641081 
5.99484250e-06 -6.86571405 -6.57941533 -6.34743965 -6.16888010 -5.96641081 
4.64158883e-06 -6.86571405 -6.57941533 -6.34743965 -6.16888010 -5.96641081 
3.59381366e-06 -6.86571405 -6.57941533 -6.34743965 -6.16888010 -5.96641081 
2.78255940e-06 -6.86571405 -6.57941533 -6.34743965 -6.16888010 -5.96641081 
2.15443469e-06 -6.86571405 -6.57941533 -6.34743965 -6.16888010 -5.96641081 
1.66810054e-06 -6.86571405 -6.57941533 -6.34743965 -6.16888010 -5.96641081 
1.29154967e-06 -6.86571405 -6.57941533 -6.34743965 -6.16888010 -5.96641081 
1.00000000e-06 -6.86571405 -6.57941533 -6.34743965 -6.16888010 -5.96641081 
7.74263683e-07 -6.86571405 -6.57941533 -6.34743965 -6.16888010 -5.96641081 
5.99484250e-07 -6.86571405 -6.57941533 -6.34743965 -6.16888010 -5.96641081 
4.64158883e-07 -6.86571405 -6.57941533 -6.34743965 -6.16888010 -5.96641081 
3.59381366e-07 -6.86571405 -6.57941533 -6.34743965 -6.16888010 -5.96641081 
2.78255940e-07 -6.86571405 -6.57941533 -6.34743965 -6.16888010 -5.96641081 
2.15443469e-07 -6.86571405 -6.57941533 -6.34743965 -6.16888010 -5.96641081 
1.66810054e-07 -6.86571405 -6.57941533 -6.34743965 -6.16888010 -5.96641081 
1.29154967e-07 -6.86571405 -6.57941533 -6.34743965 -6.16888010 -5.96641081 
1.00000000e-07 -6.86571405 -6.57941533 -6.34743965 -6.16888010 -5.96641081 
7.74263683e-08 -6.86571405 -6.57941533 -6.34743965 -6.16888010 -5.96641081 
5.99484250e-08 -6.86571405 -6.57941533 -6.34743965 -6.16888010 -5.96641081 
4.64158883e-08 -6.86571405 -6.57941533 -6.34743965 -6.16888010 -5.96641081 
3.59381366e-08 -6.86571405 -6.57941533 -6.34743965 -6.16888010 -5.96641081 
2.78255940e-08 -6.86571405 -6.57941533 -6.34743965 -6.16888010 -5.96641081 
2.15443469e-08 -6.86571405 -6.57941533 -6.34743965 -6.16888010 -5.96641081 
1.66810054e-08 -6.86571405 -6.57941533 -6.34743965 -6.16888010 -5.96641081 
1.29154967e-08 -6.86571405 -6.57941533 -6.34743965 -6.16888010 -5.96641081 
1.00000000e-08 -6.86571405 -6.57941533 -6.34743965 -6.16888010 -5.96641081 
7.74263683e-09 -6.86571405 -6.57941533 -6.34743965 -6.16888010 -5.96641081 
5.99484250e-09 -6.86571405 -6.57941533 -6.34743965 -6.16888010 -5.96641081 
4.64158883e-09 -6.86571405 -6.57941533 -6.34743965 -6.16888010 -5.96641081 
3.59381366e-09 -6.86571405 -6.57941533 -6.34743965 -6.16888010 -5.96641081 
2.78255940e-09 -6.86571405 -6.57941533 -6.34743965 -6.16888010 -5.96641081 
2.15443469e-09 -6.86571405 -6.57941533 -6.34743965 -6.16888010 -5.96641081 
1.66810054e-09 -6.86571405 -6.57941533 -6.34743965 -6.16888010 -5.96641081 
1.29154967e-09 -6.86571405 -6.57941533 -6.34743965 -6.16888010 -5.96641081 
1.00000000e-09 -6.86571405 -6.57941533 -6.34743965 -6.16888010 -5.96641081 
7.74263683e-10 -6.86571405 -6.57941533 -6.34743965 -6.16888010 -5.96641081 
5.99484250e-10 -6.86571405 -6.57941533 -6.34743965 -6.16888010 -5.96641081 
4.64158883e-10 -6.86571405 -6.57941533 -6.34743965 -6.16888010 -5.96641081 
3.59381366e-10 -6.86571405 -6.57941533 -6.34743965 -6.16888010 -5.96641081 
2.78255940e-10 -6.86571405 -6.57941533 -6.34743965 -6.16888010 -5.96641081 
2.15443469e-10 -6.86571405 -6.57941533 -6.34743965 -6.16888010 -5.96641081 
1.66810054e-10 -6.86571405 -6.57941533 -6.34743965 -6.16888010 -5.96641081 
1.29154967e-10 -6.86571405 -6.57941533 -6.34743965 -6.16888010 -5.96641081 
1.00000000e-10 -6.86571405 -6.57941533 -6.34743965 -6.16888010 -5.96641081 
