0.698805 0.003521 5.213712e-03 2.406141e-05 
0.705848 0.003521 5.199052e-03 2.406141e-05 
0.712962 0.003557 5.192273e-03 2.098501e-05 
0.720147 0.003593 5.179535e-03 1.825772e-05 
0.727405 0.003629 5.200084e-03 1.515048e-05 
0.734736 0.003666 5.210693e-03 1.381215e-05 
0.742141 0.003702 5.195144e-03 1.480960e-05 
0.749621 0.003740 5.207923e-03 1.626755e-05 
0.757176 0.003777 5.209750e-03 1.832686e-05 
0.764807 0.003816 5.198306e-03 1.882787e-05 
0.772515 0.003854 5.199621e-03 1.662494e-05 
0.780300 0.003893 5.191938e-03 1.293626e-05 
0.788164 0.003932 5.197593e-03 1.016077e-05 
0.796108 0.003972 5.195735e-03 8.417646e-06 
0.804131 0.004012 5.185342e-03 7.485741e-06 
0.812235 0.004052 5.206361e-03 7.363552e-06 
0.820421 0.004093 5.198859e-03 8.144186e-06 
0.828690 0.004134 5.187536e-03 9.717575e-06 
0.837042 0.004176 5.194879e-03 9.737347e-06 
0.845478 0.004218 5.206698e-03 8.318188e-06 
0.853999 0.004260 5.204449e-03 7.016799e-06 
0.862606 0.004303 5.185269e-03 7.157450e-06 
0.871299 0.004347 5.194603e-03 8.261399e-06 
0.880080 0.004391 5.207344e-03 7.554673e-06 
0.888950 0.004435 5.200706e-03 5.406970e-06 
0.897909 0.004480 5.207952e-03 4.610881e-06 
0.906959 0.004525 5.204800e-03 5.159563e-06 
0.916099 0.004570 5.202695e-03 5.429478e-06 
0.925332 0.004616 5.193740e-03 4.301144e-06 
0.934658 0.004663 5.197677e-03 3.714980e-06 
0.944078 0.004710 5.193736e-03 4.768755e-06 
0.953592 0.004757 5.204511e-03 4.830836e-06 
0.963203 0.004805 5.200999e-03 3.510534e-06 
0.972911 0.004854 5.197926e-03 3.548605e-06 
0.982716 0.004903 5.193414e-03 4.490061e-06 
0.992620 0.004952 5.191462e-03 3.784665e-06 
1.002624 0.005002 5.198692e-03 2.988189e-06 
1.012729 0.005052 5.195330e-03 4.033684e-06 
1.022935 0.005103 5.185172e-03 3.886512e-06 
1.033245 0.005155 5.184591e-03 2.703518e-06 
1.043658 0.005207 5.183307e-03 3.434020e-06 
1.054176 0.005259 5.190407e-03 3.580402e-06 
1.064801 0.005312 5.185637e-03 2.508779e-06 
1.075532 0.005366 5.184733e-03 2.993774e-06 
1.086372 0.005420 5.189846e-03 3.288927e-06 
1.097321 0.005474 5.194216e-03 2.376020e-06 
1.108380 0.005530 5.195862e-03 2.794472e-06 
1.119550 0.005585 5.207287e-03 3.217724e-06 
1.130834 0.005642 5.213697e-03 2.356240e-06 
1.142230 0.005698 5.218577e-03 2.802882e-06 
1.153742 0.005756 5.222794e-03 3.057217e-06 
1.165370 0.005814 5.219950e-03 2.156270e-06 
1.177115 0.005872 5.218259e-03 2.605364e-06 
1.188978 0.005932 5.207815e-03 2.851505e-06 
1.200961 0.005991 5.199384e-03 2.025106e-06 
1.213065 0.006052 5.191953e-03 2.525120e-06 
1.225291 0.006113 5.185802e-03 2.716059e-06 
1.237639 0.006174 5.187673e-03 1.931284e-06 
1.250113 0.006237 5.188287e-03 2.441102e-06 
1.262712 0.006300 5.195856e-03 2.655006e-06 
1.275438 0.006363 5.194086e-03 1.924357e-06 
1.288292 0.006427 5.193360e-03 2.411218e-06 
1.301276 0.006492 5.192971e-03 2.825597e-06 
1.314391 0.006557 5.198107e-03 2.204549e-06 
1.327637 0.006623 5.210289e-03 2.656783e-06 
1.341018 0.006690 5.213728e-03 3.471492e-06 
1.354533 0.006758 5.223696e-03 2.699814e-06 
1.368184 0.006826 5.239379e-03 2.810776e-06 
1.381973 0.006895 5.230721e-03 3.427293e-06 
1.395901 0.006964 5.226485e-03 2.831900e-06 
1.409970 0.007034 5.228085e-03 2.482051e-06 
1.424180 0.007105 5.223589e-03 3.511370e-06 
1.438533 0.007177 5.215347e-03 3.469408e-06 
1.453031 0.007249 5.208411e-03 2.469959e-06 
1.467675 0.007322 5.203732e-03 2.768115e-06 
1.482467 0.007396 5.198757e-03 3.243649e-06 
1.497408 0.007470 5.194355e-03 2.697348e-06 
1.512499 0.007546 5.192229e-03 2.207719e-06 
1.527743 0.007622 5.187323e-03 2.634800e-06 
1.543140 0.007699 5.182308e-03 3.098576e-06 
1.558692 0.007776 5.184233e-03 2.678062e-06 
1.574401 0.007855 5.186459e-03 2.171406e-06 
1.590268 0.007934 5.188203e-03 2.321180e-06 
1.606296 0.008014 5.193058e-03 2.879087e-06 
1.622484 0.008094 5.202026e-03 2.930762e-06 
1.638836 0.008176 5.212327e-03 2.366383e-06 
1.655353 0.008258 5.214480e-03 2.062212e-06 
1.672036 0.008342 5.216024e-03 2.130081e-06 
1.688888 0.008426 5.220860e-03 2.469822e-06 
1.705909 0.008511 5.217753e-03 2.984699e-06 
1.723101 0.008596 5.224278e-03 3.081856e-06 
1.740467 0.008683 5.221476e-03 2.771478e-06 
1.758008 0.008770 5.227158e-03 2.589749e-06 
1.775726 0.008859 5.219150e-03 2.592777e-06 
1.793623 0.008948 5.219221e-03 2.765598e-06 
1.811699 0.009038 5.220613e-03 2.994674e-06 
1.829958 0.009129 5.219861e-03 3.124368e-06 
1.848401 0.009221 5.219805e-03 3.201492e-06 
1.867030 0.009314 5.213435e-03 3.324625e-06 
1.885846 0.009408 5.211314e-03 3.375519e-06 
1.904853 0.009503 5.215397e-03 3.270399e-06 
1.924050 0.009599 5.209571e-03 3.163718e-06 
1.943441 0.009696 5.209783e-03 3.144531e-06 
1.963028 0.009793 5.214023e-03 3.201545e-06 
1.982812 0.009892 5.209955e-03 3.218980e-06 
2.002796 0.009992 5.219115e-03 3.091898e-06 
2.022980 0.010092 5.212336e-03 2.885360e-06 
2.043369 0.010194 5.206116e-03 2.818159e-06 
2.063962 0.010297 5.207463e-03 2.960570e-06 
2.084764 0.010401 5.211098e-03 3.265826e-06 
2.105775 0.010505 5.212035e-03 3.433269e-06 
2.126997 0.010611 5.211247e-03 3.194138e-06 
2.148434 0.010718 5.212102e-03 2.792190e-06 
2.170086 0.010826 5.215200e-03 2.721668e-06 
2.191957 0.010935 5.216928e-03 3.063409e-06 
2.214048 0.011046 5.218724e-03 3.067042e-06 
2.236362 0.011157 5.233420e-03 2.715750e-06 
2.258901 0.011269 5.248754e-03 2.803323e-06 
2.281667 0.011383 5.241829e-03 3.130864e-06 
2.304663 0.011498 5.248639e-03 3.200364e-06 
2.327890 0.011614 5.245492e-03 3.368246e-06 
2.351351 0.011731 5.244333e-03 3.299208e-06 
2.375049 0.011849 5.241996e-03 3.175031e-06 
2.398985 0.011968 5.235286e-03 3.373798e-06 
2.423163 0.012089 5.233060e-03 3.703894e-06 
2.447584 0.012211 5.223781e-03 4.054035e-06 
2.472252 0.012334 5.221319e-03 4.407118e-06 
2.497168 0.012458 5.214801e-03 4.238564e-06 
2.522335 0.012584 5.214947e-03 4.205938e-06 
2.547756 0.012710 5.221579e-03 4.232778e-06 
2.573433 0.012839 5.230558e-03 3.951240e-06 
2.599369 0.012968 5.245959e-03 4.138913e-06 
2.625566 0.013099 5.242608e-03 4.052885e-06 
2.652028 0.013231 5.237686e-03 3.700360e-06 
2.678756 0.013364 5.256493e-03 3.761888e-06 
2.705753 0.013499 5.254787e-03 4.369031e-06 
2.733023 0.013635 5.243260e-03 5.028888e-06 
2.760567 0.013772 5.253918e-03 4.969399e-06 
2.788389 0.013911 5.259257e-03 4.653254e-06 
2.816491 0.014051 5.223978e-03 4.459167e-06 
2.844877 0.014193 5.223065e-03 4.473959e-06 
2.873548 0.014336 5.261925e-03 4.434442e-06 
2.902509 0.014480 5.243075e-03 4.474323e-06 
2.931761 0.014626 5.217793e-03 4.476562e-06 
2.961308 0.014774 5.228069e-03 4.499777e-06 
2.991153 0.014923 5.221889e-03 4.562665e-06 
3.021299 0.015073 5.218020e-03 4.725013e-06 
3.051749 0.015225 5.204843e-03 4.821704e-06 
3.082505 0.015378 5.194078e-03 4.542881e-06 
3.113572 0.015533 5.208342e-03 4.199869e-06 
3.144951 0.015690 5.223265e-03 4.198569e-06 
3.176647 0.015848 5.223830e-03 4.104646e-06 
3.208663 0.016008 5.239665e-03 4.156703e-06 
3.241000 0.016169 5.242062e-03 4.390899e-06 
3.273664 0.016332 5.236128e-03 4.339404e-06 
3.306657 0.016497 5.249462e-03 4.223996e-06 
3.339983 0.016663 5.250374e-03 4.195657e-06 
3.373644 0.016831 5.247154e-03 4.200149e-06 
3.407645 0.017000 5.242484e-03 4.185128e-06 
3.441988 0.017172 5.244577e-03 4.044438e-06 
3.476678 0.017345 5.247076e-03 3.976647e-06 
3.511717 0.017520 5.239323e-03 4.111770e-06 
3.547109 0.017696 5.241902e-03 4.105598e-06 
3.582858 0.017874 5.255253e-03 4.129633e-06 
3.618967 0.018055 5.237111e-03 3.962701e-06 
3.655440 0.018237 5.221691e-03 3.813618e-06 
3.692281 0.018420 5.219282e-03 3.899561e-06 
3.729493 0.018606 5.217530e-03 3.911446e-06 
3.767080 0.018794 5.219377e-03 3.886346e-06 
3.805046 0.018983 5.218851e-03 3.802586e-06 
3.843395 0.019174 5.223336e-03 3.876238e-06 
3.882130 0.019367 5.249422e-03 3.977419e-06 
3.921255 0.019563 5.246733e-03 3.926265e-06 
3.960775 0.019760 5.237326e-03 3.889341e-06 
4.000693 0.019959 5.228342e-03 3.899771e-06 
4.041013 0.020160 5.237734e-03 3.997245e-06 
4.081739 0.020363 5.243695e-03 4.140281e-06 
4.122877 0.020569 5.229610e-03 4.374905e-06 
4.164428 0.020776 5.210739e-03 4.397877e-06 
4.206399 0.020985 5.270931e-03 4.507945e-06 
4.248792 0.021197 5.301946e-03 5.066644e-06 
4.291613 0.021410 5.300580e-03 4.914616e-06 
4.334865 0.021626 5.271674e-03 4.945598e-06 
4.378553 0.021844 5.244907e-03 5.213320e-06 
4.422682 0.022064 5.234201e-03 5.168319e-06 
4.467255 0.022287 5.274882e-03 5.392732e-06 
4.512277 0.022511 5.289514e-03 5.735966e-06 
4.557754 0.022738 5.267932e-03 5.572042e-06 
4.603688 0.022967 5.245929e-03 5.740027e-06 
4.650086 0.023199 5.217714e-03 5.632831e-06 
4.696951 0.023433 5.192495e-03 5.796380e-06 
4.744288 0.023669 5.203656e-03 5.658642e-06 
4.792103 0.023907 5.210642e-03 5.955997e-06 
4.840399 0.024148 5.224990e-03 6.227864e-06 
4.889182 0.024392 5.210823e-03 6.610489e-06 
4.938457 0.024637 5.187700e-03 6.538274e-06 
4.988228 0.024886 5.188892e-03 6.067030e-06 
5.038501 0.025136 5.191758e-03 6.230952e-06 
5.089281 0.025390 5.198981e-03 6.298298e-06 
5.140572 0.025646 5.206601e-03 6.960412e-06 
5.192381 0.025904 5.201666e-03 6.989988e-06 
5.244711 0.026165 5.213457e-03 7.237062e-06 
5.297569 0.026429 5.219206e-03 7.237062e-06 
