0.602495 0.003047 4.269387e-03 1.750741e-03 
0.608590 0.003047 6.655983e-03 1.750741e-03 
0.614746 0.003078 7.646951e-03 1.955463e-03 
0.620964 0.003109 7.279223e-03 1.655251e-03 
0.627246 0.003141 5.585709e-03 1.232703e-03 
0.633590 0.003172 3.257818e-03 8.967224e-04 
0.639999 0.003204 5.328266e-03 7.314284e-04 
0.646473 0.003237 5.216402e-03 5.986130e-04 
0.653012 0.003270 5.179025e-03 4.475791e-04 
0.659618 0.003303 4.988468e-03 3.894661e-04 
0.666290 0.003336 4.762597e-03 4.376828e-04 
0.673030 0.003370 4.909310e-03 5.418989e-04 
0.679837 0.003404 5.600047e-03 4.511543e-04 
0.686714 0.003438 4.878207e-03 3.551892e-04 
0.693660 0.003473 5.044406e-03 2.446706e-04 
0.700677 0.003508 5.258233e-03 1.768266e-04 
0.707765 0.003544 5.180914e-03 1.332306e-04 
0.714924 0.003580 5.311644e-03 1.171278e-04 
0.722155 0.003616 5.201767e-03 1.009785e-04 
0.729460 0.003652 5.091577e-03 8.567774e-05 
0.736839 0.003689 5.077844e-03 8.152138e-05 
0.744292 0.003727 5.152068e-03 8.612266e-05 
0.751821 0.003764 5.169655e-03 9.232871e-05 
0.759426 0.003802 5.381085e-03 9.968371e-05 
0.767108 0.003841 5.213032e-03 1.043443e-04 
0.774867 0.003880 5.094875e-03 1.043441e-04 
0.782705 0.003919 5.157315e-03 9.765686e-05 
0.790622 0.003959 5.310233e-03 8.881483e-05 
0.798620 0.003999 5.190951e-03 7.453843e-05 
0.806698 0.004039 5.199563e-03 5.918563e-05 
0.814858 0.004080 5.192668e-03 5.047809e-05 
0.823101 0.004121 5.196196e-03 4.810206e-05 
0.831426 0.004163 5.195724e-03 5.271057e-05 
0.839837 0.004205 5.287555e-03 6.507474e-05 
0.848332 0.004248 5.205010e-03 7.426660e-05 
0.856913 0.004291 5.191240e-03 5.847730e-05 
0.865581 0.004334 5.148838e-03 4.472430e-05 
0.874336 0.004378 5.160583e-03 4.245288e-05 
0.883181 0.004422 5.199394e-03 4.896114e-05 
0.892114 0.004467 5.140993e-03 4.831187e-05 
0.901138 0.004512 5.240417e-03 3.402522e-05 
0.910253 0.004558 5.238164e-03 2.819441e-05 
0.919461 0.004604 5.188535e-03 3.308818e-05 
0.928761 0.004650 5.152800e-03 3.731065e-05 
0.938156 0.004697 5.214024e-03 2.986286e-05 
0.947646 0.004745 5.219177e-03 2.512095e-05 
0.957232 0.004793 5.166100e-03 3.205967e-05 
0.966914 0.004841 5.200128e-03 3.270925e-05 
0.976695 0.004890 5.208506e-03 2.386469e-05 
0.986574 0.004940 5.135664e-03 2.473474e-05 
0.996554 0.004990 5.234069e-03 3.037803e-05 
1.006634 0.005040 5.160582e-03 2.452098e-05 
1.016817 0.005091 5.205070e-03 2.032499e-05 
1.027102 0.005143 5.209032e-03 2.748179e-05 
1.037491 0.005195 5.224343e-03 2.540573e-05 
1.047986 0.005247 5.180962e-03 1.832200e-05 
1.058587 0.005300 5.191188e-03 2.453136e-05 
1.069294 0.005354 5.186324e-03 2.410695e-05 
1.080111 0.005408 5.190949e-03 1.678355e-05 
1.091036 0.005463 5.224682e-03 2.170924e-05 
1.102072 0.005518 5.171171e-03 2.274650e-05 
1.113220 0.005574 5.171490e-03 1.628229e-05 
1.124481 0.005630 5.236441e-03 2.100402e-05 
1.135855 0.005687 5.173175e-03 2.264900e-05 
1.147345 0.005745 5.210750e-03 1.573933e-05 
1.158950 0.005803 5.221004e-03 2.004096e-05 
1.170673 0.005862 5.172250e-03 2.065132e-05 
1.182515 0.005921 5.180154e-03 1.453042e-05 
1.194477 0.005981 5.189365e-03 1.886545e-05 
1.206559 0.006041 5.211663e-03 1.966176e-05 
1.218764 0.006102 5.211033e-03 1.381596e-05 
1.231092 0.006164 5.181008e-03 1.801628e-05 
1.243545 0.006226 5.193043e-03 1.888998e-05 
1.256124 0.006289 5.193496e-03 1.343329e-05 
1.268830 0.006353 5.207637e-03 1.735463e-05 
1.281664 0.006417 5.194000e-03 1.895161e-05 
1.294628 0.006482 5.197371e-03 1.416471e-05 
1.307724 0.006548 5.207513e-03 1.774401e-05 
1.320952 0.006614 5.231351e-03 2.181464e-05 
1.334314 0.006681 5.191924e-03 1.778314e-05 
1.347811 0.006748 5.210760e-03 2.023499e-05 
1.361444 0.006817 5.218626e-03 2.521334e-05 
1.375216 0.006886 5.253755e-03 1.937312e-05 
1.389126 0.006955 5.231426e-03 1.808365e-05 
1.403178 0.007026 5.215071e-03 2.399929e-05 
1.417371 0.007097 5.228048e-03 2.269924e-05 
1.431708 0.007169 5.225442e-03 1.762766e-05 
1.446190 0.007241 5.231058e-03 2.225395e-05 
1.460819 0.007314 5.215280e-03 2.398267e-05 
1.475596 0.007388 5.229712e-03 1.814256e-05 
1.490522 0.007463 5.194268e-03 1.646843e-05 
1.505599 0.007539 5.133665e-03 2.119237e-05 
1.520828 0.007615 5.183861e-03 2.199406e-05 
1.536212 0.007692 5.180233e-03 1.694488e-05 
1.551751 0.007770 5.172094e-03 1.569348e-05 
1.567447 0.007848 5.201318e-03 1.929791e-05 
1.583303 0.007928 5.177038e-03 2.139909e-05 
1.599318 0.008008 5.206158e-03 1.800536e-05 
1.615496 0.008089 5.186745e-03 1.494362e-05 
1.631837 0.008171 5.182584e-03 1.522148e-05 
1.648343 0.008253 5.191594e-03 1.800729e-05 
1.665017 0.008337 5.233525e-03 2.041468e-05 
1.681859 0.008421 5.206014e-03 1.911609e-05 
1.698871 0.008506 5.209517e-03 1.661746e-05 
1.716056 0.008592 5.210626e-03 1.555835e-05 
1.733414 0.008679 5.207736e-03 1.598727e-05 
1.750948 0.008767 5.227591e-03 1.770818e-05 
1.768660 0.008856 5.165854e-03 2.038799e-05 
1.786550 0.008945 5.188746e-03 2.422843e-05 
1.804622 0.009036 5.190386e-03 2.913369e-05 
1.822876 0.009127 5.241758e-03 2.949533e-05 
1.841315 0.009219 5.170825e-03 2.715988e-05 
1.859940 0.009313 5.196225e-03 2.608578e-05 
1.878754 0.009407 5.235810e-03 2.522501e-05 
1.897758 0.009502 5.219346e-03 2.390549e-05 
1.916954 0.009598 5.220938e-03 2.317463e-05 
1.936345 0.009695 5.216080e-03 2.364822e-05 
1.955932 0.009793 5.238234e-03 2.539635e-05 
1.975716 0.009892 5.163843e-03 2.769599e-05 
1.995701 0.009992 5.211864e-03 2.846088e-05 
2.015888 0.010094 5.171939e-03 2.597537e-05 
2.036280 0.010196 5.196078e-03 2.291087e-05 
2.056877 0.010299 5.212528e-03 2.086054e-05 
2.077683 0.010403 5.246675e-03 2.003514e-05 
2.098699 0.010508 5.187502e-03 2.023701e-05 
2.119928 0.010614 5.174049e-03 2.179666e-05 
2.141372 0.010722 5.194735e-03 2.297494e-05 
2.163032 0.010830 5.189660e-03 2.137171e-05 
2.184912 0.010940 5.225706e-03 1.926242e-05 
2.207013 0.011050 5.196714e-03 1.985705e-05 
2.229338 0.011162 5.212991e-03 2.106008e-05 
2.251888 0.011275 5.214831e-03 2.005451e-05 
2.274667 0.011389 5.241813e-03 2.018857e-05 
2.297675 0.011504 5.202391e-03 2.342312e-05 
2.320917 0.011621 5.278626e-03 2.348125e-05 
2.344394 0.011738 5.243780e-03 2.315460e-05 
2.368108 0.011857 5.191113e-03 2.318005e-05 
2.392062 0.011977 5.201407e-03 2.331607e-05 
2.416258 0.012098 5.249610e-03 2.557741e-05 
2.440699 0.012221 5.158176e-03 2.837576e-05 
2.465388 0.012344 5.215368e-03 3.047451e-05 
2.490326 0.012469 5.237879e-03 3.175422e-05 
2.515516 0.012595 5.215642e-03 2.961227e-05 
2.540961 0.012723 5.209902e-03 2.777199e-05 
2.566664 0.012851 5.259355e-03 2.981940e-05 
2.592626 0.012981 5.198763e-03 2.809872e-05 
2.618852 0.013113 5.206533e-03 2.623908e-05 
2.645342 0.013245 5.206323e-03 2.785802e-05 
2.672100 0.013379 5.272940e-03 2.892128e-05 
2.699129 0.013515 5.298704e-03 2.976036e-05 
2.726432 0.013651 5.299156e-03 3.157797e-05 
2.754010 0.013789 5.246213e-03 3.111736e-05 
2.781868 0.013929 5.265630e-03 3.042302e-05 
2.810007 0.014070 5.212339e-03 2.967761e-05 
2.838431 0.014212 5.243566e-03 2.984632e-05 
2.867143 0.014356 5.259380e-03 2.928282e-05 
2.896145 0.014501 5.155720e-03 2.830864e-05 
2.925440 0.014648 5.177100e-03 2.873111e-05 
2.955032 0.014796 5.219560e-03 3.118079e-05 
2.984923 0.014945 5.113511e-03 3.449720e-05 
3.015116 0.015097 5.214777e-03 3.432638e-05 
3.045615 0.015249 5.180081e-03 3.259779e-05 
3.076422 0.015404 5.244000e-03 3.320171e-05 
3.107541 0.015559 5.173660e-03 3.107119e-05 
3.138974 0.015717 5.215288e-03 2.936334e-05 
3.170726 0.015876 5.201238e-03 2.912728e-05 
3.202799 0.016036 5.201778e-03 2.972070e-05 
3.235196 0.016199 5.176266e-03 3.014142e-05 
3.267921 0.016362 5.171104e-03 2.995711e-05 
3.300977 0.016528 5.173326e-03 3.102129e-05 
3.334367 0.016695 5.209434e-03 2.956103e-05 
3.368095 0.016864 5.245275e-03 2.783970e-05 
3.402164 0.017035 5.286651e-03 2.825827e-05 
3.436578 0.017207 5.204672e-03 2.839528e-05 
3.471340 0.017381 5.208400e-03 2.830730e-05 
3.506454 0.017557 5.240199e-03 2.862269e-05 
3.541922 0.017734 5.184348e-03 2.844553e-05 
3.577750 0.017914 5.261541e-03 2.757195e-05 
3.613940 0.018095 5.218113e-03 2.750866e-05 
3.650496 0.018278 5.196502e-03 2.782360e-05 
3.687422 0.018463 5.170719e-03 2.688279e-05 
3.724721 0.018650 5.209054e-03 2.764060e-05 
3.762398 0.018838 5.221574e-03 2.765377e-05 
3.800455 0.019029 5.205750e-03 2.667759e-05 
3.838898 0.019221 5.212956e-03 2.776897e-05 
3.877729 0.019416 5.235778e-03 2.730462e-05 
3.916954 0.019612 5.247304e-03 2.682985e-05 
3.956575 0.019811 5.200002e-03 2.749702e-05 
3.996597 0.020011 5.258882e-03 2.793558e-05 
4.037023 0.020213 5.173961e-03 2.853187e-05 
4.077859 0.020418 5.197216e-03 2.878347e-05 
4.119108 0.020624 5.268395e-03 2.970354e-05 
4.160774 0.020833 5.237248e-03 3.114411e-05 
4.202861 0.021044 5.236525e-03 3.205943e-05 
4.245374 0.021257 5.298171e-03 3.579740e-05 
4.288317 0.021472 5.328864e-03 3.449821e-05 
4.331695 0.021689 5.332762e-03 3.483026e-05 
4.375511 0.021908 5.207482e-03 3.784095e-05 
4.419770 0.022130 5.156290e-03 3.765172e-05 
4.464478 0.022354 5.259804e-03 3.831202e-05 
4.509637 0.022580 5.268655e-03 4.145388e-05 
4.555253 0.022808 5.203375e-03 4.033195e-05 
4.601331 0.023039 5.172317e-03 4.067190e-05 
4.647875 0.023272 5.146946e-03 3.995203e-05 
4.694889 0.023507 5.148951e-03 4.123014e-05 
4.742379 0.023745 5.188673e-03 4.005663e-05 
4.790350 0.023985 5.317028e-03 4.271842e-05 
4.838805 0.024228 5.193847e-03 4.407971e-05 
4.887751 0.024473 5.239052e-03 4.628170e-05 
4.937192 0.024720 5.208836e-03 4.661783e-05 
4.987133 0.024971 5.240783e-03 4.318118e-05 
5.037580 0.025223 5.103735e-03 4.378052e-05 
5.088536 0.025478 5.211283e-03 4.422226e-05 
5.140008 0.025736 5.125979e-03 4.929820e-05 
5.192001 0.025996 5.142688e-03 4.937803e-05 
5.244519 0.026259 5.298952e-03 5.090704e-05 
5.297569 0.026525 5.246914e-03 5.090704e-05 
