5.021303 0.025563 5.180792e-03 1.698880e-05 
5.072429 0.025563 5.187074e-03 1.698880e-05 
5.124075 0.025823 5.199556e-03 1.937192e-05 
5.176247 0.026086 5.140207e-03 2.170248e-05 
5.228950 0.026352 5.202327e-03 1.666136e-05 
5.282190 0.026620 5.209491e-03 1.602911e-05 
5.335972 0.026891 5.242226e-03 2.060891e-05 
5.390301 0.027165 5.282514e-03 2.386507e-05 
5.445184 0.027441 5.185260e-03 2.124177e-05 
5.500625 0.027721 5.231435e-03 1.894477e-05 
5.556631 0.028003 5.186632e-03 1.796658e-05 
5.613207 0.028288 5.212165e-03 1.801597e-05 
5.670359 0.028576 5.226592e-03 1.824365e-05 
5.728093 0.028867 5.208782e-03 1.851590e-05 
5.786415 0.029161 5.237382e-03 1.857386e-05 
5.845331 0.029458 5.227891e-03 1.825213e-05 
5.904847 0.029758 5.188039e-03 1.829039e-05 
5.964968 0.030061 5.170298e-03 1.977414e-05 
6.025702 0.030367 5.225600e-03 2.231115e-05 
6.087054 0.030676 5.206591e-03 2.201526e-05 
6.149031 0.030988 5.245400e-03 1.963984e-05 
6.211639 0.031304 5.249140e-03 1.949548e-05 
6.274884 0.031623 5.235058e-03 2.023692e-05 
6.338773 0.031945 5.184170e-03 1.963631e-05 
6.403313 0.032270 5.215696e-03 2.205311e-05 
6.468510 0.032598 5.263568e-03 2.359812e-05 
6.534370 0.032930 5.214222e-03 2.401887e-05 
6.600902 0.033266 5.209351e-03 2.501404e-05 
6.668110 0.033604 5.214924e-03 2.468760e-05 
6.736003 0.033946 5.170131e-03 2.632523e-05 
6.804588 0.034292 5.231487e-03 2.621522e-05 
6.873870 0.034641 5.184397e-03 2.434653e-05 
6.943858 0.034994 5.174406e-03 2.511179e-05 
7.014558 0.035350 5.233362e-03 2.732492e-05 
7.085979 0.035710 5.249490e-03 2.762142e-05 
7.158126 0.036074 5.193264e-03 2.613295e-05 
7.231009 0.036441 5.195521e-03 2.578305e-05 
7.304633 0.036812 5.273107e-03 2.531508e-05 
7.379007 0.037187 5.226333e-03 2.625458e-05 
7.454138 0.037566 5.220911e-03 2.801321e-05 
7.530034 0.037948 5.243069e-03 2.805173e-05 
7.606703 0.038334 5.238668e-03 2.785278e-05 
7.684152 0.038725 5.312381e-03 2.744607e-05 
7.762390 0.039119 5.237427e-03 2.889536e-05 
7.841425 0.039517 5.240576e-03 2.895791e-05 
7.921264 0.039920 5.212567e-03 3.036906e-05 
8.001916 0.040326 5.251214e-03 3.075026e-05 
8.083390 0.040737 5.240627e-03 3.114646e-05 
8.165693 0.041151 5.198914e-03 3.156614e-05 
8.248833 0.041570 5.216261e-03 3.102959e-05 
8.332821 0.041994 5.210744e-03 3.014428e-05 
8.417663 0.042421 5.200058e-03 3.109180e-05 
8.503370 0.042853 5.223283e-03 3.181571e-05 
8.589949 0.043290 5.212845e-03 3.119307e-05 
8.677410 0.043730 5.231875e-03 3.048644e-05 
8.765761 0.044176 5.212178e-03 3.177931e-05 
8.855011 0.044625 5.143213e-03 3.202644e-05 
8.945171 0.045080 5.189796e-03 3.381998e-05 
9.036248 0.045539 5.112657e-03 3.384265e-05 
9.128253 0.046002 5.218523e-03 3.494059e-05 
9.221194 0.046471 5.181781e-03 3.553905e-05 
9.315082 0.046944 5.157822e-03 3.568405e-05 
9.409926 0.047422 5.167036e-03 3.661857e-05 
9.505735 0.047905 5.138528e-03 3.762960e-05 
9.602520 0.048392 5.187121e-03 3.730604e-05 
9.700290 0.048885 5.148663e-03 3.793734e-05 
9.799056 0.049383 5.150599e-03 4.071907e-05 
9.898828 0.049886 5.169934e-03 4.165910e-05 
9.999615 0.050394 5.161339e-03 4.318104e-05 
10.101428 0.050907 5.164652e-03 4.559226e-05 
10.204278 0.051425 5.212764e-03 4.620097e-05 
10.308176 0.051949 5.191260e-03 4.990111e-05 
10.413131 0.052478 5.149560e-03 5.707661e-05 
10.519154 0.053012 5.273983e-03 6.068820e-05 
10.626258 0.053552 5.154497e-03 6.672163e-05 
10.734451 0.054097 5.262267e-03 7.256012e-05 
10.843747 0.054648 5.099371e-03 8.154295e-05 
10.954155 0.055204 5.107240e-03 9.218444e-05 
11.065687 0.055766 5.190760e-03 1.005880e-04 
11.178355 0.056334 5.180552e-03 1.105156e-04 
11.292170 0.056908 5.170287e-03 1.152245e-04 
11.407144 0.057487 4.918109e-03 1.261388e-04 
11.523289 0.058072 5.091518e-03 1.370571e-04 
11.640616 0.058664 5.167409e-03 1.516212e-04 
11.759137 0.059261 5.040028e-03 1.721119e-04 
11.878866 0.059864 4.987528e-03 1.992539e-04 
11.999813 0.060474 5.495594e-03 1.992539e-04 
