# wavelength(um) wavelength_err(um) depth depth_err
5.02130308e+00 4.12359688e-02 4.98560299e-03 2.46234442e-04
5.10377501e+00 4.05604122e-02 4.55763657e-03 2.19262783e-04
5.18354472e+00 3.75003053e-02 4.78708212e-03 2.17024793e-04
5.25377623e+00 3.43360140e-02 5.17170114e-03 2.19678585e-04
5.32088878e+00 3.49657993e-02 4.56895894e-03 2.29368951e-04
5.39363943e+00 3.44497414e-02 4.81799280e-03 2.38650666e-04
5.45868775e+00 3.21340253e-02 4.99241078e-03 2.46973757e-04
5.52217553e+00 3.17808173e-02 5.22353431e-03 2.52075959e-04
5.58581102e+00 3.06810620e-02 4.47392879e-03 2.53377899e-04
5.64489978e+00 2.89638146e-02 4.54959555e-03 2.55178949e-04
5.70166627e+00 2.89110100e-02 5.22096852e-03 2.59184862e-04
5.76054382e+00 2.89860638e-02 4.61040598e-03 2.62658003e-04
5.81761053e+00 2.83285473e-02 4.75696854e-03 2.60375624e-04
5.87385801e+00 2.74655509e-02 5.08481439e-03 2.55754134e-04
5.92747273e+00 2.63308824e-02 4.51201323e-03 2.56126086e-04
5.97918154e+00 2.55547028e-02 4.65161663e-03 2.61337549e-04
6.02969154e+00 2.48017496e-02 4.76073645e-03 2.70031646e-04
6.07838854e+00 2.46170451e-02 4.50849215e-03 2.76199952e-04
6.12815972e+00 2.55799579e-02 4.65223534e-03 2.75254880e-04
6.18070837e+00 2.50591219e-02 5.06752324e-03 2.71182690e-04
6.22839621e+00 2.36982071e-02 4.23233307e-03 2.67687092e-04
6.27550120e+00 2.33476601e-02 4.45594428e-03 2.66770098e-04
6.32178685e+00 2.29664592e-02 4.97150702e-03 2.70491713e-04
6.36736704e+00 2.26812367e-02 4.51277707e-03 2.79549621e-04
6.41251180e+00 2.26112980e-02 4.68262012e-03 2.93932470e-04
6.45781223e+00 2.24194735e-02 5.02000585e-03 3.11945388e-04
6.50218969e+00 2.16354695e-02 5.50236444e-03 3.29693518e-04
6.54435411e+00 2.05784449e-02 4.34570908e-03 3.43382242e-04
6.58450347e+00 2.06861028e-02 5.01535381e-03 3.49670484e-04
6.62709852e+00 2.19522010e-02 4.95531546e-03 3.51311995e-04
6.67231228e+00 2.17074981e-02 4.46915017e-03 3.56042729e-04
6.71392851e+00 2.09374317e-02 4.19441471e-03 3.65378196e-04
6.75606200e+00 2.08904724e-02 4.84803683e-03 3.77803883e-04
6.79749040e+00 2.02968351e-02 4.19967350e-03 3.88379736e-04
6.83724934e+00 1.94790697e-02 5.32396353e-03 3.88205978e-04
6.87540668e+00 1.93950836e-02 4.08385327e-03 3.79664092e-04
6.91482968e+00 1.96544137e-02 4.66096345e-03 3.74325162e-04
6.95402433e+00 1.94930443e-02 5.49439600e-03 3.76603312e-04
6.99280185e+00 1.93946640e-02 4.97285912e-03 3.82300611e-04
7.03160299e+00 1.95000961e-02 4.63456311e-03 3.87802858e-04
7.07080224e+00 1.93235495e-02 5.03981682e-03 3.92986694e-04
7.10889719e+00 1.88229077e-02 4.70650585e-03 3.95654936e-04
7.14609387e+00 1.85580359e-02 4.64979663e-03 3.95047304e-04
7.18312933e+00 1.85638588e-02 4.11471899e-03 3.94256229e-04
7.22034930e+00 1.88934298e-02 4.41109699e-03 3.94933178e-04
7.25870305e+00 1.88489655e-02 4.50693762e-03 3.96743802e-04
7.29574517e+00 1.82135305e-02 4.63276516e-03 3.98403917e-04
7.33155717e+00 1.73892528e-02 3.86593481e-03 3.99102273e-04
7.36530218e+00 1.72558258e-02 4.38159774e-03 4.01187786e-04
7.40058047e+00 1.78227341e-02 4.89156324e-03 4.06088297e-04
7.43659311e+00 1.80173444e-02 5.07785125e-03 4.12786095e-04
7.47264985e+00 1.78111899e-02 4.06991225e-03 4.21017617e-04
7.50783787e+00 1.75871990e-02 4.59845506e-03 4.30618388e-04
7.54299865e+00 1.74796455e-02 4.14015041e-03 4.41844765e-04
7.57775646e+00 1.72551873e-02 5.05134024e-03 4.55976846e-04
7.61201940e+00 1.70428555e-02 4.46560135e-03 4.68463967e-04
7.64592788e+00 1.69152900e-02 4.36163495e-03 4.68668995e-04
7.67968056e+00 1.68347091e-02 4.04102984e-03 4.59710835e-04
7.71326671e+00 1.67691635e-02 5.04418196e-03 4.57899060e-04
7.74675721e+00 1.66872626e-02 4.77708336e-03 4.68800859e-04
7.78001576e+00 1.65647099e-02 4.74777780e-03 4.82066799e-04
7.81301605e+00 1.64788854e-02 4.86295610e-03 4.87761306e-04
7.84593131e+00 1.64027743e-02 4.03640537e-03 4.90325764e-04
7.87862715e+00 1.62825912e-02 4.32671697e-03 4.96555807e-04
7.91106167e+00 1.63026231e-02 3.99571324e-03 5.04986558e-04
7.94383764e+00 1.62697610e-02 4.53925756e-03 5.11635772e-04
7.97614071e+00 1.60487960e-02 4.58481815e-03 5.15868222e-04
8.00803282e+00 1.58972890e-02 4.84261697e-03 5.20946638e-04
8.03972987e+00 1.58033992e-02 5.64610239e-03 5.31414292e-04
8.07124642e+00 1.57143574e-02 4.87472953e-03 5.45557246e-04
8.10258730e+00 1.56166936e-02 4.36287106e-03 5.52464914e-04
8.13371319e+00 1.55043417e-02 5.33385018e-03 5.47814564e-04
8.16460467e+00 1.54273547e-02 5.10216688e-03 5.42551335e-04
8.19542261e+00 1.53736382e-02 7.16254544e-03 5.43991124e-04
8.22609922e+00 1.54185438e-02 3.54193958e-03 5.47023098e-04
8.25709679e+00 1.53502773e-02 5.14585945e-03 5.46731975e-04
8.28750033e+00 1.51421399e-02 4.87464900e-03 5.46249267e-04
8.31766535e+00 1.51158141e-02 5.59889514e-03 5.49986833e-04
8.34796359e+00 1.50467238e-02 3.78010100e-03 5.57338998e-04
8.37785224e+00 1.48964714e-02 3.69336934e-03 5.64695938e-04
8.40754947e+00 1.48233504e-02 5.80699473e-03 5.71566985e-04
8.43714565e+00 1.47630135e-02 5.07911395e-03 5.79664944e-04
8.46660153e+00 1.46712658e-02 5.37214242e-03 5.86500444e-04
8.49583071e+00 1.45820370e-02 4.39311436e-03 5.87900345e-04
8.52492967e+00 1.46115419e-02 5.53399858e-03 5.85553861e-04
8.55427688e+00 1.45389696e-02 4.43383032e-03 5.83885898e-04
8.58308555e+00 1.43597771e-02 4.25655589e-03 5.82940006e-04
8.61171598e+00 1.41623308e-02 3.76170944e-03 5.80260957e-04
8.63973488e+00 1.40548475e-02 4.55414819e-03 5.76868335e-04
8.66793537e+00 1.40946947e-02 5.17134413e-03 5.76920874e-04
8.69611365e+00 1.41718203e-02 4.78226197e-03 5.83663013e-04
8.72462266e+00 1.43721299e-02 4.61244642e-03 5.97046511e-04
8.75360217e+00 1.42261038e-02 5.19213578e-03 6.12089334e-04
8.78152707e+00 1.38901977e-02 4.31378023e-03 6.20421321e-04
8.80916296e+00 1.37668404e-02 5.88348144e-03 6.18422438e-04
8.83659443e+00 1.36814339e-02 3.58099164e-03 6.13304572e-04
8.86388870e+00 1.36290066e-02 5.67524606e-03 6.15991944e-04
8.89111046e+00 1.35744743e-02 4.75384663e-03 6.29320650e-04
8.91818660e+00 1.34933836e-02 4.33375425e-03 6.45095734e-04
8.94508399e+00 1.34205670e-02 4.34753899e-03 6.53639533e-04
8.97186887e+00 1.33723794e-02 5.37124773e-03 6.55278507e-04
8.99857351e+00 1.33322905e-02 4.76651503e-03 6.57033108e-04
9.02519803e+00 1.33082247e-02 4.55660779e-03 6.62823676e-04
9.05180641e+00 1.32313040e-02 6.23087921e-03 6.71898657e-04
9.07812324e+00 1.31398204e-02 4.58228784e-03 6.81548487e-04
9.10436569e+00 1.31777944e-02 3.46172594e-03 6.88550357e-04
9.13083442e+00 1.32677196e-02 4.10598332e-03 6.91722620e-04
9.15743657e+00 1.31052430e-02 4.92247715e-03 6.93933270e-04
9.18325539e+00 1.28792104e-02 4.67273490e-03 6.98730920e-04
9.20895341e+00 1.26059277e-02 4.25517499e-03 7.06179994e-04
9.23367910e+00 1.23061721e-02 5.07271369e-03 7.13315328e-04
9.25817810e+00 1.24508733e-02 4.08892135e-03 7.17240328e-04
9.28348260e+00 1.26560709e-02 6.89448681e-03 7.17789760e-04
9.30880238e+00 1.27073638e-02 4.26537555e-03 7.17867706e-04
9.33431205e+00 1.27777635e-02 5.21585058e-03 7.21673760e-04
9.35991344e+00 1.26218038e-02 6.05324457e-03 7.32428734e-04
9.38479927e+00 1.24210669e-02 5.79417143e-03 7.49787280e-04
9.40959770e+00 1.24075429e-02 4.74774073e-03 7.69062692e-04
9.43442944e+00 1.23698941e-02 4.68152461e-03 7.85327801e-04
9.45907728e+00 1.22745497e-02 4.98008125e-03 7.96316978e-04
9.48352764e+00 1.22112272e-02 4.58231176e-03 7.99377082e-04
9.50792219e+00 1.23661779e-02 4.28804313e-03 7.93616772e-04
9.53299235e+00 1.24515173e-02 5.96350974e-03 7.86664863e-04
9.55772826e+00 1.21900823e-02 4.80851210e-03 7.88549748e-04
9.58175268e+00 1.19851893e-02 4.64568421e-03 7.99171853e-04
9.60566902e+00 1.18371473e-02 4.62473400e-03 8.08681230e-04
9.62910127e+00 1.16524397e-02 5.22487560e-03 8.10529398e-04
9.65227877e+00 1.16822581e-02 4.23963096e-03 8.08850485e-04
9.67583030e+00 1.17684237e-02 5.15199382e-03 8.11416642e-04
9.69935247e+00 1.16808262e-02 4.89042269e-03 8.21636890e-04
9.72255361e+00 1.15609820e-02 5.46141179e-03 8.37348576e-04
9.74559640e+00 1.15689157e-02 5.43710913e-03 8.53173578e-04
9.76882927e+00 1.15939095e-02 4.48526571e-03 8.64069670e-04
9.79197204e+00 1.15935000e-02 6.13376141e-03 8.68751694e-04
9.81520327e+00 1.17380537e-02 4.28184847e-03 8.70811251e-04
9.83892425e+00 1.16626644e-02 5.00621628e-03 8.76072600e-04
9.86185393e+00 1.14255305e-02 5.87702286e-03 8.87654472e-04
9.88462637e+00 1.13655279e-02 3.35797402e-03 9.02478561e-04
9.90731604e+00 1.13352794e-02 4.74518713e-03 9.13224152e-04
9.92996749e+00 1.13019833e-02 6.06539875e-03 9.16423282e-04
9.95252397e+00 1.12459512e-02 6.48843836e-03 9.17817379e-04
9.97495129e+00 1.11912906e-02 2.95750529e-03 9.26531802e-04
9.99728913e+00 1.11681352e-02 3.08650721e-03 9.46023043e-04
1.00196238e+01 1.12251727e-02 4.93335203e-03 9.72151937e-04
1.00421898e+01 1.11744594e-02 4.02982258e-03 9.97720416e-04
1.00643217e+01 1.10350497e-02 4.23393023e-03 1.01747221e-03
1.00863300e+01 1.09628927e-02 4.27749039e-03 1.02918676e-03
1.01081732e+01 1.08318074e-02 3.58356127e-03 1.03266927e-03
1.01296573e+01 1.07664762e-02 4.32290974e-03 1.03051975e-03
1.01512391e+01 1.08281638e-02 5.97122589e-03 1.02896984e-03
1.01729699e+01 1.08292154e-02 4.14782887e-03 1.03477164e-03
1.01945560e+01 1.08199092e-02 4.36773807e-03 1.05017198e-03
1.02162495e+01 1.08997101e-02 4.59876470e-03 1.07130704e-03
1.02381549e+01 1.08372489e-02 1.12222579e-03 1.09171439e-03
1.02595985e+01 1.06788367e-02 5.02236269e-03 1.10802281e-03
1.02808702e+01 1.06417577e-02 4.51544819e-03 1.12250986e-03
1.03021656e+01 1.06543755e-02 4.91631619e-03 1.14058875e-03
1.03234877e+01 1.06448148e-02 5.15108597e-03 1.16709050e-03
1.03447448e+01 1.05873409e-02 5.63102505e-03 1.20461713e-03
1.03658371e+01 1.05034918e-02 5.52135775e-03 1.25187252e-03
1.03867588e+01 1.04553206e-02 3.82883676e-03 1.30121520e-03
1.04076583e+01 1.04699942e-02 4.98856357e-03 1.34109862e-03
1.04286388e+01 1.04502002e-02 4.62631325e-03 1.36578373e-03
1.04494591e+01 1.03683302e-02 7.36321602e-03 1.38036847e-03
1.04701121e+01 1.03350266e-02 2.68705946e-03 1.39351080e-03
1.04907993e+01 1.03025709e-02 5.19802262e-03 1.41018420e-03
1.05113224e+01 1.02335110e-02 4.58903863e-03 1.43277896e-03
1.05317333e+01 1.02020744e-02 3.40615047e-03 1.46297283e-03
1.05521307e+01 1.02071221e-02 4.66005462e-03 1.49903351e-03
1.05725618e+01 1.01778035e-02 4.11136336e-03 1.53474720e-03
1.05928419e+01 1.01461682e-02 4.92186581e-03 1.56459444e-03
1.06131465e+01 1.01392820e-02 1.83622555e-03 1.58813814e-03
1.06333990e+01 1.01116127e-02 3.34904583e-03 1.60742648e-03
1.06535929e+01 1.00618871e-02 6.17730436e-03 1.62393409e-03
1.06736466e+01 1.00282617e-02 5.35585875e-03 1.64038077e-03
1.06937060e+01 1.00778978e-02 3.58487862e-03 1.66188183e-03
1.07139582e+01 1.01910434e-02 6.29145059e-03 1.69254267e-03
1.07344701e+01 1.01378379e-02 5.01923146e-03 1.73265864e-03
1.07545095e+01 9.96334346e-03 6.61490246e-03 1.77979146e-03
1.07743235e+01 9.87920216e-03 6.40386085e-03 1.82969446e-03
1.07940263e+01 9.84614926e-03 7.73774506e-03 1.87582784e-03
1.08137081e+01 9.52086327e-03 4.20358238e-03 1.91366847e-03
1.08321098e+01 9.45222903e-03 5.41784648e-03 1.94853627e-03
1.08515170e+01 9.73384564e-03 8.99391763e-03 1.99257074e-03
1.08710452e+01 9.75338468e-03 2.87584076e-03 2.04986316e-03
1.08905306e+01 9.85261486e-03 4.07018714e-03 2.10958625e-03
1.09104556e+01 9.96392807e-03 8.04200375e-03 2.15913894e-03
1.09303863e+01 9.86621173e-03 8.47307985e-03 2.20026654e-03
1.09499205e+01 9.70054867e-03 5.17081412e-03 2.24416351e-03
1.09691885e+01 9.62242519e-03 3.82019090e-03 2.29597056e-03
1.09884102e+01 9.62025190e-03 5.07732207e-03 2.35268657e-03
1.10076695e+01 9.64360377e-03 7.03289329e-03 2.41118765e-03
1.10269846e+01 9.60653766e-03 3.84365131e-03 2.46939135e-03
1.10460956e+01 9.54596277e-03 -1.77775788e-03 2.52130892e-03
1.10651684e+01 9.51088373e-03 2.17192983e-03 2.55956226e-03
1.10841392e+01 9.48888629e-03 5.56208571e-03 2.58517883e-03
1.11031240e+01 9.38248486e-03 6.81101947e-03 2.61046694e-03
1.11216691e+01 9.31210514e-03 3.60230346e-03 2.65025724e-03
1.11403724e+01 9.36542971e-03 4.03930206e-03 2.71037571e-03
1.11591308e+01 9.38846900e-03 4.11651408e-03 2.78218376e-03
1.11779263e+01 9.39282157e-03 1.02774890e-03 2.84764056e-03
1.11967021e+01 9.45771896e-03 3.20102426e-03 2.89282473e-03
1.12157571e+01 9.48112767e-03 4.06571025e-03 2.91735959e-03
1.12346266e+01 9.36303310e-03 1.66772970e-03 2.93042270e-03
1.12532093e+01 9.28869844e-03 3.75171562e-03 2.94105199e-03
1.12717814e+01 9.26683919e-03 1.88374302e-03 2.95304471e-03
1.12902766e+01 9.26350065e-03 3.30083100e-03 2.96592426e-03
1.13088354e+01 9.28533146e-03 6.69296960e-03 2.98054585e-03
1.13274180e+01 9.24407600e-03 7.07887726e-03 3.00468762e-03
1.13458117e+01 9.18189446e-03 3.41551399e-03 3.04861017e-03
1.13641455e+01 9.15993602e-03 4.95762779e-03 3.11140166e-03
1.13824515e+01 9.14281269e-03 -9.88496015e-04 3.17615465e-03
1.14007168e+01 9.08160896e-03 3.32029578e-03 3.22740020e-03
1.14187779e+01 9.05245212e-03 4.14110652e-03 3.27111636e-03
1.14369266e+01 9.06330439e-03 3.40248246e-03 3.32470639e-03
1.14550311e+01 9.05988365e-03 6.04537498e-03 3.38932608e-03
1.14731661e+01 9.04311586e-03 1.07331963e-02 3.44615931e-03
1.14912036e+01 9.02272635e-03 4.69709273e-03 3.48368285e-03
1.15092570e+01 9.01334419e-03 4.11419490e-03 3.51560848e-03
1.15272569e+01 8.98728839e-03 5.99302542e-03 3.56315808e-03
1.15452062e+01 8.97379700e-03 8.69595834e-03 3.63288411e-03
1.15631521e+01 8.94982185e-03 3.76162544e-03 3.72003694e-03
1.15810055e+01 8.95116776e-03 7.39114673e-03 3.82128722e-03
1.15989568e+01 9.02073901e-03 7.28240468e-03 3.92911840e-03
1.16170884e+01 9.00570636e-03 6.92508736e-03 4.01804553e-03
1.16349796e+01 8.90318585e-03 1.23494660e-03 4.05842116e-03
1.16527012e+01 8.85142852e-03 8.28270076e-03 4.05312933e-03
1.16703853e+01 8.83276631e-03 7.27556512e-03 4.04331640e-03
1.16880322e+01 8.79344649e-03 5.69398379e-03 4.07205914e-03
1.17055591e+01 8.70823396e-03 7.09139429e-03 4.15434567e-03
1.17228652e+01 8.69753581e-03 1.18255161e-02 4.27619709e-03
1.17403493e+01 8.74557137e-03 1.29191297e-02 4.40977009e-03
1.17578475e+01 8.73993320e-03 9.71921770e-03 4.53208020e-03
1.17753090e+01 8.73090499e-03 9.27683773e-04 4.63988426e-03
1.17927711e+01 8.75214631e-03 8.05706916e-03 4.75006406e-03
1.18103176e+01 8.76562267e-03 7.91053374e-03 4.87874636e-03
1.18278336e+01 8.71828118e-03 1.76548121e-03 5.01661414e-03
1.18451907e+01 8.65922465e-03 1.07740476e-02 5.13166528e-03
1.18624705e+01 8.63083218e-03 1.47444208e-03 5.20550905e-03
1.18797140e+01 8.61274854e-03 -1.79509970e-03 5.25767058e-03
1.18969215e+01 8.67308308e-03 8.49535198e-03 5.32380772e-03
1.19144064e+01 8.69763291e-03 2.16124150e-03 5.42547759e-03
1.19317120e+01 8.59433175e-03 6.07151528e-03 5.57304908e-03
1.19487837e+01 8.54447551e-03 -3.71036304e-04 5.78171725e-03
1.19658899e+01 8.53409621e-03 -5.05598982e-03 6.06089870e-03
1.19829201e+01 8.48084995e-03 1.36627347e-02 6.38503902e-03
1.19998133e+01 8.26189761e-03 3.83918590e-04 6.69889202e-03
