5.021303 0.025563 5.168316e-03 1.698880e-05 
5.072429 0.025563 5.180296e-03 1.698880e-05 
5.124075 0.025823 5.219923e-03 1.937192e-05 
5.176247 0.026086 5.195262e-03 2.170248e-05 
5.228950 0.026352 5.202518e-03 1.666136e-05 
5.282190 0.026620 5.194123e-03 1.602911e-05 
5.335972 0.026891 5.222251e-03 2.060891e-05 
5.390301 0.027165 5.174385e-03 2.386507e-05 
5.445184 0.027441 5.214403e-03 2.124177e-05 
5.500625 0.027721 5.196895e-03 1.894477e-05 
5.556631 0.028003 5.204236e-03 1.796658e-05 
5.613207 0.028288 5.218929e-03 1.801597e-05 
5.670359 0.028576 5.234633e-03 1.824365e-05 
5.728093 0.028867 5.224895e-03 1.851590e-05 
5.786415 0.029161 5.213260e-03 1.857386e-05 
5.845331 0.029458 5.232841e-03 1.825213e-05 
5.904847 0.029758 5.237553e-03 1.829039e-05 
5.964968 0.030061 5.247581e-03 1.977414e-05 
6.025702 0.030367 5.221420e-03 2.231115e-05 
6.087054 0.030676 5.272113e-03 2.201526e-05 
6.149031 0.030988 5.194727e-03 1.963984e-05 
6.211639 0.031304 5.192323e-03 1.949548e-05 
6.274884 0.031623 5.207231e-03 2.023692e-05 
6.338773 0.031945 5.227586e-03 1.963631e-05 
6.403313 0.032270 5.173616e-03 2.205311e-05 
6.468510 0.032598 5.219630e-03 2.359812e-05 
6.534370 0.032930 5.205133e-03 2.401887e-05 
6.600902 0.033266 5.250073e-03 2.501404e-05 
6.668110 0.033604 5.244344e-03 2.468760e-05 
6.736003 0.033946 5.290818e-03 2.632523e-05 
6.804588 0.034292 5.278718e-03 2.621522e-05 
6.873870 0.034641 5.262476e-03 2.434653e-05 
6.943858 0.034994 5.203304e-03 2.511179e-05 
7.014558 0.035350 5.223137e-03 2.732492e-05 
7.085979 0.035710 5.184742e-03 2.762142e-05 
7.158126 0.036074 5.260863e-03 2.613295e-05 
7.231009 0.036441 5.263579e-03 2.578305e-05 
7.304633 0.036812 5.239038e-03 2.531508e-05 
7.379007 0.037187 5.258919e-03 2.625458e-05 
7.454138 0.037566 5.279508e-03 2.801321e-05 
7.530034 0.037948 5.265939e-03 2.805173e-05 
7.606703 0.038334 5.264879e-03 2.785278e-05 
7.684152 0.038725 5.300033e-03 2.744607e-05 
7.762390 0.039119 5.267269e-03 2.889536e-05 
7.841425 0.039517 5.231603e-03 2.895791e-05 
7.921264 0.039920 5.314470e-03 3.036906e-05 
8.001916 0.040326 5.223415e-03 3.075026e-05 
8.083390 0.040737 5.194622e-03 3.114646e-05 
8.165693 0.041151 5.180374e-03 3.156614e-05 
8.248833 0.041570 5.230344e-03 3.102959e-05 
8.332821 0.041994 5.215888e-03 3.014428e-05 
8.417663 0.042421 5.221463e-03 3.109180e-05 
8.503370 0.042853 5.177703e-03 3.181571e-05 
8.589949 0.043290 5.186356e-03 3.119307e-05 
8.677410 0.043730 5.174422e-03 3.048644e-05 
8.765761 0.044176 5.211252e-03 3.177931e-05 
8.855011 0.044625 5.153396e-03 3.202644e-05 
8.945171 0.045080 5.169439e-03 3.381998e-05 
9.036248 0.045539 5.134321e-03 3.384265e-05 
9.128253 0.046002 5.257433e-03 3.494059e-05 
9.221194 0.046471 5.184986e-03 3.553905e-05 
9.315082 0.046944 5.203772e-03 3.568405e-05 
9.409926 0.047422 5.204688e-03 3.661857e-05 
9.505735 0.047905 5.198632e-03 3.762960e-05 
9.602520 0.048392 5.221348e-03 3.730604e-05 
9.700290 0.048885 5.240159e-03 3.793734e-05 
9.799056 0.049383 5.169387e-03 4.071907e-05 
9.898828 0.049886 5.208966e-03 4.165910e-05 
9.999615 0.050394 5.224127e-03 4.318104e-05 
10.101428 0.050907 5.157334e-03 4.559226e-05 
10.204278 0.051425 5.121081e-03 4.620097e-05 
10.308176 0.051949 5.207798e-03 4.990111e-05 
10.413131 0.052478 5.199314e-03 5.707661e-05 
10.519154 0.053012 5.167588e-03 6.068820e-05 
10.626258 0.053552 5.130796e-03 6.672163e-05 
10.734451 0.054097 5.168057e-03 7.256012e-05 
10.843747 0.054648 5.028863e-03 8.154295e-05 
10.954155 0.055204 5.242786e-03 9.218444e-05 
11.065687 0.055766 5.219942e-03 1.005880e-04 
11.178355 0.056334 5.229985e-03 1.105156e-04 
11.292170 0.056908 4.993522e-03 1.152245e-04 
11.407144 0.057487 5.121556e-03 1.261388e-04 
11.523289 0.058072 5.303826e-03 1.370571e-04 
11.640616 0.058664 5.212236e-03 1.516212e-04 
11.759137 0.059261 5.007315e-03 1.721119e-04 
11.878866 0.059864 5.136601e-03 1.992539e-04 
11.999813 0.060474 5.164193e-03 1.992539e-04 
