0.602495 0.003047 4.061837e-03 1.237961e-03 
0.608590 0.003047 5.209358e-03 1.237961e-03 
0.614746 0.003078 4.268311e-03 1.382721e-03 
0.620964 0.003109 4.384274e-03 1.170439e-03 
0.627246 0.003141 6.059560e-03 8.716528e-04 
0.633590 0.003172 4.097977e-03 6.340785e-04 
0.639999 0.003204 4.872263e-03 5.171980e-04 
0.646473 0.003237 5.144536e-03 4.232833e-04 
0.653012 0.003270 5.241111e-03 3.164862e-04 
0.659618 0.003303 5.297266e-03 2.753941e-04 
0.666290 0.003336 5.113902e-03 3.094885e-04 
0.673030 0.003370 4.581192e-03 3.831804e-04 
0.679837 0.003404 4.643148e-03 3.190143e-04 
0.686714 0.003438 5.583188e-03 2.511567e-04 
0.693660 0.003473 5.078350e-03 1.730083e-04 
0.700677 0.003508 5.004770e-03 1.250353e-04 
0.707765 0.003544 5.352658e-03 9.420823e-05 
0.714924 0.003580 5.128187e-03 8.282184e-05 
0.722155 0.003616 5.272589e-03 7.140261e-05 
0.729460 0.003652 5.206903e-03 6.058331e-05 
0.736839 0.003689 5.219598e-03 5.764432e-05 
0.744292 0.003727 5.187782e-03 6.089791e-05 
0.751821 0.003764 5.295501e-03 6.528626e-05 
0.759426 0.003802 5.256540e-03 7.048703e-05 
0.767108 0.003841 5.280125e-03 7.378253e-05 
0.774867 0.003880 5.209509e-03 7.378242e-05 
0.782705 0.003919 5.190342e-03 6.905383e-05 
0.790622 0.003959 5.172732e-03 6.280157e-05 
0.798620 0.003999 5.155373e-03 5.270663e-05 
0.806698 0.004039 5.172681e-03 4.185056e-05 
0.814858 0.004080 5.214476e-03 3.569340e-05 
0.823101 0.004121 5.229724e-03 3.401329e-05 
0.831426 0.004163 5.160901e-03 3.727200e-05 
0.839837 0.004205 5.204525e-03 4.601479e-05 
0.848332 0.004248 5.254308e-03 5.251442e-05 
0.856913 0.004291 5.179971e-03 4.134969e-05 
0.865581 0.004334 5.203279e-03 3.162486e-05 
0.874336 0.004378 5.168660e-03 3.001872e-05 
0.883181 0.004422 5.139524e-03 3.462076e-05 
0.892114 0.004467 5.186571e-03 3.416165e-05 
0.901138 0.004512 5.165552e-03 2.405947e-05 
0.910253 0.004558 5.211485e-03 1.993646e-05 
0.919461 0.004604 5.234896e-03 2.339688e-05 
0.928761 0.004650 5.181273e-03 2.638262e-05 
0.938156 0.004697 5.219704e-03 2.111623e-05 
0.947646 0.004745 5.200622e-03 1.776320e-05 
0.957232 0.004793 5.196220e-03 2.266961e-05 
0.966914 0.004841 5.223654e-03 2.312893e-05 
0.976695 0.004890 5.177543e-03 1.687488e-05 
0.986574 0.004940 5.198884e-03 1.749010e-05 
0.996554 0.004990 5.216913e-03 2.148051e-05 
1.006634 0.005040 5.165178e-03 1.733895e-05 
1.016817 0.005091 5.186874e-03 1.437194e-05 
1.027102 0.005143 5.192100e-03 1.943256e-05 
1.037491 0.005195 5.176254e-03 1.796456e-05 
1.047986 0.005247 5.191274e-03 1.295561e-05 
1.058587 0.005300 5.186611e-03 1.734629e-05 
1.069294 0.005354 5.176097e-03 1.704619e-05 
1.080111 0.005408 5.199959e-03 1.186776e-05 
1.091036 0.005463 5.186216e-03 1.535075e-05 
1.102072 0.005518 5.191831e-03 1.608420e-05 
1.113220 0.005574 5.215494e-03 1.151332e-05 
1.124481 0.005630 5.209351e-03 1.485208e-05 
1.135855 0.005687 5.224179e-03 1.601526e-05 
1.147345 0.005745 5.203530e-03 1.112939e-05 
1.158950 0.005803 5.213169e-03 1.417110e-05 
1.170673 0.005862 5.217950e-03 1.460269e-05 
1.182515 0.005921 5.200831e-03 1.027456e-05 
1.194477 0.005981 5.238815e-03 1.333989e-05 
1.206559 0.006041 5.189159e-03 1.390297e-05 
1.218764 0.006102 5.177332e-03 9.769357e-06 
1.231092 0.006164 5.200549e-03 1.273943e-05 
1.243545 0.006226 5.185288e-03 1.335723e-05 
1.256124 0.006289 5.191927e-03 9.498770e-06 
1.268830 0.006353 5.187392e-03 1.227158e-05 
1.281664 0.006417 5.213877e-03 1.340081e-05 
1.294628 0.006482 5.186995e-03 1.001596e-05 
1.307724 0.006548 5.203467e-03 1.254691e-05 
1.320952 0.006614 5.157188e-03 1.542528e-05 
1.334314 0.006681 5.205998e-03 1.257458e-05 
1.347811 0.006748 5.230058e-03 1.430830e-05 
1.361444 0.006817 5.211193e-03 1.782852e-05 
1.375216 0.006886 5.235940e-03 1.369887e-05 
1.389126 0.006955 5.225305e-03 1.278707e-05 
1.403178 0.007026 5.208991e-03 1.697006e-05 
1.417371 0.007097 5.207873e-03 1.605079e-05 
1.431708 0.007169 5.195340e-03 1.246464e-05 
1.446190 0.007241 5.203095e-03 1.573592e-05 
1.460819 0.007314 5.213769e-03 1.695831e-05 
1.475596 0.007388 5.230107e-03 1.282872e-05 
1.490522 0.007463 5.203556e-03 1.164494e-05 
1.505599 0.007539 5.190903e-03 1.498527e-05 
1.520828 0.007615 5.171845e-03 1.555215e-05 
1.536212 0.007692 5.168764e-03 1.198184e-05 
1.551751 0.007770 5.160539e-03 1.109696e-05 
1.567447 0.007848 5.216126e-03 1.364568e-05 
1.583303 0.007928 5.191902e-03 1.513145e-05 
1.599318 0.008008 5.165013e-03 1.273171e-05 
1.615496 0.008089 5.185992e-03 1.056673e-05 
1.631837 0.008171 5.216718e-03 1.076321e-05 
1.648343 0.008253 5.202986e-03 1.273307e-05 
1.665017 0.008337 5.217221e-03 1.443536e-05 
1.681859 0.008421 5.184536e-03 1.351712e-05 
1.698871 0.008506 5.194585e-03 1.175032e-05 
1.716056 0.008592 5.195627e-03 1.100141e-05 
1.733414 0.008679 5.213286e-03 1.130471e-05 
1.750948 0.008767 5.190039e-03 1.252157e-05 
1.768660 0.008856 5.204345e-03 1.441648e-05 
1.786550 0.008945 5.236016e-03 1.713208e-05 
1.804622 0.009036 5.199971e-03 2.060063e-05 
1.822876 0.009127 5.213733e-03 2.085635e-05 
1.841315 0.009219 5.223444e-03 1.920494e-05 
1.859940 0.009313 5.216710e-03 1.844543e-05 
1.878754 0.009407 5.208498e-03 1.783678e-05 
1.897758 0.009502 5.218846e-03 1.690373e-05 
1.916954 0.009598 5.201774e-03 1.638694e-05 
1.936345 0.009695 5.226853e-03 1.672182e-05 
1.955932 0.009793 5.222883e-03 1.795793e-05 
1.975716 0.009892 5.193539e-03 1.958402e-05 
1.995701 0.009992 5.187060e-03 2.012488e-05 
2.015888 0.010094 5.219327e-03 1.836736e-05 
2.036280 0.010196 5.207343e-03 1.620043e-05 
2.056877 0.010299 5.217855e-03 1.475063e-05 
2.077683 0.010403 5.181531e-03 1.416698e-05 
2.098699 0.010508 5.195287e-03 1.430973e-05 
2.119928 0.010614 5.207751e-03 1.541256e-05 
2.141372 0.010722 5.180022e-03 1.624573e-05 
2.163032 0.010830 5.184650e-03 1.511208e-05 
2.184912 0.010940 5.206200e-03 1.362059e-05 
2.207013 0.011050 5.194860e-03 1.404105e-05 
2.229338 0.011162 5.210642e-03 1.489172e-05 
2.251888 0.011275 5.203522e-03 1.418068e-05 
2.274667 0.011389 5.241705e-03 1.427548e-05 
2.297675 0.011504 5.243397e-03 1.656264e-05 
2.320917 0.011621 5.216369e-03 1.660375e-05 
2.344394 0.011738 5.230190e-03 1.637278e-05 
2.368108 0.011857 5.225143e-03 1.639077e-05 
2.392062 0.011977 5.247695e-03 1.648695e-05 
2.416258 0.012098 5.231364e-03 1.808596e-05 
2.440699 0.012221 5.224193e-03 2.006469e-05 
2.465388 0.012344 5.192592e-03 2.154873e-05 
2.490326 0.012469 5.218607e-03 2.245362e-05 
2.515516 0.012595 5.233809e-03 2.093904e-05 
2.540961 0.012723 5.202134e-03 1.963776e-05 
2.566664 0.012851 5.205437e-03 2.108550e-05 
2.592626 0.012981 5.245372e-03 1.986879e-05 
2.618852 0.013113 5.249270e-03 1.855383e-05 
2.645342 0.013245 5.218317e-03 1.969860e-05 
2.672100 0.013379 5.220966e-03 2.045043e-05 
2.699129 0.013515 5.233690e-03 2.104375e-05 
2.726432 0.013651 5.238917e-03 2.232900e-05 
2.754010 0.013789 5.255029e-03 2.200330e-05 
2.781868 0.013929 5.279346e-03 2.151233e-05 
2.810007 0.014070 5.242012e-03 2.098524e-05 
2.838431 0.014212 5.250457e-03 2.110453e-05 
2.867143 0.014356 5.161134e-03 2.070608e-05 
2.896145 0.014501 5.224956e-03 2.001723e-05 
2.925440 0.014648 5.202615e-03 2.031596e-05 
2.955032 0.014796 5.201927e-03 2.204815e-05 
2.984923 0.014945 5.196648e-03 2.439321e-05 
3.015116 0.015097 5.202879e-03 2.427241e-05 
3.045615 0.015249 5.206249e-03 2.305012e-05 
3.076422 0.015404 5.223721e-03 2.347716e-05 
3.107541 0.015559 5.204316e-03 2.197065e-05 
3.138974 0.015717 5.215577e-03 2.076302e-05 
3.170726 0.015876 5.227317e-03 2.059609e-05 
3.202799 0.016036 5.235184e-03 2.101571e-05 
3.235196 0.016199 5.230958e-03 2.131320e-05 
3.267921 0.016362 5.242698e-03 2.118287e-05 
3.300977 0.016528 5.219068e-03 2.193537e-05 
3.334367 0.016695 5.266441e-03 2.090280e-05 
3.368095 0.016864 5.258953e-03 1.968564e-05 
3.402164 0.017035 5.219766e-03 1.998162e-05 
3.436578 0.017207 5.254156e-03 2.007850e-05 
3.471340 0.017381 5.283678e-03 2.001628e-05 
3.506454 0.017557 5.246330e-03 2.023930e-05 
3.541922 0.017734 5.261182e-03 2.011403e-05 
3.577750 0.017914 5.177755e-03 1.949631e-05 
3.613940 0.018095 5.244965e-03 1.945156e-05 
3.650496 0.018278 5.234897e-03 1.967426e-05 
3.687422 0.018463 5.188482e-03 1.900901e-05 
3.724721 0.018650 5.213761e-03 1.954486e-05 
3.762398 0.018838 5.205659e-03 1.955417e-05 
3.800455 0.019029 5.191498e-03 1.886391e-05 
3.838898 0.019221 5.218695e-03 1.963563e-05 
3.877729 0.019416 5.264825e-03 1.930728e-05 
3.916954 0.019612 5.233944e-03 1.897157e-05 
3.956575 0.019811 5.229414e-03 1.944333e-05 
3.996597 0.020011 5.225847e-03 1.975344e-05 
4.037023 0.020213 5.219268e-03 2.017508e-05 
4.077859 0.020418 5.203024e-03 2.035298e-05 
4.119108 0.020624 5.220599e-03 2.100358e-05 
4.160774 0.020833 5.221148e-03 2.202221e-05 
4.202861 0.021044 5.261847e-03 2.266944e-05 
4.245374 0.021257 5.296851e-03 2.531258e-05 
4.288317 0.021472 5.286020e-03 2.439392e-05 
4.331695 0.021689 5.299653e-03 2.462871e-05 
4.375511 0.021908 5.240955e-03 2.675760e-05 
4.419770 0.022130 5.175791e-03 2.662379e-05 
4.464478 0.022354 5.226316e-03 2.709069e-05 
4.509637 0.022580 5.236735e-03 2.931232e-05 
4.555253 0.022808 5.298046e-03 2.851900e-05 
4.601331 0.023039 5.240345e-03 2.875937e-05 
4.647875 0.023272 5.198922e-03 2.825035e-05 
4.694889 0.023507 5.246914e-03 2.915411e-05 
4.742379 0.023745 5.236186e-03 2.832432e-05 
4.790350 0.023985 5.197984e-03 3.020649e-05 
4.838805 0.024228 5.242689e-03 3.116906e-05 
4.887751 0.024473 5.237866e-03 3.272610e-05 
4.937192 0.024720 5.199843e-03 3.296378e-05 
4.987133 0.024971 5.218791e-03 3.053370e-05 
5.037580 0.025223 5.157753e-03 3.095750e-05 
5.088536 0.025478 5.209100e-03 3.126986e-05 
5.140008 0.025736 5.206097e-03 3.485909e-05 
5.192001 0.025996 5.264004e-03 3.491554e-05 
5.244519 0.026259 5.189042e-03 3.599671e-05 
5.297569 0.026525 5.169707e-03 3.599671e-05 
