0.602495 0.003047 9.978707e-03 2.475921e-03 
0.608590 0.003047 7.583300e-03 2.475921e-03 
0.614746 0.003078 5.486895e-03 2.765442e-03 
0.620964 0.003109 6.547161e-03 2.340879e-03 
0.627246 0.003141 1.892031e-03 1.743306e-03 
0.633590 0.003172 6.551656e-03 1.268157e-03 
0.639999 0.003204 6.132852e-03 1.034396e-03 
0.646473 0.003237 5.018102e-03 8.465667e-04 
0.653012 0.003270 5.033206e-03 6.329725e-04 
0.659618 0.003303 4.522485e-03 5.507882e-04 
0.666290 0.003336 3.916994e-03 6.189770e-04 
0.673030 0.003370 4.960846e-03 7.663608e-04 
0.679837 0.003404 4.267644e-03 6.380286e-04 
0.686714 0.003438 4.776871e-03 5.023135e-04 
0.693660 0.003473 4.663969e-03 3.460165e-04 
0.700677 0.003508 4.790965e-03 2.500706e-04 
0.707765 0.003544 5.222027e-03 1.884165e-04 
0.714924 0.003580 5.212538e-03 1.656437e-04 
0.722155 0.003616 5.072723e-03 1.428052e-04 
0.729460 0.003652 5.044343e-03 1.211666e-04 
0.736839 0.003689 5.233861e-03 1.152886e-04 
0.744292 0.003727 5.016402e-03 1.217958e-04 
0.751821 0.003764 4.851358e-03 1.305725e-04 
0.759426 0.003802 5.131258e-03 1.409741e-04 
0.767108 0.003841 5.169126e-03 1.475651e-04 
0.774867 0.003880 5.406877e-03 1.475648e-04 
0.782705 0.003919 5.245024e-03 1.381077e-04 
0.790622 0.003959 5.303904e-03 1.256031e-04 
0.798620 0.003999 5.173932e-03 1.054133e-04 
0.806698 0.004039 5.121217e-03 8.370112e-05 
0.814858 0.004080 5.240216e-03 7.138680e-05 
0.823101 0.004121 5.257545e-03 6.802658e-05 
0.831426 0.004163 5.305940e-03 7.454400e-05 
0.839837 0.004205 5.309125e-03 9.202957e-05 
0.848332 0.004248 5.208511e-03 1.050288e-04 
0.856913 0.004291 5.281650e-03 8.269939e-05 
0.865581 0.004334 5.189915e-03 6.324971e-05 
0.874336 0.004378 5.162217e-03 6.003744e-05 
0.883181 0.004422 5.234950e-03 6.924151e-05 
0.892114 0.004467 5.240226e-03 6.832330e-05 
0.901138 0.004512 5.174214e-03 4.811893e-05 
0.910253 0.004558 5.197389e-03 3.987292e-05 
0.919461 0.004604 5.232456e-03 4.679375e-05 
0.928761 0.004650 5.250813e-03 5.276523e-05 
0.938156 0.004697 5.175599e-03 4.223246e-05 
0.947646 0.004745 5.166117e-03 3.552639e-05 
0.957232 0.004793 5.247940e-03 4.533923e-05 
0.966914 0.004841 5.188799e-03 4.625786e-05 
0.976695 0.004890 5.229808e-03 3.374976e-05 
0.986574 0.004940 5.243778e-03 3.498021e-05 
0.996554 0.004990 5.158914e-03 4.296102e-05 
1.006634 0.005040 5.179730e-03 3.467790e-05 
1.016817 0.005091 5.180617e-03 2.874387e-05 
1.027102 0.005143 5.126902e-03 3.886512e-05 
1.037491 0.005195 5.223991e-03 3.592912e-05 
1.047986 0.005247 5.242156e-03 2.591123e-05 
1.058587 0.005300 5.242975e-03 3.469258e-05 
1.069294 0.005354 5.177473e-03 3.409237e-05 
1.080111 0.005408 5.205248e-03 2.373552e-05 
1.091036 0.005463 5.209659e-03 3.070150e-05 
1.102072 0.005518 5.160565e-03 3.216840e-05 
1.113220 0.005574 5.204025e-03 2.302663e-05 
1.124481 0.005630 5.208281e-03 2.970417e-05 
1.135855 0.005687 5.210697e-03 3.203052e-05 
1.147345 0.005745 5.232499e-03 2.225878e-05 
1.158950 0.005803 5.241512e-03 2.834220e-05 
1.170673 0.005862 5.199217e-03 2.920538e-05 
1.182515 0.005921 5.221841e-03 2.054912e-05 
1.194477 0.005981 5.282605e-03 2.667978e-05 
1.206559 0.006041 5.153594e-03 2.780593e-05 
1.218764 0.006102 5.195163e-03 1.953871e-05 
1.231092 0.006164 5.151032e-03 2.547886e-05 
1.243545 0.006226 5.199501e-03 2.671446e-05 
1.256124 0.006289 5.202867e-03 1.899754e-05 
1.268830 0.006353 5.181923e-03 2.454316e-05 
1.281664 0.006417 5.208573e-03 2.680163e-05 
1.294628 0.006482 5.167821e-03 2.003192e-05 
1.307724 0.006548 5.237423e-03 2.509382e-05 
1.320952 0.006614 5.189096e-03 3.085056e-05 
1.334314 0.006681 5.201713e-03 2.514915e-05 
1.347811 0.006748 5.156139e-03 2.861660e-05 
1.361444 0.006817 5.216945e-03 3.565704e-05 
1.375216 0.006886 5.221569e-03 2.739773e-05 
1.389126 0.006955 5.238371e-03 2.557414e-05 
1.403178 0.007026 5.241117e-03 3.394012e-05 
1.417371 0.007097 5.244797e-03 3.210157e-05 
1.431708 0.007169 5.224387e-03 2.492928e-05 
1.446190 0.007241 5.192011e-03 3.147183e-05 
1.460819 0.007314 5.275206e-03 3.391662e-05 
1.475596 0.007388 5.175572e-03 2.565745e-05 
1.490522 0.007463 5.198626e-03 2.328988e-05 
1.505599 0.007539 5.225134e-03 2.997054e-05 
1.520828 0.007615 5.181149e-03 3.110429e-05 
1.536212 0.007692 5.173235e-03 2.396368e-05 
1.551751 0.007770 5.162138e-03 2.219393e-05 
1.567447 0.007848 5.212108e-03 2.729136e-05 
1.583303 0.007928 5.179469e-03 3.026289e-05 
1.599318 0.008008 5.139951e-03 2.546343e-05 
1.615496 0.008089 5.191943e-03 2.113347e-05 
1.631837 0.008171 5.197574e-03 2.152642e-05 
1.648343 0.008253 5.232821e-03 2.546615e-05 
1.665017 0.008337 5.206633e-03 2.887071e-05 
1.681859 0.008421 5.201764e-03 2.703423e-05 
1.698871 0.008506 5.190282e-03 2.350064e-05 
1.716056 0.008592 5.223014e-03 2.200282e-05 
1.733414 0.008679 5.201038e-03 2.260942e-05 
1.750948 0.008767 5.222465e-03 2.504315e-05 
1.768660 0.008856 5.176757e-03 2.883296e-05 
1.786550 0.008945 5.237077e-03 3.426417e-05 
1.804622 0.009036 5.309401e-03 4.120126e-05 
1.822876 0.009127 5.326563e-03 4.171270e-05 
1.841315 0.009219 5.245707e-03 3.840987e-05 
1.859940 0.009313 5.229445e-03 3.689086e-05 
1.878754 0.009407 5.217861e-03 3.567355e-05 
1.897758 0.009502 5.216157e-03 3.380747e-05 
1.916954 0.009598 5.172508e-03 3.277388e-05 
1.936345 0.009695 5.198582e-03 3.344364e-05 
1.955932 0.009793 5.295568e-03 3.591587e-05 
1.975716 0.009892 5.176312e-03 3.916804e-05 
1.995701 0.009992 5.310541e-03 4.024976e-05 
2.015888 0.010094 5.233711e-03 3.673472e-05 
2.036280 0.010196 5.239626e-03 3.240086e-05 
2.056877 0.010299 5.224579e-03 2.950126e-05 
2.077683 0.010403 5.209638e-03 2.833397e-05 
2.098699 0.010508 5.212928e-03 2.861946e-05 
2.119928 0.010614 5.210082e-03 3.082513e-05 
2.141372 0.010722 5.159322e-03 3.249147e-05 
2.163032 0.010830 5.211565e-03 3.022416e-05 
2.184912 0.010940 5.188684e-03 2.724118e-05 
2.207013 0.011050 5.175288e-03 2.808211e-05 
2.229338 0.011162 5.176818e-03 2.978345e-05 
2.251888 0.011275 5.209327e-03 2.836136e-05 
2.274667 0.011389 5.250976e-03 2.855095e-05 
2.297675 0.011504 5.260605e-03 3.312529e-05 
2.320917 0.011621 5.236958e-03 3.320750e-05 
2.344394 0.011738 5.251178e-03 3.274555e-05 
2.368108 0.011857 5.269333e-03 3.278155e-05 
2.392062 0.011977 5.268932e-03 3.297390e-05 
2.416258 0.012098 5.282564e-03 3.617192e-05 
2.440699 0.012221 5.271165e-03 4.012939e-05 
2.465388 0.012344 5.242691e-03 4.309746e-05 
2.490326 0.012469 5.184471e-03 4.490725e-05 
2.515516 0.012595 5.205244e-03 4.187808e-05 
2.540961 0.012723 5.194735e-03 3.927552e-05 
2.566664 0.012851 5.278522e-03 4.217099e-05 
2.592626 0.012981 5.236528e-03 3.973758e-05 
2.618852 0.013113 5.192248e-03 3.710766e-05 
2.645342 0.013245 5.188095e-03 3.939719e-05 
2.672100 0.013379 5.291618e-03 4.090087e-05 
2.699129 0.013515 5.223612e-03 4.208750e-05 
2.726432 0.013651 5.224205e-03 4.465800e-05 
2.754010 0.013789 5.295019e-03 4.400659e-05 
2.781868 0.013929 5.249028e-03 4.302465e-05 
2.810007 0.014070 5.177403e-03 4.197048e-05 
2.838431 0.014212 5.239937e-03 4.220906e-05 
2.867143 0.014356 5.215145e-03 4.141216e-05 
2.896145 0.014501 5.188312e-03 4.003446e-05 
2.925440 0.014648 5.222061e-03 4.063192e-05 
2.955032 0.014796 5.240683e-03 4.409630e-05 
2.984923 0.014945 5.217525e-03 4.878641e-05 
3.015116 0.015097 5.291365e-03 4.854483e-05 
3.045615 0.015249 5.140426e-03 4.610024e-05 
3.076422 0.015404 5.175322e-03 4.695431e-05 
3.107541 0.015559 5.282743e-03 4.394130e-05 
3.138974 0.015717 5.212131e-03 4.152604e-05 
3.170726 0.015876 5.230212e-03 4.119219e-05 
3.202799 0.016036 5.257458e-03 4.203142e-05 
3.235196 0.016199 5.204554e-03 4.262640e-05 
3.267921 0.016362 5.293625e-03 4.236575e-05 
3.300977 0.016528 5.248207e-03 4.387074e-05 
3.334367 0.016695 5.241816e-03 4.180561e-05 
3.368095 0.016864 5.316223e-03 3.937128e-05 
3.402164 0.017035 5.206392e-03 3.996323e-05 
3.436578 0.017207 5.264128e-03 4.015699e-05 
3.471340 0.017381 5.234469e-03 4.003256e-05 
3.506454 0.017557 5.242680e-03 4.047860e-05 
3.541922 0.017734 5.260176e-03 4.022806e-05 
3.577750 0.017914 5.260780e-03 3.899263e-05 
3.613940 0.018095 5.212076e-03 3.890312e-05 
3.650496 0.018278 5.226799e-03 3.934851e-05 
3.687422 0.018463 5.280895e-03 3.801801e-05 
3.724721 0.018650 5.200543e-03 3.908971e-05 
3.762398 0.018838 5.185422e-03 3.910834e-05 
3.800455 0.019029 5.191421e-03 3.772782e-05 
3.838898 0.019221 5.191719e-03 3.927126e-05 
3.877729 0.019416 5.225002e-03 3.861456e-05 
3.916954 0.019612 5.230398e-03 3.794313e-05 
3.956575 0.019811 5.305944e-03 3.888666e-05 
3.996597 0.020011 5.199459e-03 3.950687e-05 
4.037023 0.020213 5.230254e-03 4.035015e-05 
4.077859 0.020418 5.181087e-03 4.070597e-05 
4.119108 0.020624 5.280411e-03 4.200715e-05 
4.160774 0.020833 5.265015e-03 4.404442e-05 
4.202861 0.021044 5.269545e-03 4.533888e-05 
4.245374 0.021257 5.317556e-03 5.062516e-05 
4.288317 0.021472 5.288809e-03 4.878784e-05 
4.331695 0.021689 5.226915e-03 4.925743e-05 
4.375511 0.021908 5.233872e-03 5.351519e-05 
4.419770 0.022130 5.275055e-03 5.324758e-05 
4.464478 0.022354 5.322517e-03 5.418138e-05 
4.509637 0.022580 5.232888e-03 5.862464e-05 
4.555253 0.022808 5.230860e-03 5.703800e-05 
4.601331 0.023039 5.194056e-03 5.751875e-05 
4.647875 0.023272 5.192219e-03 5.650071e-05 
4.694889 0.023507 5.291018e-03 5.830822e-05 
4.742379 0.023745 5.199434e-03 5.664863e-05 
4.790350 0.023985 5.268518e-03 6.041297e-05 
4.838805 0.024228 5.279506e-03 6.233812e-05 
4.887751 0.024473 5.210002e-03 6.545220e-05 
4.937192 0.024720 5.099220e-03 6.592757e-05 
4.987133 0.024971 5.094070e-03 6.106740e-05 
5.037580 0.025223 5.193434e-03 6.191500e-05 
5.088536 0.025478 5.191014e-03 6.253972e-05 
5.140008 0.025736 5.136958e-03 6.971819e-05 
5.192001 0.025996 5.251776e-03 6.983108e-05 
5.244519 0.026259 5.112871e-03 7.199342e-05 
5.297569 0.026525 5.183052e-03 7.199342e-05 
