0.602495 0.003047 4.928938e-03 1.237961e-03 
0.608590 0.003047 3.570727e-03 1.237961e-03 
0.614746 0.003078 3.996758e-03 1.382721e-03 
0.620964 0.003109 5.258936e-03 1.170439e-03 
0.627246 0.003141 4.320904e-03 8.716528e-04 
0.633590 0.003172 6.162288e-03 6.340785e-04 
0.639999 0.003204 4.597611e-03 5.171980e-04 
0.646473 0.003237 4.984041e-03 4.232833e-04 
0.653012 0.003270 5.827612e-03 3.164862e-04 
0.659618 0.003303 4.962315e-03 2.753941e-04 
0.666290 0.003336 5.216600e-03 3.094885e-04 
0.673030 0.003370 5.382105e-03 3.831804e-04 
0.679837 0.003404 4.938584e-03 3.190143e-04 
0.686714 0.003438 5.160798e-03 2.511567e-04 
0.693660 0.003473 5.028444e-03 1.730083e-04 
0.700677 0.003508 5.343289e-03 1.250353e-04 
0.707765 0.003544 5.191940e-03 9.420823e-05 
0.714924 0.003580 5.097630e-03 8.282184e-05 
0.722155 0.003616 5.140055e-03 7.140261e-05 
0.729460 0.003652 5.204611e-03 6.058331e-05 
0.736839 0.003689 5.195770e-03 5.764432e-05 
0.744292 0.003727 5.163679e-03 6.089791e-05 
0.751821 0.003764 5.171483e-03 6.528626e-05 
0.759426 0.003802 5.202565e-03 7.048703e-05 
0.767108 0.003841 5.296876e-03 7.378253e-05 
0.774867 0.003880 5.209759e-03 7.378242e-05 
0.782705 0.003919 5.251526e-03 6.905383e-05 
0.790622 0.003959 5.086830e-03 6.280157e-05 
0.798620 0.003999 5.232223e-03 5.270663e-05 
0.806698 0.004039 5.125755e-03 4.185056e-05 
0.814858 0.004080 5.227133e-03 3.569340e-05 
0.823101 0.004121 5.213425e-03 3.401329e-05 
0.831426 0.004163 5.258663e-03 3.727200e-05 
0.839837 0.004205 5.159934e-03 4.601479e-05 
0.848332 0.004248 5.171610e-03 5.251442e-05 
0.856913 0.004291 5.204814e-03 4.134969e-05 
0.865581 0.004334 5.191101e-03 3.162486e-05 
0.874336 0.004378 5.185522e-03 3.001872e-05 
0.883181 0.004422 5.195227e-03 3.462076e-05 
0.892114 0.004467 5.198936e-03 3.416165e-05 
0.901138 0.004512 5.192998e-03 2.405947e-05 
0.910253 0.004558 5.199773e-03 1.993646e-05 
0.919461 0.004604 5.217577e-03 2.339688e-05 
0.928761 0.004650 5.150038e-03 2.638262e-05 
0.938156 0.004697 5.238582e-03 2.111623e-05 
0.947646 0.004745 5.203210e-03 1.776320e-05 
0.957232 0.004793 5.227014e-03 2.266961e-05 
0.966914 0.004841 5.186520e-03 2.312893e-05 
0.976695 0.004890 5.204133e-03 1.687488e-05 
0.986574 0.004940 5.237047e-03 1.749010e-05 
0.996554 0.004990 5.195728e-03 2.148051e-05 
1.006634 0.005040 5.162063e-03 1.733895e-05 
1.016817 0.005091 5.197166e-03 1.437194e-05 
1.027102 0.005143 5.226862e-03 1.943256e-05 
1.037491 0.005195 5.187436e-03 1.796456e-05 
1.047986 0.005247 5.197999e-03 1.295561e-05 
1.058587 0.005300 5.185514e-03 1.734629e-05 
1.069294 0.005354 5.198807e-03 1.704619e-05 
1.080111 0.005408 5.192951e-03 1.186776e-05 
1.091036 0.005463 5.185788e-03 1.535075e-05 
1.102072 0.005518 5.176766e-03 1.608420e-05 
1.113220 0.005574 5.196766e-03 1.151332e-05 
1.124481 0.005630 5.194448e-03 1.485208e-05 
1.135855 0.005687 5.211380e-03 1.601526e-05 
1.147345 0.005745 5.208864e-03 1.112939e-05 
1.158950 0.005803 5.230557e-03 1.417110e-05 
1.170673 0.005862 5.217585e-03 1.460269e-05 
1.182515 0.005921 5.211159e-03 1.027456e-05 
1.194477 0.005981 5.204054e-03 1.333989e-05 
1.206559 0.006041 5.213976e-03 1.390297e-05 
1.218764 0.006102 5.202798e-03 9.769357e-06 
1.231092 0.006164 5.206315e-03 1.273943e-05 
1.243545 0.006226 5.204670e-03 1.335723e-05 
1.256124 0.006289 5.196839e-03 9.498770e-06 
1.268830 0.006353 5.186047e-03 1.227158e-05 
1.281664 0.006417 5.223432e-03 1.340081e-05 
1.294628 0.006482 5.194044e-03 1.001596e-05 
1.307724 0.006548 5.183674e-03 1.254691e-05 
1.320952 0.006614 5.236516e-03 1.542528e-05 
1.334314 0.006681 5.208561e-03 1.257458e-05 
1.347811 0.006748 5.219037e-03 1.430830e-05 
1.361444 0.006817 5.226886e-03 1.782852e-05 
1.375216 0.006886 5.231369e-03 1.369887e-05 
1.389126 0.006955 5.241536e-03 1.278707e-05 
1.403178 0.007026 5.231027e-03 1.697006e-05 
1.417371 0.007097 5.216510e-03 1.605079e-05 
1.431708 0.007169 5.233770e-03 1.246464e-05 
1.446190 0.007241 5.213578e-03 1.573592e-05 
1.460819 0.007314 5.181428e-03 1.695831e-05 
1.475596 0.007388 5.215548e-03 1.282872e-05 
1.490522 0.007463 5.173710e-03 1.164494e-05 
1.505599 0.007539 5.200511e-03 1.498527e-05 
1.520828 0.007615 5.200365e-03 1.555215e-05 
1.536212 0.007692 5.183089e-03 1.198184e-05 
1.551751 0.007770 5.172227e-03 1.109696e-05 
1.567447 0.007848 5.160310e-03 1.364568e-05 
1.583303 0.007928 5.156486e-03 1.513145e-05 
1.599318 0.008008 5.208970e-03 1.273171e-05 
1.615496 0.008089 5.193418e-03 1.056673e-05 
1.631837 0.008171 5.223456e-03 1.076321e-05 
1.648343 0.008253 5.218904e-03 1.273307e-05 
1.665017 0.008337 5.215129e-03 1.443536e-05 
1.681859 0.008421 5.211609e-03 1.351712e-05 
1.698871 0.008506 5.221197e-03 1.175032e-05 
1.716056 0.008592 5.250643e-03 1.100141e-05 
1.733414 0.008679 5.230364e-03 1.130471e-05 
1.750948 0.008767 5.220552e-03 1.252157e-05 
1.768660 0.008856 5.225300e-03 1.441648e-05 
1.786550 0.008945 5.186068e-03 1.713208e-05 
1.804622 0.009036 5.212626e-03 2.060063e-05 
1.822876 0.009127 5.214917e-03 2.085635e-05 
1.841315 0.009219 5.201958e-03 1.920494e-05 
1.859940 0.009313 5.233491e-03 1.844543e-05 
1.878754 0.009407 5.206663e-03 1.783678e-05 
1.897758 0.009502 5.187928e-03 1.690373e-05 
1.916954 0.009598 5.213785e-03 1.638694e-05 
1.936345 0.009695 5.206231e-03 1.672182e-05 
1.955932 0.009793 5.214195e-03 1.795793e-05 
1.975716 0.009892 5.233666e-03 1.958402e-05 
1.995701 0.009992 5.226281e-03 2.012488e-05 
2.015888 0.010094 5.179998e-03 1.836736e-05 
2.036280 0.010196 5.218920e-03 1.620043e-05 
2.056877 0.010299 5.209786e-03 1.475063e-05 
2.077683 0.010403 5.206768e-03 1.416698e-05 
2.098699 0.010508 5.225554e-03 1.430973e-05 
2.119928 0.010614 5.200651e-03 1.541256e-05 
2.141372 0.010722 5.193982e-03 1.624573e-05 
2.163032 0.010830 5.209948e-03 1.511208e-05 
2.184912 0.010940 5.207121e-03 1.362059e-05 
2.207013 0.011050 5.239379e-03 1.404105e-05 
2.229338 0.011162 5.228781e-03 1.489172e-05 
2.251888 0.011275 5.266100e-03 1.418068e-05 
2.274667 0.011389 5.214870e-03 1.427548e-05 
2.297675 0.011504 5.248968e-03 1.656264e-05 
2.320917 0.011621 5.221552e-03 1.660375e-05 
2.344394 0.011738 5.252601e-03 1.637278e-05 
2.368108 0.011857 5.240402e-03 1.639077e-05 
2.392062 0.011977 5.223255e-03 1.648695e-05 
2.416258 0.012098 5.231383e-03 1.808596e-05 
2.440699 0.012221 5.215379e-03 2.006469e-05 
2.465388 0.012344 5.271789e-03 2.154873e-05 
2.490326 0.012469 5.182346e-03 2.245362e-05 
2.515516 0.012595 5.221128e-03 2.093904e-05 
2.540961 0.012723 5.215424e-03 1.963776e-05 
2.566664 0.012851 5.214792e-03 2.108550e-05 
2.592626 0.012981 5.238671e-03 1.986879e-05 
2.618852 0.013113 5.258023e-03 1.855383e-05 
2.645342 0.013245 5.253858e-03 1.969860e-05 
2.672100 0.013379 5.258220e-03 2.045043e-05 
2.699129 0.013515 5.251469e-03 2.104375e-05 
2.726432 0.013651 5.243546e-03 2.232900e-05 
2.754010 0.013789 5.278375e-03 2.200330e-05 
2.781868 0.013929 5.246786e-03 2.151233e-05 
2.810007 0.014070 5.274931e-03 2.098524e-05 
2.838431 0.014212 5.270064e-03 2.110453e-05 
2.867143 0.014356 5.245017e-03 2.070608e-05 
2.896145 0.014501 5.271198e-03 2.001723e-05 
2.925440 0.014648 5.187455e-03 2.031596e-05 
2.955032 0.014796 5.210283e-03 2.204815e-05 
2.984923 0.014945 5.215370e-03 2.439321e-05 
3.015116 0.015097 5.230010e-03 2.427241e-05 
3.045615 0.015249 5.206007e-03 2.305012e-05 
3.076422 0.015404 5.191581e-03 2.347716e-05 
3.107541 0.015559 5.185809e-03 2.197065e-05 
3.138974 0.015717 5.208220e-03 2.076302e-05 
3.170726 0.015876 5.242398e-03 2.059609e-05 
3.202799 0.016036 5.232632e-03 2.101571e-05 
3.235196 0.016199 5.228514e-03 2.131320e-05 
3.267921 0.016362 5.221598e-03 2.118287e-05 
3.300977 0.016528 5.223568e-03 2.193537e-05 
3.334367 0.016695 5.288750e-03 2.090280e-05 
3.368095 0.016864 5.253621e-03 1.968564e-05 
3.402164 0.017035 5.212347e-03 1.998162e-05 
3.436578 0.017207 5.282307e-03 2.007850e-05 
3.471340 0.017381 5.233563e-03 2.001628e-05 
3.506454 0.017557 5.233815e-03 2.023930e-05 
3.541922 0.017734 5.227996e-03 2.011403e-05 
3.577750 0.017914 5.257483e-03 1.949631e-05 
3.613940 0.018095 5.202437e-03 1.945156e-05 
3.650496 0.018278 5.222558e-03 1.967426e-05 
3.687422 0.018463 5.242844e-03 1.900901e-05 
3.724721 0.018650 5.242453e-03 1.954486e-05 
3.762398 0.018838 5.220733e-03 1.955417e-05 
3.800455 0.019029 5.223204e-03 1.886391e-05 
3.838898 0.019221 5.198852e-03 1.963563e-05 
3.877729 0.019416 5.240071e-03 1.930728e-05 
3.916954 0.019612 5.266729e-03 1.897157e-05 
3.956575 0.019811 5.212077e-03 1.944333e-05 
3.996597 0.020011 5.187106e-03 1.975344e-05 
4.037023 0.020213 5.214638e-03 2.017508e-05 
4.077859 0.020418 5.243409e-03 2.035298e-05 
4.119108 0.020624 5.244736e-03 2.100358e-05 
4.160774 0.020833 5.267719e-03 2.202221e-05 
4.202861 0.021044 5.258755e-03 2.266944e-05 
4.245374 0.021257 5.300993e-03 2.531258e-05 
4.288317 0.021472 5.296747e-03 2.439392e-05 
4.331695 0.021689 5.258114e-03 2.462871e-05 
4.375511 0.021908 5.233575e-03 2.675760e-05 
4.419770 0.022130 5.269421e-03 2.662379e-05 
4.464478 0.022354 5.275321e-03 2.709069e-05 
4.509637 0.022580 5.267402e-03 2.931232e-05 
4.555253 0.022808 5.308160e-03 2.851900e-05 
4.601331 0.023039 5.178148e-03 2.875937e-05 
4.647875 0.023272 5.218632e-03 2.825035e-05 
4.694889 0.023507 5.221869e-03 2.915411e-05 
4.742379 0.023745 5.198579e-03 2.832432e-05 
4.790350 0.023985 5.158344e-03 3.020649e-05 
4.838805 0.024228 5.198530e-03 3.116906e-05 
4.887751 0.024473 5.260679e-03 3.272610e-05 
4.937192 0.024720 5.161753e-03 3.296378e-05 
4.987133 0.024971 5.183040e-03 3.053370e-05 
5.037580 0.025223 5.201807e-03 3.095750e-05 
5.088536 0.025478 5.208622e-03 3.126986e-05 
5.140008 0.025736 5.218766e-03 3.485909e-05 
5.192001 0.025996 5.230721e-03 3.491554e-05 
5.244519 0.026259 5.249465e-03 3.599671e-05 
5.297569 0.026525 5.223960e-03 3.599671e-05 
