0.602495 0.003047 6.544559e-03 2.475921e-03 
0.608590 0.003047 1.400197e-03 2.475921e-03 
0.614746 0.003078 1.085567e-02 2.765442e-03 
0.620964 0.003109 9.244034e-05 2.340879e-03 
0.627246 0.003141 5.413532e-03 1.743306e-03 
0.633590 0.003172 8.271206e-03 1.268157e-03 
0.639999 0.003204 4.550680e-03 1.034396e-03 
0.646473 0.003237 6.117294e-03 8.465667e-04 
0.653012 0.003270 5.582274e-03 6.329725e-04 
0.659618 0.003303 4.021235e-03 5.507882e-04 
0.666290 0.003336 5.978382e-03 6.189770e-04 
0.673030 0.003370 6.136011e-03 7.663608e-04 
0.679837 0.003404 4.355293e-03 6.380286e-04 
0.686714 0.003438 5.178841e-03 5.023135e-04 
0.693660 0.003473 4.576621e-03 3.460165e-04 
0.700677 0.003508 5.731516e-03 2.500706e-04 
0.707765 0.003544 4.977028e-03 1.884165e-04 
0.714924 0.003580 5.117335e-03 1.656437e-04 
0.722155 0.003616 5.606192e-03 1.428052e-04 
0.729460 0.003652 5.213396e-03 1.211666e-04 
0.736839 0.003689 5.139271e-03 1.152886e-04 
0.744292 0.003727 5.258985e-03 1.217958e-04 
0.751821 0.003764 5.063087e-03 1.305725e-04 
0.759426 0.003802 5.386188e-03 1.409741e-04 
0.767108 0.003841 5.158938e-03 1.475651e-04 
0.774867 0.003880 5.206553e-03 1.475648e-04 
0.782705 0.003919 5.103762e-03 1.381077e-04 
0.790622 0.003959 5.135172e-03 1.256031e-04 
0.798620 0.003999 5.274835e-03 1.054133e-04 
0.806698 0.004039 5.172336e-03 8.370112e-05 
0.814858 0.004080 5.190931e-03 7.138680e-05 
0.823101 0.004121 5.160160e-03 6.802658e-05 
0.831426 0.004163 5.160540e-03 7.454400e-05 
0.839837 0.004205 5.153553e-03 9.202957e-05 
0.848332 0.004248 5.012962e-03 1.050288e-04 
0.856913 0.004291 5.133341e-03 8.269939e-05 
0.865581 0.004334 5.324001e-03 6.324971e-05 
0.874336 0.004378 5.207770e-03 6.003744e-05 
0.883181 0.004422 5.007443e-03 6.924151e-05 
0.892114 0.004467 5.221711e-03 6.832330e-05 
0.901138 0.004512 5.146339e-03 4.811893e-05 
0.910253 0.004558 5.207999e-03 3.987292e-05 
0.919461 0.004604 5.178710e-03 4.679375e-05 
0.928761 0.004650 5.236484e-03 5.276523e-05 
0.938156 0.004697 5.166337e-03 4.223246e-05 
0.947646 0.004745 5.170228e-03 3.552639e-05 
0.957232 0.004793 5.236304e-03 4.533923e-05 
0.966914 0.004841 5.181518e-03 4.625786e-05 
0.976695 0.004890 5.165440e-03 3.374976e-05 
0.986574 0.004940 5.184285e-03 3.498021e-05 
0.996554 0.004990 5.150471e-03 4.296102e-05 
1.006634 0.005040 5.184884e-03 3.467790e-05 
1.016817 0.005091 5.186466e-03 2.874387e-05 
1.027102 0.005143 5.160905e-03 3.886512e-05 
1.037491 0.005195 5.147877e-03 3.592912e-05 
1.047986 0.005247 5.158791e-03 2.591123e-05 
1.058587 0.005300 5.215392e-03 3.469258e-05 
1.069294 0.005354 5.185635e-03 3.409237e-05 
1.080111 0.005408 5.211260e-03 2.373552e-05 
1.091036 0.005463 5.202953e-03 3.070150e-05 
1.102072 0.005518 5.165419e-03 3.216840e-05 
1.113220 0.005574 5.194678e-03 2.302663e-05 
1.124481 0.005630 5.235055e-03 2.970417e-05 
1.135855 0.005687 5.220309e-03 3.203052e-05 
1.147345 0.005745 5.199987e-03 2.225878e-05 
1.158950 0.005803 5.202814e-03 2.834220e-05 
1.170673 0.005862 5.170170e-03 2.920538e-05 
1.182515 0.005921 5.229706e-03 2.054912e-05 
1.194477 0.005981 5.243339e-03 2.667978e-05 
1.206559 0.006041 5.196941e-03 2.780593e-05 
1.218764 0.006102 5.197020e-03 1.953871e-05 
1.231092 0.006164 5.177313e-03 2.547886e-05 
1.243545 0.006226 5.197126e-03 2.671446e-05 
1.256124 0.006289 5.208467e-03 1.899754e-05 
1.268830 0.006353 5.221988e-03 2.454316e-05 
1.281664 0.006417 5.209864e-03 2.680163e-05 
1.294628 0.006482 5.206757e-03 2.003192e-05 
1.307724 0.006548 5.162767e-03 2.509382e-05 
1.320952 0.006614 5.242955e-03 3.085056e-05 
1.334314 0.006681 5.215228e-03 2.514915e-05 
1.347811 0.006748 5.197922e-03 2.861660e-05 
1.361444 0.006817 5.267427e-03 3.565704e-05 
1.375216 0.006886 5.202301e-03 2.739773e-05 
1.389126 0.006955 5.246959e-03 2.557414e-05 
1.403178 0.007026 5.208003e-03 3.394012e-05 
1.417371 0.007097 5.214267e-03 3.210157e-05 
1.431708 0.007169 5.221573e-03 2.492928e-05 
1.446190 0.007241 5.231278e-03 3.147183e-05 
1.460819 0.007314 5.257934e-03 3.391662e-05 
1.475596 0.007388 5.157381e-03 2.565745e-05 
1.490522 0.007463 5.205215e-03 2.328988e-05 
1.505599 0.007539 5.167360e-03 2.997054e-05 
1.520828 0.007615 5.205068e-03 3.110429e-05 
1.536212 0.007692 5.171082e-03 2.396368e-05 
1.551751 0.007770 5.212448e-03 2.219393e-05 
1.567447 0.007848 5.190354e-03 2.729136e-05 
1.583303 0.007928 5.170194e-03 3.026289e-05 
1.599318 0.008008 5.167289e-03 2.546343e-05 
1.615496 0.008089 5.152942e-03 2.113347e-05 
1.631837 0.008171 5.204050e-03 2.152642e-05 
1.648343 0.008253 5.170908e-03 2.546615e-05 
1.665017 0.008337 5.232905e-03 2.887071e-05 
1.681859 0.008421 5.222843e-03 2.703423e-05 
1.698871 0.008506 5.187548e-03 2.350064e-05 
1.716056 0.008592 5.204114e-03 2.200282e-05 
1.733414 0.008679 5.173354e-03 2.260942e-05 
1.750948 0.008767 5.191144e-03 2.504315e-05 
1.768660 0.008856 5.253110e-03 2.883296e-05 
1.786550 0.008945 5.192525e-03 3.426417e-05 
1.804622 0.009036 5.252151e-03 4.120126e-05 
1.822876 0.009127 5.272989e-03 4.171270e-05 
1.841315 0.009219 5.186955e-03 3.840987e-05 
1.859940 0.009313 5.215649e-03 3.689086e-05 
1.878754 0.009407 5.249494e-03 3.567355e-05 
1.897758 0.009502 5.271235e-03 3.380747e-05 
1.916954 0.009598 5.234465e-03 3.277388e-05 
1.936345 0.009695 5.190679e-03 3.344364e-05 
1.955932 0.009793 5.172705e-03 3.591587e-05 
1.975716 0.009892 5.245316e-03 3.916804e-05 
1.995701 0.009992 5.244080e-03 4.024976e-05 
2.015888 0.010094 5.230670e-03 3.673472e-05 
2.036280 0.010196 5.225514e-03 3.240086e-05 
2.056877 0.010299 5.230112e-03 2.950126e-05 
2.077683 0.010403 5.184971e-03 2.833397e-05 
2.098699 0.010508 5.172021e-03 2.861946e-05 
2.119928 0.010614 5.165882e-03 3.082513e-05 
2.141372 0.010722 5.231937e-03 3.249147e-05 
2.163032 0.010830 5.195105e-03 3.022416e-05 
2.184912 0.010940 5.207899e-03 2.724118e-05 
2.207013 0.011050 5.223594e-03 2.808211e-05 
2.229338 0.011162 5.211860e-03 2.978345e-05 
2.251888 0.011275 5.217192e-03 2.836136e-05 
2.274667 0.011389 5.266816e-03 2.855095e-05 
2.297675 0.011504 5.226616e-03 3.312529e-05 
2.320917 0.011621 5.209804e-03 3.320750e-05 
2.344394 0.011738 5.197990e-03 3.274555e-05 
2.368108 0.011857 5.274043e-03 3.278155e-05 
2.392062 0.011977 5.255399e-03 3.297390e-05 
2.416258 0.012098 5.236105e-03 3.617192e-05 
2.440699 0.012221 5.212634e-03 4.012939e-05 
2.465388 0.012344 5.239950e-03 4.309746e-05 
2.490326 0.012469 5.248285e-03 4.490725e-05 
2.515516 0.012595 5.270802e-03 4.187808e-05 
2.540961 0.012723 5.208331e-03 3.927552e-05 
2.566664 0.012851 5.248008e-03 4.217099e-05 
2.592626 0.012981 5.171024e-03 3.973758e-05 
2.618852 0.013113 5.166144e-03 3.710766e-05 
2.645342 0.013245 5.229452e-03 3.939719e-05 
2.672100 0.013379 5.319350e-03 4.090087e-05 
2.699129 0.013515 5.254477e-03 4.208750e-05 
2.726432 0.013651 5.272834e-03 4.465800e-05 
2.754010 0.013789 5.271597e-03 4.400659e-05 
2.781868 0.013929 5.245051e-03 4.302465e-05 
2.810007 0.014070 5.231344e-03 4.197048e-05 
2.838431 0.014212 5.204639e-03 4.220906e-05 
2.867143 0.014356 5.145651e-03 4.141216e-05 
2.896145 0.014501 5.241871e-03 4.003446e-05 
2.925440 0.014648 5.170147e-03 4.063192e-05 
2.955032 0.014796 5.266255e-03 4.409630e-05 
2.984923 0.014945 5.156102e-03 4.878641e-05 
3.015116 0.015097 5.185277e-03 4.854483e-05 
3.045615 0.015249 5.277639e-03 4.610024e-05 
3.076422 0.015404 5.239893e-03 4.695431e-05 
3.107541 0.015559 5.168941e-03 4.394130e-05 
3.138974 0.015717 5.241002e-03 4.152604e-05 
3.170726 0.015876 5.145438e-03 4.119219e-05 
3.202799 0.016036 5.270370e-03 4.203142e-05 
3.235196 0.016199 5.268158e-03 4.262640e-05 
3.267921 0.016362 5.223416e-03 4.236575e-05 
3.300977 0.016528 5.266396e-03 4.387074e-05 
3.334367 0.016695 5.212855e-03 4.180561e-05 
3.368095 0.016864 5.259298e-03 3.937128e-05 
3.402164 0.017035 5.285180e-03 3.996323e-05 
3.436578 0.017207 5.192926e-03 4.015699e-05 
3.471340 0.017381 5.212647e-03 4.003256e-05 
3.506454 0.017557 5.244886e-03 4.047860e-05 
3.541922 0.017734 5.229605e-03 4.022806e-05 
3.577750 0.017914 5.330132e-03 3.899263e-05 
3.613940 0.018095 5.213910e-03 3.890312e-05 
3.650496 0.018278 5.187415e-03 3.934851e-05 
3.687422 0.018463 5.147279e-03 3.801801e-05 
3.724721 0.018650 5.205106e-03 3.908971e-05 
3.762398 0.018838 5.238588e-03 3.910834e-05 
3.800455 0.019029 5.235487e-03 3.772782e-05 
3.838898 0.019221 5.168416e-03 3.927126e-05 
3.877729 0.019416 5.242945e-03 3.861456e-05 
3.916954 0.019612 5.169451e-03 3.794313e-05 
3.956575 0.019811 5.256220e-03 3.888666e-05 
3.996597 0.020011 5.185069e-03 3.950687e-05 
4.037023 0.020213 5.214447e-03 4.035015e-05 
4.077859 0.020418 5.195474e-03 4.070597e-05 
4.119108 0.020624 5.190418e-03 4.200715e-05 
4.160774 0.020833 5.274929e-03 4.404442e-05 
4.202861 0.021044 5.233464e-03 4.533888e-05 
4.245374 0.021257 5.266798e-03 5.062516e-05 
4.288317 0.021472 5.315243e-03 4.878784e-05 
4.331695 0.021689 5.305141e-03 4.925743e-05 
4.375511 0.021908 5.136631e-03 5.351519e-05 
4.419770 0.022130 5.305108e-03 5.324758e-05 
4.464478 0.022354 5.233821e-03 5.418138e-05 
4.509637 0.022580 5.317689e-03 5.862464e-05 
4.555253 0.022808 5.235002e-03 5.703800e-05 
4.601331 0.023039 5.153108e-03 5.751875e-05 
4.647875 0.023272 5.165200e-03 5.650071e-05 
4.694889 0.023507 5.197490e-03 5.830822e-05 
4.742379 0.023745 5.237153e-03 5.664863e-05 
4.790350 0.023985 5.306273e-03 6.041297e-05 
4.838805 0.024228 5.357885e-03 6.233812e-05 
4.887751 0.024473 5.232738e-03 6.545220e-05 
4.937192 0.024720 5.177728e-03 6.592757e-05 
4.987133 0.024971 5.199624e-03 6.106740e-05 
5.037580 0.025223 5.252299e-03 6.191500e-05 
5.088536 0.025478 5.196203e-03 6.253972e-05 
5.140008 0.025736 5.177095e-03 6.971819e-05 
5.192001 0.025996 5.306855e-03 6.983108e-05 
5.244519 0.026259 5.168282e-03 7.199342e-05 
5.297569 0.026525 5.111548e-03 7.199342e-05 
