0.602495 0.003047 4.600886e-03 7.829550e-04 
0.608590 0.003047 4.351403e-03 7.829550e-04 
0.614746 0.003078 4.214854e-03 8.745095e-04 
0.620964 0.003109 5.441082e-03 7.402508e-04 
0.627246 0.003141 5.012466e-03 5.512817e-04 
0.633590 0.003172 5.454153e-03 4.010265e-04 
0.639999 0.003204 5.142807e-03 3.271047e-04 
0.646473 0.003237 4.711336e-03 2.677079e-04 
0.653012 0.003270 4.956603e-03 2.001635e-04 
0.659618 0.003303 5.132362e-03 1.741745e-04 
0.666290 0.003336 4.818691e-03 1.957377e-04 
0.673030 0.003370 5.138840e-03 2.423446e-04 
0.679837 0.003404 5.114286e-03 2.017624e-04 
0.686714 0.003438 5.305121e-03 1.588455e-04 
0.693660 0.003473 4.813135e-03 1.094200e-04 
0.700677 0.003508 4.850531e-03 7.907926e-05 
0.707765 0.003544 4.962936e-03 5.958251e-05 
0.714924 0.003580 4.995622e-03 5.238113e-05 
0.722155 0.003616 5.073112e-03 4.515898e-05 
0.729460 0.003652 5.043148e-03 3.831625e-05 
0.736839 0.003689 5.025594e-03 3.645747e-05 
0.744292 0.003727 4.965313e-03 3.851522e-05 
0.751821 0.003764 4.953092e-03 4.129065e-05 
0.759426 0.003802 5.049665e-03 4.457991e-05 
0.767108 0.003841 5.073309e-03 4.666417e-05 
0.774867 0.003880 5.060527e-03 4.666410e-05 
0.782705 0.003919 5.066429e-03 4.367348e-05 
0.790622 0.003959 5.012974e-03 3.971920e-05 
0.798620 0.003999 5.028966e-03 3.333460e-05 
0.806698 0.004039 4.976094e-03 2.646862e-05 
0.814858 0.004080 5.070040e-03 2.257449e-05 
0.823101 0.004121 5.030164e-03 2.151189e-05 
0.831426 0.004163 4.998045e-03 2.357288e-05 
0.839837 0.004205 5.047453e-03 2.910231e-05 
0.848332 0.004248 5.024621e-03 3.321303e-05 
0.856913 0.004291 4.991648e-03 2.615184e-05 
0.865581 0.004334 5.005886e-03 2.000132e-05 
0.874336 0.004378 4.971180e-03 1.898550e-05 
0.883181 0.004422 5.007802e-03 2.189609e-05 
0.892114 0.004467 4.975376e-03 2.160572e-05 
0.901138 0.004512 5.026254e-03 1.521654e-05 
0.910253 0.004558 5.027355e-03 1.260892e-05 
0.919461 0.004604 5.020301e-03 1.479748e-05 
0.928761 0.004650 5.007750e-03 1.668583e-05 
0.938156 0.004697 5.034637e-03 1.335508e-05 
0.947646 0.004745 5.031455e-03 1.123443e-05 
0.957232 0.004793 5.043381e-03 1.433752e-05 
0.966914 0.004841 5.042371e-03 1.462802e-05 
0.976695 0.004890 5.004906e-03 1.067261e-05 
0.986574 0.004940 5.007815e-03 1.106171e-05 
0.996554 0.004990 5.011216e-03 1.358547e-05 
1.006634 0.005040 5.011211e-03 1.096612e-05 
1.016817 0.005091 5.008888e-03 9.089610e-06 
1.027102 0.005143 4.997166e-03 1.229023e-05 
1.037491 0.005195 5.030825e-03 1.136179e-05 
1.047986 0.005247 5.021804e-03 8.193849e-06 
1.058587 0.005300 5.013191e-03 1.097076e-05 
1.069294 0.005354 5.005535e-03 1.078095e-05 
1.080111 0.005408 5.016053e-03 7.505831e-06 
1.091036 0.005463 5.017131e-03 9.708667e-06 
1.102072 0.005518 5.002493e-03 1.017254e-05 
1.113220 0.005574 5.033592e-03 7.281661e-06 
1.124481 0.005630 5.028462e-03 9.393283e-06 
1.135855 0.005687 5.032037e-03 1.012894e-05 
1.147345 0.005745 5.022694e-03 7.038844e-06 
1.158950 0.005803 5.030774e-03 8.962589e-06 
1.170673 0.005862 5.033852e-03 9.235553e-06 
1.182515 0.005921 5.034119e-03 6.498203e-06 
1.194477 0.005981 5.040273e-03 8.436886e-06 
1.206559 0.006041 5.027100e-03 8.793008e-06 
1.218764 0.006102 5.022838e-03 6.178684e-06 
1.231092 0.006164 5.037912e-03 8.057124e-06 
1.243545 0.006226 5.017342e-03 8.447855e-06 
1.256124 0.006289 5.021419e-03 6.007549e-06 
1.268830 0.006353 5.025134e-03 7.761228e-06 
1.281664 0.006417 5.014920e-03 8.475419e-06 
1.294628 0.006482 5.018608e-03 6.334650e-06 
1.307724 0.006548 5.025450e-03 7.935362e-06 
1.320952 0.006614 5.027069e-03 9.755803e-06 
1.334314 0.006681 5.029534e-03 7.952860e-06 
1.347811 0.006748 5.056403e-03 9.049363e-06 
1.361444 0.006817 5.049288e-03 1.127575e-05 
1.375216 0.006886 5.051101e-03 8.663923e-06 
1.389126 0.006955 5.057430e-03 8.087252e-06 
1.403178 0.007026 5.054956e-03 1.073281e-05 
1.417371 0.007097 5.040734e-03 1.015141e-05 
1.431708 0.007169 5.039121e-03 7.883329e-06 
1.446190 0.007241 5.045159e-03 9.952268e-06 
1.460819 0.007314 5.040108e-03 1.072538e-05 
1.475596 0.007388 5.024870e-03 8.113597e-06 
1.490522 0.007463 5.030781e-03 7.364906e-06 
1.505599 0.007539 5.026153e-03 9.477517e-06 
1.520828 0.007615 5.006950e-03 9.836041e-06 
1.536212 0.007692 5.031187e-03 7.577981e-06 
1.551751 0.007770 5.024046e-03 7.018336e-06 
1.567447 0.007848 5.021786e-03 8.630286e-06 
1.583303 0.007928 5.031465e-03 9.569966e-06 
1.599318 0.008008 5.031320e-03 8.052243e-06 
1.615496 0.008089 5.034171e-03 6.682989e-06 
1.631837 0.008171 5.040605e-03 6.807253e-06 
1.648343 0.008253 5.039672e-03 8.053103e-06 
1.665017 0.008337 5.029488e-03 9.129721e-06 
1.681859 0.008421 5.029021e-03 8.548975e-06 
1.698871 0.008506 5.031738e-03 7.431554e-06 
1.716056 0.008592 5.039203e-03 6.957904e-06 
1.733414 0.008679 5.032567e-03 7.149726e-06 
1.750948 0.008767 5.035520e-03 7.919338e-06 
1.768660 0.008856 5.045598e-03 9.117784e-06 
1.786550 0.008945 5.044193e-03 1.083528e-05 
1.804622 0.009036 5.029760e-03 1.302898e-05 
1.822876 0.009127 5.017659e-03 1.319071e-05 
1.841315 0.009219 5.066241e-03 1.214627e-05 
1.859940 0.009313 5.035455e-03 1.166591e-05 
1.878754 0.009407 5.025132e-03 1.128097e-05 
1.897758 0.009502 5.032669e-03 1.069086e-05 
1.916954 0.009598 5.038835e-03 1.036401e-05 
1.936345 0.009695 5.035629e-03 1.057581e-05 
1.955932 0.009793 5.038175e-03 1.135759e-05 
1.975716 0.009892 5.057481e-03 1.238602e-05 
1.995701 0.009992 5.077409e-03 1.272809e-05 
2.015888 0.010094 5.051291e-03 1.161654e-05 
2.036280 0.010196 5.052466e-03 1.024605e-05 
2.056877 0.010299 5.051443e-03 9.329117e-06 
2.077683 0.010403 5.060320e-03 8.959987e-06 
2.098699 0.010508 5.035320e-03 9.050268e-06 
2.119928 0.010614 5.040813e-03 9.747761e-06 
2.141372 0.010722 5.013223e-03 1.027470e-05 
2.163032 0.010830 5.043328e-03 9.557720e-06 
2.184912 0.010940 5.042847e-03 8.614417e-06 
2.207013 0.011050 5.034771e-03 8.880342e-06 
2.229338 0.011162 5.041080e-03 9.418354e-06 
2.251888 0.011275 5.056581e-03 8.968649e-06 
2.274667 0.011389 5.058755e-03 9.028604e-06 
2.297675 0.011504 5.060133e-03 1.047514e-05 
2.320917 0.011621 5.057999e-03 1.050113e-05 
2.344394 0.011738 5.065862e-03 1.035505e-05 
2.368108 0.011857 5.054754e-03 1.036644e-05 
2.392062 0.011977 5.050384e-03 1.042726e-05 
2.416258 0.012098 5.043759e-03 1.143857e-05 
2.440699 0.012221 5.044154e-03 1.269003e-05 
2.465388 0.012344 5.063864e-03 1.362861e-05 
2.490326 0.012469 5.030263e-03 1.420092e-05 
2.515516 0.012595 5.027861e-03 1.324301e-05 
2.540961 0.012723 5.050906e-03 1.242001e-05 
2.566664 0.012851 5.057071e-03 1.333564e-05 
2.592626 0.012981 5.042174e-03 1.256613e-05 
2.618852 0.013113 5.057097e-03 1.173447e-05 
2.645342 0.013245 5.032415e-03 1.245849e-05 
2.672100 0.013379 5.053218e-03 1.293399e-05 
2.699129 0.013515 5.096527e-03 1.330924e-05 
2.726432 0.013651 5.084063e-03 1.412210e-05 
2.754010 0.013789 5.132322e-03 1.391611e-05 
2.781868 0.013929 5.093462e-03 1.360559e-05 
2.810007 0.014070 5.089092e-03 1.327223e-05 
2.838431 0.014212 5.033054e-03 1.334768e-05 
2.867143 0.014356 5.047665e-03 1.309568e-05 
2.896145 0.014501 5.033004e-03 1.266001e-05 
2.925440 0.014648 5.062790e-03 1.284894e-05 
2.955032 0.014796 5.040206e-03 1.394447e-05 
2.984923 0.014945 5.029170e-03 1.542762e-05 
3.015116 0.015097 5.060867e-03 1.535122e-05 
3.045615 0.015249 5.002863e-03 1.457817e-05 
3.076422 0.015404 5.030657e-03 1.484826e-05 
3.107541 0.015559 5.019860e-03 1.389546e-05 
3.138974 0.015717 5.044493e-03 1.313169e-05 
3.170726 0.015876 5.036835e-03 1.302611e-05 
3.202799 0.016036 5.054744e-03 1.329150e-05 
3.235196 0.016199 5.072292e-03 1.347965e-05 
3.267921 0.016362 5.079565e-03 1.339722e-05 
3.300977 0.016528 5.053455e-03 1.387314e-05 
3.334367 0.016695 5.066955e-03 1.322009e-05 
3.368095 0.016864 5.062604e-03 1.245029e-05 
3.402164 0.017035 5.043713e-03 1.263748e-05 
3.436578 0.017207 5.065929e-03 1.269876e-05 
3.471340 0.017381 5.058779e-03 1.265941e-05 
3.506454 0.017557 5.067064e-03 1.280046e-05 
3.541922 0.017734 5.046419e-03 1.272123e-05 
3.577750 0.017914 5.040977e-03 1.233055e-05 
3.613940 0.018095 5.031564e-03 1.230225e-05 
3.650496 0.018278 5.043603e-03 1.244309e-05 
3.687422 0.018463 5.016979e-03 1.202235e-05 
3.724721 0.018650 5.033797e-03 1.236125e-05 
3.762398 0.018838 5.031531e-03 1.236714e-05 
3.800455 0.019029 5.027012e-03 1.193058e-05 
3.838898 0.019221 5.040696e-03 1.241866e-05 
3.877729 0.019416 5.045746e-03 1.221100e-05 
3.916954 0.019612 5.036011e-03 1.199867e-05 
3.956575 0.019811 5.030693e-03 1.229704e-05 
3.996597 0.020011 5.031435e-03 1.249317e-05 
4.037023 0.020213 5.036035e-03 1.275984e-05 
4.077859 0.020418 5.057618e-03 1.287236e-05 
4.119108 0.020624 5.044095e-03 1.328383e-05 
4.160774 0.020833 5.045323e-03 1.392807e-05 
4.202861 0.021044 5.093265e-03 1.433741e-05 
4.245374 0.021257 5.113289e-03 1.600908e-05 
4.288317 0.021472 5.107161e-03 1.542807e-05 
4.331695 0.021689 5.087419e-03 1.557657e-05 
4.375511 0.021908 5.105569e-03 1.692299e-05 
4.419770 0.022130 5.048058e-03 1.683836e-05 
4.464478 0.022354 5.067019e-03 1.713366e-05 
4.509637 0.022580 5.108172e-03 1.853874e-05 
4.555253 0.022808 5.054904e-03 1.803700e-05 
4.601331 0.023039 5.013970e-03 1.818902e-05 
4.647875 0.023272 5.047908e-03 1.786709e-05 
4.694889 0.023507 5.018690e-03 1.843868e-05 
4.742379 0.023745 5.088598e-03 1.791387e-05 
4.790350 0.023985 5.079783e-03 1.910426e-05 
4.838805 0.024228 5.049719e-03 1.971304e-05 
4.887751 0.024473 5.076666e-03 2.069780e-05 
4.937192 0.024720 5.018370e-03 2.084813e-05 
4.987133 0.024971 5.013778e-03 1.931121e-05 
5.037580 0.025223 5.080515e-03 1.957924e-05 
5.088536 0.025478 5.020916e-03 1.977679e-05 
5.140008 0.025736 5.074477e-03 2.204683e-05 
5.192001 0.025996 5.042118e-03 2.208253e-05 
5.244519 0.026259 5.061911e-03 2.276632e-05 
5.297569 0.026525 5.057473e-03 2.276632e-05 
