Chemical species: N2 H2O CO2 CH4 O2 O3 N2O NH3
P (bar) | log_N2: -2σ | log_N2: -1σ | log_N2: median | log_N2: +1σ | log_N2: +2σ 
1.00000000e+01 -0.05153013 -0.01883040 -0.00223145 -0.00010764 -0.00000094 
7.74263683e+00 -0.05153013 -0.01883040 -0.00223145 -0.00010764 -0.00000094 
5.99484250e+00 -0.05153013 -0.01883040 -0.00223145 -0.00010764 -0.00000094 
4.64158883e+00 -0.05153013 -0.01883040 -0.00223145 -0.00010764 -0.00000094 
3.59381366e+00 -0.05153013 -0.01883040 -0.00223145 -0.00010764 -0.00000094 
2.78255940e+00 -0.05153013 -0.01883040 -0.00223145 -0.00010764 -0.00000094 
2.15443469e+00 -0.05153013 -0.01883040 -0.00223145 -0.00010764 -0.00000094 
1.66810054e+00 -0.05153013 -0.01883040 -0.00223145 -0.00010764 -0.00000094 
1.29154967e+00 -0.05153013 -0.01883040 -0.00223145 -0.00010764 -0.00000094 
1.00000000e+00 -0.05153013 -0.01883040 -0.00223145 -0.00010764 -0.00000094 
7.74263683e-01 -0.05153013 -0.01883040 -0.00223145 -0.00010764 -0.00000094 
5.99484250e-01 -0.05153013 -0.01883040 -0.00223145 -0.00010764 -0.00000094 
4.64158883e-01 -0.05153013 -0.01883040 -0.00223145 -0.00010764 -0.00000094 
3.59381366e-01 -0.05153013 -0.01883040 -0.00223145 -0.00010764 -0.00000094 
2.78255940e-01 -0.05153013 -0.01883040 -0.00223145 -0.00010764 -0.00000094 
2.15443469e-01 -0.05153013 -0.01883040 -0.00223145 -0.00010764 -0.00000094 
1.66810054e-01 -0.05153013 -0.01883040 -0.00223145 -0.00010764 -0.00000094 
1.29154967e-01 -0.05153013 -0.01883040 -0.00223145 -0.00010764 -0.00000094 
1.00000000e-01 -0.05153013 -0.01883040 -0.00223145 -0.00010764 -0.00000094 
7.74263683e-02 -0.05153013 -0.01883040 -0.00223145 -0.00010764 -0.00000094 
5.99484250e-02 -0.05153013 -0.01883040 -0.00223145 -0.00010764 -0.00000094 
4.64158883e-02 -0.05153013 -0.01883040 -0.00223145 -0.00010764 -0.00000094 
3.59381366e-02 -0.05153013 -0.01883040 -0.00223145 -0.00010764 -0.00000094 
2.78255940e-02 -0.05153013 -0.01883040 -0.00223145 -0.00010764 -0.00000094 
2.15443469e-02 -0.05153013 -0.01883040 -0.00223145 -0.00010764 -0.00000094 
1.66810054e-02 -0.05153013 -0.01883040 -0.00223145 -0.00010764 -0.00000094 
1.29154967e-02 -0.05153013 -0.01883040 -0.00223145 -0.00010764 -0.00000094 
1.00000000e-02 -0.05153013 -0.01883040 -0.00223145 -0.00010764 -0.00000094 
7.74263683e-03 -0.05153013 -0.01883040 -0.00223145 -0.00010764 -0.00000094 
5.99484250e-03 -0.05153013 -0.01883040 -0.00223145 -0.00010764 -0.00000094 
4.64158883e-03 -0.05153013 -0.01883040 -0.00223145 -0.00010764 -0.00000094 
3.59381366e-03 -0.05153013 -0.01883040 -0.00223145 -0.00010764 -0.00000094 
2.78255940e-03 -0.05153013 -0.01883040 -0.00223145 -0.00010764 -0.00000094 
2.15443469e-03 -0.05153013 -0.01883040 -0.00223145 -0.00010764 -0.00000094 
1.66810054e-03 -0.05153013 -0.01883040 -0.00223145 -0.00010764 -0.00000094 
1.29154967e-03 -0.05153013 -0.01883040 -0.00223145 -0.00010764 -0.00000094 
1.00000000e-03 -0.05153013 -0.01883040 -0.00223145 -0.00010764 -0.00000094 
7.74263683e-04 -0.05153013 -0.01883040 -0.00223145 -0.00010764 -0.00000094 
5.99484250e-04 -0.05153013 -0.01883040 -0.00223145 -0.00010764 -0.00000094 
4.64158883e-04 -0.05153013 -0.01883040 -0.00223145 -0.00010764 -0.00000094 
3.59381366e-04 -0.05153013 -0.01883040 -0.00223145 -0.00010764 -0.00000094 
2.78255940e-04 -0.05153013 -0.01883040 -0.00223145 -0.00010764 -0.00000094 
2.15443469e-04 -0.05153013 -0.01883040 -0.00223145 -0.00010764 -0.00000094 
1.66810054e-04 -0.05153013 -0.01883040 -0.00223145 -0.00010764 -0.00000094 
1.29154967e-04 -0.05153013 -0.01883040 -0.00223145 -0.00010764 -0.00000094 
1.00000000e-04 -0.05153013 -0.01883040 -0.00223145 -0.00010764 -0.00000094 
7.74263683e-05 -0.05153013 -0.01883040 -0.00223145 -0.00010764 -0.00000094 
5.99484250e-05 -0.05153013 -0.01883040 -0.00223145 -0.00010764 -0.00000094 
4.64158883e-05 -0.05153013 -0.01883040 -0.00223145 -0.00010764 -0.00000094 
3.59381366e-05 -0.05153013 -0.01883040 -0.00223145 -0.00010764 -0.00000094 
2.78255940e-05 -0.05153013 -0.01883040 -0.00223145 -0.00010764 -0.00000094 
2.15443469e-05 -0.05153013 -0.01883040 -0.00223145 -0.00010764 -0.00000094 
1.66810054e-05 -0.05153013 -0.01883040 -0.00223145 -0.00010764 -0.00000094 
1.29154967e-05 -0.05153013 -0.01883040 -0.00223145 -0.00010764 -0.00000094 
1.00000000e-05 -0.05153013 -0.01883040 -0.00223145 -0.00010764 -0.00000094 
7.74263683e-06 -0.05153013 -0.01883040 -0.00223145 -0.00010764 -0.00000094 
5.99484250e-06 -0.05153013 -0.01883040 -0.00223145 -0.00010764 -0.00000094 
4.64158883e-06 -0.05153013 -0.01883040 -0.00223145 -0.00010764 -0.00000094 
3.59381366e-06 -0.05153013 -0.01883040 -0.00223145 -0.00010764 -0.00000094 
2.78255940e-06 -0.05153013 -0.01883040 -0.00223145 -0.00010764 -0.00000094 
2.15443469e-06 -0.05153013 -0.01883040 -0.00223145 -0.00010764 -0.00000094 
1.66810054e-06 -0.05153013 -0.01883040 -0.00223145 -0.00010764 -0.00000094 
1.29154967e-06 -0.05153013 -0.01883040 -0.00223145 -0.00010764 -0.00000094 
1.00000000e-06 -0.05153013 -0.01883040 -0.00223145 -0.00010764 -0.00000094 
7.74263683e-07 -0.05153013 -0.01883040 -0.00223145 -0.00010764 -0.00000094 
5.99484250e-07 -0.05153013 -0.01883040 -0.00223145 -0.00010764 -0.00000094 
4.64158883e-07 -0.05153013 -0.01883040 -0.00223145 -0.00010764 -0.00000094 
3.59381366e-07 -0.05153013 -0.01883040 -0.00223145 -0.00010764 -0.00000094 
2.78255940e-07 -0.05153013 -0.01883040 -0.00223145 -0.00010764 -0.00000094 
2.15443469e-07 -0.05153013 -0.01883040 -0.00223145 -0.00010764 -0.00000094 
1.66810054e-07 -0.05153013 -0.01883040 -0.00223145 -0.00010764 -0.00000094 
1.29154967e-07 -0.05153013 -0.01883040 -0.00223145 -0.00010764 -0.00000094 
1.00000000e-07 -0.05153013 -0.01883040 -0.00223145 -0.00010764 -0.00000094 
7.74263683e-08 -0.05153013 -0.01883040 -0.00223145 -0.00010764 -0.00000094 
5.99484250e-08 -0.05153013 -0.01883040 -0.00223145 -0.00010764 -0.00000094 
4.64158883e-08 -0.05153013 -0.01883040 -0.00223145 -0.00010764 -0.00000094 
3.59381366e-08 -0.05153013 -0.01883040 -0.00223145 -0.00010764 -0.00000094 
2.78255940e-08 -0.05153013 -0.01883040 -0.00223145 -0.00010764 -0.00000094 
2.15443469e-08 -0.05153013 -0.01883040 -0.00223145 -0.00010764 -0.00000094 
1.66810054e-08 -0.05153013 -0.01883040 -0.00223145 -0.00010764 -0.00000094 
1.29154967e-08 -0.05153013 -0.01883040 -0.00223145 -0.00010764 -0.00000094 
1.00000000e-08 -0.05153013 -0.01883040 -0.00223145 -0.00010764 -0.00000094 
7.74263683e-09 -0.05153013 -0.01883040 -0.00223145 -0.00010764 -0.00000094 
5.99484250e-09 -0.05153013 -0.01883040 -0.00223145 -0.00010764 -0.00000094 
4.64158883e-09 -0.05153013 -0.01883040 -0.00223145 -0.00010764 -0.00000094 
3.59381366e-09 -0.05153013 -0.01883040 -0.00223145 -0.00010764 -0.00000094 
2.78255940e-09 -0.05153013 -0.01883040 -0.00223145 -0.00010764 -0.00000094 
2.15443469e-09 -0.05153013 -0.01883040 -0.00223145 -0.00010764 -0.00000094 
1.66810054e-09 -0.05153013 -0.01883040 -0.00223145 -0.00010764 -0.00000094 
1.29154967e-09 -0.05153013 -0.01883040 -0.00223145 -0.00010764 -0.00000094 
1.00000000e-09 -0.05153013 -0.01883040 -0.00223145 -0.00010764 -0.00000094 
7.74263683e-10 -0.05153013 -0.01883040 -0.00223145 -0.00010764 -0.00000094 
5.99484250e-10 -0.05153013 -0.01883040 -0.00223145 -0.00010764 -0.00000094 
4.64158883e-10 -0.05153013 -0.01883040 -0.00223145 -0.00010764 -0.00000094 
3.59381366e-10 -0.05153013 -0.01883040 -0.00223145 -0.00010764 -0.00000094 
2.78255940e-10 -0.05153013 -0.01883040 -0.00223145 -0.00010764 -0.00000094 
2.15443469e-10 -0.05153013 -0.01883040 -0.00223145 -0.00010764 -0.00000094 
1.66810054e-10 -0.05153013 -0.01883040 -0.00223145 -0.00010764 -0.00000094 
1.29154967e-10 -0.05153013 -0.01883040 -0.00223145 -0.00010764 -0.00000094 
1.00000000e-10 -0.05153013 -0.01883040 -0.00223145 -0.00010764 -0.00000094 
P (bar) | log_H2O: -2σ | log_H2O: -1σ | log_H2O: median | log_H2O: +1σ | log_H2O: +2σ 
1.00000000e+01 -6.63866307 -4.93213905 -3.40982765 -2.19847243 -1.40688617 
7.74263683e+00 -6.63866307 -4.93213905 -3.40982765 -2.19847243 -1.40688617 
5.99484250e+00 -6.63866307 -4.93213905 -3.40982765 -2.19847243 -1.40688617 
4.64158883e+00 -6.63866307 -4.93213905 -3.40982765 -2.19847243 -1.40688617 
3.59381366e+00 -6.63866307 -4.93213905 -3.40982765 -2.19847243 -1.40688617 
2.78255940e+00 -6.63866307 -4.93213905 -3.40982765 -2.19847243 -1.40688617 
2.15443469e+00 -6.63866307 -4.93213905 -3.40982765 -2.19847243 -1.40688617 
1.66810054e+00 -6.63866307 -4.93213905 -3.40982765 -2.19847243 -1.40688617 
1.29154967e+00 -6.63866307 -4.93213905 -3.40982765 -2.19847243 -1.40688617 
1.00000000e+00 -6.63866307 -4.93213905 -3.40982765 -2.19847243 -1.40688617 
7.74263683e-01 -6.63866307 -4.93213905 -3.40982765 -2.19847243 -1.40688617 
5.99484250e-01 -6.63866307 -4.93213905 -3.40982765 -2.19847243 -1.40688617 
4.64158883e-01 -6.63866307 -4.93213905 -3.40982765 -2.19847243 -1.40688617 
3.59381366e-01 -6.63866307 -4.93213905 -3.40982765 -2.19847243 -1.40688617 
2.78255940e-01 -6.63866307 -4.93213905 -3.40982765 -2.19847243 -1.40688617 
2.15443469e-01 -6.63866307 -4.93213905 -3.40982765 -2.19847243 -1.40688617 
1.66810054e-01 -6.63866307 -4.93213905 -3.40982765 -2.19847243 -1.40688617 
1.29154967e-01 -6.63866307 -4.93213905 -3.40982765 -2.19847243 -1.40688617 
1.00000000e-01 -6.63866307 -4.93213905 -3.40982765 -2.19847243 -1.40688617 
7.74263683e-02 -6.63866307 -4.93213905 -3.40982765 -2.19847243 -1.40688617 
5.99484250e-02 -6.63866307 -4.93213905 -3.40982765 -2.19847243 -1.40688617 
4.64158883e-02 -6.63866307 -4.93213905 -3.40982765 -2.19847243 -1.40688617 
3.59381366e-02 -6.63866307 -4.93213905 -3.40982765 -2.19847243 -1.40688617 
2.78255940e-02 -6.63866307 -4.93213905 -3.40982765 -2.19847243 -1.40688617 
2.15443469e-02 -6.63866307 -4.93213905 -3.40982765 -2.19847243 -1.40688617 
1.66810054e-02 -6.63866307 -4.93213905 -3.40982765 -2.19847243 -1.40688617 
1.29154967e-02 -6.63866307 -4.93213905 -3.40982765 -2.19847243 -1.40688617 
1.00000000e-02 -6.63866307 -4.93213905 -3.40982765 -2.19847243 -1.40688617 
7.74263683e-03 -6.63866307 -4.93213905 -3.40982765 -2.19847243 -1.40688617 
5.99484250e-03 -6.63866307 -4.93213905 -3.40982765 -2.19847243 -1.40688617 
4.64158883e-03 -6.63866307 -4.93213905 -3.40982765 -2.19847243 -1.40688617 
3.59381366e-03 -6.63866307 -4.93213905 -3.40982765 -2.19847243 -1.40688617 
2.78255940e-03 -6.63866307 -4.93213905 -3.40982765 -2.19847243 -1.40688617 
2.15443469e-03 -6.63866307 -4.93213905 -3.40982765 -2.19847243 -1.40688617 
1.66810054e-03 -6.63866307 -4.93213905 -3.40982765 -2.19847243 -1.40688617 
1.29154967e-03 -6.63866307 -4.93213905 -3.40982765 -2.19847243 -1.40688617 
1.00000000e-03 -6.63866307 -4.93213905 -3.40982765 -2.19847243 -1.40688617 
7.74263683e-04 -6.63866307 -4.93213905 -3.40982765 -2.19847243 -1.40688617 
5.99484250e-04 -6.63866307 -4.93213905 -3.40982765 -2.19847243 -1.40688617 
4.64158883e-04 -6.63866307 -4.93213905 -3.40982765 -2.19847243 -1.40688617 
3.59381366e-04 -6.63866307 -4.93213905 -3.40982765 -2.19847243 -1.40688617 
2.78255940e-04 -6.63866307 -4.93213905 -3.40982765 -2.19847243 -1.40688617 
2.15443469e-04 -6.63866307 -4.93213905 -3.40982765 -2.19847243 -1.40688617 
1.66810054e-04 -6.63866307 -4.93213905 -3.40982765 -2.19847243 -1.40688617 
1.29154967e-04 -6.63866307 -4.93213905 -3.40982765 -2.19847243 -1.40688617 
1.00000000e-04 -6.63866307 -4.93213905 -3.40982765 -2.19847243 -1.40688617 
7.74263683e-05 -6.63866307 -4.93213905 -3.40982765 -2.19847243 -1.40688617 
5.99484250e-05 -6.63866307 -4.93213905 -3.40982765 -2.19847243 -1.40688617 
4.64158883e-05 -6.63866307 -4.93213905 -3.40982765 -2.19847243 -1.40688617 
3.59381366e-05 -6.63866307 -4.93213905 -3.40982765 -2.19847243 -1.40688617 
2.78255940e-05 -6.63866307 -4.93213905 -3.40982765 -2.19847243 -1.40688617 
2.15443469e-05 -6.63866307 -4.93213905 -3.40982765 -2.19847243 -1.40688617 
1.66810054e-05 -6.63866307 -4.93213905 -3.40982765 -2.19847243 -1.40688617 
1.29154967e-05 -6.63866307 -4.93213905 -3.40982765 -2.19847243 -1.40688617 
1.00000000e-05 -6.63866307 -4.93213905 -3.40982765 -2.19847243 -1.40688617 
7.74263683e-06 -6.63866307 -4.93213905 -3.40982765 -2.19847243 -1.40688617 
5.99484250e-06 -6.63866307 -4.93213905 -3.40982765 -2.19847243 -1.40688617 
4.64158883e-06 -6.63866307 -4.93213905 -3.40982765 -2.19847243 -1.40688617 
3.59381366e-06 -6.63866307 -4.93213905 -3.40982765 -2.19847243 -1.40688617 
2.78255940e-06 -6.63866307 -4.93213905 -3.40982765 -2.19847243 -1.40688617 
2.15443469e-06 -6.63866307 -4.93213905 -3.40982765 -2.19847243 -1.40688617 
1.66810054e-06 -6.63866307 -4.93213905 -3.40982765 -2.19847243 -1.40688617 
1.29154967e-06 -6.63866307 -4.93213905 -3.40982765 -2.19847243 -1.40688617 
1.00000000e-06 -6.63866307 -4.93213905 -3.40982765 -2.19847243 -1.40688617 
7.74263683e-07 -6.63866307 -4.93213905 -3.40982765 -2.19847243 -1.40688617 
5.99484250e-07 -6.63866307 -4.93213905 -3.40982765 -2.19847243 -1.40688617 
4.64158883e-07 -6.63866307 -4.93213905 -3.40982765 -2.19847243 -1.40688617 
3.59381366e-07 -6.63866307 -4.93213905 -3.40982765 -2.19847243 -1.40688617 
2.78255940e-07 -6.63866307 -4.93213905 -3.40982765 -2.19847243 -1.40688617 
2.15443469e-07 -6.63866307 -4.93213905 -3.40982765 -2.19847243 -1.40688617 
1.66810054e-07 -6.63866307 -4.93213905 -3.40982765 -2.19847243 -1.40688617 
1.29154967e-07 -6.63866307 -4.93213905 -3.40982765 -2.19847243 -1.40688617 
1.00000000e-07 -6.63866307 -4.93213905 -3.40982765 -2.19847243 -1.40688617 
7.74263683e-08 -6.63866307 -4.93213905 -3.40982765 -2.19847243 -1.40688617 
5.99484250e-08 -6.63866307 -4.93213905 -3.40982765 -2.19847243 -1.40688617 
4.64158883e-08 -6.63866307 -4.93213905 -3.40982765 -2.19847243 -1.40688617 
3.59381366e-08 -6.63866307 -4.93213905 -3.40982765 -2.19847243 -1.40688617 
2.78255940e-08 -6.63866307 -4.93213905 -3.40982765 -2.19847243 -1.40688617 
2.15443469e-08 -6.63866307 -4.93213905 -3.40982765 -2.19847243 -1.40688617 
1.66810054e-08 -6.63866307 -4.93213905 -3.40982765 -2.19847243 -1.40688617 
1.29154967e-08 -6.63866307 -4.93213905 -3.40982765 -2.19847243 -1.40688617 
1.00000000e-08 -6.63866307 -4.93213905 -3.40982765 -2.19847243 -1.40688617 
7.74263683e-09 -6.63866307 -4.93213905 -3.40982765 -2.19847243 -1.40688617 
5.99484250e-09 -6.63866307 -4.93213905 -3.40982765 -2.19847243 -1.40688617 
4.64158883e-09 -6.63866307 -4.93213905 -3.40982765 -2.19847243 -1.40688617 
3.59381366e-09 -6.63866307 -4.93213905 -3.40982765 -2.19847243 -1.40688617 
2.78255940e-09 -6.63866307 -4.93213905 -3.40982765 -2.19847243 -1.40688617 
2.15443469e-09 -6.63866307 -4.93213905 -3.40982765 -2.19847243 -1.40688617 
1.66810054e-09 -6.63866307 -4.93213905 -3.40982765 -2.19847243 -1.40688617 
1.29154967e-09 -6.63866307 -4.93213905 -3.40982765 -2.19847243 -1.40688617 
1.00000000e-09 -6.63866307 -4.93213905 -3.40982765 -2.19847243 -1.40688617 
7.74263683e-10 -6.63866307 -4.93213905 -3.40982765 -2.19847243 -1.40688617 
5.99484250e-10 -6.63866307 -4.93213905 -3.40982765 -2.19847243 -1.40688617 
4.64158883e-10 -6.63866307 -4.93213905 -3.40982765 -2.19847243 -1.40688617 
3.59381366e-10 -6.63866307 -4.93213905 -3.40982765 -2.19847243 -1.40688617 
2.78255940e-10 -6.63866307 -4.93213905 -3.40982765 -2.19847243 -1.40688617 
2.15443469e-10 -6.63866307 -4.93213905 -3.40982765 -2.19847243 -1.40688617 
1.66810054e-10 -6.63866307 -4.93213905 -3.40982765 -2.19847243 -1.40688617 
1.29154967e-10 -6.63866307 -4.93213905 -3.40982765 -2.19847243 -1.40688617 
1.00000000e-10 -6.63866307 -4.93213905 -3.40982765 -2.19847243 -1.40688617 
P (bar) | log_CO2: -2σ | log_CO2: -1σ | log_CO2: median | log_CO2: +1σ | log_CO2: +2σ 
1.00000000e+01 -9.68905963 -7.40988865 -3.66249352 -1.96028994 -1.22114855 
7.74263683e+00 -9.68905963 -7.40988865 -3.66249352 -1.96028994 -1.22114855 
5.99484250e+00 -9.68905963 -7.40988865 -3.66249352 -1.96028994 -1.22114855 
4.64158883e+00 -9.68905963 -7.40988865 -3.66249352 -1.96028994 -1.22114855 
3.59381366e+00 -9.68905963 -7.40988865 -3.66249352 -1.96028994 -1.22114855 
2.78255940e+00 -9.68905963 -7.40988865 -3.66249352 -1.96028994 -1.22114855 
2.15443469e+00 -9.68905963 -7.40988865 -3.66249352 -1.96028994 -1.22114855 
1.66810054e+00 -9.68905963 -7.40988865 -3.66249352 -1.96028994 -1.22114855 
1.29154967e+00 -9.68905963 -7.40988865 -3.66249352 -1.96028994 -1.22114855 
1.00000000e+00 -9.68905963 -7.40988865 -3.66249352 -1.96028994 -1.22114855 
7.74263683e-01 -9.68905963 -7.40988865 -3.66249352 -1.96028994 -1.22114855 
5.99484250e-01 -9.68905963 -7.40988865 -3.66249352 -1.96028994 -1.22114855 
4.64158883e-01 -9.68905963 -7.40988865 -3.66249352 -1.96028994 -1.22114855 
3.59381366e-01 -9.68905963 -7.40988865 -3.66249352 -1.96028994 -1.22114855 
2.78255940e-01 -9.68905963 -7.40988865 -3.66249352 -1.96028994 -1.22114855 
2.15443469e-01 -9.68905963 -7.40988865 -3.66249352 -1.96028994 -1.22114855 
1.66810054e-01 -9.68905963 -7.40988865 -3.66249352 -1.96028994 -1.22114855 
1.29154967e-01 -9.68905963 -7.40988865 -3.66249352 -1.96028994 -1.22114855 
1.00000000e-01 -9.68905963 -7.40988865 -3.66249352 -1.96028994 -1.22114855 
7.74263683e-02 -9.68905963 -7.40988865 -3.66249352 -1.96028994 -1.22114855 
5.99484250e-02 -9.68905963 -7.40988865 -3.66249352 -1.96028994 -1.22114855 
4.64158883e-02 -9.68905963 -7.40988865 -3.66249352 -1.96028994 -1.22114855 
3.59381366e-02 -9.68905963 -7.40988865 -3.66249352 -1.96028994 -1.22114855 
2.78255940e-02 -9.68905963 -7.40988865 -3.66249352 -1.96028994 -1.22114855 
2.15443469e-02 -9.68905963 -7.40988865 -3.66249352 -1.96028994 -1.22114855 
1.66810054e-02 -9.68905963 -7.40988865 -3.66249352 -1.96028994 -1.22114855 
1.29154967e-02 -9.68905963 -7.40988865 -3.66249352 -1.96028994 -1.22114855 
1.00000000e-02 -9.68905963 -7.40988865 -3.66249352 -1.96028994 -1.22114855 
7.74263683e-03 -9.68905963 -7.40988865 -3.66249352 -1.96028994 -1.22114855 
5.99484250e-03 -9.68905963 -7.40988865 -3.66249352 -1.96028994 -1.22114855 
4.64158883e-03 -9.68905963 -7.40988865 -3.66249352 -1.96028994 -1.22114855 
3.59381366e-03 -9.68905963 -7.40988865 -3.66249352 -1.96028994 -1.22114855 
2.78255940e-03 -9.68905963 -7.40988865 -3.66249352 -1.96028994 -1.22114855 
2.15443469e-03 -9.68905963 -7.40988865 -3.66249352 -1.96028994 -1.22114855 
1.66810054e-03 -9.68905963 -7.40988865 -3.66249352 -1.96028994 -1.22114855 
1.29154967e-03 -9.68905963 -7.40988865 -3.66249352 -1.96028994 -1.22114855 
1.00000000e-03 -9.68905963 -7.40988865 -3.66249352 -1.96028994 -1.22114855 
7.74263683e-04 -9.68905963 -7.40988865 -3.66249352 -1.96028994 -1.22114855 
5.99484250e-04 -9.68905963 -7.40988865 -3.66249352 -1.96028994 -1.22114855 
4.64158883e-04 -9.68905963 -7.40988865 -3.66249352 -1.96028994 -1.22114855 
3.59381366e-04 -9.68905963 -7.40988865 -3.66249352 -1.96028994 -1.22114855 
2.78255940e-04 -9.68905963 -7.40988865 -3.66249352 -1.96028994 -1.22114855 
2.15443469e-04 -9.68905963 -7.40988865 -3.66249352 -1.96028994 -1.22114855 
1.66810054e-04 -9.68905963 -7.40988865 -3.66249352 -1.96028994 -1.22114855 
1.29154967e-04 -9.68905963 -7.40988865 -3.66249352 -1.96028994 -1.22114855 
1.00000000e-04 -9.68905963 -7.40988865 -3.66249352 -1.96028994 -1.22114855 
7.74263683e-05 -9.68905963 -7.40988865 -3.66249352 -1.96028994 -1.22114855 
5.99484250e-05 -9.68905963 -7.40988865 -3.66249352 -1.96028994 -1.22114855 
4.64158883e-05 -9.68905963 -7.40988865 -3.66249352 -1.96028994 -1.22114855 
3.59381366e-05 -9.68905963 -7.40988865 -3.66249352 -1.96028994 -1.22114855 
2.78255940e-05 -9.68905963 -7.40988865 -3.66249352 -1.96028994 -1.22114855 
2.15443469e-05 -9.68905963 -7.40988865 -3.66249352 -1.96028994 -1.22114855 
1.66810054e-05 -9.68905963 -7.40988865 -3.66249352 -1.96028994 -1.22114855 
1.29154967e-05 -9.68905963 -7.40988865 -3.66249352 -1.96028994 -1.22114855 
1.00000000e-05 -9.68905963 -7.40988865 -3.66249352 -1.96028994 -1.22114855 
7.74263683e-06 -9.68905963 -7.40988865 -3.66249352 -1.96028994 -1.22114855 
5.99484250e-06 -9.68905963 -7.40988865 -3.66249352 -1.96028994 -1.22114855 
4.64158883e-06 -9.68905963 -7.40988865 -3.66249352 -1.96028994 -1.22114855 
3.59381366e-06 -9.68905963 -7.40988865 -3.66249352 -1.96028994 -1.22114855 
2.78255940e-06 -9.68905963 -7.40988865 -3.66249352 -1.96028994 -1.22114855 
2.15443469e-06 -9.68905963 -7.40988865 -3.66249352 -1.96028994 -1.22114855 
1.66810054e-06 -9.68905963 -7.40988865 -3.66249352 -1.96028994 -1.22114855 
1.29154967e-06 -9.68905963 -7.40988865 -3.66249352 -1.96028994 -1.22114855 
1.00000000e-06 -9.68905963 -7.40988865 -3.66249352 -1.96028994 -1.22114855 
7.74263683e-07 -9.68905963 -7.40988865 -3.66249352 -1.96028994 -1.22114855 
5.99484250e-07 -9.68905963 -7.40988865 -3.66249352 -1.96028994 -1.22114855 
4.64158883e-07 -9.68905963 -7.40988865 -3.66249352 -1.96028994 -1.22114855 
3.59381366e-07 -9.68905963 -7.40988865 -3.66249352 -1.96028994 -1.22114855 
2.78255940e-07 -9.68905963 -7.40988865 -3.66249352 -1.96028994 -1.22114855 
2.15443469e-07 -9.68905963 -7.40988865 -3.66249352 -1.96028994 -1.22114855 
1.66810054e-07 -9.68905963 -7.40988865 -3.66249352 -1.96028994 -1.22114855 
1.29154967e-07 -9.68905963 -7.40988865 -3.66249352 -1.96028994 -1.22114855 
1.00000000e-07 -9.68905963 -7.40988865 -3.66249352 -1.96028994 -1.22114855 
7.74263683e-08 -9.68905963 -7.40988865 -3.66249352 -1.96028994 -1.22114855 
5.99484250e-08 -9.68905963 -7.40988865 -3.66249352 -1.96028994 -1.22114855 
4.64158883e-08 -9.68905963 -7.40988865 -3.66249352 -1.96028994 -1.22114855 
3.59381366e-08 -9.68905963 -7.40988865 -3.66249352 -1.96028994 -1.22114855 
2.78255940e-08 -9.68905963 -7.40988865 -3.66249352 -1.96028994 -1.22114855 
2.15443469e-08 -9.68905963 -7.40988865 -3.66249352 -1.96028994 -1.22114855 
1.66810054e-08 -9.68905963 -7.40988865 -3.66249352 -1.96028994 -1.22114855 
1.29154967e-08 -9.68905963 -7.40988865 -3.66249352 -1.96028994 -1.22114855 
1.00000000e-08 -9.68905963 -7.40988865 -3.66249352 -1.96028994 -1.22114855 
7.74263683e-09 -9.68905963 -7.40988865 -3.66249352 -1.96028994 -1.22114855 
5.99484250e-09 -9.68905963 -7.40988865 -3.66249352 -1.96028994 -1.22114855 
4.64158883e-09 -9.68905963 -7.40988865 -3.66249352 -1.96028994 -1.22114855 
3.59381366e-09 -9.68905963 -7.40988865 -3.66249352 -1.96028994 -1.22114855 
2.78255940e-09 -9.68905963 -7.40988865 -3.66249352 -1.96028994 -1.22114855 
2.15443469e-09 -9.68905963 -7.40988865 -3.66249352 -1.96028994 -1.22114855 
1.66810054e-09 -9.68905963 -7.40988865 -3.66249352 -1.96028994 -1.22114855 
1.29154967e-09 -9.68905963 -7.40988865 -3.66249352 -1.96028994 -1.22114855 
1.00000000e-09 -9.68905963 -7.40988865 -3.66249352 -1.96028994 -1.22114855 
7.74263683e-10 -9.68905963 -7.40988865 -3.66249352 -1.96028994 -1.22114855 
5.99484250e-10 -9.68905963 -7.40988865 -3.66249352 -1.96028994 -1.22114855 
4.64158883e-10 -9.68905963 -7.40988865 -3.66249352 -1.96028994 -1.22114855 
3.59381366e-10 -9.68905963 -7.40988865 -3.66249352 -1.96028994 -1.22114855 
2.78255940e-10 -9.68905963 -7.40988865 -3.66249352 -1.96028994 -1.22114855 
2.15443469e-10 -9.68905963 -7.40988865 -3.66249352 -1.96028994 -1.22114855 
1.66810054e-10 -9.68905963 -7.40988865 -3.66249352 -1.96028994 -1.22114855 
1.29154967e-10 -9.68905963 -7.40988865 -3.66249352 -1.96028994 -1.22114855 
1.00000000e-10 -9.68905963 -7.40988865 -3.66249352 -1.96028994 -1.22114855 
P (bar) | log_CH4: -2σ | log_CH4: -1σ | log_CH4: median | log_CH4: +1σ | log_CH4: +2σ 
1.00000000e+01 -6.53015931 -4.77764551 -3.37039749 -2.11603233 -1.22147399 
7.74263683e+00 -6.53015931 -4.77764551 -3.37039749 -2.11603233 -1.22147399 
5.99484250e+00 -6.53015931 -4.77764551 -3.37039749 -2.11603233 -1.22147399 
4.64158883e+00 -6.53015931 -4.77764551 -3.37039749 -2.11603233 -1.22147399 
3.59381366e+00 -6.53015931 -4.77764551 -3.37039749 -2.11603233 -1.22147399 
2.78255940e+00 -6.53015931 -4.77764551 -3.37039749 -2.11603233 -1.22147399 
2.15443469e+00 -6.53015931 -4.77764551 -3.37039749 -2.11603233 -1.22147399 
1.66810054e+00 -6.53015931 -4.77764551 -3.37039749 -2.11603233 -1.22147399 
1.29154967e+00 -6.53015931 -4.77764551 -3.37039749 -2.11603233 -1.22147399 
1.00000000e+00 -6.53015931 -4.77764551 -3.37039749 -2.11603233 -1.22147399 
7.74263683e-01 -6.53015931 -4.77764551 -3.37039749 -2.11603233 -1.22147399 
5.99484250e-01 -6.53015931 -4.77764551 -3.37039749 -2.11603233 -1.22147399 
4.64158883e-01 -6.53015931 -4.77764551 -3.37039749 -2.11603233 -1.22147399 
3.59381366e-01 -6.53015931 -4.77764551 -3.37039749 -2.11603233 -1.22147399 
2.78255940e-01 -6.53015931 -4.77764551 -3.37039749 -2.11603233 -1.22147399 
2.15443469e-01 -6.53015931 -4.77764551 -3.37039749 -2.11603233 -1.22147399 
1.66810054e-01 -6.53015931 -4.77764551 -3.37039749 -2.11603233 -1.22147399 
1.29154967e-01 -6.53015931 -4.77764551 -3.37039749 -2.11603233 -1.22147399 
1.00000000e-01 -6.53015931 -4.77764551 -3.37039749 -2.11603233 -1.22147399 
7.74263683e-02 -6.53015931 -4.77764551 -3.37039749 -2.11603233 -1.22147399 
5.99484250e-02 -6.53015931 -4.77764551 -3.37039749 -2.11603233 -1.22147399 
4.64158883e-02 -6.53015931 -4.77764551 -3.37039749 -2.11603233 -1.22147399 
3.59381366e-02 -6.53015931 -4.77764551 -3.37039749 -2.11603233 -1.22147399 
2.78255940e-02 -6.53015931 -4.77764551 -3.37039749 -2.11603233 -1.22147399 
2.15443469e-02 -6.53015931 -4.77764551 -3.37039749 -2.11603233 -1.22147399 
1.66810054e-02 -6.53015931 -4.77764551 -3.37039749 -2.11603233 -1.22147399 
1.29154967e-02 -6.53015931 -4.77764551 -3.37039749 -2.11603233 -1.22147399 
1.00000000e-02 -6.53015931 -4.77764551 -3.37039749 -2.11603233 -1.22147399 
7.74263683e-03 -6.53015931 -4.77764551 -3.37039749 -2.11603233 -1.22147399 
5.99484250e-03 -6.53015931 -4.77764551 -3.37039749 -2.11603233 -1.22147399 
4.64158883e-03 -6.53015931 -4.77764551 -3.37039749 -2.11603233 -1.22147399 
3.59381366e-03 -6.53015931 -4.77764551 -3.37039749 -2.11603233 -1.22147399 
2.78255940e-03 -6.53015931 -4.77764551 -3.37039749 -2.11603233 -1.22147399 
2.15443469e-03 -6.53015931 -4.77764551 -3.37039749 -2.11603233 -1.22147399 
1.66810054e-03 -6.53015931 -4.77764551 -3.37039749 -2.11603233 -1.22147399 
1.29154967e-03 -6.53015931 -4.77764551 -3.37039749 -2.11603233 -1.22147399 
1.00000000e-03 -6.53015931 -4.77764551 -3.37039749 -2.11603233 -1.22147399 
7.74263683e-04 -6.53015931 -4.77764551 -3.37039749 -2.11603233 -1.22147399 
5.99484250e-04 -6.53015931 -4.77764551 -3.37039749 -2.11603233 -1.22147399 
4.64158883e-04 -6.53015931 -4.77764551 -3.37039749 -2.11603233 -1.22147399 
3.59381366e-04 -6.53015931 -4.77764551 -3.37039749 -2.11603233 -1.22147399 
2.78255940e-04 -6.53015931 -4.77764551 -3.37039749 -2.11603233 -1.22147399 
2.15443469e-04 -6.53015931 -4.77764551 -3.37039749 -2.11603233 -1.22147399 
1.66810054e-04 -6.53015931 -4.77764551 -3.37039749 -2.11603233 -1.22147399 
1.29154967e-04 -6.53015931 -4.77764551 -3.37039749 -2.11603233 -1.22147399 
1.00000000e-04 -6.53015931 -4.77764551 -3.37039749 -2.11603233 -1.22147399 
7.74263683e-05 -6.53015931 -4.77764551 -3.37039749 -2.11603233 -1.22147399 
5.99484250e-05 -6.53015931 -4.77764551 -3.37039749 -2.11603233 -1.22147399 
4.64158883e-05 -6.53015931 -4.77764551 -3.37039749 -2.11603233 -1.22147399 
3.59381366e-05 -6.53015931 -4.77764551 -3.37039749 -2.11603233 -1.22147399 
2.78255940e-05 -6.53015931 -4.77764551 -3.37039749 -2.11603233 -1.22147399 
2.15443469e-05 -6.53015931 -4.77764551 -3.37039749 -2.11603233 -1.22147399 
1.66810054e-05 -6.53015931 -4.77764551 -3.37039749 -2.11603233 -1.22147399 
1.29154967e-05 -6.53015931 -4.77764551 -3.37039749 -2.11603233 -1.22147399 
1.00000000e-05 -6.53015931 -4.77764551 -3.37039749 -2.11603233 -1.22147399 
7.74263683e-06 -6.53015931 -4.77764551 -3.37039749 -2.11603233 -1.22147399 
5.99484250e-06 -6.53015931 -4.77764551 -3.37039749 -2.11603233 -1.22147399 
4.64158883e-06 -6.53015931 -4.77764551 -3.37039749 -2.11603233 -1.22147399 
3.59381366e-06 -6.53015931 -4.77764551 -3.37039749 -2.11603233 -1.22147399 
2.78255940e-06 -6.53015931 -4.77764551 -3.37039749 -2.11603233 -1.22147399 
2.15443469e-06 -6.53015931 -4.77764551 -3.37039749 -2.11603233 -1.22147399 
1.66810054e-06 -6.53015931 -4.77764551 -3.37039749 -2.11603233 -1.22147399 
1.29154967e-06 -6.53015931 -4.77764551 -3.37039749 -2.11603233 -1.22147399 
1.00000000e-06 -6.53015931 -4.77764551 -3.37039749 -2.11603233 -1.22147399 
7.74263683e-07 -6.53015931 -4.77764551 -3.37039749 -2.11603233 -1.22147399 
5.99484250e-07 -6.53015931 -4.77764551 -3.37039749 -2.11603233 -1.22147399 
4.64158883e-07 -6.53015931 -4.77764551 -3.37039749 -2.11603233 -1.22147399 
3.59381366e-07 -6.53015931 -4.77764551 -3.37039749 -2.11603233 -1.22147399 
2.78255940e-07 -6.53015931 -4.77764551 -3.37039749 -2.11603233 -1.22147399 
2.15443469e-07 -6.53015931 -4.77764551 -3.37039749 -2.11603233 -1.22147399 
1.66810054e-07 -6.53015931 -4.77764551 -3.37039749 -2.11603233 -1.22147399 
1.29154967e-07 -6.53015931 -4.77764551 -3.37039749 -2.11603233 -1.22147399 
1.00000000e-07 -6.53015931 -4.77764551 -3.37039749 -2.11603233 -1.22147399 
7.74263683e-08 -6.53015931 -4.77764551 -3.37039749 -2.11603233 -1.22147399 
5.99484250e-08 -6.53015931 -4.77764551 -3.37039749 -2.11603233 -1.22147399 
4.64158883e-08 -6.53015931 -4.77764551 -3.37039749 -2.11603233 -1.22147399 
3.59381366e-08 -6.53015931 -4.77764551 -3.37039749 -2.11603233 -1.22147399 
2.78255940e-08 -6.53015931 -4.77764551 -3.37039749 -2.11603233 -1.22147399 
2.15443469e-08 -6.53015931 -4.77764551 -3.37039749 -2.11603233 -1.22147399 
1.66810054e-08 -6.53015931 -4.77764551 -3.37039749 -2.11603233 -1.22147399 
1.29154967e-08 -6.53015931 -4.77764551 -3.37039749 -2.11603233 -1.22147399 
1.00000000e-08 -6.53015931 -4.77764551 -3.37039749 -2.11603233 -1.22147399 
7.74263683e-09 -6.53015931 -4.77764551 -3.37039749 -2.11603233 -1.22147399 
5.99484250e-09 -6.53015931 -4.77764551 -3.37039749 -2.11603233 -1.22147399 
4.64158883e-09 -6.53015931 -4.77764551 -3.37039749 -2.11603233 -1.22147399 
3.59381366e-09 -6.53015931 -4.77764551 -3.37039749 -2.11603233 -1.22147399 
2.78255940e-09 -6.53015931 -4.77764551 -3.37039749 -2.11603233 -1.22147399 
2.15443469e-09 -6.53015931 -4.77764551 -3.37039749 -2.11603233 -1.22147399 
1.66810054e-09 -6.53015931 -4.77764551 -3.37039749 -2.11603233 -1.22147399 
1.29154967e-09 -6.53015931 -4.77764551 -3.37039749 -2.11603233 -1.22147399 
1.00000000e-09 -6.53015931 -4.77764551 -3.37039749 -2.11603233 -1.22147399 
7.74263683e-10 -6.53015931 -4.77764551 -3.37039749 -2.11603233 -1.22147399 
5.99484250e-10 -6.53015931 -4.77764551 -3.37039749 -2.11603233 -1.22147399 
4.64158883e-10 -6.53015931 -4.77764551 -3.37039749 -2.11603233 -1.22147399 
3.59381366e-10 -6.53015931 -4.77764551 -3.37039749 -2.11603233 -1.22147399 
2.78255940e-10 -6.53015931 -4.77764551 -3.37039749 -2.11603233 -1.22147399 
2.15443469e-10 -6.53015931 -4.77764551 -3.37039749 -2.11603233 -1.22147399 
1.66810054e-10 -6.53015931 -4.77764551 -3.37039749 -2.11603233 -1.22147399 
1.29154967e-10 -6.53015931 -4.77764551 -3.37039749 -2.11603233 -1.22147399 
1.00000000e-10 -6.53015931 -4.77764551 -3.37039749 -2.11603233 -1.22147399 
P (bar) | log_O2: -2σ | log_O2: -1σ | log_O2: median | log_O2: +1σ | log_O2: +2σ 
1.00000000e+01 -9.72092727 -8.65844123 -5.71616586 -2.64516091 -1.32801761 
7.74263683e+00 -9.72092727 -8.65844123 -5.71616586 -2.64516091 -1.32801761 
5.99484250e+00 -9.72092727 -8.65844123 -5.71616586 -2.64516091 -1.32801761 
4.64158883e+00 -9.72092727 -8.65844123 -5.71616586 -2.64516091 -1.32801761 
3.59381366e+00 -9.72092727 -8.65844123 -5.71616586 -2.64516091 -1.32801761 
2.78255940e+00 -9.72092727 -8.65844123 -5.71616586 -2.64516091 -1.32801761 
2.15443469e+00 -9.72092727 -8.65844123 -5.71616586 -2.64516091 -1.32801761 
1.66810054e+00 -9.72092727 -8.65844123 -5.71616586 -2.64516091 -1.32801761 
1.29154967e+00 -9.72092727 -8.65844123 -5.71616586 -2.64516091 -1.32801761 
1.00000000e+00 -9.72092727 -8.65844123 -5.71616586 -2.64516091 -1.32801761 
7.74263683e-01 -9.72092727 -8.65844123 -5.71616586 -2.64516091 -1.32801761 
5.99484250e-01 -9.72092727 -8.65844123 -5.71616586 -2.64516091 -1.32801761 
4.64158883e-01 -9.72092727 -8.65844123 -5.71616586 -2.64516091 -1.32801761 
3.59381366e-01 -9.72092727 -8.65844123 -5.71616586 -2.64516091 -1.32801761 
2.78255940e-01 -9.72092727 -8.65844123 -5.71616586 -2.64516091 -1.32801761 
2.15443469e-01 -9.72092727 -8.65844123 -5.71616586 -2.64516091 -1.32801761 
1.66810054e-01 -9.72092727 -8.65844123 -5.71616586 -2.64516091 -1.32801761 
1.29154967e-01 -9.72092727 -8.65844123 -5.71616586 -2.64516091 -1.32801761 
1.00000000e-01 -9.72092727 -8.65844123 -5.71616586 -2.64516091 -1.32801761 
7.74263683e-02 -9.72092727 -8.65844123 -5.71616586 -2.64516091 -1.32801761 
5.99484250e-02 -9.72092727 -8.65844123 -5.71616586 -2.64516091 -1.32801761 
4.64158883e-02 -9.72092727 -8.65844123 -5.71616586 -2.64516091 -1.32801761 
3.59381366e-02 -9.72092727 -8.65844123 -5.71616586 -2.64516091 -1.32801761 
2.78255940e-02 -9.72092727 -8.65844123 -5.71616586 -2.64516091 -1.32801761 
2.15443469e-02 -9.72092727 -8.65844123 -5.71616586 -2.64516091 -1.32801761 
1.66810054e-02 -9.72092727 -8.65844123 -5.71616586 -2.64516091 -1.32801761 
1.29154967e-02 -9.72092727 -8.65844123 -5.71616586 -2.64516091 -1.32801761 
1.00000000e-02 -9.72092727 -8.65844123 -5.71616586 -2.64516091 -1.32801761 
7.74263683e-03 -9.72092727 -8.65844123 -5.71616586 -2.64516091 -1.32801761 
5.99484250e-03 -9.72092727 -8.65844123 -5.71616586 -2.64516091 -1.32801761 
4.64158883e-03 -9.72092727 -8.65844123 -5.71616586 -2.64516091 -1.32801761 
3.59381366e-03 -9.72092727 -8.65844123 -5.71616586 -2.64516091 -1.32801761 
2.78255940e-03 -9.72092727 -8.65844123 -5.71616586 -2.64516091 -1.32801761 
2.15443469e-03 -9.72092727 -8.65844123 -5.71616586 -2.64516091 -1.32801761 
1.66810054e-03 -9.72092727 -8.65844123 -5.71616586 -2.64516091 -1.32801761 
1.29154967e-03 -9.72092727 -8.65844123 -5.71616586 -2.64516091 -1.32801761 
1.00000000e-03 -9.72092727 -8.65844123 -5.71616586 -2.64516091 -1.32801761 
7.74263683e-04 -9.72092727 -8.65844123 -5.71616586 -2.64516091 -1.32801761 
5.99484250e-04 -9.72092727 -8.65844123 -5.71616586 -2.64516091 -1.32801761 
4.64158883e-04 -9.72092727 -8.65844123 -5.71616586 -2.64516091 -1.32801761 
3.59381366e-04 -9.72092727 -8.65844123 -5.71616586 -2.64516091 -1.32801761 
2.78255940e-04 -9.72092727 -8.65844123 -5.71616586 -2.64516091 -1.32801761 
2.15443469e-04 -9.72092727 -8.65844123 -5.71616586 -2.64516091 -1.32801761 
1.66810054e-04 -9.72092727 -8.65844123 -5.71616586 -2.64516091 -1.32801761 
1.29154967e-04 -9.72092727 -8.65844123 -5.71616586 -2.64516091 -1.32801761 
1.00000000e-04 -9.72092727 -8.65844123 -5.71616586 -2.64516091 -1.32801761 
7.74263683e-05 -9.72092727 -8.65844123 -5.71616586 -2.64516091 -1.32801761 
5.99484250e-05 -9.72092727 -8.65844123 -5.71616586 -2.64516091 -1.32801761 
4.64158883e-05 -9.72092727 -8.65844123 -5.71616586 -2.64516091 -1.32801761 
3.59381366e-05 -9.72092727 -8.65844123 -5.71616586 -2.64516091 -1.32801761 
2.78255940e-05 -9.72092727 -8.65844123 -5.71616586 -2.64516091 -1.32801761 
2.15443469e-05 -9.72092727 -8.65844123 -5.71616586 -2.64516091 -1.32801761 
1.66810054e-05 -9.72092727 -8.65844123 -5.71616586 -2.64516091 -1.32801761 
1.29154967e-05 -9.72092727 -8.65844123 -5.71616586 -2.64516091 -1.32801761 
1.00000000e-05 -9.72092727 -8.65844123 -5.71616586 -2.64516091 -1.32801761 
7.74263683e-06 -9.72092727 -8.65844123 -5.71616586 -2.64516091 -1.32801761 
5.99484250e-06 -9.72092727 -8.65844123 -5.71616586 -2.64516091 -1.32801761 
4.64158883e-06 -9.72092727 -8.65844123 -5.71616586 -2.64516091 -1.32801761 
3.59381366e-06 -9.72092727 -8.65844123 -5.71616586 -2.64516091 -1.32801761 
2.78255940e-06 -9.72092727 -8.65844123 -5.71616586 -2.64516091 -1.32801761 
2.15443469e-06 -9.72092727 -8.65844123 -5.71616586 -2.64516091 -1.32801761 
1.66810054e-06 -9.72092727 -8.65844123 -5.71616586 -2.64516091 -1.32801761 
1.29154967e-06 -9.72092727 -8.65844123 -5.71616586 -2.64516091 -1.32801761 
1.00000000e-06 -9.72092727 -8.65844123 -5.71616586 -2.64516091 -1.32801761 
7.74263683e-07 -9.72092727 -8.65844123 -5.71616586 -2.64516091 -1.32801761 
5.99484250e-07 -9.72092727 -8.65844123 -5.71616586 -2.64516091 -1.32801761 
4.64158883e-07 -9.72092727 -8.65844123 -5.71616586 -2.64516091 -1.32801761 
3.59381366e-07 -9.72092727 -8.65844123 -5.71616586 -2.64516091 -1.32801761 
2.78255940e-07 -9.72092727 -8.65844123 -5.71616586 -2.64516091 -1.32801761 
2.15443469e-07 -9.72092727 -8.65844123 -5.71616586 -2.64516091 -1.32801761 
1.66810054e-07 -9.72092727 -8.65844123 -5.71616586 -2.64516091 -1.32801761 
1.29154967e-07 -9.72092727 -8.65844123 -5.71616586 -2.64516091 -1.32801761 
1.00000000e-07 -9.72092727 -8.65844123 -5.71616586 -2.64516091 -1.32801761 
7.74263683e-08 -9.72092727 -8.65844123 -5.71616586 -2.64516091 -1.32801761 
5.99484250e-08 -9.72092727 -8.65844123 -5.71616586 -2.64516091 -1.32801761 
4.64158883e-08 -9.72092727 -8.65844123 -5.71616586 -2.64516091 -1.32801761 
3.59381366e-08 -9.72092727 -8.65844123 -5.71616586 -2.64516091 -1.32801761 
2.78255940e-08 -9.72092727 -8.65844123 -5.71616586 -2.64516091 -1.32801761 
2.15443469e-08 -9.72092727 -8.65844123 -5.71616586 -2.64516091 -1.32801761 
1.66810054e-08 -9.72092727 -8.65844123 -5.71616586 -2.64516091 -1.32801761 
1.29154967e-08 -9.72092727 -8.65844123 -5.71616586 -2.64516091 -1.32801761 
1.00000000e-08 -9.72092727 -8.65844123 -5.71616586 -2.64516091 -1.32801761 
7.74263683e-09 -9.72092727 -8.65844123 -5.71616586 -2.64516091 -1.32801761 
5.99484250e-09 -9.72092727 -8.65844123 -5.71616586 -2.64516091 -1.32801761 
4.64158883e-09 -9.72092727 -8.65844123 -5.71616586 -2.64516091 -1.32801761 
3.59381366e-09 -9.72092727 -8.65844123 -5.71616586 -2.64516091 -1.32801761 
2.78255940e-09 -9.72092727 -8.65844123 -5.71616586 -2.64516091 -1.32801761 
2.15443469e-09 -9.72092727 -8.65844123 -5.71616586 -2.64516091 -1.32801761 
1.66810054e-09 -9.72092727 -8.65844123 -5.71616586 -2.64516091 -1.32801761 
1.29154967e-09 -9.72092727 -8.65844123 -5.71616586 -2.64516091 -1.32801761 
1.00000000e-09 -9.72092727 -8.65844123 -5.71616586 -2.64516091 -1.32801761 
7.74263683e-10 -9.72092727 -8.65844123 -5.71616586 -2.64516091 -1.32801761 
5.99484250e-10 -9.72092727 -8.65844123 -5.71616586 -2.64516091 -1.32801761 
4.64158883e-10 -9.72092727 -8.65844123 -5.71616586 -2.64516091 -1.32801761 
3.59381366e-10 -9.72092727 -8.65844123 -5.71616586 -2.64516091 -1.32801761 
2.78255940e-10 -9.72092727 -8.65844123 -5.71616586 -2.64516091 -1.32801761 
2.15443469e-10 -9.72092727 -8.65844123 -5.71616586 -2.64516091 -1.32801761 
1.66810054e-10 -9.72092727 -8.65844123 -5.71616586 -2.64516091 -1.32801761 
1.29154967e-10 -9.72092727 -8.65844123 -5.71616586 -2.64516091 -1.32801761 
1.00000000e-10 -9.72092727 -8.65844123 -5.71616586 -2.64516091 -1.32801761 
P (bar) | log_O3: -2σ | log_O3: -1σ | log_O3: median | log_O3: +1σ | log_O3: +2σ 
1.00000000e+01 -9.67596505 -8.54091028 -7.28134203 -6.19665743 -5.23653700 
7.74263683e+00 -9.67596505 -8.54091028 -7.28134203 -6.19665743 -5.23653700 
5.99484250e+00 -9.67596505 -8.54091028 -7.28134203 -6.19665743 -5.23653700 
4.64158883e+00 -9.67596505 -8.54091028 -7.28134203 -6.19665743 -5.23653700 
3.59381366e+00 -9.67596505 -8.54091028 -7.28134203 -6.19665743 -5.23653700 
2.78255940e+00 -9.67596505 -8.54091028 -7.28134203 -6.19665743 -5.23653700 
2.15443469e+00 -9.67596505 -8.54091028 -7.28134203 -6.19665743 -5.23653700 
1.66810054e+00 -9.67596505 -8.54091028 -7.28134203 -6.19665743 -5.23653700 
1.29154967e+00 -9.67596505 -8.54091028 -7.28134203 -6.19665743 -5.23653700 
1.00000000e+00 -9.67596505 -8.54091028 -7.28134203 -6.19665743 -5.23653700 
7.74263683e-01 -9.67596505 -8.54091028 -7.28134203 -6.19665743 -5.23653700 
5.99484250e-01 -9.67596505 -8.54091028 -7.28134203 -6.19665743 -5.23653700 
4.64158883e-01 -9.67596505 -8.54091028 -7.28134203 -6.19665743 -5.23653700 
3.59381366e-01 -9.67596505 -8.54091028 -7.28134203 -6.19665743 -5.23653700 
2.78255940e-01 -9.67596505 -8.54091028 -7.28134203 -6.19665743 -5.23653700 
2.15443469e-01 -9.67596505 -8.54091028 -7.28134203 -6.19665743 -5.23653700 
1.66810054e-01 -9.67596505 -8.54091028 -7.28134203 -6.19665743 -5.23653700 
1.29154967e-01 -9.67596505 -8.54091028 -7.28134203 -6.19665743 -5.23653700 
1.00000000e-01 -9.67596505 -8.54091028 -7.28134203 -6.19665743 -5.23653700 
7.74263683e-02 -9.67596505 -8.54091028 -7.28134203 -6.19665743 -5.23653700 
5.99484250e-02 -9.67596505 -8.54091028 -7.28134203 -6.19665743 -5.23653700 
4.64158883e-02 -9.67596505 -8.54091028 -7.28134203 -6.19665743 -5.23653700 
3.59381366e-02 -9.67596505 -8.54091028 -7.28134203 -6.19665743 -5.23653700 
2.78255940e-02 -9.67596505 -8.54091028 -7.28134203 -6.19665743 -5.23653700 
2.15443469e-02 -9.67596505 -8.54091028 -7.28134203 -6.19665743 -5.23653700 
1.66810054e-02 -9.67596505 -8.54091028 -7.28134203 -6.19665743 -5.23653700 
1.29154967e-02 -9.67596505 -8.54091028 -7.28134203 -6.19665743 -5.23653700 
1.00000000e-02 -9.67596505 -8.54091028 -7.28134203 -6.19665743 -5.23653700 
7.74263683e-03 -9.67596505 -8.54091028 -7.28134203 -6.19665743 -5.23653700 
5.99484250e-03 -9.67596505 -8.54091028 -7.28134203 -6.19665743 -5.23653700 
4.64158883e-03 -9.67596505 -8.54091028 -7.28134203 -6.19665743 -5.23653700 
3.59381366e-03 -9.67596505 -8.54091028 -7.28134203 -6.19665743 -5.23653700 
2.78255940e-03 -9.67596505 -8.54091028 -7.28134203 -6.19665743 -5.23653700 
2.15443469e-03 -9.67596505 -8.54091028 -7.28134203 -6.19665743 -5.23653700 
1.66810054e-03 -9.67596505 -8.54091028 -7.28134203 -6.19665743 -5.23653700 
1.29154967e-03 -9.67596505 -8.54091028 -7.28134203 -6.19665743 -5.23653700 
1.00000000e-03 -9.67596505 -8.54091028 -7.28134203 -6.19665743 -5.23653700 
7.74263683e-04 -9.67596505 -8.54091028 -7.28134203 -6.19665743 -5.23653700 
5.99484250e-04 -9.67596505 -8.54091028 -7.28134203 -6.19665743 -5.23653700 
4.64158883e-04 -9.67596505 -8.54091028 -7.28134203 -6.19665743 -5.23653700 
3.59381366e-04 -9.67596505 -8.54091028 -7.28134203 -6.19665743 -5.23653700 
2.78255940e-04 -9.67596505 -8.54091028 -7.28134203 -6.19665743 -5.23653700 
2.15443469e-04 -9.67596505 -8.54091028 -7.28134203 -6.19665743 -5.23653700 
1.66810054e-04 -9.67596505 -8.54091028 -7.28134203 -6.19665743 -5.23653700 
1.29154967e-04 -9.67596505 -8.54091028 -7.28134203 -6.19665743 -5.23653700 
1.00000000e-04 -9.67596505 -8.54091028 -7.28134203 -6.19665743 -5.23653700 
7.74263683e-05 -9.67596505 -8.54091028 -7.28134203 -6.19665743 -5.23653700 
5.99484250e-05 -9.67596505 -8.54091028 -7.28134203 -6.19665743 -5.23653700 
4.64158883e-05 -9.67596505 -8.54091028 -7.28134203 -6.19665743 -5.23653700 
3.59381366e-05 -9.67596505 -8.54091028 -7.28134203 -6.19665743 -5.23653700 
2.78255940e-05 -9.67596505 -8.54091028 -7.28134203 -6.19665743 -5.23653700 
2.15443469e-05 -9.67596505 -8.54091028 -7.28134203 -6.19665743 -5.23653700 
1.66810054e-05 -9.67596505 -8.54091028 -7.28134203 -6.19665743 -5.23653700 
1.29154967e-05 -9.67596505 -8.54091028 -7.28134203 -6.19665743 -5.23653700 
1.00000000e-05 -9.67596505 -8.54091028 -7.28134203 -6.19665743 -5.23653700 
7.74263683e-06 -9.67596505 -8.54091028 -7.28134203 -6.19665743 -5.23653700 
5.99484250e-06 -9.67596505 -8.54091028 -7.28134203 -6.19665743 -5.23653700 
4.64158883e-06 -9.67596505 -8.54091028 -7.28134203 -6.19665743 -5.23653700 
3.59381366e-06 -9.67596505 -8.54091028 -7.28134203 -6.19665743 -5.23653700 
2.78255940e-06 -9.67596505 -8.54091028 -7.28134203 -6.19665743 -5.23653700 
2.15443469e-06 -9.67596505 -8.54091028 -7.28134203 -6.19665743 -5.23653700 
1.66810054e-06 -9.67596505 -8.54091028 -7.28134203 -6.19665743 -5.23653700 
1.29154967e-06 -9.67596505 -8.54091028 -7.28134203 -6.19665743 -5.23653700 
1.00000000e-06 -9.67596505 -8.54091028 -7.28134203 -6.19665743 -5.23653700 
7.74263683e-07 -9.67596505 -8.54091028 -7.28134203 -6.19665743 -5.23653700 
5.99484250e-07 -9.67596505 -8.54091028 -7.28134203 -6.19665743 -5.23653700 
4.64158883e-07 -9.67596505 -8.54091028 -7.28134203 -6.19665743 -5.23653700 
3.59381366e-07 -9.67596505 -8.54091028 -7.28134203 -6.19665743 -5.23653700 
2.78255940e-07 -9.67596505 -8.54091028 -7.28134203 -6.19665743 -5.23653700 
2.15443469e-07 -9.67596505 -8.54091028 -7.28134203 -6.19665743 -5.23653700 
1.66810054e-07 -9.67596505 -8.54091028 -7.28134203 -6.19665743 -5.23653700 
1.29154967e-07 -9.67596505 -8.54091028 -7.28134203 -6.19665743 -5.23653700 
1.00000000e-07 -9.67596505 -8.54091028 -7.28134203 -6.19665743 -5.23653700 
7.74263683e-08 -9.67596505 -8.54091028 -7.28134203 -6.19665743 -5.23653700 
5.99484250e-08 -9.67596505 -8.54091028 -7.28134203 -6.19665743 -5.23653700 
4.64158883e-08 -9.67596505 -8.54091028 -7.28134203 -6.19665743 -5.23653700 
3.59381366e-08 -9.67596505 -8.54091028 -7.28134203 -6.19665743 -5.23653700 
2.78255940e-08 -9.67596505 -8.54091028 -7.28134203 -6.19665743 -5.23653700 
2.15443469e-08 -9.67596505 -8.54091028 -7.28134203 -6.19665743 -5.23653700 
1.66810054e-08 -9.67596505 -8.54091028 -7.28134203 -6.19665743 -5.23653700 
1.29154967e-08 -9.67596505 -8.54091028 -7.28134203 -6.19665743 -5.23653700 
1.00000000e-08 -9.67596505 -8.54091028 -7.28134203 -6.19665743 -5.23653700 
7.74263683e-09 -9.67596505 -8.54091028 -7.28134203 -6.19665743 -5.23653700 
5.99484250e-09 -9.67596505 -8.54091028 -7.28134203 -6.19665743 -5.23653700 
4.64158883e-09 -9.67596505 -8.54091028 -7.28134203 -6.19665743 -5.23653700 
3.59381366e-09 -9.67596505 -8.54091028 -7.28134203 -6.19665743 -5.23653700 
2.78255940e-09 -9.67596505 -8.54091028 -7.28134203 -6.19665743 -5.23653700 
2.15443469e-09 -9.67596505 -8.54091028 -7.28134203 -6.19665743 -5.23653700 
1.66810054e-09 -9.67596505 -8.54091028 -7.28134203 -6.19665743 -5.23653700 
1.29154967e-09 -9.67596505 -8.54091028 -7.28134203 -6.19665743 -5.23653700 
1.00000000e-09 -9.67596505 -8.54091028 -7.28134203 -6.19665743 -5.23653700 
7.74263683e-10 -9.67596505 -8.54091028 -7.28134203 -6.19665743 -5.23653700 
5.99484250e-10 -9.67596505 -8.54091028 -7.28134203 -6.19665743 -5.23653700 
4.64158883e-10 -9.67596505 -8.54091028 -7.28134203 -6.19665743 -5.23653700 
3.59381366e-10 -9.67596505 -8.54091028 -7.28134203 -6.19665743 -5.23653700 
2.78255940e-10 -9.67596505 -8.54091028 -7.28134203 -6.19665743 -5.23653700 
2.15443469e-10 -9.67596505 -8.54091028 -7.28134203 -6.19665743 -5.23653700 
1.66810054e-10 -9.67596505 -8.54091028 -7.28134203 -6.19665743 -5.23653700 
1.29154967e-10 -9.67596505 -8.54091028 -7.28134203 -6.19665743 -5.23653700 
1.00000000e-10 -9.67596505 -8.54091028 -7.28134203 -6.19665743 -5.23653700 
P (bar) | log_N2O: -2σ | log_N2O: -1σ | log_N2O: median | log_N2O: +1σ | log_N2O: +2σ 
1.00000000e+01 -9.85413303 -8.97833636 -7.21924806 -5.36439841 -3.89499797 
7.74263683e+00 -9.85413303 -8.97833636 -7.21924806 -5.36439841 -3.89499797 
5.99484250e+00 -9.85413303 -8.97833636 -7.21924806 -5.36439841 -3.89499797 
4.64158883e+00 -9.85413303 -8.97833636 -7.21924806 -5.36439841 -3.89499797 
3.59381366e+00 -9.85413303 -8.97833636 -7.21924806 -5.36439841 -3.89499797 
2.78255940e+00 -9.85413303 -8.97833636 -7.21924806 -5.36439841 -3.89499797 
2.15443469e+00 -9.85413303 -8.97833636 -7.21924806 -5.36439841 -3.89499797 
1.66810054e+00 -9.85413303 -8.97833636 -7.21924806 -5.36439841 -3.89499797 
1.29154967e+00 -9.85413303 -8.97833636 -7.21924806 -5.36439841 -3.89499797 
1.00000000e+00 -9.85413303 -8.97833636 -7.21924806 -5.36439841 -3.89499797 
7.74263683e-01 -9.85413303 -8.97833636 -7.21924806 -5.36439841 -3.89499797 
5.99484250e-01 -9.85413303 -8.97833636 -7.21924806 -5.36439841 -3.89499797 
4.64158883e-01 -9.85413303 -8.97833636 -7.21924806 -5.36439841 -3.89499797 
3.59381366e-01 -9.85413303 -8.97833636 -7.21924806 -5.36439841 -3.89499797 
2.78255940e-01 -9.85413303 -8.97833636 -7.21924806 -5.36439841 -3.89499797 
2.15443469e-01 -9.85413303 -8.97833636 -7.21924806 -5.36439841 -3.89499797 
1.66810054e-01 -9.85413303 -8.97833636 -7.21924806 -5.36439841 -3.89499797 
1.29154967e-01 -9.85413303 -8.97833636 -7.21924806 -5.36439841 -3.89499797 
1.00000000e-01 -9.85413303 -8.97833636 -7.21924806 -5.36439841 -3.89499797 
7.74263683e-02 -9.85413303 -8.97833636 -7.21924806 -5.36439841 -3.89499797 
5.99484250e-02 -9.85413303 -8.97833636 -7.21924806 -5.36439841 -3.89499797 
4.64158883e-02 -9.85413303 -8.97833636 -7.21924806 -5.36439841 -3.89499797 
3.59381366e-02 -9.85413303 -8.97833636 -7.21924806 -5.36439841 -3.89499797 
2.78255940e-02 -9.85413303 -8.97833636 -7.21924806 -5.36439841 -3.89499797 
2.15443469e-02 -9.85413303 -8.97833636 -7.21924806 -5.36439841 -3.89499797 
1.66810054e-02 -9.85413303 -8.97833636 -7.21924806 -5.36439841 -3.89499797 
1.29154967e-02 -9.85413303 -8.97833636 -7.21924806 -5.36439841 -3.89499797 
1.00000000e-02 -9.85413303 -8.97833636 -7.21924806 -5.36439841 -3.89499797 
7.74263683e-03 -9.85413303 -8.97833636 -7.21924806 -5.36439841 -3.89499797 
5.99484250e-03 -9.85413303 -8.97833636 -7.21924806 -5.36439841 -3.89499797 
4.64158883e-03 -9.85413303 -8.97833636 -7.21924806 -5.36439841 -3.89499797 
3.59381366e-03 -9.85413303 -8.97833636 -7.21924806 -5.36439841 -3.89499797 
2.78255940e-03 -9.85413303 -8.97833636 -7.21924806 -5.36439841 -3.89499797 
2.15443469e-03 -9.85413303 -8.97833636 -7.21924806 -5.36439841 -3.89499797 
1.66810054e-03 -9.85413303 -8.97833636 -7.21924806 -5.36439841 -3.89499797 
1.29154967e-03 -9.85413303 -8.97833636 -7.21924806 -5.36439841 -3.89499797 
1.00000000e-03 -9.85413303 -8.97833636 -7.21924806 -5.36439841 -3.89499797 
7.74263683e-04 -9.85413303 -8.97833636 -7.21924806 -5.36439841 -3.89499797 
5.99484250e-04 -9.85413303 -8.97833636 -7.21924806 -5.36439841 -3.89499797 
4.64158883e-04 -9.85413303 -8.97833636 -7.21924806 -5.36439841 -3.89499797 
3.59381366e-04 -9.85413303 -8.97833636 -7.21924806 -5.36439841 -3.89499797 
2.78255940e-04 -9.85413303 -8.97833636 -7.21924806 -5.36439841 -3.89499797 
2.15443469e-04 -9.85413303 -8.97833636 -7.21924806 -5.36439841 -3.89499797 
1.66810054e-04 -9.85413303 -8.97833636 -7.21924806 -5.36439841 -3.89499797 
1.29154967e-04 -9.85413303 -8.97833636 -7.21924806 -5.36439841 -3.89499797 
1.00000000e-04 -9.85413303 -8.97833636 -7.21924806 -5.36439841 -3.89499797 
7.74263683e-05 -9.85413303 -8.97833636 -7.21924806 -5.36439841 -3.89499797 
5.99484250e-05 -9.85413303 -8.97833636 -7.21924806 -5.36439841 -3.89499797 
4.64158883e-05 -9.85413303 -8.97833636 -7.21924806 -5.36439841 -3.89499797 
3.59381366e-05 -9.85413303 -8.97833636 -7.21924806 -5.36439841 -3.89499797 
2.78255940e-05 -9.85413303 -8.97833636 -7.21924806 -5.36439841 -3.89499797 
2.15443469e-05 -9.85413303 -8.97833636 -7.21924806 -5.36439841 -3.89499797 
1.66810054e-05 -9.85413303 -8.97833636 -7.21924806 -5.36439841 -3.89499797 
1.29154967e-05 -9.85413303 -8.97833636 -7.21924806 -5.36439841 -3.89499797 
1.00000000e-05 -9.85413303 -8.97833636 -7.21924806 -5.36439841 -3.89499797 
7.74263683e-06 -9.85413303 -8.97833636 -7.21924806 -5.36439841 -3.89499797 
5.99484250e-06 -9.85413303 -8.97833636 -7.21924806 -5.36439841 -3.89499797 
4.64158883e-06 -9.85413303 -8.97833636 -7.21924806 -5.36439841 -3.89499797 
3.59381366e-06 -9.85413303 -8.97833636 -7.21924806 -5.36439841 -3.89499797 
2.78255940e-06 -9.85413303 -8.97833636 -7.21924806 -5.36439841 -3.89499797 
2.15443469e-06 -9.85413303 -8.97833636 -7.21924806 -5.36439841 -3.89499797 
1.66810054e-06 -9.85413303 -8.97833636 -7.21924806 -5.36439841 -3.89499797 
1.29154967e-06 -9.85413303 -8.97833636 -7.21924806 -5.36439841 -3.89499797 
1.00000000e-06 -9.85413303 -8.97833636 -7.21924806 -5.36439841 -3.89499797 
7.74263683e-07 -9.85413303 -8.97833636 -7.21924806 -5.36439841 -3.89499797 
5.99484250e-07 -9.85413303 -8.97833636 -7.21924806 -5.36439841 -3.89499797 
4.64158883e-07 -9.85413303 -8.97833636 -7.21924806 -5.36439841 -3.89499797 
3.59381366e-07 -9.85413303 -8.97833636 -7.21924806 -5.36439841 -3.89499797 
2.78255940e-07 -9.85413303 -8.97833636 -7.21924806 -5.36439841 -3.89499797 
2.15443469e-07 -9.85413303 -8.97833636 -7.21924806 -5.36439841 -3.89499797 
1.66810054e-07 -9.85413303 -8.97833636 -7.21924806 -5.36439841 -3.89499797 
1.29154967e-07 -9.85413303 -8.97833636 -7.21924806 -5.36439841 -3.89499797 
1.00000000e-07 -9.85413303 -8.97833636 -7.21924806 -5.36439841 -3.89499797 
7.74263683e-08 -9.85413303 -8.97833636 -7.21924806 -5.36439841 -3.89499797 
5.99484250e-08 -9.85413303 -8.97833636 -7.21924806 -5.36439841 -3.89499797 
4.64158883e-08 -9.85413303 -8.97833636 -7.21924806 -5.36439841 -3.89499797 
3.59381366e-08 -9.85413303 -8.97833636 -7.21924806 -5.36439841 -3.89499797 
2.78255940e-08 -9.85413303 -8.97833636 -7.21924806 -5.36439841 -3.89499797 
2.15443469e-08 -9.85413303 -8.97833636 -7.21924806 -5.36439841 -3.89499797 
1.66810054e-08 -9.85413303 -8.97833636 -7.21924806 -5.36439841 -3.89499797 
1.29154967e-08 -9.85413303 -8.97833636 -7.21924806 -5.36439841 -3.89499797 
1.00000000e-08 -9.85413303 -8.97833636 -7.21924806 -5.36439841 -3.89499797 
7.74263683e-09 -9.85413303 -8.97833636 -7.21924806 -5.36439841 -3.89499797 
5.99484250e-09 -9.85413303 -8.97833636 -7.21924806 -5.36439841 -3.89499797 
4.64158883e-09 -9.85413303 -8.97833636 -7.21924806 -5.36439841 -3.89499797 
3.59381366e-09 -9.85413303 -8.97833636 -7.21924806 -5.36439841 -3.89499797 
2.78255940e-09 -9.85413303 -8.97833636 -7.21924806 -5.36439841 -3.89499797 
2.15443469e-09 -9.85413303 -8.97833636 -7.21924806 -5.36439841 -3.89499797 
1.66810054e-09 -9.85413303 -8.97833636 -7.21924806 -5.36439841 -3.89499797 
1.29154967e-09 -9.85413303 -8.97833636 -7.21924806 -5.36439841 -3.89499797 
1.00000000e-09 -9.85413303 -8.97833636 -7.21924806 -5.36439841 -3.89499797 
7.74263683e-10 -9.85413303 -8.97833636 -7.21924806 -5.36439841 -3.89499797 
5.99484250e-10 -9.85413303 -8.97833636 -7.21924806 -5.36439841 -3.89499797 
4.64158883e-10 -9.85413303 -8.97833636 -7.21924806 -5.36439841 -3.89499797 
3.59381366e-10 -9.85413303 -8.97833636 -7.21924806 -5.36439841 -3.89499797 
2.78255940e-10 -9.85413303 -8.97833636 -7.21924806 -5.36439841 -3.89499797 
2.15443469e-10 -9.85413303 -8.97833636 -7.21924806 -5.36439841 -3.89499797 
1.66810054e-10 -9.85413303 -8.97833636 -7.21924806 -5.36439841 -3.89499797 
1.29154967e-10 -9.85413303 -8.97833636 -7.21924806 -5.36439841 -3.89499797 
1.00000000e-10 -9.85413303 -8.97833636 -7.21924806 -5.36439841 -3.89499797 
P (bar) | log_NH3: -2σ | log_NH3: -1σ | log_NH3: median | log_NH3: +1σ | log_NH3: +2σ 
1.00000000e+01 -9.88479082 -9.19955171 -7.74851583 -6.15698427 -4.74730695 
7.74263683e+00 -9.88479082 -9.19955171 -7.74851583 -6.15698427 -4.74730695 
5.99484250e+00 -9.88479082 -9.19955171 -7.74851583 -6.15698427 -4.74730695 
4.64158883e+00 -9.88479082 -9.19955171 -7.74851583 -6.15698427 -4.74730695 
3.59381366e+00 -9.88479082 -9.19955171 -7.74851583 -6.15698427 -4.74730695 
2.78255940e+00 -9.88479082 -9.19955171 -7.74851583 -6.15698427 -4.74730695 
2.15443469e+00 -9.88479082 -9.19955171 -7.74851583 -6.15698427 -4.74730695 
1.66810054e+00 -9.88479082 -9.19955171 -7.74851583 -6.15698427 -4.74730695 
1.29154967e+00 -9.88479082 -9.19955171 -7.74851583 -6.15698427 -4.74730695 
1.00000000e+00 -9.88479082 -9.19955171 -7.74851583 -6.15698427 -4.74730695 
7.74263683e-01 -9.88479082 -9.19955171 -7.74851583 -6.15698427 -4.74730695 
5.99484250e-01 -9.88479082 -9.19955171 -7.74851583 -6.15698427 -4.74730695 
4.64158883e-01 -9.88479082 -9.19955171 -7.74851583 -6.15698427 -4.74730695 
3.59381366e-01 -9.88479082 -9.19955171 -7.74851583 -6.15698427 -4.74730695 
2.78255940e-01 -9.88479082 -9.19955171 -7.74851583 -6.15698427 -4.74730695 
2.15443469e-01 -9.88479082 -9.19955171 -7.74851583 -6.15698427 -4.74730695 
1.66810054e-01 -9.88479082 -9.19955171 -7.74851583 -6.15698427 -4.74730695 
1.29154967e-01 -9.88479082 -9.19955171 -7.74851583 -6.15698427 -4.74730695 
1.00000000e-01 -9.88479082 -9.19955171 -7.74851583 -6.15698427 -4.74730695 
7.74263683e-02 -9.88479082 -9.19955171 -7.74851583 -6.15698427 -4.74730695 
5.99484250e-02 -9.88479082 -9.19955171 -7.74851583 -6.15698427 -4.74730695 
4.64158883e-02 -9.88479082 -9.19955171 -7.74851583 -6.15698427 -4.74730695 
3.59381366e-02 -9.88479082 -9.19955171 -7.74851583 -6.15698427 -4.74730695 
2.78255940e-02 -9.88479082 -9.19955171 -7.74851583 -6.15698427 -4.74730695 
2.15443469e-02 -9.88479082 -9.19955171 -7.74851583 -6.15698427 -4.74730695 
1.66810054e-02 -9.88479082 -9.19955171 -7.74851583 -6.15698427 -4.74730695 
1.29154967e-02 -9.88479082 -9.19955171 -7.74851583 -6.15698427 -4.74730695 
1.00000000e-02 -9.88479082 -9.19955171 -7.74851583 -6.15698427 -4.74730695 
7.74263683e-03 -9.88479082 -9.19955171 -7.74851583 -6.15698427 -4.74730695 
5.99484250e-03 -9.88479082 -9.19955171 -7.74851583 -6.15698427 -4.74730695 
4.64158883e-03 -9.88479082 -9.19955171 -7.74851583 -6.15698427 -4.74730695 
3.59381366e-03 -9.88479082 -9.19955171 -7.74851583 -6.15698427 -4.74730695 
2.78255940e-03 -9.88479082 -9.19955171 -7.74851583 -6.15698427 -4.74730695 
2.15443469e-03 -9.88479082 -9.19955171 -7.74851583 -6.15698427 -4.74730695 
1.66810054e-03 -9.88479082 -9.19955171 -7.74851583 -6.15698427 -4.74730695 
1.29154967e-03 -9.88479082 -9.19955171 -7.74851583 -6.15698427 -4.74730695 
1.00000000e-03 -9.88479082 -9.19955171 -7.74851583 -6.15698427 -4.74730695 
7.74263683e-04 -9.88479082 -9.19955171 -7.74851583 -6.15698427 -4.74730695 
5.99484250e-04 -9.88479082 -9.19955171 -7.74851583 -6.15698427 -4.74730695 
4.64158883e-04 -9.88479082 -9.19955171 -7.74851583 -6.15698427 -4.74730695 
3.59381366e-04 -9.88479082 -9.19955171 -7.74851583 -6.15698427 -4.74730695 
2.78255940e-04 -9.88479082 -9.19955171 -7.74851583 -6.15698427 -4.74730695 
2.15443469e-04 -9.88479082 -9.19955171 -7.74851583 -6.15698427 -4.74730695 
1.66810054e-04 -9.88479082 -9.19955171 -7.74851583 -6.15698427 -4.74730695 
1.29154967e-04 -9.88479082 -9.19955171 -7.74851583 -6.15698427 -4.74730695 
1.00000000e-04 -9.88479082 -9.19955171 -7.74851583 -6.15698427 -4.74730695 
7.74263683e-05 -9.88479082 -9.19955171 -7.74851583 -6.15698427 -4.74730695 
5.99484250e-05 -9.88479082 -9.19955171 -7.74851583 -6.15698427 -4.74730695 
4.64158883e-05 -9.88479082 -9.19955171 -7.74851583 -6.15698427 -4.74730695 
3.59381366e-05 -9.88479082 -9.19955171 -7.74851583 -6.15698427 -4.74730695 
2.78255940e-05 -9.88479082 -9.19955171 -7.74851583 -6.15698427 -4.74730695 
2.15443469e-05 -9.88479082 -9.19955171 -7.74851583 -6.15698427 -4.74730695 
1.66810054e-05 -9.88479082 -9.19955171 -7.74851583 -6.15698427 -4.74730695 
1.29154967e-05 -9.88479082 -9.19955171 -7.74851583 -6.15698427 -4.74730695 
1.00000000e-05 -9.88479082 -9.19955171 -7.74851583 -6.15698427 -4.74730695 
7.74263683e-06 -9.88479082 -9.19955171 -7.74851583 -6.15698427 -4.74730695 
5.99484250e-06 -9.88479082 -9.19955171 -7.74851583 -6.15698427 -4.74730695 
4.64158883e-06 -9.88479082 -9.19955171 -7.74851583 -6.15698427 -4.74730695 
3.59381366e-06 -9.88479082 -9.19955171 -7.74851583 -6.15698427 -4.74730695 
2.78255940e-06 -9.88479082 -9.19955171 -7.74851583 -6.15698427 -4.74730695 
2.15443469e-06 -9.88479082 -9.19955171 -7.74851583 -6.15698427 -4.74730695 
1.66810054e-06 -9.88479082 -9.19955171 -7.74851583 -6.15698427 -4.74730695 
1.29154967e-06 -9.88479082 -9.19955171 -7.74851583 -6.15698427 -4.74730695 
1.00000000e-06 -9.88479082 -9.19955171 -7.74851583 -6.15698427 -4.74730695 
7.74263683e-07 -9.88479082 -9.19955171 -7.74851583 -6.15698427 -4.74730695 
5.99484250e-07 -9.88479082 -9.19955171 -7.74851583 -6.15698427 -4.74730695 
4.64158883e-07 -9.88479082 -9.19955171 -7.74851583 -6.15698427 -4.74730695 
3.59381366e-07 -9.88479082 -9.19955171 -7.74851583 -6.15698427 -4.74730695 
2.78255940e-07 -9.88479082 -9.19955171 -7.74851583 -6.15698427 -4.74730695 
2.15443469e-07 -9.88479082 -9.19955171 -7.74851583 -6.15698427 -4.74730695 
1.66810054e-07 -9.88479082 -9.19955171 -7.74851583 -6.15698427 -4.74730695 
1.29154967e-07 -9.88479082 -9.19955171 -7.74851583 -6.15698427 -4.74730695 
1.00000000e-07 -9.88479082 -9.19955171 -7.74851583 -6.15698427 -4.74730695 
7.74263683e-08 -9.88479082 -9.19955171 -7.74851583 -6.15698427 -4.74730695 
5.99484250e-08 -9.88479082 -9.19955171 -7.74851583 -6.15698427 -4.74730695 
4.64158883e-08 -9.88479082 -9.19955171 -7.74851583 -6.15698427 -4.74730695 
3.59381366e-08 -9.88479082 -9.19955171 -7.74851583 -6.15698427 -4.74730695 
2.78255940e-08 -9.88479082 -9.19955171 -7.74851583 -6.15698427 -4.74730695 
2.15443469e-08 -9.88479082 -9.19955171 -7.74851583 -6.15698427 -4.74730695 
1.66810054e-08 -9.88479082 -9.19955171 -7.74851583 -6.15698427 -4.74730695 
1.29154967e-08 -9.88479082 -9.19955171 -7.74851583 -6.15698427 -4.74730695 
1.00000000e-08 -9.88479082 -9.19955171 -7.74851583 -6.15698427 -4.74730695 
7.74263683e-09 -9.88479082 -9.19955171 -7.74851583 -6.15698427 -4.74730695 
5.99484250e-09 -9.88479082 -9.19955171 -7.74851583 -6.15698427 -4.74730695 
4.64158883e-09 -9.88479082 -9.19955171 -7.74851583 -6.15698427 -4.74730695 
3.59381366e-09 -9.88479082 -9.19955171 -7.74851583 -6.15698427 -4.74730695 
2.78255940e-09 -9.88479082 -9.19955171 -7.74851583 -6.15698427 -4.74730695 
2.15443469e-09 -9.88479082 -9.19955171 -7.74851583 -6.15698427 -4.74730695 
1.66810054e-09 -9.88479082 -9.19955171 -7.74851583 -6.15698427 -4.74730695 
1.29154967e-09 -9.88479082 -9.19955171 -7.74851583 -6.15698427 -4.74730695 
1.00000000e-09 -9.88479082 -9.19955171 -7.74851583 -6.15698427 -4.74730695 
7.74263683e-10 -9.88479082 -9.19955171 -7.74851583 -6.15698427 -4.74730695 
5.99484250e-10 -9.88479082 -9.19955171 -7.74851583 -6.15698427 -4.74730695 
4.64158883e-10 -9.88479082 -9.19955171 -7.74851583 -6.15698427 -4.74730695 
3.59381366e-10 -9.88479082 -9.19955171 -7.74851583 -6.15698427 -4.74730695 
2.78255940e-10 -9.88479082 -9.19955171 -7.74851583 -6.15698427 -4.74730695 
2.15443469e-10 -9.88479082 -9.19955171 -7.74851583 -6.15698427 -4.74730695 
1.66810054e-10 -9.88479082 -9.19955171 -7.74851583 -6.15698427 -4.74730695 
1.29154967e-10 -9.88479082 -9.19955171 -7.74851583 -6.15698427 -4.74730695 
1.00000000e-10 -9.88479082 -9.19955171 -7.74851583 -6.15698427 -4.74730695 
