Chemical species: N2 H2O CO2 CH4 O2 O3 N2O NH3
P (bar) | log_N2: -2σ | log_N2: -1σ | log_N2: median | log_N2: +1σ | log_N2: +2σ 
1.00000000e+01 -0.04043042 -0.01892586 -0.00053847 -0.00007482 -0.00002720 
7.74263683e+00 -0.04043042 -0.01892586 -0.00053847 -0.00007482 -0.00002720 
5.99484250e+00 -0.04043042 -0.01892586 -0.00053847 -0.00007482 -0.00002720 
4.64158883e+00 -0.04043042 -0.01892586 -0.00053847 -0.00007482 -0.00002720 
3.59381366e+00 -0.04043042 -0.01892586 -0.00053847 -0.00007482 -0.00002720 
2.78255940e+00 -0.04043042 -0.01892586 -0.00053847 -0.00007482 -0.00002720 
2.15443469e+00 -0.04043042 -0.01892586 -0.00053847 -0.00007482 -0.00002720 
1.66810054e+00 -0.04043042 -0.01892586 -0.00053847 -0.00007482 -0.00002720 
1.29154967e+00 -0.04043042 -0.01892586 -0.00053847 -0.00007482 -0.00002720 
1.00000000e+00 -0.04043042 -0.01892586 -0.00053847 -0.00007482 -0.00002720 
7.74263683e-01 -0.04043042 -0.01892586 -0.00053847 -0.00007482 -0.00002720 
5.99484250e-01 -0.04043042 -0.01892586 -0.00053847 -0.00007482 -0.00002720 
4.64158883e-01 -0.04043042 -0.01892586 -0.00053847 -0.00007482 -0.00002720 
3.59381366e-01 -0.04043042 -0.01892586 -0.00053847 -0.00007482 -0.00002720 
2.78255940e-01 -0.04043042 -0.01892586 -0.00053847 -0.00007482 -0.00002720 
2.15443469e-01 -0.04043042 -0.01892586 -0.00053847 -0.00007482 -0.00002720 
1.66810054e-01 -0.04043042 -0.01892586 -0.00053847 -0.00007482 -0.00002720 
1.29154967e-01 -0.04043042 -0.01892586 -0.00053847 -0.00007482 -0.00002720 
1.00000000e-01 -0.04043042 -0.01892586 -0.00053847 -0.00007482 -0.00002720 
7.74263683e-02 -0.04043042 -0.01892586 -0.00053847 -0.00007482 -0.00002720 
5.99484250e-02 -0.04043042 -0.01892586 -0.00053847 -0.00007482 -0.00002720 
4.64158883e-02 -0.04043042 -0.01892586 -0.00053847 -0.00007482 -0.00002720 
3.59381366e-02 -0.04043042 -0.01892586 -0.00053847 -0.00007482 -0.00002720 
2.78255940e-02 -0.04043042 -0.01892586 -0.00053847 -0.00007482 -0.00002720 
2.15443469e-02 -0.04043042 -0.01892586 -0.00053847 -0.00007482 -0.00002720 
1.66810054e-02 -0.04043042 -0.01892586 -0.00053847 -0.00007482 -0.00002720 
1.29154967e-02 -0.04043042 -0.01892586 -0.00053847 -0.00007482 -0.00002720 
1.00000000e-02 -0.04043042 -0.01892586 -0.00053847 -0.00007482 -0.00002720 
7.74263683e-03 -0.04043042 -0.01892586 -0.00053847 -0.00007482 -0.00002720 
5.99484250e-03 -0.04043042 -0.01892586 -0.00053847 -0.00007482 -0.00002720 
4.64158883e-03 -0.04043042 -0.01892586 -0.00053847 -0.00007482 -0.00002720 
3.59381366e-03 -0.04043042 -0.01892586 -0.00053847 -0.00007482 -0.00002720 
2.78255940e-03 -0.04043042 -0.01892586 -0.00053847 -0.00007482 -0.00002720 
2.15443469e-03 -0.04043042 -0.01892586 -0.00053847 -0.00007482 -0.00002720 
1.66810054e-03 -0.04043042 -0.01892586 -0.00053847 -0.00007482 -0.00002720 
1.29154967e-03 -0.04043042 -0.01892586 -0.00053847 -0.00007482 -0.00002720 
1.00000000e-03 -0.04043042 -0.01892586 -0.00053847 -0.00007482 -0.00002720 
7.74263683e-04 -0.04043042 -0.01892586 -0.00053847 -0.00007482 -0.00002720 
5.99484250e-04 -0.04043042 -0.01892586 -0.00053847 -0.00007482 -0.00002720 
4.64158883e-04 -0.04043042 -0.01892586 -0.00053847 -0.00007482 -0.00002720 
3.59381366e-04 -0.04043042 -0.01892586 -0.00053847 -0.00007482 -0.00002720 
2.78255940e-04 -0.04043042 -0.01892586 -0.00053847 -0.00007482 -0.00002720 
2.15443469e-04 -0.04043042 -0.01892586 -0.00053847 -0.00007482 -0.00002720 
1.66810054e-04 -0.04043042 -0.01892586 -0.00053847 -0.00007482 -0.00002720 
1.29154967e-04 -0.04043042 -0.01892586 -0.00053847 -0.00007482 -0.00002720 
1.00000000e-04 -0.04043042 -0.01892586 -0.00053847 -0.00007482 -0.00002720 
7.74263683e-05 -0.04043042 -0.01892586 -0.00053847 -0.00007482 -0.00002720 
5.99484250e-05 -0.04043042 -0.01892586 -0.00053847 -0.00007482 -0.00002720 
4.64158883e-05 -0.04043042 -0.01892586 -0.00053847 -0.00007482 -0.00002720 
3.59381366e-05 -0.04043042 -0.01892586 -0.00053847 -0.00007482 -0.00002720 
2.78255940e-05 -0.04043042 -0.01892586 -0.00053847 -0.00007482 -0.00002720 
2.15443469e-05 -0.04043042 -0.01892586 -0.00053847 -0.00007482 -0.00002720 
1.66810054e-05 -0.04043042 -0.01892586 -0.00053847 -0.00007482 -0.00002720 
1.29154967e-05 -0.04043042 -0.01892586 -0.00053847 -0.00007482 -0.00002720 
1.00000000e-05 -0.04043042 -0.01892586 -0.00053847 -0.00007482 -0.00002720 
7.74263683e-06 -0.04043042 -0.01892586 -0.00053847 -0.00007482 -0.00002720 
5.99484250e-06 -0.04043042 -0.01892586 -0.00053847 -0.00007482 -0.00002720 
4.64158883e-06 -0.04043042 -0.01892586 -0.00053847 -0.00007482 -0.00002720 
3.59381366e-06 -0.04043042 -0.01892586 -0.00053847 -0.00007482 -0.00002720 
2.78255940e-06 -0.04043042 -0.01892586 -0.00053847 -0.00007482 -0.00002720 
2.15443469e-06 -0.04043042 -0.01892586 -0.00053847 -0.00007482 -0.00002720 
1.66810054e-06 -0.04043042 -0.01892586 -0.00053847 -0.00007482 -0.00002720 
1.29154967e-06 -0.04043042 -0.01892586 -0.00053847 -0.00007482 -0.00002720 
1.00000000e-06 -0.04043042 -0.01892586 -0.00053847 -0.00007482 -0.00002720 
7.74263683e-07 -0.04043042 -0.01892586 -0.00053847 -0.00007482 -0.00002720 
5.99484250e-07 -0.04043042 -0.01892586 -0.00053847 -0.00007482 -0.00002720 
4.64158883e-07 -0.04043042 -0.01892586 -0.00053847 -0.00007482 -0.00002720 
3.59381366e-07 -0.04043042 -0.01892586 -0.00053847 -0.00007482 -0.00002720 
2.78255940e-07 -0.04043042 -0.01892586 -0.00053847 -0.00007482 -0.00002720 
2.15443469e-07 -0.04043042 -0.01892586 -0.00053847 -0.00007482 -0.00002720 
1.66810054e-07 -0.04043042 -0.01892586 -0.00053847 -0.00007482 -0.00002720 
1.29154967e-07 -0.04043042 -0.01892586 -0.00053847 -0.00007482 -0.00002720 
1.00000000e-07 -0.04043042 -0.01892586 -0.00053847 -0.00007482 -0.00002720 
7.74263683e-08 -0.04043042 -0.01892586 -0.00053847 -0.00007482 -0.00002720 
5.99484250e-08 -0.04043042 -0.01892586 -0.00053847 -0.00007482 -0.00002720 
4.64158883e-08 -0.04043042 -0.01892586 -0.00053847 -0.00007482 -0.00002720 
3.59381366e-08 -0.04043042 -0.01892586 -0.00053847 -0.00007482 -0.00002720 
2.78255940e-08 -0.04043042 -0.01892586 -0.00053847 -0.00007482 -0.00002720 
2.15443469e-08 -0.04043042 -0.01892586 -0.00053847 -0.00007482 -0.00002720 
1.66810054e-08 -0.04043042 -0.01892586 -0.00053847 -0.00007482 -0.00002720 
1.29154967e-08 -0.04043042 -0.01892586 -0.00053847 -0.00007482 -0.00002720 
1.00000000e-08 -0.04043042 -0.01892586 -0.00053847 -0.00007482 -0.00002720 
7.74263683e-09 -0.04043042 -0.01892586 -0.00053847 -0.00007482 -0.00002720 
5.99484250e-09 -0.04043042 -0.01892586 -0.00053847 -0.00007482 -0.00002720 
4.64158883e-09 -0.04043042 -0.01892586 -0.00053847 -0.00007482 -0.00002720 
3.59381366e-09 -0.04043042 -0.01892586 -0.00053847 -0.00007482 -0.00002720 
2.78255940e-09 -0.04043042 -0.01892586 -0.00053847 -0.00007482 -0.00002720 
2.15443469e-09 -0.04043042 -0.01892586 -0.00053847 -0.00007482 -0.00002720 
1.66810054e-09 -0.04043042 -0.01892586 -0.00053847 -0.00007482 -0.00002720 
1.29154967e-09 -0.04043042 -0.01892586 -0.00053847 -0.00007482 -0.00002720 
1.00000000e-09 -0.04043042 -0.01892586 -0.00053847 -0.00007482 -0.00002720 
7.74263683e-10 -0.04043042 -0.01892586 -0.00053847 -0.00007482 -0.00002720 
5.99484250e-10 -0.04043042 -0.01892586 -0.00053847 -0.00007482 -0.00002720 
4.64158883e-10 -0.04043042 -0.01892586 -0.00053847 -0.00007482 -0.00002720 
3.59381366e-10 -0.04043042 -0.01892586 -0.00053847 -0.00007482 -0.00002720 
2.78255940e-10 -0.04043042 -0.01892586 -0.00053847 -0.00007482 -0.00002720 
2.15443469e-10 -0.04043042 -0.01892586 -0.00053847 -0.00007482 -0.00002720 
1.66810054e-10 -0.04043042 -0.01892586 -0.00053847 -0.00007482 -0.00002720 
1.29154967e-10 -0.04043042 -0.01892586 -0.00053847 -0.00007482 -0.00002720 
1.00000000e-10 -0.04043042 -0.01892586 -0.00053847 -0.00007482 -0.00002720 
P (bar) | log_H2O: -2σ | log_H2O: -1σ | log_H2O: median | log_H2O: +1σ | log_H2O: +2σ 
1.00000000e+01 -5.19400715 -4.78721856 -4.37132013 -3.88385730 -3.24345239 
7.74263683e+00 -5.19400715 -4.78721856 -4.37132013 -3.88385730 -3.24345239 
5.99484250e+00 -5.19400715 -4.78721856 -4.37132013 -3.88385730 -3.24345239 
4.64158883e+00 -5.19400715 -4.78721856 -4.37132013 -3.88385730 -3.24345239 
3.59381366e+00 -5.19400715 -4.78721856 -4.37132013 -3.88385730 -3.24345239 
2.78255940e+00 -5.19400715 -4.78721856 -4.37132013 -3.88385730 -3.24345239 
2.15443469e+00 -5.19400715 -4.78721856 -4.37132013 -3.88385730 -3.24345239 
1.66810054e+00 -5.19400715 -4.78721856 -4.37132013 -3.88385730 -3.24345239 
1.29154967e+00 -5.19400715 -4.78721856 -4.37132013 -3.88385730 -3.24345239 
1.00000000e+00 -5.19400715 -4.78721856 -4.37132013 -3.88385730 -3.24345239 
7.74263683e-01 -5.19400715 -4.78721856 -4.37132013 -3.88385730 -3.24345239 
5.99484250e-01 -5.19400715 -4.78721856 -4.37132013 -3.88385730 -3.24345239 
4.64158883e-01 -5.19400715 -4.78721856 -4.37132013 -3.88385730 -3.24345239 
3.59381366e-01 -5.19400715 -4.78721856 -4.37132013 -3.88385730 -3.24345239 
2.78255940e-01 -5.19400715 -4.78721856 -4.37132013 -3.88385730 -3.24345239 
2.15443469e-01 -5.19400715 -4.78721856 -4.37132013 -3.88385730 -3.24345239 
1.66810054e-01 -5.19400715 -4.78721856 -4.37132013 -3.88385730 -3.24345239 
1.29154967e-01 -5.19400715 -4.78721856 -4.37132013 -3.88385730 -3.24345239 
1.00000000e-01 -5.19400715 -4.78721856 -4.37132013 -3.88385730 -3.24345239 
7.74263683e-02 -5.19400715 -4.78721856 -4.37132013 -3.88385730 -3.24345239 
5.99484250e-02 -5.19400715 -4.78721856 -4.37132013 -3.88385730 -3.24345239 
4.64158883e-02 -5.19400715 -4.78721856 -4.37132013 -3.88385730 -3.24345239 
3.59381366e-02 -5.19400715 -4.78721856 -4.37132013 -3.88385730 -3.24345239 
2.78255940e-02 -5.19400715 -4.78721856 -4.37132013 -3.88385730 -3.24345239 
2.15443469e-02 -5.19400715 -4.78721856 -4.37132013 -3.88385730 -3.24345239 
1.66810054e-02 -5.19400715 -4.78721856 -4.37132013 -3.88385730 -3.24345239 
1.29154967e-02 -5.19400715 -4.78721856 -4.37132013 -3.88385730 -3.24345239 
1.00000000e-02 -5.19400715 -4.78721856 -4.37132013 -3.88385730 -3.24345239 
7.74263683e-03 -5.19400715 -4.78721856 -4.37132013 -3.88385730 -3.24345239 
5.99484250e-03 -5.19400715 -4.78721856 -4.37132013 -3.88385730 -3.24345239 
4.64158883e-03 -5.19400715 -4.78721856 -4.37132013 -3.88385730 -3.24345239 
3.59381366e-03 -5.19400715 -4.78721856 -4.37132013 -3.88385730 -3.24345239 
2.78255940e-03 -5.19400715 -4.78721856 -4.37132013 -3.88385730 -3.24345239 
2.15443469e-03 -5.19400715 -4.78721856 -4.37132013 -3.88385730 -3.24345239 
1.66810054e-03 -5.19400715 -4.78721856 -4.37132013 -3.88385730 -3.24345239 
1.29154967e-03 -5.19400715 -4.78721856 -4.37132013 -3.88385730 -3.24345239 
1.00000000e-03 -5.19400715 -4.78721856 -4.37132013 -3.88385730 -3.24345239 
7.74263683e-04 -5.19400715 -4.78721856 -4.37132013 -3.88385730 -3.24345239 
5.99484250e-04 -5.19400715 -4.78721856 -4.37132013 -3.88385730 -3.24345239 
4.64158883e-04 -5.19400715 -4.78721856 -4.37132013 -3.88385730 -3.24345239 
3.59381366e-04 -5.19400715 -4.78721856 -4.37132013 -3.88385730 -3.24345239 
2.78255940e-04 -5.19400715 -4.78721856 -4.37132013 -3.88385730 -3.24345239 
2.15443469e-04 -5.19400715 -4.78721856 -4.37132013 -3.88385730 -3.24345239 
1.66810054e-04 -5.19400715 -4.78721856 -4.37132013 -3.88385730 -3.24345239 
1.29154967e-04 -5.19400715 -4.78721856 -4.37132013 -3.88385730 -3.24345239 
1.00000000e-04 -5.19400715 -4.78721856 -4.37132013 -3.88385730 -3.24345239 
7.74263683e-05 -5.19400715 -4.78721856 -4.37132013 -3.88385730 -3.24345239 
5.99484250e-05 -5.19400715 -4.78721856 -4.37132013 -3.88385730 -3.24345239 
4.64158883e-05 -5.19400715 -4.78721856 -4.37132013 -3.88385730 -3.24345239 
3.59381366e-05 -5.19400715 -4.78721856 -4.37132013 -3.88385730 -3.24345239 
2.78255940e-05 -5.19400715 -4.78721856 -4.37132013 -3.88385730 -3.24345239 
2.15443469e-05 -5.19400715 -4.78721856 -4.37132013 -3.88385730 -3.24345239 
1.66810054e-05 -5.19400715 -4.78721856 -4.37132013 -3.88385730 -3.24345239 
1.29154967e-05 -5.19400715 -4.78721856 -4.37132013 -3.88385730 -3.24345239 
1.00000000e-05 -5.19400715 -4.78721856 -4.37132013 -3.88385730 -3.24345239 
7.74263683e-06 -5.19400715 -4.78721856 -4.37132013 -3.88385730 -3.24345239 
5.99484250e-06 -5.19400715 -4.78721856 -4.37132013 -3.88385730 -3.24345239 
4.64158883e-06 -5.19400715 -4.78721856 -4.37132013 -3.88385730 -3.24345239 
3.59381366e-06 -5.19400715 -4.78721856 -4.37132013 -3.88385730 -3.24345239 
2.78255940e-06 -5.19400715 -4.78721856 -4.37132013 -3.88385730 -3.24345239 
2.15443469e-06 -5.19400715 -4.78721856 -4.37132013 -3.88385730 -3.24345239 
1.66810054e-06 -5.19400715 -4.78721856 -4.37132013 -3.88385730 -3.24345239 
1.29154967e-06 -5.19400715 -4.78721856 -4.37132013 -3.88385730 -3.24345239 
1.00000000e-06 -5.19400715 -4.78721856 -4.37132013 -3.88385730 -3.24345239 
7.74263683e-07 -5.19400715 -4.78721856 -4.37132013 -3.88385730 -3.24345239 
5.99484250e-07 -5.19400715 -4.78721856 -4.37132013 -3.88385730 -3.24345239 
4.64158883e-07 -5.19400715 -4.78721856 -4.37132013 -3.88385730 -3.24345239 
3.59381366e-07 -5.19400715 -4.78721856 -4.37132013 -3.88385730 -3.24345239 
2.78255940e-07 -5.19400715 -4.78721856 -4.37132013 -3.88385730 -3.24345239 
2.15443469e-07 -5.19400715 -4.78721856 -4.37132013 -3.88385730 -3.24345239 
1.66810054e-07 -5.19400715 -4.78721856 -4.37132013 -3.88385730 -3.24345239 
1.29154967e-07 -5.19400715 -4.78721856 -4.37132013 -3.88385730 -3.24345239 
1.00000000e-07 -5.19400715 -4.78721856 -4.37132013 -3.88385730 -3.24345239 
7.74263683e-08 -5.19400715 -4.78721856 -4.37132013 -3.88385730 -3.24345239 
5.99484250e-08 -5.19400715 -4.78721856 -4.37132013 -3.88385730 -3.24345239 
4.64158883e-08 -5.19400715 -4.78721856 -4.37132013 -3.88385730 -3.24345239 
3.59381366e-08 -5.19400715 -4.78721856 -4.37132013 -3.88385730 -3.24345239 
2.78255940e-08 -5.19400715 -4.78721856 -4.37132013 -3.88385730 -3.24345239 
2.15443469e-08 -5.19400715 -4.78721856 -4.37132013 -3.88385730 -3.24345239 
1.66810054e-08 -5.19400715 -4.78721856 -4.37132013 -3.88385730 -3.24345239 
1.29154967e-08 -5.19400715 -4.78721856 -4.37132013 -3.88385730 -3.24345239 
1.00000000e-08 -5.19400715 -4.78721856 -4.37132013 -3.88385730 -3.24345239 
7.74263683e-09 -5.19400715 -4.78721856 -4.37132013 -3.88385730 -3.24345239 
5.99484250e-09 -5.19400715 -4.78721856 -4.37132013 -3.88385730 -3.24345239 
4.64158883e-09 -5.19400715 -4.78721856 -4.37132013 -3.88385730 -3.24345239 
3.59381366e-09 -5.19400715 -4.78721856 -4.37132013 -3.88385730 -3.24345239 
2.78255940e-09 -5.19400715 -4.78721856 -4.37132013 -3.88385730 -3.24345239 
2.15443469e-09 -5.19400715 -4.78721856 -4.37132013 -3.88385730 -3.24345239 
1.66810054e-09 -5.19400715 -4.78721856 -4.37132013 -3.88385730 -3.24345239 
1.29154967e-09 -5.19400715 -4.78721856 -4.37132013 -3.88385730 -3.24345239 
1.00000000e-09 -5.19400715 -4.78721856 -4.37132013 -3.88385730 -3.24345239 
7.74263683e-10 -5.19400715 -4.78721856 -4.37132013 -3.88385730 -3.24345239 
5.99484250e-10 -5.19400715 -4.78721856 -4.37132013 -3.88385730 -3.24345239 
4.64158883e-10 -5.19400715 -4.78721856 -4.37132013 -3.88385730 -3.24345239 
3.59381366e-10 -5.19400715 -4.78721856 -4.37132013 -3.88385730 -3.24345239 
2.78255940e-10 -5.19400715 -4.78721856 -4.37132013 -3.88385730 -3.24345239 
2.15443469e-10 -5.19400715 -4.78721856 -4.37132013 -3.88385730 -3.24345239 
1.66810054e-10 -5.19400715 -4.78721856 -4.37132013 -3.88385730 -3.24345239 
1.29154967e-10 -5.19400715 -4.78721856 -4.37132013 -3.88385730 -3.24345239 
1.00000000e-10 -5.19400715 -4.78721856 -4.37132013 -3.88385730 -3.24345239 
P (bar) | log_CO2: -2σ | log_CO2: -1σ | log_CO2: median | log_CO2: +1σ | log_CO2: +2σ 
1.00000000e+01 -4.90842324 -4.31574403 -3.77283262 -3.20844317 -2.63459374 
7.74263683e+00 -4.90842324 -4.31574403 -3.77283262 -3.20844317 -2.63459374 
5.99484250e+00 -4.90842324 -4.31574403 -3.77283262 -3.20844317 -2.63459374 
4.64158883e+00 -4.90842324 -4.31574403 -3.77283262 -3.20844317 -2.63459374 
3.59381366e+00 -4.90842324 -4.31574403 -3.77283262 -3.20844317 -2.63459374 
2.78255940e+00 -4.90842324 -4.31574403 -3.77283262 -3.20844317 -2.63459374 
2.15443469e+00 -4.90842324 -4.31574403 -3.77283262 -3.20844317 -2.63459374 
1.66810054e+00 -4.90842324 -4.31574403 -3.77283262 -3.20844317 -2.63459374 
1.29154967e+00 -4.90842324 -4.31574403 -3.77283262 -3.20844317 -2.63459374 
1.00000000e+00 -4.90842324 -4.31574403 -3.77283262 -3.20844317 -2.63459374 
7.74263683e-01 -4.90842324 -4.31574403 -3.77283262 -3.20844317 -2.63459374 
5.99484250e-01 -4.90842324 -4.31574403 -3.77283262 -3.20844317 -2.63459374 
4.64158883e-01 -4.90842324 -4.31574403 -3.77283262 -3.20844317 -2.63459374 
3.59381366e-01 -4.90842324 -4.31574403 -3.77283262 -3.20844317 -2.63459374 
2.78255940e-01 -4.90842324 -4.31574403 -3.77283262 -3.20844317 -2.63459374 
2.15443469e-01 -4.90842324 -4.31574403 -3.77283262 -3.20844317 -2.63459374 
1.66810054e-01 -4.90842324 -4.31574403 -3.77283262 -3.20844317 -2.63459374 
1.29154967e-01 -4.90842324 -4.31574403 -3.77283262 -3.20844317 -2.63459374 
1.00000000e-01 -4.90842324 -4.31574403 -3.77283262 -3.20844317 -2.63459374 
7.74263683e-02 -4.90842324 -4.31574403 -3.77283262 -3.20844317 -2.63459374 
5.99484250e-02 -4.90842324 -4.31574403 -3.77283262 -3.20844317 -2.63459374 
4.64158883e-02 -4.90842324 -4.31574403 -3.77283262 -3.20844317 -2.63459374 
3.59381366e-02 -4.90842324 -4.31574403 -3.77283262 -3.20844317 -2.63459374 
2.78255940e-02 -4.90842324 -4.31574403 -3.77283262 -3.20844317 -2.63459374 
2.15443469e-02 -4.90842324 -4.31574403 -3.77283262 -3.20844317 -2.63459374 
1.66810054e-02 -4.90842324 -4.31574403 -3.77283262 -3.20844317 -2.63459374 
1.29154967e-02 -4.90842324 -4.31574403 -3.77283262 -3.20844317 -2.63459374 
1.00000000e-02 -4.90842324 -4.31574403 -3.77283262 -3.20844317 -2.63459374 
7.74263683e-03 -4.90842324 -4.31574403 -3.77283262 -3.20844317 -2.63459374 
5.99484250e-03 -4.90842324 -4.31574403 -3.77283262 -3.20844317 -2.63459374 
4.64158883e-03 -4.90842324 -4.31574403 -3.77283262 -3.20844317 -2.63459374 
3.59381366e-03 -4.90842324 -4.31574403 -3.77283262 -3.20844317 -2.63459374 
2.78255940e-03 -4.90842324 -4.31574403 -3.77283262 -3.20844317 -2.63459374 
2.15443469e-03 -4.90842324 -4.31574403 -3.77283262 -3.20844317 -2.63459374 
1.66810054e-03 -4.90842324 -4.31574403 -3.77283262 -3.20844317 -2.63459374 
1.29154967e-03 -4.90842324 -4.31574403 -3.77283262 -3.20844317 -2.63459374 
1.00000000e-03 -4.90842324 -4.31574403 -3.77283262 -3.20844317 -2.63459374 
7.74263683e-04 -4.90842324 -4.31574403 -3.77283262 -3.20844317 -2.63459374 
5.99484250e-04 -4.90842324 -4.31574403 -3.77283262 -3.20844317 -2.63459374 
4.64158883e-04 -4.90842324 -4.31574403 -3.77283262 -3.20844317 -2.63459374 
3.59381366e-04 -4.90842324 -4.31574403 -3.77283262 -3.20844317 -2.63459374 
2.78255940e-04 -4.90842324 -4.31574403 -3.77283262 -3.20844317 -2.63459374 
2.15443469e-04 -4.90842324 -4.31574403 -3.77283262 -3.20844317 -2.63459374 
1.66810054e-04 -4.90842324 -4.31574403 -3.77283262 -3.20844317 -2.63459374 
1.29154967e-04 -4.90842324 -4.31574403 -3.77283262 -3.20844317 -2.63459374 
1.00000000e-04 -4.90842324 -4.31574403 -3.77283262 -3.20844317 -2.63459374 
7.74263683e-05 -4.90842324 -4.31574403 -3.77283262 -3.20844317 -2.63459374 
5.99484250e-05 -4.90842324 -4.31574403 -3.77283262 -3.20844317 -2.63459374 
4.64158883e-05 -4.90842324 -4.31574403 -3.77283262 -3.20844317 -2.63459374 
3.59381366e-05 -4.90842324 -4.31574403 -3.77283262 -3.20844317 -2.63459374 
2.78255940e-05 -4.90842324 -4.31574403 -3.77283262 -3.20844317 -2.63459374 
2.15443469e-05 -4.90842324 -4.31574403 -3.77283262 -3.20844317 -2.63459374 
1.66810054e-05 -4.90842324 -4.31574403 -3.77283262 -3.20844317 -2.63459374 
1.29154967e-05 -4.90842324 -4.31574403 -3.77283262 -3.20844317 -2.63459374 
1.00000000e-05 -4.90842324 -4.31574403 -3.77283262 -3.20844317 -2.63459374 
7.74263683e-06 -4.90842324 -4.31574403 -3.77283262 -3.20844317 -2.63459374 
5.99484250e-06 -4.90842324 -4.31574403 -3.77283262 -3.20844317 -2.63459374 
4.64158883e-06 -4.90842324 -4.31574403 -3.77283262 -3.20844317 -2.63459374 
3.59381366e-06 -4.90842324 -4.31574403 -3.77283262 -3.20844317 -2.63459374 
2.78255940e-06 -4.90842324 -4.31574403 -3.77283262 -3.20844317 -2.63459374 
2.15443469e-06 -4.90842324 -4.31574403 -3.77283262 -3.20844317 -2.63459374 
1.66810054e-06 -4.90842324 -4.31574403 -3.77283262 -3.20844317 -2.63459374 
1.29154967e-06 -4.90842324 -4.31574403 -3.77283262 -3.20844317 -2.63459374 
1.00000000e-06 -4.90842324 -4.31574403 -3.77283262 -3.20844317 -2.63459374 
7.74263683e-07 -4.90842324 -4.31574403 -3.77283262 -3.20844317 -2.63459374 
5.99484250e-07 -4.90842324 -4.31574403 -3.77283262 -3.20844317 -2.63459374 
4.64158883e-07 -4.90842324 -4.31574403 -3.77283262 -3.20844317 -2.63459374 
3.59381366e-07 -4.90842324 -4.31574403 -3.77283262 -3.20844317 -2.63459374 
2.78255940e-07 -4.90842324 -4.31574403 -3.77283262 -3.20844317 -2.63459374 
2.15443469e-07 -4.90842324 -4.31574403 -3.77283262 -3.20844317 -2.63459374 
1.66810054e-07 -4.90842324 -4.31574403 -3.77283262 -3.20844317 -2.63459374 
1.29154967e-07 -4.90842324 -4.31574403 -3.77283262 -3.20844317 -2.63459374 
1.00000000e-07 -4.90842324 -4.31574403 -3.77283262 -3.20844317 -2.63459374 
7.74263683e-08 -4.90842324 -4.31574403 -3.77283262 -3.20844317 -2.63459374 
5.99484250e-08 -4.90842324 -4.31574403 -3.77283262 -3.20844317 -2.63459374 
4.64158883e-08 -4.90842324 -4.31574403 -3.77283262 -3.20844317 -2.63459374 
3.59381366e-08 -4.90842324 -4.31574403 -3.77283262 -3.20844317 -2.63459374 
2.78255940e-08 -4.90842324 -4.31574403 -3.77283262 -3.20844317 -2.63459374 
2.15443469e-08 -4.90842324 -4.31574403 -3.77283262 -3.20844317 -2.63459374 
1.66810054e-08 -4.90842324 -4.31574403 -3.77283262 -3.20844317 -2.63459374 
1.29154967e-08 -4.90842324 -4.31574403 -3.77283262 -3.20844317 -2.63459374 
1.00000000e-08 -4.90842324 -4.31574403 -3.77283262 -3.20844317 -2.63459374 
7.74263683e-09 -4.90842324 -4.31574403 -3.77283262 -3.20844317 -2.63459374 
5.99484250e-09 -4.90842324 -4.31574403 -3.77283262 -3.20844317 -2.63459374 
4.64158883e-09 -4.90842324 -4.31574403 -3.77283262 -3.20844317 -2.63459374 
3.59381366e-09 -4.90842324 -4.31574403 -3.77283262 -3.20844317 -2.63459374 
2.78255940e-09 -4.90842324 -4.31574403 -3.77283262 -3.20844317 -2.63459374 
2.15443469e-09 -4.90842324 -4.31574403 -3.77283262 -3.20844317 -2.63459374 
1.66810054e-09 -4.90842324 -4.31574403 -3.77283262 -3.20844317 -2.63459374 
1.29154967e-09 -4.90842324 -4.31574403 -3.77283262 -3.20844317 -2.63459374 
1.00000000e-09 -4.90842324 -4.31574403 -3.77283262 -3.20844317 -2.63459374 
7.74263683e-10 -4.90842324 -4.31574403 -3.77283262 -3.20844317 -2.63459374 
5.99484250e-10 -4.90842324 -4.31574403 -3.77283262 -3.20844317 -2.63459374 
4.64158883e-10 -4.90842324 -4.31574403 -3.77283262 -3.20844317 -2.63459374 
3.59381366e-10 -4.90842324 -4.31574403 -3.77283262 -3.20844317 -2.63459374 
2.78255940e-10 -4.90842324 -4.31574403 -3.77283262 -3.20844317 -2.63459374 
2.15443469e-10 -4.90842324 -4.31574403 -3.77283262 -3.20844317 -2.63459374 
1.66810054e-10 -4.90842324 -4.31574403 -3.77283262 -3.20844317 -2.63459374 
1.29154967e-10 -4.90842324 -4.31574403 -3.77283262 -3.20844317 -2.63459374 
1.00000000e-10 -4.90842324 -4.31574403 -3.77283262 -3.20844317 -2.63459374 
P (bar) | log_CH4: -2σ | log_CH4: -1σ | log_CH4: median | log_CH4: +1σ | log_CH4: +2σ 
1.00000000e+01 -5.09799812 -4.84903115 -4.56957560 -4.20470270 -3.84841656 
7.74263683e+00 -5.09799812 -4.84903115 -4.56957560 -4.20470270 -3.84841656 
5.99484250e+00 -5.09799812 -4.84903115 -4.56957560 -4.20470270 -3.84841656 
4.64158883e+00 -5.09799812 -4.84903115 -4.56957560 -4.20470270 -3.84841656 
3.59381366e+00 -5.09799812 -4.84903115 -4.56957560 -4.20470270 -3.84841656 
2.78255940e+00 -5.09799812 -4.84903115 -4.56957560 -4.20470270 -3.84841656 
2.15443469e+00 -5.09799812 -4.84903115 -4.56957560 -4.20470270 -3.84841656 
1.66810054e+00 -5.09799812 -4.84903115 -4.56957560 -4.20470270 -3.84841656 
1.29154967e+00 -5.09799812 -4.84903115 -4.56957560 -4.20470270 -3.84841656 
1.00000000e+00 -5.09799812 -4.84903115 -4.56957560 -4.20470270 -3.84841656 
7.74263683e-01 -5.09799812 -4.84903115 -4.56957560 -4.20470270 -3.84841656 
5.99484250e-01 -5.09799812 -4.84903115 -4.56957560 -4.20470270 -3.84841656 
4.64158883e-01 -5.09799812 -4.84903115 -4.56957560 -4.20470270 -3.84841656 
3.59381366e-01 -5.09799812 -4.84903115 -4.56957560 -4.20470270 -3.84841656 
2.78255940e-01 -5.09799812 -4.84903115 -4.56957560 -4.20470270 -3.84841656 
2.15443469e-01 -5.09799812 -4.84903115 -4.56957560 -4.20470270 -3.84841656 
1.66810054e-01 -5.09799812 -4.84903115 -4.56957560 -4.20470270 -3.84841656 
1.29154967e-01 -5.09799812 -4.84903115 -4.56957560 -4.20470270 -3.84841656 
1.00000000e-01 -5.09799812 -4.84903115 -4.56957560 -4.20470270 -3.84841656 
7.74263683e-02 -5.09799812 -4.84903115 -4.56957560 -4.20470270 -3.84841656 
5.99484250e-02 -5.09799812 -4.84903115 -4.56957560 -4.20470270 -3.84841656 
4.64158883e-02 -5.09799812 -4.84903115 -4.56957560 -4.20470270 -3.84841656 
3.59381366e-02 -5.09799812 -4.84903115 -4.56957560 -4.20470270 -3.84841656 
2.78255940e-02 -5.09799812 -4.84903115 -4.56957560 -4.20470270 -3.84841656 
2.15443469e-02 -5.09799812 -4.84903115 -4.56957560 -4.20470270 -3.84841656 
1.66810054e-02 -5.09799812 -4.84903115 -4.56957560 -4.20470270 -3.84841656 
1.29154967e-02 -5.09799812 -4.84903115 -4.56957560 -4.20470270 -3.84841656 
1.00000000e-02 -5.09799812 -4.84903115 -4.56957560 -4.20470270 -3.84841656 
7.74263683e-03 -5.09799812 -4.84903115 -4.56957560 -4.20470270 -3.84841656 
5.99484250e-03 -5.09799812 -4.84903115 -4.56957560 -4.20470270 -3.84841656 
4.64158883e-03 -5.09799812 -4.84903115 -4.56957560 -4.20470270 -3.84841656 
3.59381366e-03 -5.09799812 -4.84903115 -4.56957560 -4.20470270 -3.84841656 
2.78255940e-03 -5.09799812 -4.84903115 -4.56957560 -4.20470270 -3.84841656 
2.15443469e-03 -5.09799812 -4.84903115 -4.56957560 -4.20470270 -3.84841656 
1.66810054e-03 -5.09799812 -4.84903115 -4.56957560 -4.20470270 -3.84841656 
1.29154967e-03 -5.09799812 -4.84903115 -4.56957560 -4.20470270 -3.84841656 
1.00000000e-03 -5.09799812 -4.84903115 -4.56957560 -4.20470270 -3.84841656 
7.74263683e-04 -5.09799812 -4.84903115 -4.56957560 -4.20470270 -3.84841656 
5.99484250e-04 -5.09799812 -4.84903115 -4.56957560 -4.20470270 -3.84841656 
4.64158883e-04 -5.09799812 -4.84903115 -4.56957560 -4.20470270 -3.84841656 
3.59381366e-04 -5.09799812 -4.84903115 -4.56957560 -4.20470270 -3.84841656 
2.78255940e-04 -5.09799812 -4.84903115 -4.56957560 -4.20470270 -3.84841656 
2.15443469e-04 -5.09799812 -4.84903115 -4.56957560 -4.20470270 -3.84841656 
1.66810054e-04 -5.09799812 -4.84903115 -4.56957560 -4.20470270 -3.84841656 
1.29154967e-04 -5.09799812 -4.84903115 -4.56957560 -4.20470270 -3.84841656 
1.00000000e-04 -5.09799812 -4.84903115 -4.56957560 -4.20470270 -3.84841656 
7.74263683e-05 -5.09799812 -4.84903115 -4.56957560 -4.20470270 -3.84841656 
5.99484250e-05 -5.09799812 -4.84903115 -4.56957560 -4.20470270 -3.84841656 
4.64158883e-05 -5.09799812 -4.84903115 -4.56957560 -4.20470270 -3.84841656 
3.59381366e-05 -5.09799812 -4.84903115 -4.56957560 -4.20470270 -3.84841656 
2.78255940e-05 -5.09799812 -4.84903115 -4.56957560 -4.20470270 -3.84841656 
2.15443469e-05 -5.09799812 -4.84903115 -4.56957560 -4.20470270 -3.84841656 
1.66810054e-05 -5.09799812 -4.84903115 -4.56957560 -4.20470270 -3.84841656 
1.29154967e-05 -5.09799812 -4.84903115 -4.56957560 -4.20470270 -3.84841656 
1.00000000e-05 -5.09799812 -4.84903115 -4.56957560 -4.20470270 -3.84841656 
7.74263683e-06 -5.09799812 -4.84903115 -4.56957560 -4.20470270 -3.84841656 
5.99484250e-06 -5.09799812 -4.84903115 -4.56957560 -4.20470270 -3.84841656 
4.64158883e-06 -5.09799812 -4.84903115 -4.56957560 -4.20470270 -3.84841656 
3.59381366e-06 -5.09799812 -4.84903115 -4.56957560 -4.20470270 -3.84841656 
2.78255940e-06 -5.09799812 -4.84903115 -4.56957560 -4.20470270 -3.84841656 
2.15443469e-06 -5.09799812 -4.84903115 -4.56957560 -4.20470270 -3.84841656 
1.66810054e-06 -5.09799812 -4.84903115 -4.56957560 -4.20470270 -3.84841656 
1.29154967e-06 -5.09799812 -4.84903115 -4.56957560 -4.20470270 -3.84841656 
1.00000000e-06 -5.09799812 -4.84903115 -4.56957560 -4.20470270 -3.84841656 
7.74263683e-07 -5.09799812 -4.84903115 -4.56957560 -4.20470270 -3.84841656 
5.99484250e-07 -5.09799812 -4.84903115 -4.56957560 -4.20470270 -3.84841656 
4.64158883e-07 -5.09799812 -4.84903115 -4.56957560 -4.20470270 -3.84841656 
3.59381366e-07 -5.09799812 -4.84903115 -4.56957560 -4.20470270 -3.84841656 
2.78255940e-07 -5.09799812 -4.84903115 -4.56957560 -4.20470270 -3.84841656 
2.15443469e-07 -5.09799812 -4.84903115 -4.56957560 -4.20470270 -3.84841656 
1.66810054e-07 -5.09799812 -4.84903115 -4.56957560 -4.20470270 -3.84841656 
1.29154967e-07 -5.09799812 -4.84903115 -4.56957560 -4.20470270 -3.84841656 
1.00000000e-07 -5.09799812 -4.84903115 -4.56957560 -4.20470270 -3.84841656 
7.74263683e-08 -5.09799812 -4.84903115 -4.56957560 -4.20470270 -3.84841656 
5.99484250e-08 -5.09799812 -4.84903115 -4.56957560 -4.20470270 -3.84841656 
4.64158883e-08 -5.09799812 -4.84903115 -4.56957560 -4.20470270 -3.84841656 
3.59381366e-08 -5.09799812 -4.84903115 -4.56957560 -4.20470270 -3.84841656 
2.78255940e-08 -5.09799812 -4.84903115 -4.56957560 -4.20470270 -3.84841656 
2.15443469e-08 -5.09799812 -4.84903115 -4.56957560 -4.20470270 -3.84841656 
1.66810054e-08 -5.09799812 -4.84903115 -4.56957560 -4.20470270 -3.84841656 
1.29154967e-08 -5.09799812 -4.84903115 -4.56957560 -4.20470270 -3.84841656 
1.00000000e-08 -5.09799812 -4.84903115 -4.56957560 -4.20470270 -3.84841656 
7.74263683e-09 -5.09799812 -4.84903115 -4.56957560 -4.20470270 -3.84841656 
5.99484250e-09 -5.09799812 -4.84903115 -4.56957560 -4.20470270 -3.84841656 
4.64158883e-09 -5.09799812 -4.84903115 -4.56957560 -4.20470270 -3.84841656 
3.59381366e-09 -5.09799812 -4.84903115 -4.56957560 -4.20470270 -3.84841656 
2.78255940e-09 -5.09799812 -4.84903115 -4.56957560 -4.20470270 -3.84841656 
2.15443469e-09 -5.09799812 -4.84903115 -4.56957560 -4.20470270 -3.84841656 
1.66810054e-09 -5.09799812 -4.84903115 -4.56957560 -4.20470270 -3.84841656 
1.29154967e-09 -5.09799812 -4.84903115 -4.56957560 -4.20470270 -3.84841656 
1.00000000e-09 -5.09799812 -4.84903115 -4.56957560 -4.20470270 -3.84841656 
7.74263683e-10 -5.09799812 -4.84903115 -4.56957560 -4.20470270 -3.84841656 
5.99484250e-10 -5.09799812 -4.84903115 -4.56957560 -4.20470270 -3.84841656 
4.64158883e-10 -5.09799812 -4.84903115 -4.56957560 -4.20470270 -3.84841656 
3.59381366e-10 -5.09799812 -4.84903115 -4.56957560 -4.20470270 -3.84841656 
2.78255940e-10 -5.09799812 -4.84903115 -4.56957560 -4.20470270 -3.84841656 
2.15443469e-10 -5.09799812 -4.84903115 -4.56957560 -4.20470270 -3.84841656 
1.66810054e-10 -5.09799812 -4.84903115 -4.56957560 -4.20470270 -3.84841656 
1.29154967e-10 -5.09799812 -4.84903115 -4.56957560 -4.20470270 -3.84841656 
1.00000000e-10 -5.09799812 -4.84903115 -4.56957560 -4.20470270 -3.84841656 
P (bar) | log_O2: -2σ | log_O2: -1σ | log_O2: median | log_O2: +1σ | log_O2: +2σ 
1.00000000e+01 -9.72209859 -7.90042828 -3.58126766 -1.38436775 -1.05482613 
7.74263683e+00 -9.72209859 -7.90042828 -3.58126766 -1.38436775 -1.05482613 
5.99484250e+00 -9.72209859 -7.90042828 -3.58126766 -1.38436775 -1.05482613 
4.64158883e+00 -9.72209859 -7.90042828 -3.58126766 -1.38436775 -1.05482613 
3.59381366e+00 -9.72209859 -7.90042828 -3.58126766 -1.38436775 -1.05482613 
2.78255940e+00 -9.72209859 -7.90042828 -3.58126766 -1.38436775 -1.05482613 
2.15443469e+00 -9.72209859 -7.90042828 -3.58126766 -1.38436775 -1.05482613 
1.66810054e+00 -9.72209859 -7.90042828 -3.58126766 -1.38436775 -1.05482613 
1.29154967e+00 -9.72209859 -7.90042828 -3.58126766 -1.38436775 -1.05482613 
1.00000000e+00 -9.72209859 -7.90042828 -3.58126766 -1.38436775 -1.05482613 
7.74263683e-01 -9.72209859 -7.90042828 -3.58126766 -1.38436775 -1.05482613 
5.99484250e-01 -9.72209859 -7.90042828 -3.58126766 -1.38436775 -1.05482613 
4.64158883e-01 -9.72209859 -7.90042828 -3.58126766 -1.38436775 -1.05482613 
3.59381366e-01 -9.72209859 -7.90042828 -3.58126766 -1.38436775 -1.05482613 
2.78255940e-01 -9.72209859 -7.90042828 -3.58126766 -1.38436775 -1.05482613 
2.15443469e-01 -9.72209859 -7.90042828 -3.58126766 -1.38436775 -1.05482613 
1.66810054e-01 -9.72209859 -7.90042828 -3.58126766 -1.38436775 -1.05482613 
1.29154967e-01 -9.72209859 -7.90042828 -3.58126766 -1.38436775 -1.05482613 
1.00000000e-01 -9.72209859 -7.90042828 -3.58126766 -1.38436775 -1.05482613 
7.74263683e-02 -9.72209859 -7.90042828 -3.58126766 -1.38436775 -1.05482613 
5.99484250e-02 -9.72209859 -7.90042828 -3.58126766 -1.38436775 -1.05482613 
4.64158883e-02 -9.72209859 -7.90042828 -3.58126766 -1.38436775 -1.05482613 
3.59381366e-02 -9.72209859 -7.90042828 -3.58126766 -1.38436775 -1.05482613 
2.78255940e-02 -9.72209859 -7.90042828 -3.58126766 -1.38436775 -1.05482613 
2.15443469e-02 -9.72209859 -7.90042828 -3.58126766 -1.38436775 -1.05482613 
1.66810054e-02 -9.72209859 -7.90042828 -3.58126766 -1.38436775 -1.05482613 
1.29154967e-02 -9.72209859 -7.90042828 -3.58126766 -1.38436775 -1.05482613 
1.00000000e-02 -9.72209859 -7.90042828 -3.58126766 -1.38436775 -1.05482613 
7.74263683e-03 -9.72209859 -7.90042828 -3.58126766 -1.38436775 -1.05482613 
5.99484250e-03 -9.72209859 -7.90042828 -3.58126766 -1.38436775 -1.05482613 
4.64158883e-03 -9.72209859 -7.90042828 -3.58126766 -1.38436775 -1.05482613 
3.59381366e-03 -9.72209859 -7.90042828 -3.58126766 -1.38436775 -1.05482613 
2.78255940e-03 -9.72209859 -7.90042828 -3.58126766 -1.38436775 -1.05482613 
2.15443469e-03 -9.72209859 -7.90042828 -3.58126766 -1.38436775 -1.05482613 
1.66810054e-03 -9.72209859 -7.90042828 -3.58126766 -1.38436775 -1.05482613 
1.29154967e-03 -9.72209859 -7.90042828 -3.58126766 -1.38436775 -1.05482613 
1.00000000e-03 -9.72209859 -7.90042828 -3.58126766 -1.38436775 -1.05482613 
7.74263683e-04 -9.72209859 -7.90042828 -3.58126766 -1.38436775 -1.05482613 
5.99484250e-04 -9.72209859 -7.90042828 -3.58126766 -1.38436775 -1.05482613 
4.64158883e-04 -9.72209859 -7.90042828 -3.58126766 -1.38436775 -1.05482613 
3.59381366e-04 -9.72209859 -7.90042828 -3.58126766 -1.38436775 -1.05482613 
2.78255940e-04 -9.72209859 -7.90042828 -3.58126766 -1.38436775 -1.05482613 
2.15443469e-04 -9.72209859 -7.90042828 -3.58126766 -1.38436775 -1.05482613 
1.66810054e-04 -9.72209859 -7.90042828 -3.58126766 -1.38436775 -1.05482613 
1.29154967e-04 -9.72209859 -7.90042828 -3.58126766 -1.38436775 -1.05482613 
1.00000000e-04 -9.72209859 -7.90042828 -3.58126766 -1.38436775 -1.05482613 
7.74263683e-05 -9.72209859 -7.90042828 -3.58126766 -1.38436775 -1.05482613 
5.99484250e-05 -9.72209859 -7.90042828 -3.58126766 -1.38436775 -1.05482613 
4.64158883e-05 -9.72209859 -7.90042828 -3.58126766 -1.38436775 -1.05482613 
3.59381366e-05 -9.72209859 -7.90042828 -3.58126766 -1.38436775 -1.05482613 
2.78255940e-05 -9.72209859 -7.90042828 -3.58126766 -1.38436775 -1.05482613 
2.15443469e-05 -9.72209859 -7.90042828 -3.58126766 -1.38436775 -1.05482613 
1.66810054e-05 -9.72209859 -7.90042828 -3.58126766 -1.38436775 -1.05482613 
1.29154967e-05 -9.72209859 -7.90042828 -3.58126766 -1.38436775 -1.05482613 
1.00000000e-05 -9.72209859 -7.90042828 -3.58126766 -1.38436775 -1.05482613 
7.74263683e-06 -9.72209859 -7.90042828 -3.58126766 -1.38436775 -1.05482613 
5.99484250e-06 -9.72209859 -7.90042828 -3.58126766 -1.38436775 -1.05482613 
4.64158883e-06 -9.72209859 -7.90042828 -3.58126766 -1.38436775 -1.05482613 
3.59381366e-06 -9.72209859 -7.90042828 -3.58126766 -1.38436775 -1.05482613 
2.78255940e-06 -9.72209859 -7.90042828 -3.58126766 -1.38436775 -1.05482613 
2.15443469e-06 -9.72209859 -7.90042828 -3.58126766 -1.38436775 -1.05482613 
1.66810054e-06 -9.72209859 -7.90042828 -3.58126766 -1.38436775 -1.05482613 
1.29154967e-06 -9.72209859 -7.90042828 -3.58126766 -1.38436775 -1.05482613 
1.00000000e-06 -9.72209859 -7.90042828 -3.58126766 -1.38436775 -1.05482613 
7.74263683e-07 -9.72209859 -7.90042828 -3.58126766 -1.38436775 -1.05482613 
5.99484250e-07 -9.72209859 -7.90042828 -3.58126766 -1.38436775 -1.05482613 
4.64158883e-07 -9.72209859 -7.90042828 -3.58126766 -1.38436775 -1.05482613 
3.59381366e-07 -9.72209859 -7.90042828 -3.58126766 -1.38436775 -1.05482613 
2.78255940e-07 -9.72209859 -7.90042828 -3.58126766 -1.38436775 -1.05482613 
2.15443469e-07 -9.72209859 -7.90042828 -3.58126766 -1.38436775 -1.05482613 
1.66810054e-07 -9.72209859 -7.90042828 -3.58126766 -1.38436775 -1.05482613 
1.29154967e-07 -9.72209859 -7.90042828 -3.58126766 -1.38436775 -1.05482613 
1.00000000e-07 -9.72209859 -7.90042828 -3.58126766 -1.38436775 -1.05482613 
7.74263683e-08 -9.72209859 -7.90042828 -3.58126766 -1.38436775 -1.05482613 
5.99484250e-08 -9.72209859 -7.90042828 -3.58126766 -1.38436775 -1.05482613 
4.64158883e-08 -9.72209859 -7.90042828 -3.58126766 -1.38436775 -1.05482613 
3.59381366e-08 -9.72209859 -7.90042828 -3.58126766 -1.38436775 -1.05482613 
2.78255940e-08 -9.72209859 -7.90042828 -3.58126766 -1.38436775 -1.05482613 
2.15443469e-08 -9.72209859 -7.90042828 -3.58126766 -1.38436775 -1.05482613 
1.66810054e-08 -9.72209859 -7.90042828 -3.58126766 -1.38436775 -1.05482613 
1.29154967e-08 -9.72209859 -7.90042828 -3.58126766 -1.38436775 -1.05482613 
1.00000000e-08 -9.72209859 -7.90042828 -3.58126766 -1.38436775 -1.05482613 
7.74263683e-09 -9.72209859 -7.90042828 -3.58126766 -1.38436775 -1.05482613 
5.99484250e-09 -9.72209859 -7.90042828 -3.58126766 -1.38436775 -1.05482613 
4.64158883e-09 -9.72209859 -7.90042828 -3.58126766 -1.38436775 -1.05482613 
3.59381366e-09 -9.72209859 -7.90042828 -3.58126766 -1.38436775 -1.05482613 
2.78255940e-09 -9.72209859 -7.90042828 -3.58126766 -1.38436775 -1.05482613 
2.15443469e-09 -9.72209859 -7.90042828 -3.58126766 -1.38436775 -1.05482613 
1.66810054e-09 -9.72209859 -7.90042828 -3.58126766 -1.38436775 -1.05482613 
1.29154967e-09 -9.72209859 -7.90042828 -3.58126766 -1.38436775 -1.05482613 
1.00000000e-09 -9.72209859 -7.90042828 -3.58126766 -1.38436775 -1.05482613 
7.74263683e-10 -9.72209859 -7.90042828 -3.58126766 -1.38436775 -1.05482613 
5.99484250e-10 -9.72209859 -7.90042828 -3.58126766 -1.38436775 -1.05482613 
4.64158883e-10 -9.72209859 -7.90042828 -3.58126766 -1.38436775 -1.05482613 
3.59381366e-10 -9.72209859 -7.90042828 -3.58126766 -1.38436775 -1.05482613 
2.78255940e-10 -9.72209859 -7.90042828 -3.58126766 -1.38436775 -1.05482613 
2.15443469e-10 -9.72209859 -7.90042828 -3.58126766 -1.38436775 -1.05482613 
1.66810054e-10 -9.72209859 -7.90042828 -3.58126766 -1.38436775 -1.05482613 
1.29154967e-10 -9.72209859 -7.90042828 -3.58126766 -1.38436775 -1.05482613 
1.00000000e-10 -9.72209859 -7.90042828 -3.58126766 -1.38436775 -1.05482613 
P (bar) | log_O3: -2σ | log_O3: -1σ | log_O3: median | log_O3: +1σ | log_O3: +2σ 
1.00000000e+01 -9.88227288 -9.45334785 -8.41270073 -7.19979660 -6.19527075 
7.74263683e+00 -9.88227288 -9.45334785 -8.41270073 -7.19979660 -6.19527075 
5.99484250e+00 -9.88227288 -9.45334785 -8.41270073 -7.19979660 -6.19527075 
4.64158883e+00 -9.88227288 -9.45334785 -8.41270073 -7.19979660 -6.19527075 
3.59381366e+00 -9.88227288 -9.45334785 -8.41270073 -7.19979660 -6.19527075 
2.78255940e+00 -9.88227288 -9.45334785 -8.41270073 -7.19979660 -6.19527075 
2.15443469e+00 -9.88227288 -9.45334785 -8.41270073 -7.19979660 -6.19527075 
1.66810054e+00 -9.88227288 -9.45334785 -8.41270073 -7.19979660 -6.19527075 
1.29154967e+00 -9.88227288 -9.45334785 -8.41270073 -7.19979660 -6.19527075 
1.00000000e+00 -9.88227288 -9.45334785 -8.41270073 -7.19979660 -6.19527075 
7.74263683e-01 -9.88227288 -9.45334785 -8.41270073 -7.19979660 -6.19527075 
5.99484250e-01 -9.88227288 -9.45334785 -8.41270073 -7.19979660 -6.19527075 
4.64158883e-01 -9.88227288 -9.45334785 -8.41270073 -7.19979660 -6.19527075 
3.59381366e-01 -9.88227288 -9.45334785 -8.41270073 -7.19979660 -6.19527075 
2.78255940e-01 -9.88227288 -9.45334785 -8.41270073 -7.19979660 -6.19527075 
2.15443469e-01 -9.88227288 -9.45334785 -8.41270073 -7.19979660 -6.19527075 
1.66810054e-01 -9.88227288 -9.45334785 -8.41270073 -7.19979660 -6.19527075 
1.29154967e-01 -9.88227288 -9.45334785 -8.41270073 -7.19979660 -6.19527075 
1.00000000e-01 -9.88227288 -9.45334785 -8.41270073 -7.19979660 -6.19527075 
7.74263683e-02 -9.88227288 -9.45334785 -8.41270073 -7.19979660 -6.19527075 
5.99484250e-02 -9.88227288 -9.45334785 -8.41270073 -7.19979660 -6.19527075 
4.64158883e-02 -9.88227288 -9.45334785 -8.41270073 -7.19979660 -6.19527075 
3.59381366e-02 -9.88227288 -9.45334785 -8.41270073 -7.19979660 -6.19527075 
2.78255940e-02 -9.88227288 -9.45334785 -8.41270073 -7.19979660 -6.19527075 
2.15443469e-02 -9.88227288 -9.45334785 -8.41270073 -7.19979660 -6.19527075 
1.66810054e-02 -9.88227288 -9.45334785 -8.41270073 -7.19979660 -6.19527075 
1.29154967e-02 -9.88227288 -9.45334785 -8.41270073 -7.19979660 -6.19527075 
1.00000000e-02 -9.88227288 -9.45334785 -8.41270073 -7.19979660 -6.19527075 
7.74263683e-03 -9.88227288 -9.45334785 -8.41270073 -7.19979660 -6.19527075 
5.99484250e-03 -9.88227288 -9.45334785 -8.41270073 -7.19979660 -6.19527075 
4.64158883e-03 -9.88227288 -9.45334785 -8.41270073 -7.19979660 -6.19527075 
3.59381366e-03 -9.88227288 -9.45334785 -8.41270073 -7.19979660 -6.19527075 
2.78255940e-03 -9.88227288 -9.45334785 -8.41270073 -7.19979660 -6.19527075 
2.15443469e-03 -9.88227288 -9.45334785 -8.41270073 -7.19979660 -6.19527075 
1.66810054e-03 -9.88227288 -9.45334785 -8.41270073 -7.19979660 -6.19527075 
1.29154967e-03 -9.88227288 -9.45334785 -8.41270073 -7.19979660 -6.19527075 
1.00000000e-03 -9.88227288 -9.45334785 -8.41270073 -7.19979660 -6.19527075 
7.74263683e-04 -9.88227288 -9.45334785 -8.41270073 -7.19979660 -6.19527075 
5.99484250e-04 -9.88227288 -9.45334785 -8.41270073 -7.19979660 -6.19527075 
4.64158883e-04 -9.88227288 -9.45334785 -8.41270073 -7.19979660 -6.19527075 
3.59381366e-04 -9.88227288 -9.45334785 -8.41270073 -7.19979660 -6.19527075 
2.78255940e-04 -9.88227288 -9.45334785 -8.41270073 -7.19979660 -6.19527075 
2.15443469e-04 -9.88227288 -9.45334785 -8.41270073 -7.19979660 -6.19527075 
1.66810054e-04 -9.88227288 -9.45334785 -8.41270073 -7.19979660 -6.19527075 
1.29154967e-04 -9.88227288 -9.45334785 -8.41270073 -7.19979660 -6.19527075 
1.00000000e-04 -9.88227288 -9.45334785 -8.41270073 -7.19979660 -6.19527075 
7.74263683e-05 -9.88227288 -9.45334785 -8.41270073 -7.19979660 -6.19527075 
5.99484250e-05 -9.88227288 -9.45334785 -8.41270073 -7.19979660 -6.19527075 
4.64158883e-05 -9.88227288 -9.45334785 -8.41270073 -7.19979660 -6.19527075 
3.59381366e-05 -9.88227288 -9.45334785 -8.41270073 -7.19979660 -6.19527075 
2.78255940e-05 -9.88227288 -9.45334785 -8.41270073 -7.19979660 -6.19527075 
2.15443469e-05 -9.88227288 -9.45334785 -8.41270073 -7.19979660 -6.19527075 
1.66810054e-05 -9.88227288 -9.45334785 -8.41270073 -7.19979660 -6.19527075 
1.29154967e-05 -9.88227288 -9.45334785 -8.41270073 -7.19979660 -6.19527075 
1.00000000e-05 -9.88227288 -9.45334785 -8.41270073 -7.19979660 -6.19527075 
7.74263683e-06 -9.88227288 -9.45334785 -8.41270073 -7.19979660 -6.19527075 
5.99484250e-06 -9.88227288 -9.45334785 -8.41270073 -7.19979660 -6.19527075 
4.64158883e-06 -9.88227288 -9.45334785 -8.41270073 -7.19979660 -6.19527075 
3.59381366e-06 -9.88227288 -9.45334785 -8.41270073 -7.19979660 -6.19527075 
2.78255940e-06 -9.88227288 -9.45334785 -8.41270073 -7.19979660 -6.19527075 
2.15443469e-06 -9.88227288 -9.45334785 -8.41270073 -7.19979660 -6.19527075 
1.66810054e-06 -9.88227288 -9.45334785 -8.41270073 -7.19979660 -6.19527075 
1.29154967e-06 -9.88227288 -9.45334785 -8.41270073 -7.19979660 -6.19527075 
1.00000000e-06 -9.88227288 -9.45334785 -8.41270073 -7.19979660 -6.19527075 
7.74263683e-07 -9.88227288 -9.45334785 -8.41270073 -7.19979660 -6.19527075 
5.99484250e-07 -9.88227288 -9.45334785 -8.41270073 -7.19979660 -6.19527075 
4.64158883e-07 -9.88227288 -9.45334785 -8.41270073 -7.19979660 -6.19527075 
3.59381366e-07 -9.88227288 -9.45334785 -8.41270073 -7.19979660 -6.19527075 
2.78255940e-07 -9.88227288 -9.45334785 -8.41270073 -7.19979660 -6.19527075 
2.15443469e-07 -9.88227288 -9.45334785 -8.41270073 -7.19979660 -6.19527075 
1.66810054e-07 -9.88227288 -9.45334785 -8.41270073 -7.19979660 -6.19527075 
1.29154967e-07 -9.88227288 -9.45334785 -8.41270073 -7.19979660 -6.19527075 
1.00000000e-07 -9.88227288 -9.45334785 -8.41270073 -7.19979660 -6.19527075 
7.74263683e-08 -9.88227288 -9.45334785 -8.41270073 -7.19979660 -6.19527075 
5.99484250e-08 -9.88227288 -9.45334785 -8.41270073 -7.19979660 -6.19527075 
4.64158883e-08 -9.88227288 -9.45334785 -8.41270073 -7.19979660 -6.19527075 
3.59381366e-08 -9.88227288 -9.45334785 -8.41270073 -7.19979660 -6.19527075 
2.78255940e-08 -9.88227288 -9.45334785 -8.41270073 -7.19979660 -6.19527075 
2.15443469e-08 -9.88227288 -9.45334785 -8.41270073 -7.19979660 -6.19527075 
1.66810054e-08 -9.88227288 -9.45334785 -8.41270073 -7.19979660 -6.19527075 
1.29154967e-08 -9.88227288 -9.45334785 -8.41270073 -7.19979660 -6.19527075 
1.00000000e-08 -9.88227288 -9.45334785 -8.41270073 -7.19979660 -6.19527075 
7.74263683e-09 -9.88227288 -9.45334785 -8.41270073 -7.19979660 -6.19527075 
5.99484250e-09 -9.88227288 -9.45334785 -8.41270073 -7.19979660 -6.19527075 
4.64158883e-09 -9.88227288 -9.45334785 -8.41270073 -7.19979660 -6.19527075 
3.59381366e-09 -9.88227288 -9.45334785 -8.41270073 -7.19979660 -6.19527075 
2.78255940e-09 -9.88227288 -9.45334785 -8.41270073 -7.19979660 -6.19527075 
2.15443469e-09 -9.88227288 -9.45334785 -8.41270073 -7.19979660 -6.19527075 
1.66810054e-09 -9.88227288 -9.45334785 -8.41270073 -7.19979660 -6.19527075 
1.29154967e-09 -9.88227288 -9.45334785 -8.41270073 -7.19979660 -6.19527075 
1.00000000e-09 -9.88227288 -9.45334785 -8.41270073 -7.19979660 -6.19527075 
7.74263683e-10 -9.88227288 -9.45334785 -8.41270073 -7.19979660 -6.19527075 
5.99484250e-10 -9.88227288 -9.45334785 -8.41270073 -7.19979660 -6.19527075 
4.64158883e-10 -9.88227288 -9.45334785 -8.41270073 -7.19979660 -6.19527075 
3.59381366e-10 -9.88227288 -9.45334785 -8.41270073 -7.19979660 -6.19527075 
2.78255940e-10 -9.88227288 -9.45334785 -8.41270073 -7.19979660 -6.19527075 
2.15443469e-10 -9.88227288 -9.45334785 -8.41270073 -7.19979660 -6.19527075 
1.66810054e-10 -9.88227288 -9.45334785 -8.41270073 -7.19979660 -6.19527075 
1.29154967e-10 -9.88227288 -9.45334785 -8.41270073 -7.19979660 -6.19527075 
1.00000000e-10 -9.88227288 -9.45334785 -8.41270073 -7.19979660 -6.19527075 
P (bar) | log_N2O: -2σ | log_N2O: -1σ | log_N2O: median | log_N2O: +1σ | log_N2O: +2σ 
1.00000000e+01 -9.72364489 -8.27146470 -6.57483286 -5.58894865 -4.75904982 
7.74263683e+00 -9.72364489 -8.27146470 -6.57483286 -5.58894865 -4.75904982 
5.99484250e+00 -9.72364489 -8.27146470 -6.57483286 -5.58894865 -4.75904982 
4.64158883e+00 -9.72364489 -8.27146470 -6.57483286 -5.58894865 -4.75904982 
3.59381366e+00 -9.72364489 -8.27146470 -6.57483286 -5.58894865 -4.75904982 
2.78255940e+00 -9.72364489 -8.27146470 -6.57483286 -5.58894865 -4.75904982 
2.15443469e+00 -9.72364489 -8.27146470 -6.57483286 -5.58894865 -4.75904982 
1.66810054e+00 -9.72364489 -8.27146470 -6.57483286 -5.58894865 -4.75904982 
1.29154967e+00 -9.72364489 -8.27146470 -6.57483286 -5.58894865 -4.75904982 
1.00000000e+00 -9.72364489 -8.27146470 -6.57483286 -5.58894865 -4.75904982 
7.74263683e-01 -9.72364489 -8.27146470 -6.57483286 -5.58894865 -4.75904982 
5.99484250e-01 -9.72364489 -8.27146470 -6.57483286 -5.58894865 -4.75904982 
4.64158883e-01 -9.72364489 -8.27146470 -6.57483286 -5.58894865 -4.75904982 
3.59381366e-01 -9.72364489 -8.27146470 -6.57483286 -5.58894865 -4.75904982 
2.78255940e-01 -9.72364489 -8.27146470 -6.57483286 -5.58894865 -4.75904982 
2.15443469e-01 -9.72364489 -8.27146470 -6.57483286 -5.58894865 -4.75904982 
1.66810054e-01 -9.72364489 -8.27146470 -6.57483286 -5.58894865 -4.75904982 
1.29154967e-01 -9.72364489 -8.27146470 -6.57483286 -5.58894865 -4.75904982 
1.00000000e-01 -9.72364489 -8.27146470 -6.57483286 -5.58894865 -4.75904982 
7.74263683e-02 -9.72364489 -8.27146470 -6.57483286 -5.58894865 -4.75904982 
5.99484250e-02 -9.72364489 -8.27146470 -6.57483286 -5.58894865 -4.75904982 
4.64158883e-02 -9.72364489 -8.27146470 -6.57483286 -5.58894865 -4.75904982 
3.59381366e-02 -9.72364489 -8.27146470 -6.57483286 -5.58894865 -4.75904982 
2.78255940e-02 -9.72364489 -8.27146470 -6.57483286 -5.58894865 -4.75904982 
2.15443469e-02 -9.72364489 -8.27146470 -6.57483286 -5.58894865 -4.75904982 
1.66810054e-02 -9.72364489 -8.27146470 -6.57483286 -5.58894865 -4.75904982 
1.29154967e-02 -9.72364489 -8.27146470 -6.57483286 -5.58894865 -4.75904982 
1.00000000e-02 -9.72364489 -8.27146470 -6.57483286 -5.58894865 -4.75904982 
7.74263683e-03 -9.72364489 -8.27146470 -6.57483286 -5.58894865 -4.75904982 
5.99484250e-03 -9.72364489 -8.27146470 -6.57483286 -5.58894865 -4.75904982 
4.64158883e-03 -9.72364489 -8.27146470 -6.57483286 -5.58894865 -4.75904982 
3.59381366e-03 -9.72364489 -8.27146470 -6.57483286 -5.58894865 -4.75904982 
2.78255940e-03 -9.72364489 -8.27146470 -6.57483286 -5.58894865 -4.75904982 
2.15443469e-03 -9.72364489 -8.27146470 -6.57483286 -5.58894865 -4.75904982 
1.66810054e-03 -9.72364489 -8.27146470 -6.57483286 -5.58894865 -4.75904982 
1.29154967e-03 -9.72364489 -8.27146470 -6.57483286 -5.58894865 -4.75904982 
1.00000000e-03 -9.72364489 -8.27146470 -6.57483286 -5.58894865 -4.75904982 
7.74263683e-04 -9.72364489 -8.27146470 -6.57483286 -5.58894865 -4.75904982 
5.99484250e-04 -9.72364489 -8.27146470 -6.57483286 -5.58894865 -4.75904982 
4.64158883e-04 -9.72364489 -8.27146470 -6.57483286 -5.58894865 -4.75904982 
3.59381366e-04 -9.72364489 -8.27146470 -6.57483286 -5.58894865 -4.75904982 
2.78255940e-04 -9.72364489 -8.27146470 -6.57483286 -5.58894865 -4.75904982 
2.15443469e-04 -9.72364489 -8.27146470 -6.57483286 -5.58894865 -4.75904982 
1.66810054e-04 -9.72364489 -8.27146470 -6.57483286 -5.58894865 -4.75904982 
1.29154967e-04 -9.72364489 -8.27146470 -6.57483286 -5.58894865 -4.75904982 
1.00000000e-04 -9.72364489 -8.27146470 -6.57483286 -5.58894865 -4.75904982 
7.74263683e-05 -9.72364489 -8.27146470 -6.57483286 -5.58894865 -4.75904982 
5.99484250e-05 -9.72364489 -8.27146470 -6.57483286 -5.58894865 -4.75904982 
4.64158883e-05 -9.72364489 -8.27146470 -6.57483286 -5.58894865 -4.75904982 
3.59381366e-05 -9.72364489 -8.27146470 -6.57483286 -5.58894865 -4.75904982 
2.78255940e-05 -9.72364489 -8.27146470 -6.57483286 -5.58894865 -4.75904982 
2.15443469e-05 -9.72364489 -8.27146470 -6.57483286 -5.58894865 -4.75904982 
1.66810054e-05 -9.72364489 -8.27146470 -6.57483286 -5.58894865 -4.75904982 
1.29154967e-05 -9.72364489 -8.27146470 -6.57483286 -5.58894865 -4.75904982 
1.00000000e-05 -9.72364489 -8.27146470 -6.57483286 -5.58894865 -4.75904982 
7.74263683e-06 -9.72364489 -8.27146470 -6.57483286 -5.58894865 -4.75904982 
5.99484250e-06 -9.72364489 -8.27146470 -6.57483286 -5.58894865 -4.75904982 
4.64158883e-06 -9.72364489 -8.27146470 -6.57483286 -5.58894865 -4.75904982 
3.59381366e-06 -9.72364489 -8.27146470 -6.57483286 -5.58894865 -4.75904982 
2.78255940e-06 -9.72364489 -8.27146470 -6.57483286 -5.58894865 -4.75904982 
2.15443469e-06 -9.72364489 -8.27146470 -6.57483286 -5.58894865 -4.75904982 
1.66810054e-06 -9.72364489 -8.27146470 -6.57483286 -5.58894865 -4.75904982 
1.29154967e-06 -9.72364489 -8.27146470 -6.57483286 -5.58894865 -4.75904982 
1.00000000e-06 -9.72364489 -8.27146470 -6.57483286 -5.58894865 -4.75904982 
7.74263683e-07 -9.72364489 -8.27146470 -6.57483286 -5.58894865 -4.75904982 
5.99484250e-07 -9.72364489 -8.27146470 -6.57483286 -5.58894865 -4.75904982 
4.64158883e-07 -9.72364489 -8.27146470 -6.57483286 -5.58894865 -4.75904982 
3.59381366e-07 -9.72364489 -8.27146470 -6.57483286 -5.58894865 -4.75904982 
2.78255940e-07 -9.72364489 -8.27146470 -6.57483286 -5.58894865 -4.75904982 
2.15443469e-07 -9.72364489 -8.27146470 -6.57483286 -5.58894865 -4.75904982 
1.66810054e-07 -9.72364489 -8.27146470 -6.57483286 -5.58894865 -4.75904982 
1.29154967e-07 -9.72364489 -8.27146470 -6.57483286 -5.58894865 -4.75904982 
1.00000000e-07 -9.72364489 -8.27146470 -6.57483286 -5.58894865 -4.75904982 
7.74263683e-08 -9.72364489 -8.27146470 -6.57483286 -5.58894865 -4.75904982 
5.99484250e-08 -9.72364489 -8.27146470 -6.57483286 -5.58894865 -4.75904982 
4.64158883e-08 -9.72364489 -8.27146470 -6.57483286 -5.58894865 -4.75904982 
3.59381366e-08 -9.72364489 -8.27146470 -6.57483286 -5.58894865 -4.75904982 
2.78255940e-08 -9.72364489 -8.27146470 -6.57483286 -5.58894865 -4.75904982 
2.15443469e-08 -9.72364489 -8.27146470 -6.57483286 -5.58894865 -4.75904982 
1.66810054e-08 -9.72364489 -8.27146470 -6.57483286 -5.58894865 -4.75904982 
1.29154967e-08 -9.72364489 -8.27146470 -6.57483286 -5.58894865 -4.75904982 
1.00000000e-08 -9.72364489 -8.27146470 -6.57483286 -5.58894865 -4.75904982 
7.74263683e-09 -9.72364489 -8.27146470 -6.57483286 -5.58894865 -4.75904982 
5.99484250e-09 -9.72364489 -8.27146470 -6.57483286 -5.58894865 -4.75904982 
4.64158883e-09 -9.72364489 -8.27146470 -6.57483286 -5.58894865 -4.75904982 
3.59381366e-09 -9.72364489 -8.27146470 -6.57483286 -5.58894865 -4.75904982 
2.78255940e-09 -9.72364489 -8.27146470 -6.57483286 -5.58894865 -4.75904982 
2.15443469e-09 -9.72364489 -8.27146470 -6.57483286 -5.58894865 -4.75904982 
1.66810054e-09 -9.72364489 -8.27146470 -6.57483286 -5.58894865 -4.75904982 
1.29154967e-09 -9.72364489 -8.27146470 -6.57483286 -5.58894865 -4.75904982 
1.00000000e-09 -9.72364489 -8.27146470 -6.57483286 -5.58894865 -4.75904982 
7.74263683e-10 -9.72364489 -8.27146470 -6.57483286 -5.58894865 -4.75904982 
5.99484250e-10 -9.72364489 -8.27146470 -6.57483286 -5.58894865 -4.75904982 
4.64158883e-10 -9.72364489 -8.27146470 -6.57483286 -5.58894865 -4.75904982 
3.59381366e-10 -9.72364489 -8.27146470 -6.57483286 -5.58894865 -4.75904982 
2.78255940e-10 -9.72364489 -8.27146470 -6.57483286 -5.58894865 -4.75904982 
2.15443469e-10 -9.72364489 -8.27146470 -6.57483286 -5.58894865 -4.75904982 
1.66810054e-10 -9.72364489 -8.27146470 -6.57483286 -5.58894865 -4.75904982 
1.29154967e-10 -9.72364489 -8.27146470 -6.57483286 -5.58894865 -4.75904982 
1.00000000e-10 -9.72364489 -8.27146470 -6.57483286 -5.58894865 -4.75904982 
P (bar) | log_NH3: -2σ | log_NH3: -1σ | log_NH3: median | log_NH3: +1σ | log_NH3: +2σ 
1.00000000e+01 -9.73644867 -8.06125006 -6.64767352 -5.83503964 -5.07104874 
7.74263683e+00 -9.73644867 -8.06125006 -6.64767352 -5.83503964 -5.07104874 
5.99484250e+00 -9.73644867 -8.06125006 -6.64767352 -5.83503964 -5.07104874 
4.64158883e+00 -9.73644867 -8.06125006 -6.64767352 -5.83503964 -5.07104874 
3.59381366e+00 -9.73644867 -8.06125006 -6.64767352 -5.83503964 -5.07104874 
2.78255940e+00 -9.73644867 -8.06125006 -6.64767352 -5.83503964 -5.07104874 
2.15443469e+00 -9.73644867 -8.06125006 -6.64767352 -5.83503964 -5.07104874 
1.66810054e+00 -9.73644867 -8.06125006 -6.64767352 -5.83503964 -5.07104874 
1.29154967e+00 -9.73644867 -8.06125006 -6.64767352 -5.83503964 -5.07104874 
1.00000000e+00 -9.73644867 -8.06125006 -6.64767352 -5.83503964 -5.07104874 
7.74263683e-01 -9.73644867 -8.06125006 -6.64767352 -5.83503964 -5.07104874 
5.99484250e-01 -9.73644867 -8.06125006 -6.64767352 -5.83503964 -5.07104874 
4.64158883e-01 -9.73644867 -8.06125006 -6.64767352 -5.83503964 -5.07104874 
3.59381366e-01 -9.73644867 -8.06125006 -6.64767352 -5.83503964 -5.07104874 
2.78255940e-01 -9.73644867 -8.06125006 -6.64767352 -5.83503964 -5.07104874 
2.15443469e-01 -9.73644867 -8.06125006 -6.64767352 -5.83503964 -5.07104874 
1.66810054e-01 -9.73644867 -8.06125006 -6.64767352 -5.83503964 -5.07104874 
1.29154967e-01 -9.73644867 -8.06125006 -6.64767352 -5.83503964 -5.07104874 
1.00000000e-01 -9.73644867 -8.06125006 -6.64767352 -5.83503964 -5.07104874 
7.74263683e-02 -9.73644867 -8.06125006 -6.64767352 -5.83503964 -5.07104874 
5.99484250e-02 -9.73644867 -8.06125006 -6.64767352 -5.83503964 -5.07104874 
4.64158883e-02 -9.73644867 -8.06125006 -6.64767352 -5.83503964 -5.07104874 
3.59381366e-02 -9.73644867 -8.06125006 -6.64767352 -5.83503964 -5.07104874 
2.78255940e-02 -9.73644867 -8.06125006 -6.64767352 -5.83503964 -5.07104874 
2.15443469e-02 -9.73644867 -8.06125006 -6.64767352 -5.83503964 -5.07104874 
1.66810054e-02 -9.73644867 -8.06125006 -6.64767352 -5.83503964 -5.07104874 
1.29154967e-02 -9.73644867 -8.06125006 -6.64767352 -5.83503964 -5.07104874 
1.00000000e-02 -9.73644867 -8.06125006 -6.64767352 -5.83503964 -5.07104874 
7.74263683e-03 -9.73644867 -8.06125006 -6.64767352 -5.83503964 -5.07104874 
5.99484250e-03 -9.73644867 -8.06125006 -6.64767352 -5.83503964 -5.07104874 
4.64158883e-03 -9.73644867 -8.06125006 -6.64767352 -5.83503964 -5.07104874 
3.59381366e-03 -9.73644867 -8.06125006 -6.64767352 -5.83503964 -5.07104874 
2.78255940e-03 -9.73644867 -8.06125006 -6.64767352 -5.83503964 -5.07104874 
2.15443469e-03 -9.73644867 -8.06125006 -6.64767352 -5.83503964 -5.07104874 
1.66810054e-03 -9.73644867 -8.06125006 -6.64767352 -5.83503964 -5.07104874 
1.29154967e-03 -9.73644867 -8.06125006 -6.64767352 -5.83503964 -5.07104874 
1.00000000e-03 -9.73644867 -8.06125006 -6.64767352 -5.83503964 -5.07104874 
7.74263683e-04 -9.73644867 -8.06125006 -6.64767352 -5.83503964 -5.07104874 
5.99484250e-04 -9.73644867 -8.06125006 -6.64767352 -5.83503964 -5.07104874 
4.64158883e-04 -9.73644867 -8.06125006 -6.64767352 -5.83503964 -5.07104874 
3.59381366e-04 -9.73644867 -8.06125006 -6.64767352 -5.83503964 -5.07104874 
2.78255940e-04 -9.73644867 -8.06125006 -6.64767352 -5.83503964 -5.07104874 
2.15443469e-04 -9.73644867 -8.06125006 -6.64767352 -5.83503964 -5.07104874 
1.66810054e-04 -9.73644867 -8.06125006 -6.64767352 -5.83503964 -5.07104874 
1.29154967e-04 -9.73644867 -8.06125006 -6.64767352 -5.83503964 -5.07104874 
1.00000000e-04 -9.73644867 -8.06125006 -6.64767352 -5.83503964 -5.07104874 
7.74263683e-05 -9.73644867 -8.06125006 -6.64767352 -5.83503964 -5.07104874 
5.99484250e-05 -9.73644867 -8.06125006 -6.64767352 -5.83503964 -5.07104874 
4.64158883e-05 -9.73644867 -8.06125006 -6.64767352 -5.83503964 -5.07104874 
3.59381366e-05 -9.73644867 -8.06125006 -6.64767352 -5.83503964 -5.07104874 
2.78255940e-05 -9.73644867 -8.06125006 -6.64767352 -5.83503964 -5.07104874 
2.15443469e-05 -9.73644867 -8.06125006 -6.64767352 -5.83503964 -5.07104874 
1.66810054e-05 -9.73644867 -8.06125006 -6.64767352 -5.83503964 -5.07104874 
1.29154967e-05 -9.73644867 -8.06125006 -6.64767352 -5.83503964 -5.07104874 
1.00000000e-05 -9.73644867 -8.06125006 -6.64767352 -5.83503964 -5.07104874 
7.74263683e-06 -9.73644867 -8.06125006 -6.64767352 -5.83503964 -5.07104874 
5.99484250e-06 -9.73644867 -8.06125006 -6.64767352 -5.83503964 -5.07104874 
4.64158883e-06 -9.73644867 -8.06125006 -6.64767352 -5.83503964 -5.07104874 
3.59381366e-06 -9.73644867 -8.06125006 -6.64767352 -5.83503964 -5.07104874 
2.78255940e-06 -9.73644867 -8.06125006 -6.64767352 -5.83503964 -5.07104874 
2.15443469e-06 -9.73644867 -8.06125006 -6.64767352 -5.83503964 -5.07104874 
1.66810054e-06 -9.73644867 -8.06125006 -6.64767352 -5.83503964 -5.07104874 
1.29154967e-06 -9.73644867 -8.06125006 -6.64767352 -5.83503964 -5.07104874 
1.00000000e-06 -9.73644867 -8.06125006 -6.64767352 -5.83503964 -5.07104874 
7.74263683e-07 -9.73644867 -8.06125006 -6.64767352 -5.83503964 -5.07104874 
5.99484250e-07 -9.73644867 -8.06125006 -6.64767352 -5.83503964 -5.07104874 
4.64158883e-07 -9.73644867 -8.06125006 -6.64767352 -5.83503964 -5.07104874 
3.59381366e-07 -9.73644867 -8.06125006 -6.64767352 -5.83503964 -5.07104874 
2.78255940e-07 -9.73644867 -8.06125006 -6.64767352 -5.83503964 -5.07104874 
2.15443469e-07 -9.73644867 -8.06125006 -6.64767352 -5.83503964 -5.07104874 
1.66810054e-07 -9.73644867 -8.06125006 -6.64767352 -5.83503964 -5.07104874 
1.29154967e-07 -9.73644867 -8.06125006 -6.64767352 -5.83503964 -5.07104874 
1.00000000e-07 -9.73644867 -8.06125006 -6.64767352 -5.83503964 -5.07104874 
7.74263683e-08 -9.73644867 -8.06125006 -6.64767352 -5.83503964 -5.07104874 
5.99484250e-08 -9.73644867 -8.06125006 -6.64767352 -5.83503964 -5.07104874 
4.64158883e-08 -9.73644867 -8.06125006 -6.64767352 -5.83503964 -5.07104874 
3.59381366e-08 -9.73644867 -8.06125006 -6.64767352 -5.83503964 -5.07104874 
2.78255940e-08 -9.73644867 -8.06125006 -6.64767352 -5.83503964 -5.07104874 
2.15443469e-08 -9.73644867 -8.06125006 -6.64767352 -5.83503964 -5.07104874 
1.66810054e-08 -9.73644867 -8.06125006 -6.64767352 -5.83503964 -5.07104874 
1.29154967e-08 -9.73644867 -8.06125006 -6.64767352 -5.83503964 -5.07104874 
1.00000000e-08 -9.73644867 -8.06125006 -6.64767352 -5.83503964 -5.07104874 
7.74263683e-09 -9.73644867 -8.06125006 -6.64767352 -5.83503964 -5.07104874 
5.99484250e-09 -9.73644867 -8.06125006 -6.64767352 -5.83503964 -5.07104874 
4.64158883e-09 -9.73644867 -8.06125006 -6.64767352 -5.83503964 -5.07104874 
3.59381366e-09 -9.73644867 -8.06125006 -6.64767352 -5.83503964 -5.07104874 
2.78255940e-09 -9.73644867 -8.06125006 -6.64767352 -5.83503964 -5.07104874 
2.15443469e-09 -9.73644867 -8.06125006 -6.64767352 -5.83503964 -5.07104874 
1.66810054e-09 -9.73644867 -8.06125006 -6.64767352 -5.83503964 -5.07104874 
1.29154967e-09 -9.73644867 -8.06125006 -6.64767352 -5.83503964 -5.07104874 
1.00000000e-09 -9.73644867 -8.06125006 -6.64767352 -5.83503964 -5.07104874 
7.74263683e-10 -9.73644867 -8.06125006 -6.64767352 -5.83503964 -5.07104874 
5.99484250e-10 -9.73644867 -8.06125006 -6.64767352 -5.83503964 -5.07104874 
4.64158883e-10 -9.73644867 -8.06125006 -6.64767352 -5.83503964 -5.07104874 
3.59381366e-10 -9.73644867 -8.06125006 -6.64767352 -5.83503964 -5.07104874 
2.78255940e-10 -9.73644867 -8.06125006 -6.64767352 -5.83503964 -5.07104874 
2.15443469e-10 -9.73644867 -8.06125006 -6.64767352 -5.83503964 -5.07104874 
1.66810054e-10 -9.73644867 -8.06125006 -6.64767352 -5.83503964 -5.07104874 
1.29154967e-10 -9.73644867 -8.06125006 -6.64767352 -5.83503964 -5.07104874 
1.00000000e-10 -9.73644867 -8.06125006 -6.64767352 -5.83503964 -5.07104874 
