Chemical species: N2 H2O CO2 CH4 O2 O3 N2O NH3
P (bar) | log_N2: -2σ | log_N2: -1σ | log_N2: median | log_N2: +1σ | log_N2: +2σ 
1.00000000e+01 -0.51846063 -0.09710492 -0.00440257 -0.00003239 -0.00000093 
7.74263683e+00 -0.51846063 -0.09710492 -0.00440257 -0.00003239 -0.00000093 
5.99484250e+00 -0.51846063 -0.09710492 -0.00440257 -0.00003239 -0.00000093 
4.64158883e+00 -0.51846063 -0.09710492 -0.00440257 -0.00003239 -0.00000093 
3.59381366e+00 -0.51846063 -0.09710492 -0.00440257 -0.00003239 -0.00000093 
2.78255940e+00 -0.51846063 -0.09710492 -0.00440257 -0.00003239 -0.00000093 
2.15443469e+00 -0.51846063 -0.09710492 -0.00440257 -0.00003239 -0.00000093 
1.66810054e+00 -0.51846063 -0.09710492 -0.00440257 -0.00003239 -0.00000093 
1.29154967e+00 -0.51846063 -0.09710492 -0.00440257 -0.00003239 -0.00000093 
1.00000000e+00 -0.51846063 -0.09710492 -0.00440257 -0.00003239 -0.00000093 
7.74263683e-01 -0.51846063 -0.09710492 -0.00440257 -0.00003239 -0.00000093 
5.99484250e-01 -0.51846063 -0.09710492 -0.00440257 -0.00003239 -0.00000093 
4.64158883e-01 -0.51846063 -0.09710492 -0.00440257 -0.00003239 -0.00000093 
3.59381366e-01 -0.51846063 -0.09710492 -0.00440257 -0.00003239 -0.00000093 
2.78255940e-01 -0.51846063 -0.09710492 -0.00440257 -0.00003239 -0.00000093 
2.15443469e-01 -0.51846063 -0.09710492 -0.00440257 -0.00003239 -0.00000093 
1.66810054e-01 -0.51846063 -0.09710492 -0.00440257 -0.00003239 -0.00000093 
1.29154967e-01 -0.51846063 -0.09710492 -0.00440257 -0.00003239 -0.00000093 
1.00000000e-01 -0.51846063 -0.09710492 -0.00440257 -0.00003239 -0.00000093 
7.74263683e-02 -0.51846063 -0.09710492 -0.00440257 -0.00003239 -0.00000093 
5.99484250e-02 -0.51846063 -0.09710492 -0.00440257 -0.00003239 -0.00000093 
4.64158883e-02 -0.51846063 -0.09710492 -0.00440257 -0.00003239 -0.00000093 
3.59381366e-02 -0.51846063 -0.09710492 -0.00440257 -0.00003239 -0.00000093 
2.78255940e-02 -0.51846063 -0.09710492 -0.00440257 -0.00003239 -0.00000093 
2.15443469e-02 -0.51846063 -0.09710492 -0.00440257 -0.00003239 -0.00000093 
1.66810054e-02 -0.51846063 -0.09710492 -0.00440257 -0.00003239 -0.00000093 
1.29154967e-02 -0.51846063 -0.09710492 -0.00440257 -0.00003239 -0.00000093 
1.00000000e-02 -0.51846063 -0.09710492 -0.00440257 -0.00003239 -0.00000093 
7.74263683e-03 -0.51846063 -0.09710492 -0.00440257 -0.00003239 -0.00000093 
5.99484250e-03 -0.51846063 -0.09710492 -0.00440257 -0.00003239 -0.00000093 
4.64158883e-03 -0.51846063 -0.09710492 -0.00440257 -0.00003239 -0.00000093 
3.59381366e-03 -0.51846063 -0.09710492 -0.00440257 -0.00003239 -0.00000093 
2.78255940e-03 -0.51846063 -0.09710492 -0.00440257 -0.00003239 -0.00000093 
2.15443469e-03 -0.51846063 -0.09710492 -0.00440257 -0.00003239 -0.00000093 
1.66810054e-03 -0.51846063 -0.09710492 -0.00440257 -0.00003239 -0.00000093 
1.29154967e-03 -0.51846063 -0.09710492 -0.00440257 -0.00003239 -0.00000093 
1.00000000e-03 -0.51846063 -0.09710492 -0.00440257 -0.00003239 -0.00000093 
7.74263683e-04 -0.51846063 -0.09710492 -0.00440257 -0.00003239 -0.00000093 
5.99484250e-04 -0.51846063 -0.09710492 -0.00440257 -0.00003239 -0.00000093 
4.64158883e-04 -0.51846063 -0.09710492 -0.00440257 -0.00003239 -0.00000093 
3.59381366e-04 -0.51846063 -0.09710492 -0.00440257 -0.00003239 -0.00000093 
2.78255940e-04 -0.51846063 -0.09710492 -0.00440257 -0.00003239 -0.00000093 
2.15443469e-04 -0.51846063 -0.09710492 -0.00440257 -0.00003239 -0.00000093 
1.66810054e-04 -0.51846063 -0.09710492 -0.00440257 -0.00003239 -0.00000093 
1.29154967e-04 -0.51846063 -0.09710492 -0.00440257 -0.00003239 -0.00000093 
1.00000000e-04 -0.51846063 -0.09710492 -0.00440257 -0.00003239 -0.00000093 
7.74263683e-05 -0.51846063 -0.09710492 -0.00440257 -0.00003239 -0.00000093 
5.99484250e-05 -0.51846063 -0.09710492 -0.00440257 -0.00003239 -0.00000093 
4.64158883e-05 -0.51846063 -0.09710492 -0.00440257 -0.00003239 -0.00000093 
3.59381366e-05 -0.51846063 -0.09710492 -0.00440257 -0.00003239 -0.00000093 
2.78255940e-05 -0.51846063 -0.09710492 -0.00440257 -0.00003239 -0.00000093 
2.15443469e-05 -0.51846063 -0.09710492 -0.00440257 -0.00003239 -0.00000093 
1.66810054e-05 -0.51846063 -0.09710492 -0.00440257 -0.00003239 -0.00000093 
1.29154967e-05 -0.51846063 -0.09710492 -0.00440257 -0.00003239 -0.00000093 
1.00000000e-05 -0.51846063 -0.09710492 -0.00440257 -0.00003239 -0.00000093 
7.74263683e-06 -0.51846063 -0.09710492 -0.00440257 -0.00003239 -0.00000093 
5.99484250e-06 -0.51846063 -0.09710492 -0.00440257 -0.00003239 -0.00000093 
4.64158883e-06 -0.51846063 -0.09710492 -0.00440257 -0.00003239 -0.00000093 
3.59381366e-06 -0.51846063 -0.09710492 -0.00440257 -0.00003239 -0.00000093 
2.78255940e-06 -0.51846063 -0.09710492 -0.00440257 -0.00003239 -0.00000093 
2.15443469e-06 -0.51846063 -0.09710492 -0.00440257 -0.00003239 -0.00000093 
1.66810054e-06 -0.51846063 -0.09710492 -0.00440257 -0.00003239 -0.00000093 
1.29154967e-06 -0.51846063 -0.09710492 -0.00440257 -0.00003239 -0.00000093 
1.00000000e-06 -0.51846063 -0.09710492 -0.00440257 -0.00003239 -0.00000093 
7.74263683e-07 -0.51846063 -0.09710492 -0.00440257 -0.00003239 -0.00000093 
5.99484250e-07 -0.51846063 -0.09710492 -0.00440257 -0.00003239 -0.00000093 
4.64158883e-07 -0.51846063 -0.09710492 -0.00440257 -0.00003239 -0.00000093 
3.59381366e-07 -0.51846063 -0.09710492 -0.00440257 -0.00003239 -0.00000093 
2.78255940e-07 -0.51846063 -0.09710492 -0.00440257 -0.00003239 -0.00000093 
2.15443469e-07 -0.51846063 -0.09710492 -0.00440257 -0.00003239 -0.00000093 
1.66810054e-07 -0.51846063 -0.09710492 -0.00440257 -0.00003239 -0.00000093 
1.29154967e-07 -0.51846063 -0.09710492 -0.00440257 -0.00003239 -0.00000093 
1.00000000e-07 -0.51846063 -0.09710492 -0.00440257 -0.00003239 -0.00000093 
7.74263683e-08 -0.51846063 -0.09710492 -0.00440257 -0.00003239 -0.00000093 
5.99484250e-08 -0.51846063 -0.09710492 -0.00440257 -0.00003239 -0.00000093 
4.64158883e-08 -0.51846063 -0.09710492 -0.00440257 -0.00003239 -0.00000093 
3.59381366e-08 -0.51846063 -0.09710492 -0.00440257 -0.00003239 -0.00000093 
2.78255940e-08 -0.51846063 -0.09710492 -0.00440257 -0.00003239 -0.00000093 
2.15443469e-08 -0.51846063 -0.09710492 -0.00440257 -0.00003239 -0.00000093 
1.66810054e-08 -0.51846063 -0.09710492 -0.00440257 -0.00003239 -0.00000093 
1.29154967e-08 -0.51846063 -0.09710492 -0.00440257 -0.00003239 -0.00000093 
1.00000000e-08 -0.51846063 -0.09710492 -0.00440257 -0.00003239 -0.00000093 
7.74263683e-09 -0.51846063 -0.09710492 -0.00440257 -0.00003239 -0.00000093 
5.99484250e-09 -0.51846063 -0.09710492 -0.00440257 -0.00003239 -0.00000093 
4.64158883e-09 -0.51846063 -0.09710492 -0.00440257 -0.00003239 -0.00000093 
3.59381366e-09 -0.51846063 -0.09710492 -0.00440257 -0.00003239 -0.00000093 
2.78255940e-09 -0.51846063 -0.09710492 -0.00440257 -0.00003239 -0.00000093 
2.15443469e-09 -0.51846063 -0.09710492 -0.00440257 -0.00003239 -0.00000093 
1.66810054e-09 -0.51846063 -0.09710492 -0.00440257 -0.00003239 -0.00000093 
1.29154967e-09 -0.51846063 -0.09710492 -0.00440257 -0.00003239 -0.00000093 
1.00000000e-09 -0.51846063 -0.09710492 -0.00440257 -0.00003239 -0.00000093 
7.74263683e-10 -0.51846063 -0.09710492 -0.00440257 -0.00003239 -0.00000093 
5.99484250e-10 -0.51846063 -0.09710492 -0.00440257 -0.00003239 -0.00000093 
4.64158883e-10 -0.51846063 -0.09710492 -0.00440257 -0.00003239 -0.00000093 
3.59381366e-10 -0.51846063 -0.09710492 -0.00440257 -0.00003239 -0.00000093 
2.78255940e-10 -0.51846063 -0.09710492 -0.00440257 -0.00003239 -0.00000093 
2.15443469e-10 -0.51846063 -0.09710492 -0.00440257 -0.00003239 -0.00000093 
1.66810054e-10 -0.51846063 -0.09710492 -0.00440257 -0.00003239 -0.00000093 
1.29154967e-10 -0.51846063 -0.09710492 -0.00440257 -0.00003239 -0.00000093 
1.00000000e-10 -0.51846063 -0.09710492 -0.00440257 -0.00003239 -0.00000093 
P (bar) | log_H2O: -2σ | log_H2O: -1σ | log_H2O: median | log_H2O: +1σ | log_H2O: +2σ 
1.00000000e+01 -9.69945205 -8.14320732 -5.39674216 -3.79501266 -2.93070803 
7.74263683e+00 -9.69945205 -8.14320732 -5.39674216 -3.79501266 -2.93070803 
5.99484250e+00 -9.69945205 -8.14320732 -5.39674216 -3.79501266 -2.93070803 
4.64158883e+00 -9.69945205 -8.14320732 -5.39674216 -3.79501266 -2.93070803 
3.59381366e+00 -9.69945205 -8.14320732 -5.39674216 -3.79501266 -2.93070803 
2.78255940e+00 -9.69945205 -8.14320732 -5.39674216 -3.79501266 -2.93070803 
2.15443469e+00 -9.69945205 -8.14320732 -5.39674216 -3.79501266 -2.93070803 
1.66810054e+00 -9.69945205 -8.14320732 -5.39674216 -3.79501266 -2.93070803 
1.29154967e+00 -9.69945205 -8.14320732 -5.39674216 -3.79501266 -2.93070803 
1.00000000e+00 -9.69945205 -8.14320732 -5.39674216 -3.79501266 -2.93070803 
7.74263683e-01 -9.69945205 -8.14320732 -5.39674216 -3.79501266 -2.93070803 
5.99484250e-01 -9.69945205 -8.14320732 -5.39674216 -3.79501266 -2.93070803 
4.64158883e-01 -9.69945205 -8.14320732 -5.39674216 -3.79501266 -2.93070803 
3.59381366e-01 -9.69945205 -8.14320732 -5.39674216 -3.79501266 -2.93070803 
2.78255940e-01 -9.69945205 -8.14320732 -5.39674216 -3.79501266 -2.93070803 
2.15443469e-01 -9.69945205 -8.14320732 -5.39674216 -3.79501266 -2.93070803 
1.66810054e-01 -9.69945205 -8.14320732 -5.39674216 -3.79501266 -2.93070803 
1.29154967e-01 -9.69945205 -8.14320732 -5.39674216 -3.79501266 -2.93070803 
1.00000000e-01 -9.69945205 -8.14320732 -5.39674216 -3.79501266 -2.93070803 
7.74263683e-02 -9.69945205 -8.14320732 -5.39674216 -3.79501266 -2.93070803 
5.99484250e-02 -9.69945205 -8.14320732 -5.39674216 -3.79501266 -2.93070803 
4.64158883e-02 -9.69945205 -8.14320732 -5.39674216 -3.79501266 -2.93070803 
3.59381366e-02 -9.69945205 -8.14320732 -5.39674216 -3.79501266 -2.93070803 
2.78255940e-02 -9.69945205 -8.14320732 -5.39674216 -3.79501266 -2.93070803 
2.15443469e-02 -9.69945205 -8.14320732 -5.39674216 -3.79501266 -2.93070803 
1.66810054e-02 -9.69945205 -8.14320732 -5.39674216 -3.79501266 -2.93070803 
1.29154967e-02 -9.69945205 -8.14320732 -5.39674216 -3.79501266 -2.93070803 
1.00000000e-02 -9.69945205 -8.14320732 -5.39674216 -3.79501266 -2.93070803 
7.74263683e-03 -9.69945205 -8.14320732 -5.39674216 -3.79501266 -2.93070803 
5.99484250e-03 -9.69945205 -8.14320732 -5.39674216 -3.79501266 -2.93070803 
4.64158883e-03 -9.69945205 -8.14320732 -5.39674216 -3.79501266 -2.93070803 
3.59381366e-03 -9.69945205 -8.14320732 -5.39674216 -3.79501266 -2.93070803 
2.78255940e-03 -9.69945205 -8.14320732 -5.39674216 -3.79501266 -2.93070803 
2.15443469e-03 -9.69945205 -8.14320732 -5.39674216 -3.79501266 -2.93070803 
1.66810054e-03 -9.69945205 -8.14320732 -5.39674216 -3.79501266 -2.93070803 
1.29154967e-03 -9.69945205 -8.14320732 -5.39674216 -3.79501266 -2.93070803 
1.00000000e-03 -9.69945205 -8.14320732 -5.39674216 -3.79501266 -2.93070803 
7.74263683e-04 -9.69945205 -8.14320732 -5.39674216 -3.79501266 -2.93070803 
5.99484250e-04 -9.69945205 -8.14320732 -5.39674216 -3.79501266 -2.93070803 
4.64158883e-04 -9.69945205 -8.14320732 -5.39674216 -3.79501266 -2.93070803 
3.59381366e-04 -9.69945205 -8.14320732 -5.39674216 -3.79501266 -2.93070803 
2.78255940e-04 -9.69945205 -8.14320732 -5.39674216 -3.79501266 -2.93070803 
2.15443469e-04 -9.69945205 -8.14320732 -5.39674216 -3.79501266 -2.93070803 
1.66810054e-04 -9.69945205 -8.14320732 -5.39674216 -3.79501266 -2.93070803 
1.29154967e-04 -9.69945205 -8.14320732 -5.39674216 -3.79501266 -2.93070803 
1.00000000e-04 -9.69945205 -8.14320732 -5.39674216 -3.79501266 -2.93070803 
7.74263683e-05 -9.69945205 -8.14320732 -5.39674216 -3.79501266 -2.93070803 
5.99484250e-05 -9.69945205 -8.14320732 -5.39674216 -3.79501266 -2.93070803 
4.64158883e-05 -9.69945205 -8.14320732 -5.39674216 -3.79501266 -2.93070803 
3.59381366e-05 -9.69945205 -8.14320732 -5.39674216 -3.79501266 -2.93070803 
2.78255940e-05 -9.69945205 -8.14320732 -5.39674216 -3.79501266 -2.93070803 
2.15443469e-05 -9.69945205 -8.14320732 -5.39674216 -3.79501266 -2.93070803 
1.66810054e-05 -9.69945205 -8.14320732 -5.39674216 -3.79501266 -2.93070803 
1.29154967e-05 -9.69945205 -8.14320732 -5.39674216 -3.79501266 -2.93070803 
1.00000000e-05 -9.69945205 -8.14320732 -5.39674216 -3.79501266 -2.93070803 
7.74263683e-06 -9.69945205 -8.14320732 -5.39674216 -3.79501266 -2.93070803 
5.99484250e-06 -9.69945205 -8.14320732 -5.39674216 -3.79501266 -2.93070803 
4.64158883e-06 -9.69945205 -8.14320732 -5.39674216 -3.79501266 -2.93070803 
3.59381366e-06 -9.69945205 -8.14320732 -5.39674216 -3.79501266 -2.93070803 
2.78255940e-06 -9.69945205 -8.14320732 -5.39674216 -3.79501266 -2.93070803 
2.15443469e-06 -9.69945205 -8.14320732 -5.39674216 -3.79501266 -2.93070803 
1.66810054e-06 -9.69945205 -8.14320732 -5.39674216 -3.79501266 -2.93070803 
1.29154967e-06 -9.69945205 -8.14320732 -5.39674216 -3.79501266 -2.93070803 
1.00000000e-06 -9.69945205 -8.14320732 -5.39674216 -3.79501266 -2.93070803 
7.74263683e-07 -9.69945205 -8.14320732 -5.39674216 -3.79501266 -2.93070803 
5.99484250e-07 -9.69945205 -8.14320732 -5.39674216 -3.79501266 -2.93070803 
4.64158883e-07 -9.69945205 -8.14320732 -5.39674216 -3.79501266 -2.93070803 
3.59381366e-07 -9.69945205 -8.14320732 -5.39674216 -3.79501266 -2.93070803 
2.78255940e-07 -9.69945205 -8.14320732 -5.39674216 -3.79501266 -2.93070803 
2.15443469e-07 -9.69945205 -8.14320732 -5.39674216 -3.79501266 -2.93070803 
1.66810054e-07 -9.69945205 -8.14320732 -5.39674216 -3.79501266 -2.93070803 
1.29154967e-07 -9.69945205 -8.14320732 -5.39674216 -3.79501266 -2.93070803 
1.00000000e-07 -9.69945205 -8.14320732 -5.39674216 -3.79501266 -2.93070803 
7.74263683e-08 -9.69945205 -8.14320732 -5.39674216 -3.79501266 -2.93070803 
5.99484250e-08 -9.69945205 -8.14320732 -5.39674216 -3.79501266 -2.93070803 
4.64158883e-08 -9.69945205 -8.14320732 -5.39674216 -3.79501266 -2.93070803 
3.59381366e-08 -9.69945205 -8.14320732 -5.39674216 -3.79501266 -2.93070803 
2.78255940e-08 -9.69945205 -8.14320732 -5.39674216 -3.79501266 -2.93070803 
2.15443469e-08 -9.69945205 -8.14320732 -5.39674216 -3.79501266 -2.93070803 
1.66810054e-08 -9.69945205 -8.14320732 -5.39674216 -3.79501266 -2.93070803 
1.29154967e-08 -9.69945205 -8.14320732 -5.39674216 -3.79501266 -2.93070803 
1.00000000e-08 -9.69945205 -8.14320732 -5.39674216 -3.79501266 -2.93070803 
7.74263683e-09 -9.69945205 -8.14320732 -5.39674216 -3.79501266 -2.93070803 
5.99484250e-09 -9.69945205 -8.14320732 -5.39674216 -3.79501266 -2.93070803 
4.64158883e-09 -9.69945205 -8.14320732 -5.39674216 -3.79501266 -2.93070803 
3.59381366e-09 -9.69945205 -8.14320732 -5.39674216 -3.79501266 -2.93070803 
2.78255940e-09 -9.69945205 -8.14320732 -5.39674216 -3.79501266 -2.93070803 
2.15443469e-09 -9.69945205 -8.14320732 -5.39674216 -3.79501266 -2.93070803 
1.66810054e-09 -9.69945205 -8.14320732 -5.39674216 -3.79501266 -2.93070803 
1.29154967e-09 -9.69945205 -8.14320732 -5.39674216 -3.79501266 -2.93070803 
1.00000000e-09 -9.69945205 -8.14320732 -5.39674216 -3.79501266 -2.93070803 
7.74263683e-10 -9.69945205 -8.14320732 -5.39674216 -3.79501266 -2.93070803 
5.99484250e-10 -9.69945205 -8.14320732 -5.39674216 -3.79501266 -2.93070803 
4.64158883e-10 -9.69945205 -8.14320732 -5.39674216 -3.79501266 -2.93070803 
3.59381366e-10 -9.69945205 -8.14320732 -5.39674216 -3.79501266 -2.93070803 
2.78255940e-10 -9.69945205 -8.14320732 -5.39674216 -3.79501266 -2.93070803 
2.15443469e-10 -9.69945205 -8.14320732 -5.39674216 -3.79501266 -2.93070803 
1.66810054e-10 -9.69945205 -8.14320732 -5.39674216 -3.79501266 -2.93070803 
1.29154967e-10 -9.69945205 -8.14320732 -5.39674216 -3.79501266 -2.93070803 
1.00000000e-10 -9.69945205 -8.14320732 -5.39674216 -3.79501266 -2.93070803 
P (bar) | log_CO2: -2σ | log_CO2: -1σ | log_CO2: median | log_CO2: +1σ | log_CO2: +2σ 
1.00000000e+01 -9.16621136 -6.88853974 -2.57393201 -0.86619377 -0.20946189 
7.74263683e+00 -9.16621136 -6.88853974 -2.57393201 -0.86619377 -0.20946189 
5.99484250e+00 -9.16621136 -6.88853974 -2.57393201 -0.86619377 -0.20946189 
4.64158883e+00 -9.16621136 -6.88853974 -2.57393201 -0.86619377 -0.20946189 
3.59381366e+00 -9.16621136 -6.88853974 -2.57393201 -0.86619377 -0.20946189 
2.78255940e+00 -9.16621136 -6.88853974 -2.57393201 -0.86619377 -0.20946189 
2.15443469e+00 -9.16621136 -6.88853974 -2.57393201 -0.86619377 -0.20946189 
1.66810054e+00 -9.16621136 -6.88853974 -2.57393201 -0.86619377 -0.20946189 
1.29154967e+00 -9.16621136 -6.88853974 -2.57393201 -0.86619377 -0.20946189 
1.00000000e+00 -9.16621136 -6.88853974 -2.57393201 -0.86619377 -0.20946189 
7.74263683e-01 -9.16621136 -6.88853974 -2.57393201 -0.86619377 -0.20946189 
5.99484250e-01 -9.16621136 -6.88853974 -2.57393201 -0.86619377 -0.20946189 
4.64158883e-01 -9.16621136 -6.88853974 -2.57393201 -0.86619377 -0.20946189 
3.59381366e-01 -9.16621136 -6.88853974 -2.57393201 -0.86619377 -0.20946189 
2.78255940e-01 -9.16621136 -6.88853974 -2.57393201 -0.86619377 -0.20946189 
2.15443469e-01 -9.16621136 -6.88853974 -2.57393201 -0.86619377 -0.20946189 
1.66810054e-01 -9.16621136 -6.88853974 -2.57393201 -0.86619377 -0.20946189 
1.29154967e-01 -9.16621136 -6.88853974 -2.57393201 -0.86619377 -0.20946189 
1.00000000e-01 -9.16621136 -6.88853974 -2.57393201 -0.86619377 -0.20946189 
7.74263683e-02 -9.16621136 -6.88853974 -2.57393201 -0.86619377 -0.20946189 
5.99484250e-02 -9.16621136 -6.88853974 -2.57393201 -0.86619377 -0.20946189 
4.64158883e-02 -9.16621136 -6.88853974 -2.57393201 -0.86619377 -0.20946189 
3.59381366e-02 -9.16621136 -6.88853974 -2.57393201 -0.86619377 -0.20946189 
2.78255940e-02 -9.16621136 -6.88853974 -2.57393201 -0.86619377 -0.20946189 
2.15443469e-02 -9.16621136 -6.88853974 -2.57393201 -0.86619377 -0.20946189 
1.66810054e-02 -9.16621136 -6.88853974 -2.57393201 -0.86619377 -0.20946189 
1.29154967e-02 -9.16621136 -6.88853974 -2.57393201 -0.86619377 -0.20946189 
1.00000000e-02 -9.16621136 -6.88853974 -2.57393201 -0.86619377 -0.20946189 
7.74263683e-03 -9.16621136 -6.88853974 -2.57393201 -0.86619377 -0.20946189 
5.99484250e-03 -9.16621136 -6.88853974 -2.57393201 -0.86619377 -0.20946189 
4.64158883e-03 -9.16621136 -6.88853974 -2.57393201 -0.86619377 -0.20946189 
3.59381366e-03 -9.16621136 -6.88853974 -2.57393201 -0.86619377 -0.20946189 
2.78255940e-03 -9.16621136 -6.88853974 -2.57393201 -0.86619377 -0.20946189 
2.15443469e-03 -9.16621136 -6.88853974 -2.57393201 -0.86619377 -0.20946189 
1.66810054e-03 -9.16621136 -6.88853974 -2.57393201 -0.86619377 -0.20946189 
1.29154967e-03 -9.16621136 -6.88853974 -2.57393201 -0.86619377 -0.20946189 
1.00000000e-03 -9.16621136 -6.88853974 -2.57393201 -0.86619377 -0.20946189 
7.74263683e-04 -9.16621136 -6.88853974 -2.57393201 -0.86619377 -0.20946189 
5.99484250e-04 -9.16621136 -6.88853974 -2.57393201 -0.86619377 -0.20946189 
4.64158883e-04 -9.16621136 -6.88853974 -2.57393201 -0.86619377 -0.20946189 
3.59381366e-04 -9.16621136 -6.88853974 -2.57393201 -0.86619377 -0.20946189 
2.78255940e-04 -9.16621136 -6.88853974 -2.57393201 -0.86619377 -0.20946189 
2.15443469e-04 -9.16621136 -6.88853974 -2.57393201 -0.86619377 -0.20946189 
1.66810054e-04 -9.16621136 -6.88853974 -2.57393201 -0.86619377 -0.20946189 
1.29154967e-04 -9.16621136 -6.88853974 -2.57393201 -0.86619377 -0.20946189 
1.00000000e-04 -9.16621136 -6.88853974 -2.57393201 -0.86619377 -0.20946189 
7.74263683e-05 -9.16621136 -6.88853974 -2.57393201 -0.86619377 -0.20946189 
5.99484250e-05 -9.16621136 -6.88853974 -2.57393201 -0.86619377 -0.20946189 
4.64158883e-05 -9.16621136 -6.88853974 -2.57393201 -0.86619377 -0.20946189 
3.59381366e-05 -9.16621136 -6.88853974 -2.57393201 -0.86619377 -0.20946189 
2.78255940e-05 -9.16621136 -6.88853974 -2.57393201 -0.86619377 -0.20946189 
2.15443469e-05 -9.16621136 -6.88853974 -2.57393201 -0.86619377 -0.20946189 
1.66810054e-05 -9.16621136 -6.88853974 -2.57393201 -0.86619377 -0.20946189 
1.29154967e-05 -9.16621136 -6.88853974 -2.57393201 -0.86619377 -0.20946189 
1.00000000e-05 -9.16621136 -6.88853974 -2.57393201 -0.86619377 -0.20946189 
7.74263683e-06 -9.16621136 -6.88853974 -2.57393201 -0.86619377 -0.20946189 
5.99484250e-06 -9.16621136 -6.88853974 -2.57393201 -0.86619377 -0.20946189 
4.64158883e-06 -9.16621136 -6.88853974 -2.57393201 -0.86619377 -0.20946189 
3.59381366e-06 -9.16621136 -6.88853974 -2.57393201 -0.86619377 -0.20946189 
2.78255940e-06 -9.16621136 -6.88853974 -2.57393201 -0.86619377 -0.20946189 
2.15443469e-06 -9.16621136 -6.88853974 -2.57393201 -0.86619377 -0.20946189 
1.66810054e-06 -9.16621136 -6.88853974 -2.57393201 -0.86619377 -0.20946189 
1.29154967e-06 -9.16621136 -6.88853974 -2.57393201 -0.86619377 -0.20946189 
1.00000000e-06 -9.16621136 -6.88853974 -2.57393201 -0.86619377 -0.20946189 
7.74263683e-07 -9.16621136 -6.88853974 -2.57393201 -0.86619377 -0.20946189 
5.99484250e-07 -9.16621136 -6.88853974 -2.57393201 -0.86619377 -0.20946189 
4.64158883e-07 -9.16621136 -6.88853974 -2.57393201 -0.86619377 -0.20946189 
3.59381366e-07 -9.16621136 -6.88853974 -2.57393201 -0.86619377 -0.20946189 
2.78255940e-07 -9.16621136 -6.88853974 -2.57393201 -0.86619377 -0.20946189 
2.15443469e-07 -9.16621136 -6.88853974 -2.57393201 -0.86619377 -0.20946189 
1.66810054e-07 -9.16621136 -6.88853974 -2.57393201 -0.86619377 -0.20946189 
1.29154967e-07 -9.16621136 -6.88853974 -2.57393201 -0.86619377 -0.20946189 
1.00000000e-07 -9.16621136 -6.88853974 -2.57393201 -0.86619377 -0.20946189 
7.74263683e-08 -9.16621136 -6.88853974 -2.57393201 -0.86619377 -0.20946189 
5.99484250e-08 -9.16621136 -6.88853974 -2.57393201 -0.86619377 -0.20946189 
4.64158883e-08 -9.16621136 -6.88853974 -2.57393201 -0.86619377 -0.20946189 
3.59381366e-08 -9.16621136 -6.88853974 -2.57393201 -0.86619377 -0.20946189 
2.78255940e-08 -9.16621136 -6.88853974 -2.57393201 -0.86619377 -0.20946189 
2.15443469e-08 -9.16621136 -6.88853974 -2.57393201 -0.86619377 -0.20946189 
1.66810054e-08 -9.16621136 -6.88853974 -2.57393201 -0.86619377 -0.20946189 
1.29154967e-08 -9.16621136 -6.88853974 -2.57393201 -0.86619377 -0.20946189 
1.00000000e-08 -9.16621136 -6.88853974 -2.57393201 -0.86619377 -0.20946189 
7.74263683e-09 -9.16621136 -6.88853974 -2.57393201 -0.86619377 -0.20946189 
5.99484250e-09 -9.16621136 -6.88853974 -2.57393201 -0.86619377 -0.20946189 
4.64158883e-09 -9.16621136 -6.88853974 -2.57393201 -0.86619377 -0.20946189 
3.59381366e-09 -9.16621136 -6.88853974 -2.57393201 -0.86619377 -0.20946189 
2.78255940e-09 -9.16621136 -6.88853974 -2.57393201 -0.86619377 -0.20946189 
2.15443469e-09 -9.16621136 -6.88853974 -2.57393201 -0.86619377 -0.20946189 
1.66810054e-09 -9.16621136 -6.88853974 -2.57393201 -0.86619377 -0.20946189 
1.29154967e-09 -9.16621136 -6.88853974 -2.57393201 -0.86619377 -0.20946189 
1.00000000e-09 -9.16621136 -6.88853974 -2.57393201 -0.86619377 -0.20946189 
7.74263683e-10 -9.16621136 -6.88853974 -2.57393201 -0.86619377 -0.20946189 
5.99484250e-10 -9.16621136 -6.88853974 -2.57393201 -0.86619377 -0.20946189 
4.64158883e-10 -9.16621136 -6.88853974 -2.57393201 -0.86619377 -0.20946189 
3.59381366e-10 -9.16621136 -6.88853974 -2.57393201 -0.86619377 -0.20946189 
2.78255940e-10 -9.16621136 -6.88853974 -2.57393201 -0.86619377 -0.20946189 
2.15443469e-10 -9.16621136 -6.88853974 -2.57393201 -0.86619377 -0.20946189 
1.66810054e-10 -9.16621136 -6.88853974 -2.57393201 -0.86619377 -0.20946189 
1.29154967e-10 -9.16621136 -6.88853974 -2.57393201 -0.86619377 -0.20946189 
1.00000000e-10 -9.16621136 -6.88853974 -2.57393201 -0.86619377 -0.20946189 
P (bar) | log_CH4: -2σ | log_CH4: -1σ | log_CH4: median | log_CH4: +1σ | log_CH4: +2σ 
1.00000000e+01 -9.43246703 -7.50909398 -5.37292543 -3.94859000 -3.20474439 
7.74263683e+00 -9.43246703 -7.50909398 -5.37292543 -3.94859000 -3.20474439 
5.99484250e+00 -9.43246703 -7.50909398 -5.37292543 -3.94859000 -3.20474439 
4.64158883e+00 -9.43246703 -7.50909398 -5.37292543 -3.94859000 -3.20474439 
3.59381366e+00 -9.43246703 -7.50909398 -5.37292543 -3.94859000 -3.20474439 
2.78255940e+00 -9.43246703 -7.50909398 -5.37292543 -3.94859000 -3.20474439 
2.15443469e+00 -9.43246703 -7.50909398 -5.37292543 -3.94859000 -3.20474439 
1.66810054e+00 -9.43246703 -7.50909398 -5.37292543 -3.94859000 -3.20474439 
1.29154967e+00 -9.43246703 -7.50909398 -5.37292543 -3.94859000 -3.20474439 
1.00000000e+00 -9.43246703 -7.50909398 -5.37292543 -3.94859000 -3.20474439 
7.74263683e-01 -9.43246703 -7.50909398 -5.37292543 -3.94859000 -3.20474439 
5.99484250e-01 -9.43246703 -7.50909398 -5.37292543 -3.94859000 -3.20474439 
4.64158883e-01 -9.43246703 -7.50909398 -5.37292543 -3.94859000 -3.20474439 
3.59381366e-01 -9.43246703 -7.50909398 -5.37292543 -3.94859000 -3.20474439 
2.78255940e-01 -9.43246703 -7.50909398 -5.37292543 -3.94859000 -3.20474439 
2.15443469e-01 -9.43246703 -7.50909398 -5.37292543 -3.94859000 -3.20474439 
1.66810054e-01 -9.43246703 -7.50909398 -5.37292543 -3.94859000 -3.20474439 
1.29154967e-01 -9.43246703 -7.50909398 -5.37292543 -3.94859000 -3.20474439 
1.00000000e-01 -9.43246703 -7.50909398 -5.37292543 -3.94859000 -3.20474439 
7.74263683e-02 -9.43246703 -7.50909398 -5.37292543 -3.94859000 -3.20474439 
5.99484250e-02 -9.43246703 -7.50909398 -5.37292543 -3.94859000 -3.20474439 
4.64158883e-02 -9.43246703 -7.50909398 -5.37292543 -3.94859000 -3.20474439 
3.59381366e-02 -9.43246703 -7.50909398 -5.37292543 -3.94859000 -3.20474439 
2.78255940e-02 -9.43246703 -7.50909398 -5.37292543 -3.94859000 -3.20474439 
2.15443469e-02 -9.43246703 -7.50909398 -5.37292543 -3.94859000 -3.20474439 
1.66810054e-02 -9.43246703 -7.50909398 -5.37292543 -3.94859000 -3.20474439 
1.29154967e-02 -9.43246703 -7.50909398 -5.37292543 -3.94859000 -3.20474439 
1.00000000e-02 -9.43246703 -7.50909398 -5.37292543 -3.94859000 -3.20474439 
7.74263683e-03 -9.43246703 -7.50909398 -5.37292543 -3.94859000 -3.20474439 
5.99484250e-03 -9.43246703 -7.50909398 -5.37292543 -3.94859000 -3.20474439 
4.64158883e-03 -9.43246703 -7.50909398 -5.37292543 -3.94859000 -3.20474439 
3.59381366e-03 -9.43246703 -7.50909398 -5.37292543 -3.94859000 -3.20474439 
2.78255940e-03 -9.43246703 -7.50909398 -5.37292543 -3.94859000 -3.20474439 
2.15443469e-03 -9.43246703 -7.50909398 -5.37292543 -3.94859000 -3.20474439 
1.66810054e-03 -9.43246703 -7.50909398 -5.37292543 -3.94859000 -3.20474439 
1.29154967e-03 -9.43246703 -7.50909398 -5.37292543 -3.94859000 -3.20474439 
1.00000000e-03 -9.43246703 -7.50909398 -5.37292543 -3.94859000 -3.20474439 
7.74263683e-04 -9.43246703 -7.50909398 -5.37292543 -3.94859000 -3.20474439 
5.99484250e-04 -9.43246703 -7.50909398 -5.37292543 -3.94859000 -3.20474439 
4.64158883e-04 -9.43246703 -7.50909398 -5.37292543 -3.94859000 -3.20474439 
3.59381366e-04 -9.43246703 -7.50909398 -5.37292543 -3.94859000 -3.20474439 
2.78255940e-04 -9.43246703 -7.50909398 -5.37292543 -3.94859000 -3.20474439 
2.15443469e-04 -9.43246703 -7.50909398 -5.37292543 -3.94859000 -3.20474439 
1.66810054e-04 -9.43246703 -7.50909398 -5.37292543 -3.94859000 -3.20474439 
1.29154967e-04 -9.43246703 -7.50909398 -5.37292543 -3.94859000 -3.20474439 
1.00000000e-04 -9.43246703 -7.50909398 -5.37292543 -3.94859000 -3.20474439 
7.74263683e-05 -9.43246703 -7.50909398 -5.37292543 -3.94859000 -3.20474439 
5.99484250e-05 -9.43246703 -7.50909398 -5.37292543 -3.94859000 -3.20474439 
4.64158883e-05 -9.43246703 -7.50909398 -5.37292543 -3.94859000 -3.20474439 
3.59381366e-05 -9.43246703 -7.50909398 -5.37292543 -3.94859000 -3.20474439 
2.78255940e-05 -9.43246703 -7.50909398 -5.37292543 -3.94859000 -3.20474439 
2.15443469e-05 -9.43246703 -7.50909398 -5.37292543 -3.94859000 -3.20474439 
1.66810054e-05 -9.43246703 -7.50909398 -5.37292543 -3.94859000 -3.20474439 
1.29154967e-05 -9.43246703 -7.50909398 -5.37292543 -3.94859000 -3.20474439 
1.00000000e-05 -9.43246703 -7.50909398 -5.37292543 -3.94859000 -3.20474439 
7.74263683e-06 -9.43246703 -7.50909398 -5.37292543 -3.94859000 -3.20474439 
5.99484250e-06 -9.43246703 -7.50909398 -5.37292543 -3.94859000 -3.20474439 
4.64158883e-06 -9.43246703 -7.50909398 -5.37292543 -3.94859000 -3.20474439 
3.59381366e-06 -9.43246703 -7.50909398 -5.37292543 -3.94859000 -3.20474439 
2.78255940e-06 -9.43246703 -7.50909398 -5.37292543 -3.94859000 -3.20474439 
2.15443469e-06 -9.43246703 -7.50909398 -5.37292543 -3.94859000 -3.20474439 
1.66810054e-06 -9.43246703 -7.50909398 -5.37292543 -3.94859000 -3.20474439 
1.29154967e-06 -9.43246703 -7.50909398 -5.37292543 -3.94859000 -3.20474439 
1.00000000e-06 -9.43246703 -7.50909398 -5.37292543 -3.94859000 -3.20474439 
7.74263683e-07 -9.43246703 -7.50909398 -5.37292543 -3.94859000 -3.20474439 
5.99484250e-07 -9.43246703 -7.50909398 -5.37292543 -3.94859000 -3.20474439 
4.64158883e-07 -9.43246703 -7.50909398 -5.37292543 -3.94859000 -3.20474439 
3.59381366e-07 -9.43246703 -7.50909398 -5.37292543 -3.94859000 -3.20474439 
2.78255940e-07 -9.43246703 -7.50909398 -5.37292543 -3.94859000 -3.20474439 
2.15443469e-07 -9.43246703 -7.50909398 -5.37292543 -3.94859000 -3.20474439 
1.66810054e-07 -9.43246703 -7.50909398 -5.37292543 -3.94859000 -3.20474439 
1.29154967e-07 -9.43246703 -7.50909398 -5.37292543 -3.94859000 -3.20474439 
1.00000000e-07 -9.43246703 -7.50909398 -5.37292543 -3.94859000 -3.20474439 
7.74263683e-08 -9.43246703 -7.50909398 -5.37292543 -3.94859000 -3.20474439 
5.99484250e-08 -9.43246703 -7.50909398 -5.37292543 -3.94859000 -3.20474439 
4.64158883e-08 -9.43246703 -7.50909398 -5.37292543 -3.94859000 -3.20474439 
3.59381366e-08 -9.43246703 -7.50909398 -5.37292543 -3.94859000 -3.20474439 
2.78255940e-08 -9.43246703 -7.50909398 -5.37292543 -3.94859000 -3.20474439 
2.15443469e-08 -9.43246703 -7.50909398 -5.37292543 -3.94859000 -3.20474439 
1.66810054e-08 -9.43246703 -7.50909398 -5.37292543 -3.94859000 -3.20474439 
1.29154967e-08 -9.43246703 -7.50909398 -5.37292543 -3.94859000 -3.20474439 
1.00000000e-08 -9.43246703 -7.50909398 -5.37292543 -3.94859000 -3.20474439 
7.74263683e-09 -9.43246703 -7.50909398 -5.37292543 -3.94859000 -3.20474439 
5.99484250e-09 -9.43246703 -7.50909398 -5.37292543 -3.94859000 -3.20474439 
4.64158883e-09 -9.43246703 -7.50909398 -5.37292543 -3.94859000 -3.20474439 
3.59381366e-09 -9.43246703 -7.50909398 -5.37292543 -3.94859000 -3.20474439 
2.78255940e-09 -9.43246703 -7.50909398 -5.37292543 -3.94859000 -3.20474439 
2.15443469e-09 -9.43246703 -7.50909398 -5.37292543 -3.94859000 -3.20474439 
1.66810054e-09 -9.43246703 -7.50909398 -5.37292543 -3.94859000 -3.20474439 
1.29154967e-09 -9.43246703 -7.50909398 -5.37292543 -3.94859000 -3.20474439 
1.00000000e-09 -9.43246703 -7.50909398 -5.37292543 -3.94859000 -3.20474439 
7.74263683e-10 -9.43246703 -7.50909398 -5.37292543 -3.94859000 -3.20474439 
5.99484250e-10 -9.43246703 -7.50909398 -5.37292543 -3.94859000 -3.20474439 
4.64158883e-10 -9.43246703 -7.50909398 -5.37292543 -3.94859000 -3.20474439 
3.59381366e-10 -9.43246703 -7.50909398 -5.37292543 -3.94859000 -3.20474439 
2.78255940e-10 -9.43246703 -7.50909398 -5.37292543 -3.94859000 -3.20474439 
2.15443469e-10 -9.43246703 -7.50909398 -5.37292543 -3.94859000 -3.20474439 
1.66810054e-10 -9.43246703 -7.50909398 -5.37292543 -3.94859000 -3.20474439 
1.29154967e-10 -9.43246703 -7.50909398 -5.37292543 -3.94859000 -3.20474439 
1.00000000e-10 -9.43246703 -7.50909398 -5.37292543 -3.94859000 -3.20474439 
P (bar) | log_O2: -2σ | log_O2: -1σ | log_O2: median | log_O2: +1σ | log_O2: +2σ 
1.00000000e+01 -9.68361215 -8.16709925 -5.24805387 -2.15511680 -0.47345528 
7.74263683e+00 -9.68361215 -8.16709925 -5.24805387 -2.15511680 -0.47345528 
5.99484250e+00 -9.68361215 -8.16709925 -5.24805387 -2.15511680 -0.47345528 
4.64158883e+00 -9.68361215 -8.16709925 -5.24805387 -2.15511680 -0.47345528 
3.59381366e+00 -9.68361215 -8.16709925 -5.24805387 -2.15511680 -0.47345528 
2.78255940e+00 -9.68361215 -8.16709925 -5.24805387 -2.15511680 -0.47345528 
2.15443469e+00 -9.68361215 -8.16709925 -5.24805387 -2.15511680 -0.47345528 
1.66810054e+00 -9.68361215 -8.16709925 -5.24805387 -2.15511680 -0.47345528 
1.29154967e+00 -9.68361215 -8.16709925 -5.24805387 -2.15511680 -0.47345528 
1.00000000e+00 -9.68361215 -8.16709925 -5.24805387 -2.15511680 -0.47345528 
7.74263683e-01 -9.68361215 -8.16709925 -5.24805387 -2.15511680 -0.47345528 
5.99484250e-01 -9.68361215 -8.16709925 -5.24805387 -2.15511680 -0.47345528 
4.64158883e-01 -9.68361215 -8.16709925 -5.24805387 -2.15511680 -0.47345528 
3.59381366e-01 -9.68361215 -8.16709925 -5.24805387 -2.15511680 -0.47345528 
2.78255940e-01 -9.68361215 -8.16709925 -5.24805387 -2.15511680 -0.47345528 
2.15443469e-01 -9.68361215 -8.16709925 -5.24805387 -2.15511680 -0.47345528 
1.66810054e-01 -9.68361215 -8.16709925 -5.24805387 -2.15511680 -0.47345528 
1.29154967e-01 -9.68361215 -8.16709925 -5.24805387 -2.15511680 -0.47345528 
1.00000000e-01 -9.68361215 -8.16709925 -5.24805387 -2.15511680 -0.47345528 
7.74263683e-02 -9.68361215 -8.16709925 -5.24805387 -2.15511680 -0.47345528 
5.99484250e-02 -9.68361215 -8.16709925 -5.24805387 -2.15511680 -0.47345528 
4.64158883e-02 -9.68361215 -8.16709925 -5.24805387 -2.15511680 -0.47345528 
3.59381366e-02 -9.68361215 -8.16709925 -5.24805387 -2.15511680 -0.47345528 
2.78255940e-02 -9.68361215 -8.16709925 -5.24805387 -2.15511680 -0.47345528 
2.15443469e-02 -9.68361215 -8.16709925 -5.24805387 -2.15511680 -0.47345528 
1.66810054e-02 -9.68361215 -8.16709925 -5.24805387 -2.15511680 -0.47345528 
1.29154967e-02 -9.68361215 -8.16709925 -5.24805387 -2.15511680 -0.47345528 
1.00000000e-02 -9.68361215 -8.16709925 -5.24805387 -2.15511680 -0.47345528 
7.74263683e-03 -9.68361215 -8.16709925 -5.24805387 -2.15511680 -0.47345528 
5.99484250e-03 -9.68361215 -8.16709925 -5.24805387 -2.15511680 -0.47345528 
4.64158883e-03 -9.68361215 -8.16709925 -5.24805387 -2.15511680 -0.47345528 
3.59381366e-03 -9.68361215 -8.16709925 -5.24805387 -2.15511680 -0.47345528 
2.78255940e-03 -9.68361215 -8.16709925 -5.24805387 -2.15511680 -0.47345528 
2.15443469e-03 -9.68361215 -8.16709925 -5.24805387 -2.15511680 -0.47345528 
1.66810054e-03 -9.68361215 -8.16709925 -5.24805387 -2.15511680 -0.47345528 
1.29154967e-03 -9.68361215 -8.16709925 -5.24805387 -2.15511680 -0.47345528 
1.00000000e-03 -9.68361215 -8.16709925 -5.24805387 -2.15511680 -0.47345528 
7.74263683e-04 -9.68361215 -8.16709925 -5.24805387 -2.15511680 -0.47345528 
5.99484250e-04 -9.68361215 -8.16709925 -5.24805387 -2.15511680 -0.47345528 
4.64158883e-04 -9.68361215 -8.16709925 -5.24805387 -2.15511680 -0.47345528 
3.59381366e-04 -9.68361215 -8.16709925 -5.24805387 -2.15511680 -0.47345528 
2.78255940e-04 -9.68361215 -8.16709925 -5.24805387 -2.15511680 -0.47345528 
2.15443469e-04 -9.68361215 -8.16709925 -5.24805387 -2.15511680 -0.47345528 
1.66810054e-04 -9.68361215 -8.16709925 -5.24805387 -2.15511680 -0.47345528 
1.29154967e-04 -9.68361215 -8.16709925 -5.24805387 -2.15511680 -0.47345528 
1.00000000e-04 -9.68361215 -8.16709925 -5.24805387 -2.15511680 -0.47345528 
7.74263683e-05 -9.68361215 -8.16709925 -5.24805387 -2.15511680 -0.47345528 
5.99484250e-05 -9.68361215 -8.16709925 -5.24805387 -2.15511680 -0.47345528 
4.64158883e-05 -9.68361215 -8.16709925 -5.24805387 -2.15511680 -0.47345528 
3.59381366e-05 -9.68361215 -8.16709925 -5.24805387 -2.15511680 -0.47345528 
2.78255940e-05 -9.68361215 -8.16709925 -5.24805387 -2.15511680 -0.47345528 
2.15443469e-05 -9.68361215 -8.16709925 -5.24805387 -2.15511680 -0.47345528 
1.66810054e-05 -9.68361215 -8.16709925 -5.24805387 -2.15511680 -0.47345528 
1.29154967e-05 -9.68361215 -8.16709925 -5.24805387 -2.15511680 -0.47345528 
1.00000000e-05 -9.68361215 -8.16709925 -5.24805387 -2.15511680 -0.47345528 
7.74263683e-06 -9.68361215 -8.16709925 -5.24805387 -2.15511680 -0.47345528 
5.99484250e-06 -9.68361215 -8.16709925 -5.24805387 -2.15511680 -0.47345528 
4.64158883e-06 -9.68361215 -8.16709925 -5.24805387 -2.15511680 -0.47345528 
3.59381366e-06 -9.68361215 -8.16709925 -5.24805387 -2.15511680 -0.47345528 
2.78255940e-06 -9.68361215 -8.16709925 -5.24805387 -2.15511680 -0.47345528 
2.15443469e-06 -9.68361215 -8.16709925 -5.24805387 -2.15511680 -0.47345528 
1.66810054e-06 -9.68361215 -8.16709925 -5.24805387 -2.15511680 -0.47345528 
1.29154967e-06 -9.68361215 -8.16709925 -5.24805387 -2.15511680 -0.47345528 
1.00000000e-06 -9.68361215 -8.16709925 -5.24805387 -2.15511680 -0.47345528 
7.74263683e-07 -9.68361215 -8.16709925 -5.24805387 -2.15511680 -0.47345528 
5.99484250e-07 -9.68361215 -8.16709925 -5.24805387 -2.15511680 -0.47345528 
4.64158883e-07 -9.68361215 -8.16709925 -5.24805387 -2.15511680 -0.47345528 
3.59381366e-07 -9.68361215 -8.16709925 -5.24805387 -2.15511680 -0.47345528 
2.78255940e-07 -9.68361215 -8.16709925 -5.24805387 -2.15511680 -0.47345528 
2.15443469e-07 -9.68361215 -8.16709925 -5.24805387 -2.15511680 -0.47345528 
1.66810054e-07 -9.68361215 -8.16709925 -5.24805387 -2.15511680 -0.47345528 
1.29154967e-07 -9.68361215 -8.16709925 -5.24805387 -2.15511680 -0.47345528 
1.00000000e-07 -9.68361215 -8.16709925 -5.24805387 -2.15511680 -0.47345528 
7.74263683e-08 -9.68361215 -8.16709925 -5.24805387 -2.15511680 -0.47345528 
5.99484250e-08 -9.68361215 -8.16709925 -5.24805387 -2.15511680 -0.47345528 
4.64158883e-08 -9.68361215 -8.16709925 -5.24805387 -2.15511680 -0.47345528 
3.59381366e-08 -9.68361215 -8.16709925 -5.24805387 -2.15511680 -0.47345528 
2.78255940e-08 -9.68361215 -8.16709925 -5.24805387 -2.15511680 -0.47345528 
2.15443469e-08 -9.68361215 -8.16709925 -5.24805387 -2.15511680 -0.47345528 
1.66810054e-08 -9.68361215 -8.16709925 -5.24805387 -2.15511680 -0.47345528 
1.29154967e-08 -9.68361215 -8.16709925 -5.24805387 -2.15511680 -0.47345528 
1.00000000e-08 -9.68361215 -8.16709925 -5.24805387 -2.15511680 -0.47345528 
7.74263683e-09 -9.68361215 -8.16709925 -5.24805387 -2.15511680 -0.47345528 
5.99484250e-09 -9.68361215 -8.16709925 -5.24805387 -2.15511680 -0.47345528 
4.64158883e-09 -9.68361215 -8.16709925 -5.24805387 -2.15511680 -0.47345528 
3.59381366e-09 -9.68361215 -8.16709925 -5.24805387 -2.15511680 -0.47345528 
2.78255940e-09 -9.68361215 -8.16709925 -5.24805387 -2.15511680 -0.47345528 
2.15443469e-09 -9.68361215 -8.16709925 -5.24805387 -2.15511680 -0.47345528 
1.66810054e-09 -9.68361215 -8.16709925 -5.24805387 -2.15511680 -0.47345528 
1.29154967e-09 -9.68361215 -8.16709925 -5.24805387 -2.15511680 -0.47345528 
1.00000000e-09 -9.68361215 -8.16709925 -5.24805387 -2.15511680 -0.47345528 
7.74263683e-10 -9.68361215 -8.16709925 -5.24805387 -2.15511680 -0.47345528 
5.99484250e-10 -9.68361215 -8.16709925 -5.24805387 -2.15511680 -0.47345528 
4.64158883e-10 -9.68361215 -8.16709925 -5.24805387 -2.15511680 -0.47345528 
3.59381366e-10 -9.68361215 -8.16709925 -5.24805387 -2.15511680 -0.47345528 
2.78255940e-10 -9.68361215 -8.16709925 -5.24805387 -2.15511680 -0.47345528 
2.15443469e-10 -9.68361215 -8.16709925 -5.24805387 -2.15511680 -0.47345528 
1.66810054e-10 -9.68361215 -8.16709925 -5.24805387 -2.15511680 -0.47345528 
1.29154967e-10 -9.68361215 -8.16709925 -5.24805387 -2.15511680 -0.47345528 
1.00000000e-10 -9.68361215 -8.16709925 -5.24805387 -2.15511680 -0.47345528 
P (bar) | log_O3: -2σ | log_O3: -1σ | log_O3: median | log_O3: +1σ | log_O3: +2σ 
1.00000000e+01 -9.93299333 -9.55654259 -8.72467186 -7.80265946 -6.96907865 
7.74263683e+00 -9.93299333 -9.55654259 -8.72467186 -7.80265946 -6.96907865 
5.99484250e+00 -9.93299333 -9.55654259 -8.72467186 -7.80265946 -6.96907865 
4.64158883e+00 -9.93299333 -9.55654259 -8.72467186 -7.80265946 -6.96907865 
3.59381366e+00 -9.93299333 -9.55654259 -8.72467186 -7.80265946 -6.96907865 
2.78255940e+00 -9.93299333 -9.55654259 -8.72467186 -7.80265946 -6.96907865 
2.15443469e+00 -9.93299333 -9.55654259 -8.72467186 -7.80265946 -6.96907865 
1.66810054e+00 -9.93299333 -9.55654259 -8.72467186 -7.80265946 -6.96907865 
1.29154967e+00 -9.93299333 -9.55654259 -8.72467186 -7.80265946 -6.96907865 
1.00000000e+00 -9.93299333 -9.55654259 -8.72467186 -7.80265946 -6.96907865 
7.74263683e-01 -9.93299333 -9.55654259 -8.72467186 -7.80265946 -6.96907865 
5.99484250e-01 -9.93299333 -9.55654259 -8.72467186 -7.80265946 -6.96907865 
4.64158883e-01 -9.93299333 -9.55654259 -8.72467186 -7.80265946 -6.96907865 
3.59381366e-01 -9.93299333 -9.55654259 -8.72467186 -7.80265946 -6.96907865 
2.78255940e-01 -9.93299333 -9.55654259 -8.72467186 -7.80265946 -6.96907865 
2.15443469e-01 -9.93299333 -9.55654259 -8.72467186 -7.80265946 -6.96907865 
1.66810054e-01 -9.93299333 -9.55654259 -8.72467186 -7.80265946 -6.96907865 
1.29154967e-01 -9.93299333 -9.55654259 -8.72467186 -7.80265946 -6.96907865 
1.00000000e-01 -9.93299333 -9.55654259 -8.72467186 -7.80265946 -6.96907865 
7.74263683e-02 -9.93299333 -9.55654259 -8.72467186 -7.80265946 -6.96907865 
5.99484250e-02 -9.93299333 -9.55654259 -8.72467186 -7.80265946 -6.96907865 
4.64158883e-02 -9.93299333 -9.55654259 -8.72467186 -7.80265946 -6.96907865 
3.59381366e-02 -9.93299333 -9.55654259 -8.72467186 -7.80265946 -6.96907865 
2.78255940e-02 -9.93299333 -9.55654259 -8.72467186 -7.80265946 -6.96907865 
2.15443469e-02 -9.93299333 -9.55654259 -8.72467186 -7.80265946 -6.96907865 
1.66810054e-02 -9.93299333 -9.55654259 -8.72467186 -7.80265946 -6.96907865 
1.29154967e-02 -9.93299333 -9.55654259 -8.72467186 -7.80265946 -6.96907865 
1.00000000e-02 -9.93299333 -9.55654259 -8.72467186 -7.80265946 -6.96907865 
7.74263683e-03 -9.93299333 -9.55654259 -8.72467186 -7.80265946 -6.96907865 
5.99484250e-03 -9.93299333 -9.55654259 -8.72467186 -7.80265946 -6.96907865 
4.64158883e-03 -9.93299333 -9.55654259 -8.72467186 -7.80265946 -6.96907865 
3.59381366e-03 -9.93299333 -9.55654259 -8.72467186 -7.80265946 -6.96907865 
2.78255940e-03 -9.93299333 -9.55654259 -8.72467186 -7.80265946 -6.96907865 
2.15443469e-03 -9.93299333 -9.55654259 -8.72467186 -7.80265946 -6.96907865 
1.66810054e-03 -9.93299333 -9.55654259 -8.72467186 -7.80265946 -6.96907865 
1.29154967e-03 -9.93299333 -9.55654259 -8.72467186 -7.80265946 -6.96907865 
1.00000000e-03 -9.93299333 -9.55654259 -8.72467186 -7.80265946 -6.96907865 
7.74263683e-04 -9.93299333 -9.55654259 -8.72467186 -7.80265946 -6.96907865 
5.99484250e-04 -9.93299333 -9.55654259 -8.72467186 -7.80265946 -6.96907865 
4.64158883e-04 -9.93299333 -9.55654259 -8.72467186 -7.80265946 -6.96907865 
3.59381366e-04 -9.93299333 -9.55654259 -8.72467186 -7.80265946 -6.96907865 
2.78255940e-04 -9.93299333 -9.55654259 -8.72467186 -7.80265946 -6.96907865 
2.15443469e-04 -9.93299333 -9.55654259 -8.72467186 -7.80265946 -6.96907865 
1.66810054e-04 -9.93299333 -9.55654259 -8.72467186 -7.80265946 -6.96907865 
1.29154967e-04 -9.93299333 -9.55654259 -8.72467186 -7.80265946 -6.96907865 
1.00000000e-04 -9.93299333 -9.55654259 -8.72467186 -7.80265946 -6.96907865 
7.74263683e-05 -9.93299333 -9.55654259 -8.72467186 -7.80265946 -6.96907865 
5.99484250e-05 -9.93299333 -9.55654259 -8.72467186 -7.80265946 -6.96907865 
4.64158883e-05 -9.93299333 -9.55654259 -8.72467186 -7.80265946 -6.96907865 
3.59381366e-05 -9.93299333 -9.55654259 -8.72467186 -7.80265946 -6.96907865 
2.78255940e-05 -9.93299333 -9.55654259 -8.72467186 -7.80265946 -6.96907865 
2.15443469e-05 -9.93299333 -9.55654259 -8.72467186 -7.80265946 -6.96907865 
1.66810054e-05 -9.93299333 -9.55654259 -8.72467186 -7.80265946 -6.96907865 
1.29154967e-05 -9.93299333 -9.55654259 -8.72467186 -7.80265946 -6.96907865 
1.00000000e-05 -9.93299333 -9.55654259 -8.72467186 -7.80265946 -6.96907865 
7.74263683e-06 -9.93299333 -9.55654259 -8.72467186 -7.80265946 -6.96907865 
5.99484250e-06 -9.93299333 -9.55654259 -8.72467186 -7.80265946 -6.96907865 
4.64158883e-06 -9.93299333 -9.55654259 -8.72467186 -7.80265946 -6.96907865 
3.59381366e-06 -9.93299333 -9.55654259 -8.72467186 -7.80265946 -6.96907865 
2.78255940e-06 -9.93299333 -9.55654259 -8.72467186 -7.80265946 -6.96907865 
2.15443469e-06 -9.93299333 -9.55654259 -8.72467186 -7.80265946 -6.96907865 
1.66810054e-06 -9.93299333 -9.55654259 -8.72467186 -7.80265946 -6.96907865 
1.29154967e-06 -9.93299333 -9.55654259 -8.72467186 -7.80265946 -6.96907865 
1.00000000e-06 -9.93299333 -9.55654259 -8.72467186 -7.80265946 -6.96907865 
7.74263683e-07 -9.93299333 -9.55654259 -8.72467186 -7.80265946 -6.96907865 
5.99484250e-07 -9.93299333 -9.55654259 -8.72467186 -7.80265946 -6.96907865 
4.64158883e-07 -9.93299333 -9.55654259 -8.72467186 -7.80265946 -6.96907865 
3.59381366e-07 -9.93299333 -9.55654259 -8.72467186 -7.80265946 -6.96907865 
2.78255940e-07 -9.93299333 -9.55654259 -8.72467186 -7.80265946 -6.96907865 
2.15443469e-07 -9.93299333 -9.55654259 -8.72467186 -7.80265946 -6.96907865 
1.66810054e-07 -9.93299333 -9.55654259 -8.72467186 -7.80265946 -6.96907865 
1.29154967e-07 -9.93299333 -9.55654259 -8.72467186 -7.80265946 -6.96907865 
1.00000000e-07 -9.93299333 -9.55654259 -8.72467186 -7.80265946 -6.96907865 
7.74263683e-08 -9.93299333 -9.55654259 -8.72467186 -7.80265946 -6.96907865 
5.99484250e-08 -9.93299333 -9.55654259 -8.72467186 -7.80265946 -6.96907865 
4.64158883e-08 -9.93299333 -9.55654259 -8.72467186 -7.80265946 -6.96907865 
3.59381366e-08 -9.93299333 -9.55654259 -8.72467186 -7.80265946 -6.96907865 
2.78255940e-08 -9.93299333 -9.55654259 -8.72467186 -7.80265946 -6.96907865 
2.15443469e-08 -9.93299333 -9.55654259 -8.72467186 -7.80265946 -6.96907865 
1.66810054e-08 -9.93299333 -9.55654259 -8.72467186 -7.80265946 -6.96907865 
1.29154967e-08 -9.93299333 -9.55654259 -8.72467186 -7.80265946 -6.96907865 
1.00000000e-08 -9.93299333 -9.55654259 -8.72467186 -7.80265946 -6.96907865 
7.74263683e-09 -9.93299333 -9.55654259 -8.72467186 -7.80265946 -6.96907865 
5.99484250e-09 -9.93299333 -9.55654259 -8.72467186 -7.80265946 -6.96907865 
4.64158883e-09 -9.93299333 -9.55654259 -8.72467186 -7.80265946 -6.96907865 
3.59381366e-09 -9.93299333 -9.55654259 -8.72467186 -7.80265946 -6.96907865 
2.78255940e-09 -9.93299333 -9.55654259 -8.72467186 -7.80265946 -6.96907865 
2.15443469e-09 -9.93299333 -9.55654259 -8.72467186 -7.80265946 -6.96907865 
1.66810054e-09 -9.93299333 -9.55654259 -8.72467186 -7.80265946 -6.96907865 
1.29154967e-09 -9.93299333 -9.55654259 -8.72467186 -7.80265946 -6.96907865 
1.00000000e-09 -9.93299333 -9.55654259 -8.72467186 -7.80265946 -6.96907865 
7.74263683e-10 -9.93299333 -9.55654259 -8.72467186 -7.80265946 -6.96907865 
5.99484250e-10 -9.93299333 -9.55654259 -8.72467186 -7.80265946 -6.96907865 
4.64158883e-10 -9.93299333 -9.55654259 -8.72467186 -7.80265946 -6.96907865 
3.59381366e-10 -9.93299333 -9.55654259 -8.72467186 -7.80265946 -6.96907865 
2.78255940e-10 -9.93299333 -9.55654259 -8.72467186 -7.80265946 -6.96907865 
2.15443469e-10 -9.93299333 -9.55654259 -8.72467186 -7.80265946 -6.96907865 
1.66810054e-10 -9.93299333 -9.55654259 -8.72467186 -7.80265946 -6.96907865 
1.29154967e-10 -9.93299333 -9.55654259 -8.72467186 -7.80265946 -6.96907865 
1.00000000e-10 -9.93299333 -9.55654259 -8.72467186 -7.80265946 -6.96907865 
P (bar) | log_N2O: -2σ | log_N2O: -1σ | log_N2O: median | log_N2O: +1σ | log_N2O: +2σ 
1.00000000e+01 -9.59483472 -8.28289557 -6.09192571 -4.67626708 -3.57094190 
7.74263683e+00 -9.59483472 -8.28289557 -6.09192571 -4.67626708 -3.57094190 
5.99484250e+00 -9.59483472 -8.28289557 -6.09192571 -4.67626708 -3.57094190 
4.64158883e+00 -9.59483472 -8.28289557 -6.09192571 -4.67626708 -3.57094190 
3.59381366e+00 -9.59483472 -8.28289557 -6.09192571 -4.67626708 -3.57094190 
2.78255940e+00 -9.59483472 -8.28289557 -6.09192571 -4.67626708 -3.57094190 
2.15443469e+00 -9.59483472 -8.28289557 -6.09192571 -4.67626708 -3.57094190 
1.66810054e+00 -9.59483472 -8.28289557 -6.09192571 -4.67626708 -3.57094190 
1.29154967e+00 -9.59483472 -8.28289557 -6.09192571 -4.67626708 -3.57094190 
1.00000000e+00 -9.59483472 -8.28289557 -6.09192571 -4.67626708 -3.57094190 
7.74263683e-01 -9.59483472 -8.28289557 -6.09192571 -4.67626708 -3.57094190 
5.99484250e-01 -9.59483472 -8.28289557 -6.09192571 -4.67626708 -3.57094190 
4.64158883e-01 -9.59483472 -8.28289557 -6.09192571 -4.67626708 -3.57094190 
3.59381366e-01 -9.59483472 -8.28289557 -6.09192571 -4.67626708 -3.57094190 
2.78255940e-01 -9.59483472 -8.28289557 -6.09192571 -4.67626708 -3.57094190 
2.15443469e-01 -9.59483472 -8.28289557 -6.09192571 -4.67626708 -3.57094190 
1.66810054e-01 -9.59483472 -8.28289557 -6.09192571 -4.67626708 -3.57094190 
1.29154967e-01 -9.59483472 -8.28289557 -6.09192571 -4.67626708 -3.57094190 
1.00000000e-01 -9.59483472 -8.28289557 -6.09192571 -4.67626708 -3.57094190 
7.74263683e-02 -9.59483472 -8.28289557 -6.09192571 -4.67626708 -3.57094190 
5.99484250e-02 -9.59483472 -8.28289557 -6.09192571 -4.67626708 -3.57094190 
4.64158883e-02 -9.59483472 -8.28289557 -6.09192571 -4.67626708 -3.57094190 
3.59381366e-02 -9.59483472 -8.28289557 -6.09192571 -4.67626708 -3.57094190 
2.78255940e-02 -9.59483472 -8.28289557 -6.09192571 -4.67626708 -3.57094190 
2.15443469e-02 -9.59483472 -8.28289557 -6.09192571 -4.67626708 -3.57094190 
1.66810054e-02 -9.59483472 -8.28289557 -6.09192571 -4.67626708 -3.57094190 
1.29154967e-02 -9.59483472 -8.28289557 -6.09192571 -4.67626708 -3.57094190 
1.00000000e-02 -9.59483472 -8.28289557 -6.09192571 -4.67626708 -3.57094190 
7.74263683e-03 -9.59483472 -8.28289557 -6.09192571 -4.67626708 -3.57094190 
5.99484250e-03 -9.59483472 -8.28289557 -6.09192571 -4.67626708 -3.57094190 
4.64158883e-03 -9.59483472 -8.28289557 -6.09192571 -4.67626708 -3.57094190 
3.59381366e-03 -9.59483472 -8.28289557 -6.09192571 -4.67626708 -3.57094190 
2.78255940e-03 -9.59483472 -8.28289557 -6.09192571 -4.67626708 -3.57094190 
2.15443469e-03 -9.59483472 -8.28289557 -6.09192571 -4.67626708 -3.57094190 
1.66810054e-03 -9.59483472 -8.28289557 -6.09192571 -4.67626708 -3.57094190 
1.29154967e-03 -9.59483472 -8.28289557 -6.09192571 -4.67626708 -3.57094190 
1.00000000e-03 -9.59483472 -8.28289557 -6.09192571 -4.67626708 -3.57094190 
7.74263683e-04 -9.59483472 -8.28289557 -6.09192571 -4.67626708 -3.57094190 
5.99484250e-04 -9.59483472 -8.28289557 -6.09192571 -4.67626708 -3.57094190 
4.64158883e-04 -9.59483472 -8.28289557 -6.09192571 -4.67626708 -3.57094190 
3.59381366e-04 -9.59483472 -8.28289557 -6.09192571 -4.67626708 -3.57094190 
2.78255940e-04 -9.59483472 -8.28289557 -6.09192571 -4.67626708 -3.57094190 
2.15443469e-04 -9.59483472 -8.28289557 -6.09192571 -4.67626708 -3.57094190 
1.66810054e-04 -9.59483472 -8.28289557 -6.09192571 -4.67626708 -3.57094190 
1.29154967e-04 -9.59483472 -8.28289557 -6.09192571 -4.67626708 -3.57094190 
1.00000000e-04 -9.59483472 -8.28289557 -6.09192571 -4.67626708 -3.57094190 
7.74263683e-05 -9.59483472 -8.28289557 -6.09192571 -4.67626708 -3.57094190 
5.99484250e-05 -9.59483472 -8.28289557 -6.09192571 -4.67626708 -3.57094190 
4.64158883e-05 -9.59483472 -8.28289557 -6.09192571 -4.67626708 -3.57094190 
3.59381366e-05 -9.59483472 -8.28289557 -6.09192571 -4.67626708 -3.57094190 
2.78255940e-05 -9.59483472 -8.28289557 -6.09192571 -4.67626708 -3.57094190 
2.15443469e-05 -9.59483472 -8.28289557 -6.09192571 -4.67626708 -3.57094190 
1.66810054e-05 -9.59483472 -8.28289557 -6.09192571 -4.67626708 -3.57094190 
1.29154967e-05 -9.59483472 -8.28289557 -6.09192571 -4.67626708 -3.57094190 
1.00000000e-05 -9.59483472 -8.28289557 -6.09192571 -4.67626708 -3.57094190 
7.74263683e-06 -9.59483472 -8.28289557 -6.09192571 -4.67626708 -3.57094190 
5.99484250e-06 -9.59483472 -8.28289557 -6.09192571 -4.67626708 -3.57094190 
4.64158883e-06 -9.59483472 -8.28289557 -6.09192571 -4.67626708 -3.57094190 
3.59381366e-06 -9.59483472 -8.28289557 -6.09192571 -4.67626708 -3.57094190 
2.78255940e-06 -9.59483472 -8.28289557 -6.09192571 -4.67626708 -3.57094190 
2.15443469e-06 -9.59483472 -8.28289557 -6.09192571 -4.67626708 -3.57094190 
1.66810054e-06 -9.59483472 -8.28289557 -6.09192571 -4.67626708 -3.57094190 
1.29154967e-06 -9.59483472 -8.28289557 -6.09192571 -4.67626708 -3.57094190 
1.00000000e-06 -9.59483472 -8.28289557 -6.09192571 -4.67626708 -3.57094190 
7.74263683e-07 -9.59483472 -8.28289557 -6.09192571 -4.67626708 -3.57094190 
5.99484250e-07 -9.59483472 -8.28289557 -6.09192571 -4.67626708 -3.57094190 
4.64158883e-07 -9.59483472 -8.28289557 -6.09192571 -4.67626708 -3.57094190 
3.59381366e-07 -9.59483472 -8.28289557 -6.09192571 -4.67626708 -3.57094190 
2.78255940e-07 -9.59483472 -8.28289557 -6.09192571 -4.67626708 -3.57094190 
2.15443469e-07 -9.59483472 -8.28289557 -6.09192571 -4.67626708 -3.57094190 
1.66810054e-07 -9.59483472 -8.28289557 -6.09192571 -4.67626708 -3.57094190 
1.29154967e-07 -9.59483472 -8.28289557 -6.09192571 -4.67626708 -3.57094190 
1.00000000e-07 -9.59483472 -8.28289557 -6.09192571 -4.67626708 -3.57094190 
7.74263683e-08 -9.59483472 -8.28289557 -6.09192571 -4.67626708 -3.57094190 
5.99484250e-08 -9.59483472 -8.28289557 -6.09192571 -4.67626708 -3.57094190 
4.64158883e-08 -9.59483472 -8.28289557 -6.09192571 -4.67626708 -3.57094190 
3.59381366e-08 -9.59483472 -8.28289557 -6.09192571 -4.67626708 -3.57094190 
2.78255940e-08 -9.59483472 -8.28289557 -6.09192571 -4.67626708 -3.57094190 
2.15443469e-08 -9.59483472 -8.28289557 -6.09192571 -4.67626708 -3.57094190 
1.66810054e-08 -9.59483472 -8.28289557 -6.09192571 -4.67626708 -3.57094190 
1.29154967e-08 -9.59483472 -8.28289557 -6.09192571 -4.67626708 -3.57094190 
1.00000000e-08 -9.59483472 -8.28289557 -6.09192571 -4.67626708 -3.57094190 
7.74263683e-09 -9.59483472 -8.28289557 -6.09192571 -4.67626708 -3.57094190 
5.99484250e-09 -9.59483472 -8.28289557 -6.09192571 -4.67626708 -3.57094190 
4.64158883e-09 -9.59483472 -8.28289557 -6.09192571 -4.67626708 -3.57094190 
3.59381366e-09 -9.59483472 -8.28289557 -6.09192571 -4.67626708 -3.57094190 
2.78255940e-09 -9.59483472 -8.28289557 -6.09192571 -4.67626708 -3.57094190 
2.15443469e-09 -9.59483472 -8.28289557 -6.09192571 -4.67626708 -3.57094190 
1.66810054e-09 -9.59483472 -8.28289557 -6.09192571 -4.67626708 -3.57094190 
1.29154967e-09 -9.59483472 -8.28289557 -6.09192571 -4.67626708 -3.57094190 
1.00000000e-09 -9.59483472 -8.28289557 -6.09192571 -4.67626708 -3.57094190 
7.74263683e-10 -9.59483472 -8.28289557 -6.09192571 -4.67626708 -3.57094190 
5.99484250e-10 -9.59483472 -8.28289557 -6.09192571 -4.67626708 -3.57094190 
4.64158883e-10 -9.59483472 -8.28289557 -6.09192571 -4.67626708 -3.57094190 
3.59381366e-10 -9.59483472 -8.28289557 -6.09192571 -4.67626708 -3.57094190 
2.78255940e-10 -9.59483472 -8.28289557 -6.09192571 -4.67626708 -3.57094190 
2.15443469e-10 -9.59483472 -8.28289557 -6.09192571 -4.67626708 -3.57094190 
1.66810054e-10 -9.59483472 -8.28289557 -6.09192571 -4.67626708 -3.57094190 
1.29154967e-10 -9.59483472 -8.28289557 -6.09192571 -4.67626708 -3.57094190 
1.00000000e-10 -9.59483472 -8.28289557 -6.09192571 -4.67626708 -3.57094190 
P (bar) | log_NH3: -2σ | log_NH3: -1σ | log_NH3: median | log_NH3: +1σ | log_NH3: +2σ 
1.00000000e+01 -11.78364353 -10.86864118 -8.85324993 -6.77414442 -5.15150538 
7.74263683e+00 -11.78364353 -10.86864118 -8.85324993 -6.77414442 -5.15150538 
5.99484250e+00 -11.78364353 -10.86864118 -8.85324993 -6.77414442 -5.15150538 
4.64158883e+00 -11.78364353 -10.86864118 -8.85324993 -6.77414442 -5.15150538 
3.59381366e+00 -11.78364353 -10.86864118 -8.85324993 -6.77414442 -5.15150538 
2.78255940e+00 -11.78364353 -10.86864118 -8.85324993 -6.77414442 -5.15150538 
2.15443469e+00 -11.78364353 -10.86864118 -8.85324993 -6.77414442 -5.15150538 
1.66810054e+00 -11.78364353 -10.86864118 -8.85324993 -6.77414442 -5.15150538 
1.29154967e+00 -11.78364353 -10.86864118 -8.85324993 -6.77414442 -5.15150538 
1.00000000e+00 -11.78364353 -10.86864118 -8.85324993 -6.77414442 -5.15150538 
7.74263683e-01 -11.78364353 -10.86864118 -8.85324993 -6.77414442 -5.15150538 
5.99484250e-01 -11.78364353 -10.86864118 -8.85324993 -6.77414442 -5.15150538 
4.64158883e-01 -11.78364353 -10.86864118 -8.85324993 -6.77414442 -5.15150538 
3.59381366e-01 -11.78364353 -10.86864118 -8.85324993 -6.77414442 -5.15150538 
2.78255940e-01 -11.78364353 -10.86864118 -8.85324993 -6.77414442 -5.15150538 
2.15443469e-01 -11.78364353 -10.86864118 -8.85324993 -6.77414442 -5.15150538 
1.66810054e-01 -11.78364353 -10.86864118 -8.85324993 -6.77414442 -5.15150538 
1.29154967e-01 -11.78364353 -10.86864118 -8.85324993 -6.77414442 -5.15150538 
1.00000000e-01 -11.78364353 -10.86864118 -8.85324993 -6.77414442 -5.15150538 
7.74263683e-02 -11.78364353 -10.86864118 -8.85324993 -6.77414442 -5.15150538 
5.99484250e-02 -11.78364353 -10.86864118 -8.85324993 -6.77414442 -5.15150538 
4.64158883e-02 -11.78364353 -10.86864118 -8.85324993 -6.77414442 -5.15150538 
3.59381366e-02 -11.78364353 -10.86864118 -8.85324993 -6.77414442 -5.15150538 
2.78255940e-02 -11.78364353 -10.86864118 -8.85324993 -6.77414442 -5.15150538 
2.15443469e-02 -11.78364353 -10.86864118 -8.85324993 -6.77414442 -5.15150538 
1.66810054e-02 -11.78364353 -10.86864118 -8.85324993 -6.77414442 -5.15150538 
1.29154967e-02 -11.78364353 -10.86864118 -8.85324993 -6.77414442 -5.15150538 
1.00000000e-02 -11.78364353 -10.86864118 -8.85324993 -6.77414442 -5.15150538 
7.74263683e-03 -11.78364353 -10.86864118 -8.85324993 -6.77414442 -5.15150538 
5.99484250e-03 -11.78364353 -10.86864118 -8.85324993 -6.77414442 -5.15150538 
4.64158883e-03 -11.78364353 -10.86864118 -8.85324993 -6.77414442 -5.15150538 
3.59381366e-03 -11.78364353 -10.86864118 -8.85324993 -6.77414442 -5.15150538 
2.78255940e-03 -11.78364353 -10.86864118 -8.85324993 -6.77414442 -5.15150538 
2.15443469e-03 -11.78364353 -10.86864118 -8.85324993 -6.77414442 -5.15150538 
1.66810054e-03 -11.78364353 -10.86864118 -8.85324993 -6.77414442 -5.15150538 
1.29154967e-03 -11.78364353 -10.86864118 -8.85324993 -6.77414442 -5.15150538 
1.00000000e-03 -11.78364353 -10.86864118 -8.85324993 -6.77414442 -5.15150538 
7.74263683e-04 -11.78364353 -10.86864118 -8.85324993 -6.77414442 -5.15150538 
5.99484250e-04 -11.78364353 -10.86864118 -8.85324993 -6.77414442 -5.15150538 
4.64158883e-04 -11.78364353 -10.86864118 -8.85324993 -6.77414442 -5.15150538 
3.59381366e-04 -11.78364353 -10.86864118 -8.85324993 -6.77414442 -5.15150538 
2.78255940e-04 -11.78364353 -10.86864118 -8.85324993 -6.77414442 -5.15150538 
2.15443469e-04 -11.78364353 -10.86864118 -8.85324993 -6.77414442 -5.15150538 
1.66810054e-04 -11.78364353 -10.86864118 -8.85324993 -6.77414442 -5.15150538 
1.29154967e-04 -11.78364353 -10.86864118 -8.85324993 -6.77414442 -5.15150538 
1.00000000e-04 -11.78364353 -10.86864118 -8.85324993 -6.77414442 -5.15150538 
7.74263683e-05 -11.78364353 -10.86864118 -8.85324993 -6.77414442 -5.15150538 
5.99484250e-05 -11.78364353 -10.86864118 -8.85324993 -6.77414442 -5.15150538 
4.64158883e-05 -11.78364353 -10.86864118 -8.85324993 -6.77414442 -5.15150538 
3.59381366e-05 -11.78364353 -10.86864118 -8.85324993 -6.77414442 -5.15150538 
2.78255940e-05 -11.78364353 -10.86864118 -8.85324993 -6.77414442 -5.15150538 
2.15443469e-05 -11.78364353 -10.86864118 -8.85324993 -6.77414442 -5.15150538 
1.66810054e-05 -11.78364353 -10.86864118 -8.85324993 -6.77414442 -5.15150538 
1.29154967e-05 -11.78364353 -10.86864118 -8.85324993 -6.77414442 -5.15150538 
1.00000000e-05 -11.78364353 -10.86864118 -8.85324993 -6.77414442 -5.15150538 
7.74263683e-06 -11.78364353 -10.86864118 -8.85324993 -6.77414442 -5.15150538 
5.99484250e-06 -11.78364353 -10.86864118 -8.85324993 -6.77414442 -5.15150538 
4.64158883e-06 -11.78364353 -10.86864118 -8.85324993 -6.77414442 -5.15150538 
3.59381366e-06 -11.78364353 -10.86864118 -8.85324993 -6.77414442 -5.15150538 
2.78255940e-06 -11.78364353 -10.86864118 -8.85324993 -6.77414442 -5.15150538 
2.15443469e-06 -11.78364353 -10.86864118 -8.85324993 -6.77414442 -5.15150538 
1.66810054e-06 -11.78364353 -10.86864118 -8.85324993 -6.77414442 -5.15150538 
1.29154967e-06 -11.78364353 -10.86864118 -8.85324993 -6.77414442 -5.15150538 
1.00000000e-06 -11.78364353 -10.86864118 -8.85324993 -6.77414442 -5.15150538 
7.74263683e-07 -11.78364353 -10.86864118 -8.85324993 -6.77414442 -5.15150538 
5.99484250e-07 -11.78364353 -10.86864118 -8.85324993 -6.77414442 -5.15150538 
4.64158883e-07 -11.78364353 -10.86864118 -8.85324993 -6.77414442 -5.15150538 
3.59381366e-07 -11.78364353 -10.86864118 -8.85324993 -6.77414442 -5.15150538 
2.78255940e-07 -11.78364353 -10.86864118 -8.85324993 -6.77414442 -5.15150538 
2.15443469e-07 -11.78364353 -10.86864118 -8.85324993 -6.77414442 -5.15150538 
1.66810054e-07 -11.78364353 -10.86864118 -8.85324993 -6.77414442 -5.15150538 
1.29154967e-07 -11.78364353 -10.86864118 -8.85324993 -6.77414442 -5.15150538 
1.00000000e-07 -11.78364353 -10.86864118 -8.85324993 -6.77414442 -5.15150538 
7.74263683e-08 -11.78364353 -10.86864118 -8.85324993 -6.77414442 -5.15150538 
5.99484250e-08 -11.78364353 -10.86864118 -8.85324993 -6.77414442 -5.15150538 
4.64158883e-08 -11.78364353 -10.86864118 -8.85324993 -6.77414442 -5.15150538 
3.59381366e-08 -11.78364353 -10.86864118 -8.85324993 -6.77414442 -5.15150538 
2.78255940e-08 -11.78364353 -10.86864118 -8.85324993 -6.77414442 -5.15150538 
2.15443469e-08 -11.78364353 -10.86864118 -8.85324993 -6.77414442 -5.15150538 
1.66810054e-08 -11.78364353 -10.86864118 -8.85324993 -6.77414442 -5.15150538 
1.29154967e-08 -11.78364353 -10.86864118 -8.85324993 -6.77414442 -5.15150538 
1.00000000e-08 -11.78364353 -10.86864118 -8.85324993 -6.77414442 -5.15150538 
7.74263683e-09 -11.78364353 -10.86864118 -8.85324993 -6.77414442 -5.15150538 
5.99484250e-09 -11.78364353 -10.86864118 -8.85324993 -6.77414442 -5.15150538 
4.64158883e-09 -11.78364353 -10.86864118 -8.85324993 -6.77414442 -5.15150538 
3.59381366e-09 -11.78364353 -10.86864118 -8.85324993 -6.77414442 -5.15150538 
2.78255940e-09 -11.78364353 -10.86864118 -8.85324993 -6.77414442 -5.15150538 
2.15443469e-09 -11.78364353 -10.86864118 -8.85324993 -6.77414442 -5.15150538 
1.66810054e-09 -11.78364353 -10.86864118 -8.85324993 -6.77414442 -5.15150538 
1.29154967e-09 -11.78364353 -10.86864118 -8.85324993 -6.77414442 -5.15150538 
1.00000000e-09 -11.78364353 -10.86864118 -8.85324993 -6.77414442 -5.15150538 
7.74263683e-10 -11.78364353 -10.86864118 -8.85324993 -6.77414442 -5.15150538 
5.99484250e-10 -11.78364353 -10.86864118 -8.85324993 -6.77414442 -5.15150538 
4.64158883e-10 -11.78364353 -10.86864118 -8.85324993 -6.77414442 -5.15150538 
3.59381366e-10 -11.78364353 -10.86864118 -8.85324993 -6.77414442 -5.15150538 
2.78255940e-10 -11.78364353 -10.86864118 -8.85324993 -6.77414442 -5.15150538 
2.15443469e-10 -11.78364353 -10.86864118 -8.85324993 -6.77414442 -5.15150538 
1.66810054e-10 -11.78364353 -10.86864118 -8.85324993 -6.77414442 -5.15150538 
1.29154967e-10 -11.78364353 -10.86864118 -8.85324993 -6.77414442 -5.15150538 
1.00000000e-10 -11.78364353 -10.86864118 -8.85324993 -6.77414442 -5.15150538 
