Chemical species: N2 H2O CO2 CH4 O2 O3 N2O NH3
P (bar) | log_N2: -2σ | log_N2: -1σ | log_N2: median | log_N2: +1σ | log_N2: +2σ 
1.00000000e+01 -0.50286468 -0.10074842 -0.00453691 -0.00006995 -0.00000215 
7.74263683e+00 -0.50286468 -0.10074842 -0.00453691 -0.00006995 -0.00000215 
5.99484250e+00 -0.50286468 -0.10074842 -0.00453691 -0.00006995 -0.00000215 
4.64158883e+00 -0.50286468 -0.10074842 -0.00453691 -0.00006995 -0.00000215 
3.59381366e+00 -0.50286468 -0.10074842 -0.00453691 -0.00006995 -0.00000215 
2.78255940e+00 -0.50286468 -0.10074842 -0.00453691 -0.00006995 -0.00000215 
2.15443469e+00 -0.50286468 -0.10074842 -0.00453691 -0.00006995 -0.00000215 
1.66810054e+00 -0.50286468 -0.10074842 -0.00453691 -0.00006995 -0.00000215 
1.29154967e+00 -0.50286468 -0.10074842 -0.00453691 -0.00006995 -0.00000215 
1.00000000e+00 -0.50286468 -0.10074842 -0.00453691 -0.00006995 -0.00000215 
7.74263683e-01 -0.50286468 -0.10074842 -0.00453691 -0.00006995 -0.00000215 
5.99484250e-01 -0.50286468 -0.10074842 -0.00453691 -0.00006995 -0.00000215 
4.64158883e-01 -0.50286468 -0.10074842 -0.00453691 -0.00006995 -0.00000215 
3.59381366e-01 -0.50286468 -0.10074842 -0.00453691 -0.00006995 -0.00000215 
2.78255940e-01 -0.50286468 -0.10074842 -0.00453691 -0.00006995 -0.00000215 
2.15443469e-01 -0.50286468 -0.10074842 -0.00453691 -0.00006995 -0.00000215 
1.66810054e-01 -0.50286468 -0.10074842 -0.00453691 -0.00006995 -0.00000215 
1.29154967e-01 -0.50286468 -0.10074842 -0.00453691 -0.00006995 -0.00000215 
1.00000000e-01 -0.50286468 -0.10074842 -0.00453691 -0.00006995 -0.00000215 
7.74263683e-02 -0.50286468 -0.10074842 -0.00453691 -0.00006995 -0.00000215 
5.99484250e-02 -0.50286468 -0.10074842 -0.00453691 -0.00006995 -0.00000215 
4.64158883e-02 -0.50286468 -0.10074842 -0.00453691 -0.00006995 -0.00000215 
3.59381366e-02 -0.50286468 -0.10074842 -0.00453691 -0.00006995 -0.00000215 
2.78255940e-02 -0.50286468 -0.10074842 -0.00453691 -0.00006995 -0.00000215 
2.15443469e-02 -0.50286468 -0.10074842 -0.00453691 -0.00006995 -0.00000215 
1.66810054e-02 -0.50286468 -0.10074842 -0.00453691 -0.00006995 -0.00000215 
1.29154967e-02 -0.50286468 -0.10074842 -0.00453691 -0.00006995 -0.00000215 
1.00000000e-02 -0.50286468 -0.10074842 -0.00453691 -0.00006995 -0.00000215 
7.74263683e-03 -0.50286468 -0.10074842 -0.00453691 -0.00006995 -0.00000215 
5.99484250e-03 -0.50286468 -0.10074842 -0.00453691 -0.00006995 -0.00000215 
4.64158883e-03 -0.50286468 -0.10074842 -0.00453691 -0.00006995 -0.00000215 
3.59381366e-03 -0.50286468 -0.10074842 -0.00453691 -0.00006995 -0.00000215 
2.78255940e-03 -0.50286468 -0.10074842 -0.00453691 -0.00006995 -0.00000215 
2.15443469e-03 -0.50286468 -0.10074842 -0.00453691 -0.00006995 -0.00000215 
1.66810054e-03 -0.50286468 -0.10074842 -0.00453691 -0.00006995 -0.00000215 
1.29154967e-03 -0.50286468 -0.10074842 -0.00453691 -0.00006995 -0.00000215 
1.00000000e-03 -0.50286468 -0.10074842 -0.00453691 -0.00006995 -0.00000215 
7.74263683e-04 -0.50286468 -0.10074842 -0.00453691 -0.00006995 -0.00000215 
5.99484250e-04 -0.50286468 -0.10074842 -0.00453691 -0.00006995 -0.00000215 
4.64158883e-04 -0.50286468 -0.10074842 -0.00453691 -0.00006995 -0.00000215 
3.59381366e-04 -0.50286468 -0.10074842 -0.00453691 -0.00006995 -0.00000215 
2.78255940e-04 -0.50286468 -0.10074842 -0.00453691 -0.00006995 -0.00000215 
2.15443469e-04 -0.50286468 -0.10074842 -0.00453691 -0.00006995 -0.00000215 
1.66810054e-04 -0.50286468 -0.10074842 -0.00453691 -0.00006995 -0.00000215 
1.29154967e-04 -0.50286468 -0.10074842 -0.00453691 -0.00006995 -0.00000215 
1.00000000e-04 -0.50286468 -0.10074842 -0.00453691 -0.00006995 -0.00000215 
7.74263683e-05 -0.50286468 -0.10074842 -0.00453691 -0.00006995 -0.00000215 
5.99484250e-05 -0.50286468 -0.10074842 -0.00453691 -0.00006995 -0.00000215 
4.64158883e-05 -0.50286468 -0.10074842 -0.00453691 -0.00006995 -0.00000215 
3.59381366e-05 -0.50286468 -0.10074842 -0.00453691 -0.00006995 -0.00000215 
2.78255940e-05 -0.50286468 -0.10074842 -0.00453691 -0.00006995 -0.00000215 
2.15443469e-05 -0.50286468 -0.10074842 -0.00453691 -0.00006995 -0.00000215 
1.66810054e-05 -0.50286468 -0.10074842 -0.00453691 -0.00006995 -0.00000215 
1.29154967e-05 -0.50286468 -0.10074842 -0.00453691 -0.00006995 -0.00000215 
1.00000000e-05 -0.50286468 -0.10074842 -0.00453691 -0.00006995 -0.00000215 
7.74263683e-06 -0.50286468 -0.10074842 -0.00453691 -0.00006995 -0.00000215 
5.99484250e-06 -0.50286468 -0.10074842 -0.00453691 -0.00006995 -0.00000215 
4.64158883e-06 -0.50286468 -0.10074842 -0.00453691 -0.00006995 -0.00000215 
3.59381366e-06 -0.50286468 -0.10074842 -0.00453691 -0.00006995 -0.00000215 
2.78255940e-06 -0.50286468 -0.10074842 -0.00453691 -0.00006995 -0.00000215 
2.15443469e-06 -0.50286468 -0.10074842 -0.00453691 -0.00006995 -0.00000215 
1.66810054e-06 -0.50286468 -0.10074842 -0.00453691 -0.00006995 -0.00000215 
1.29154967e-06 -0.50286468 -0.10074842 -0.00453691 -0.00006995 -0.00000215 
1.00000000e-06 -0.50286468 -0.10074842 -0.00453691 -0.00006995 -0.00000215 
7.74263683e-07 -0.50286468 -0.10074842 -0.00453691 -0.00006995 -0.00000215 
5.99484250e-07 -0.50286468 -0.10074842 -0.00453691 -0.00006995 -0.00000215 
4.64158883e-07 -0.50286468 -0.10074842 -0.00453691 -0.00006995 -0.00000215 
3.59381366e-07 -0.50286468 -0.10074842 -0.00453691 -0.00006995 -0.00000215 
2.78255940e-07 -0.50286468 -0.10074842 -0.00453691 -0.00006995 -0.00000215 
2.15443469e-07 -0.50286468 -0.10074842 -0.00453691 -0.00006995 -0.00000215 
1.66810054e-07 -0.50286468 -0.10074842 -0.00453691 -0.00006995 -0.00000215 
1.29154967e-07 -0.50286468 -0.10074842 -0.00453691 -0.00006995 -0.00000215 
1.00000000e-07 -0.50286468 -0.10074842 -0.00453691 -0.00006995 -0.00000215 
7.74263683e-08 -0.50286468 -0.10074842 -0.00453691 -0.00006995 -0.00000215 
5.99484250e-08 -0.50286468 -0.10074842 -0.00453691 -0.00006995 -0.00000215 
4.64158883e-08 -0.50286468 -0.10074842 -0.00453691 -0.00006995 -0.00000215 
3.59381366e-08 -0.50286468 -0.10074842 -0.00453691 -0.00006995 -0.00000215 
2.78255940e-08 -0.50286468 -0.10074842 -0.00453691 -0.00006995 -0.00000215 
2.15443469e-08 -0.50286468 -0.10074842 -0.00453691 -0.00006995 -0.00000215 
1.66810054e-08 -0.50286468 -0.10074842 -0.00453691 -0.00006995 -0.00000215 
1.29154967e-08 -0.50286468 -0.10074842 -0.00453691 -0.00006995 -0.00000215 
1.00000000e-08 -0.50286468 -0.10074842 -0.00453691 -0.00006995 -0.00000215 
7.74263683e-09 -0.50286468 -0.10074842 -0.00453691 -0.00006995 -0.00000215 
5.99484250e-09 -0.50286468 -0.10074842 -0.00453691 -0.00006995 -0.00000215 
4.64158883e-09 -0.50286468 -0.10074842 -0.00453691 -0.00006995 -0.00000215 
3.59381366e-09 -0.50286468 -0.10074842 -0.00453691 -0.00006995 -0.00000215 
2.78255940e-09 -0.50286468 -0.10074842 -0.00453691 -0.00006995 -0.00000215 
2.15443469e-09 -0.50286468 -0.10074842 -0.00453691 -0.00006995 -0.00000215 
1.66810054e-09 -0.50286468 -0.10074842 -0.00453691 -0.00006995 -0.00000215 
1.29154967e-09 -0.50286468 -0.10074842 -0.00453691 -0.00006995 -0.00000215 
1.00000000e-09 -0.50286468 -0.10074842 -0.00453691 -0.00006995 -0.00000215 
7.74263683e-10 -0.50286468 -0.10074842 -0.00453691 -0.00006995 -0.00000215 
5.99484250e-10 -0.50286468 -0.10074842 -0.00453691 -0.00006995 -0.00000215 
4.64158883e-10 -0.50286468 -0.10074842 -0.00453691 -0.00006995 -0.00000215 
3.59381366e-10 -0.50286468 -0.10074842 -0.00453691 -0.00006995 -0.00000215 
2.78255940e-10 -0.50286468 -0.10074842 -0.00453691 -0.00006995 -0.00000215 
2.15443469e-10 -0.50286468 -0.10074842 -0.00453691 -0.00006995 -0.00000215 
1.66810054e-10 -0.50286468 -0.10074842 -0.00453691 -0.00006995 -0.00000215 
1.29154967e-10 -0.50286468 -0.10074842 -0.00453691 -0.00006995 -0.00000215 
1.00000000e-10 -0.50286468 -0.10074842 -0.00453691 -0.00006995 -0.00000215 
P (bar) | log_H2O: -2σ | log_H2O: -1σ | log_H2O: median | log_H2O: +1σ | log_H2O: +2σ 
1.00000000e+01 -9.79569605 -8.66018071 -6.45942165 -4.60895745 -3.51605608 
7.74263683e+00 -9.79569605 -8.66018071 -6.45942165 -4.60895745 -3.51605608 
5.99484250e+00 -9.79569605 -8.66018071 -6.45942165 -4.60895745 -3.51605608 
4.64158883e+00 -9.79569605 -8.66018071 -6.45942165 -4.60895745 -3.51605608 
3.59381366e+00 -9.79569605 -8.66018071 -6.45942165 -4.60895745 -3.51605608 
2.78255940e+00 -9.79569605 -8.66018071 -6.45942165 -4.60895745 -3.51605608 
2.15443469e+00 -9.79569605 -8.66018071 -6.45942165 -4.60895745 -3.51605608 
1.66810054e+00 -9.79569605 -8.66018071 -6.45942165 -4.60895745 -3.51605608 
1.29154967e+00 -9.79569605 -8.66018071 -6.45942165 -4.60895745 -3.51605608 
1.00000000e+00 -9.79569605 -8.66018071 -6.45942165 -4.60895745 -3.51605608 
7.74263683e-01 -9.79569605 -8.66018071 -6.45942165 -4.60895745 -3.51605608 
5.99484250e-01 -9.79569605 -8.66018071 -6.45942165 -4.60895745 -3.51605608 
4.64158883e-01 -9.79569605 -8.66018071 -6.45942165 -4.60895745 -3.51605608 
3.59381366e-01 -9.79569605 -8.66018071 -6.45942165 -4.60895745 -3.51605608 
2.78255940e-01 -9.79569605 -8.66018071 -6.45942165 -4.60895745 -3.51605608 
2.15443469e-01 -9.79569605 -8.66018071 -6.45942165 -4.60895745 -3.51605608 
1.66810054e-01 -9.79569605 -8.66018071 -6.45942165 -4.60895745 -3.51605608 
1.29154967e-01 -9.79569605 -8.66018071 -6.45942165 -4.60895745 -3.51605608 
1.00000000e-01 -9.79569605 -8.66018071 -6.45942165 -4.60895745 -3.51605608 
7.74263683e-02 -9.79569605 -8.66018071 -6.45942165 -4.60895745 -3.51605608 
5.99484250e-02 -9.79569605 -8.66018071 -6.45942165 -4.60895745 -3.51605608 
4.64158883e-02 -9.79569605 -8.66018071 -6.45942165 -4.60895745 -3.51605608 
3.59381366e-02 -9.79569605 -8.66018071 -6.45942165 -4.60895745 -3.51605608 
2.78255940e-02 -9.79569605 -8.66018071 -6.45942165 -4.60895745 -3.51605608 
2.15443469e-02 -9.79569605 -8.66018071 -6.45942165 -4.60895745 -3.51605608 
1.66810054e-02 -9.79569605 -8.66018071 -6.45942165 -4.60895745 -3.51605608 
1.29154967e-02 -9.79569605 -8.66018071 -6.45942165 -4.60895745 -3.51605608 
1.00000000e-02 -9.79569605 -8.66018071 -6.45942165 -4.60895745 -3.51605608 
7.74263683e-03 -9.79569605 -8.66018071 -6.45942165 -4.60895745 -3.51605608 
5.99484250e-03 -9.79569605 -8.66018071 -6.45942165 -4.60895745 -3.51605608 
4.64158883e-03 -9.79569605 -8.66018071 -6.45942165 -4.60895745 -3.51605608 
3.59381366e-03 -9.79569605 -8.66018071 -6.45942165 -4.60895745 -3.51605608 
2.78255940e-03 -9.79569605 -8.66018071 -6.45942165 -4.60895745 -3.51605608 
2.15443469e-03 -9.79569605 -8.66018071 -6.45942165 -4.60895745 -3.51605608 
1.66810054e-03 -9.79569605 -8.66018071 -6.45942165 -4.60895745 -3.51605608 
1.29154967e-03 -9.79569605 -8.66018071 -6.45942165 -4.60895745 -3.51605608 
1.00000000e-03 -9.79569605 -8.66018071 -6.45942165 -4.60895745 -3.51605608 
7.74263683e-04 -9.79569605 -8.66018071 -6.45942165 -4.60895745 -3.51605608 
5.99484250e-04 -9.79569605 -8.66018071 -6.45942165 -4.60895745 -3.51605608 
4.64158883e-04 -9.79569605 -8.66018071 -6.45942165 -4.60895745 -3.51605608 
3.59381366e-04 -9.79569605 -8.66018071 -6.45942165 -4.60895745 -3.51605608 
2.78255940e-04 -9.79569605 -8.66018071 -6.45942165 -4.60895745 -3.51605608 
2.15443469e-04 -9.79569605 -8.66018071 -6.45942165 -4.60895745 -3.51605608 
1.66810054e-04 -9.79569605 -8.66018071 -6.45942165 -4.60895745 -3.51605608 
1.29154967e-04 -9.79569605 -8.66018071 -6.45942165 -4.60895745 -3.51605608 
1.00000000e-04 -9.79569605 -8.66018071 -6.45942165 -4.60895745 -3.51605608 
7.74263683e-05 -9.79569605 -8.66018071 -6.45942165 -4.60895745 -3.51605608 
5.99484250e-05 -9.79569605 -8.66018071 -6.45942165 -4.60895745 -3.51605608 
4.64158883e-05 -9.79569605 -8.66018071 -6.45942165 -4.60895745 -3.51605608 
3.59381366e-05 -9.79569605 -8.66018071 -6.45942165 -4.60895745 -3.51605608 
2.78255940e-05 -9.79569605 -8.66018071 -6.45942165 -4.60895745 -3.51605608 
2.15443469e-05 -9.79569605 -8.66018071 -6.45942165 -4.60895745 -3.51605608 
1.66810054e-05 -9.79569605 -8.66018071 -6.45942165 -4.60895745 -3.51605608 
1.29154967e-05 -9.79569605 -8.66018071 -6.45942165 -4.60895745 -3.51605608 
1.00000000e-05 -9.79569605 -8.66018071 -6.45942165 -4.60895745 -3.51605608 
7.74263683e-06 -9.79569605 -8.66018071 -6.45942165 -4.60895745 -3.51605608 
5.99484250e-06 -9.79569605 -8.66018071 -6.45942165 -4.60895745 -3.51605608 
4.64158883e-06 -9.79569605 -8.66018071 -6.45942165 -4.60895745 -3.51605608 
3.59381366e-06 -9.79569605 -8.66018071 -6.45942165 -4.60895745 -3.51605608 
2.78255940e-06 -9.79569605 -8.66018071 -6.45942165 -4.60895745 -3.51605608 
2.15443469e-06 -9.79569605 -8.66018071 -6.45942165 -4.60895745 -3.51605608 
1.66810054e-06 -9.79569605 -8.66018071 -6.45942165 -4.60895745 -3.51605608 
1.29154967e-06 -9.79569605 -8.66018071 -6.45942165 -4.60895745 -3.51605608 
1.00000000e-06 -9.79569605 -8.66018071 -6.45942165 -4.60895745 -3.51605608 
7.74263683e-07 -9.79569605 -8.66018071 -6.45942165 -4.60895745 -3.51605608 
5.99484250e-07 -9.79569605 -8.66018071 -6.45942165 -4.60895745 -3.51605608 
4.64158883e-07 -9.79569605 -8.66018071 -6.45942165 -4.60895745 -3.51605608 
3.59381366e-07 -9.79569605 -8.66018071 -6.45942165 -4.60895745 -3.51605608 
2.78255940e-07 -9.79569605 -8.66018071 -6.45942165 -4.60895745 -3.51605608 
2.15443469e-07 -9.79569605 -8.66018071 -6.45942165 -4.60895745 -3.51605608 
1.66810054e-07 -9.79569605 -8.66018071 -6.45942165 -4.60895745 -3.51605608 
1.29154967e-07 -9.79569605 -8.66018071 -6.45942165 -4.60895745 -3.51605608 
1.00000000e-07 -9.79569605 -8.66018071 -6.45942165 -4.60895745 -3.51605608 
7.74263683e-08 -9.79569605 -8.66018071 -6.45942165 -4.60895745 -3.51605608 
5.99484250e-08 -9.79569605 -8.66018071 -6.45942165 -4.60895745 -3.51605608 
4.64158883e-08 -9.79569605 -8.66018071 -6.45942165 -4.60895745 -3.51605608 
3.59381366e-08 -9.79569605 -8.66018071 -6.45942165 -4.60895745 -3.51605608 
2.78255940e-08 -9.79569605 -8.66018071 -6.45942165 -4.60895745 -3.51605608 
2.15443469e-08 -9.79569605 -8.66018071 -6.45942165 -4.60895745 -3.51605608 
1.66810054e-08 -9.79569605 -8.66018071 -6.45942165 -4.60895745 -3.51605608 
1.29154967e-08 -9.79569605 -8.66018071 -6.45942165 -4.60895745 -3.51605608 
1.00000000e-08 -9.79569605 -8.66018071 -6.45942165 -4.60895745 -3.51605608 
7.74263683e-09 -9.79569605 -8.66018071 -6.45942165 -4.60895745 -3.51605608 
5.99484250e-09 -9.79569605 -8.66018071 -6.45942165 -4.60895745 -3.51605608 
4.64158883e-09 -9.79569605 -8.66018071 -6.45942165 -4.60895745 -3.51605608 
3.59381366e-09 -9.79569605 -8.66018071 -6.45942165 -4.60895745 -3.51605608 
2.78255940e-09 -9.79569605 -8.66018071 -6.45942165 -4.60895745 -3.51605608 
2.15443469e-09 -9.79569605 -8.66018071 -6.45942165 -4.60895745 -3.51605608 
1.66810054e-09 -9.79569605 -8.66018071 -6.45942165 -4.60895745 -3.51605608 
1.29154967e-09 -9.79569605 -8.66018071 -6.45942165 -4.60895745 -3.51605608 
1.00000000e-09 -9.79569605 -8.66018071 -6.45942165 -4.60895745 -3.51605608 
7.74263683e-10 -9.79569605 -8.66018071 -6.45942165 -4.60895745 -3.51605608 
5.99484250e-10 -9.79569605 -8.66018071 -6.45942165 -4.60895745 -3.51605608 
4.64158883e-10 -9.79569605 -8.66018071 -6.45942165 -4.60895745 -3.51605608 
3.59381366e-10 -9.79569605 -8.66018071 -6.45942165 -4.60895745 -3.51605608 
2.78255940e-10 -9.79569605 -8.66018071 -6.45942165 -4.60895745 -3.51605608 
2.15443469e-10 -9.79569605 -8.66018071 -6.45942165 -4.60895745 -3.51605608 
1.66810054e-10 -9.79569605 -8.66018071 -6.45942165 -4.60895745 -3.51605608 
1.29154967e-10 -9.79569605 -8.66018071 -6.45942165 -4.60895745 -3.51605608 
1.00000000e-10 -9.79569605 -8.66018071 -6.45942165 -4.60895745 -3.51605608 
P (bar) | log_CO2: -2σ | log_CO2: -1σ | log_CO2: median | log_CO2: +1σ | log_CO2: +2σ 
1.00000000e+01 -9.43234680 -7.00641282 -2.90635842 -1.06258315 -0.30964470 
7.74263683e+00 -9.43234680 -7.00641282 -2.90635842 -1.06258315 -0.30964470 
5.99484250e+00 -9.43234680 -7.00641282 -2.90635842 -1.06258315 -0.30964470 
4.64158883e+00 -9.43234680 -7.00641282 -2.90635842 -1.06258315 -0.30964470 
3.59381366e+00 -9.43234680 -7.00641282 -2.90635842 -1.06258315 -0.30964470 
2.78255940e+00 -9.43234680 -7.00641282 -2.90635842 -1.06258315 -0.30964470 
2.15443469e+00 -9.43234680 -7.00641282 -2.90635842 -1.06258315 -0.30964470 
1.66810054e+00 -9.43234680 -7.00641282 -2.90635842 -1.06258315 -0.30964470 
1.29154967e+00 -9.43234680 -7.00641282 -2.90635842 -1.06258315 -0.30964470 
1.00000000e+00 -9.43234680 -7.00641282 -2.90635842 -1.06258315 -0.30964470 
7.74263683e-01 -9.43234680 -7.00641282 -2.90635842 -1.06258315 -0.30964470 
5.99484250e-01 -9.43234680 -7.00641282 -2.90635842 -1.06258315 -0.30964470 
4.64158883e-01 -9.43234680 -7.00641282 -2.90635842 -1.06258315 -0.30964470 
3.59381366e-01 -9.43234680 -7.00641282 -2.90635842 -1.06258315 -0.30964470 
2.78255940e-01 -9.43234680 -7.00641282 -2.90635842 -1.06258315 -0.30964470 
2.15443469e-01 -9.43234680 -7.00641282 -2.90635842 -1.06258315 -0.30964470 
1.66810054e-01 -9.43234680 -7.00641282 -2.90635842 -1.06258315 -0.30964470 
1.29154967e-01 -9.43234680 -7.00641282 -2.90635842 -1.06258315 -0.30964470 
1.00000000e-01 -9.43234680 -7.00641282 -2.90635842 -1.06258315 -0.30964470 
7.74263683e-02 -9.43234680 -7.00641282 -2.90635842 -1.06258315 -0.30964470 
5.99484250e-02 -9.43234680 -7.00641282 -2.90635842 -1.06258315 -0.30964470 
4.64158883e-02 -9.43234680 -7.00641282 -2.90635842 -1.06258315 -0.30964470 
3.59381366e-02 -9.43234680 -7.00641282 -2.90635842 -1.06258315 -0.30964470 
2.78255940e-02 -9.43234680 -7.00641282 -2.90635842 -1.06258315 -0.30964470 
2.15443469e-02 -9.43234680 -7.00641282 -2.90635842 -1.06258315 -0.30964470 
1.66810054e-02 -9.43234680 -7.00641282 -2.90635842 -1.06258315 -0.30964470 
1.29154967e-02 -9.43234680 -7.00641282 -2.90635842 -1.06258315 -0.30964470 
1.00000000e-02 -9.43234680 -7.00641282 -2.90635842 -1.06258315 -0.30964470 
7.74263683e-03 -9.43234680 -7.00641282 -2.90635842 -1.06258315 -0.30964470 
5.99484250e-03 -9.43234680 -7.00641282 -2.90635842 -1.06258315 -0.30964470 
4.64158883e-03 -9.43234680 -7.00641282 -2.90635842 -1.06258315 -0.30964470 
3.59381366e-03 -9.43234680 -7.00641282 -2.90635842 -1.06258315 -0.30964470 
2.78255940e-03 -9.43234680 -7.00641282 -2.90635842 -1.06258315 -0.30964470 
2.15443469e-03 -9.43234680 -7.00641282 -2.90635842 -1.06258315 -0.30964470 
1.66810054e-03 -9.43234680 -7.00641282 -2.90635842 -1.06258315 -0.30964470 
1.29154967e-03 -9.43234680 -7.00641282 -2.90635842 -1.06258315 -0.30964470 
1.00000000e-03 -9.43234680 -7.00641282 -2.90635842 -1.06258315 -0.30964470 
7.74263683e-04 -9.43234680 -7.00641282 -2.90635842 -1.06258315 -0.30964470 
5.99484250e-04 -9.43234680 -7.00641282 -2.90635842 -1.06258315 -0.30964470 
4.64158883e-04 -9.43234680 -7.00641282 -2.90635842 -1.06258315 -0.30964470 
3.59381366e-04 -9.43234680 -7.00641282 -2.90635842 -1.06258315 -0.30964470 
2.78255940e-04 -9.43234680 -7.00641282 -2.90635842 -1.06258315 -0.30964470 
2.15443469e-04 -9.43234680 -7.00641282 -2.90635842 -1.06258315 -0.30964470 
1.66810054e-04 -9.43234680 -7.00641282 -2.90635842 -1.06258315 -0.30964470 
1.29154967e-04 -9.43234680 -7.00641282 -2.90635842 -1.06258315 -0.30964470 
1.00000000e-04 -9.43234680 -7.00641282 -2.90635842 -1.06258315 -0.30964470 
7.74263683e-05 -9.43234680 -7.00641282 -2.90635842 -1.06258315 -0.30964470 
5.99484250e-05 -9.43234680 -7.00641282 -2.90635842 -1.06258315 -0.30964470 
4.64158883e-05 -9.43234680 -7.00641282 -2.90635842 -1.06258315 -0.30964470 
3.59381366e-05 -9.43234680 -7.00641282 -2.90635842 -1.06258315 -0.30964470 
2.78255940e-05 -9.43234680 -7.00641282 -2.90635842 -1.06258315 -0.30964470 
2.15443469e-05 -9.43234680 -7.00641282 -2.90635842 -1.06258315 -0.30964470 
1.66810054e-05 -9.43234680 -7.00641282 -2.90635842 -1.06258315 -0.30964470 
1.29154967e-05 -9.43234680 -7.00641282 -2.90635842 -1.06258315 -0.30964470 
1.00000000e-05 -9.43234680 -7.00641282 -2.90635842 -1.06258315 -0.30964470 
7.74263683e-06 -9.43234680 -7.00641282 -2.90635842 -1.06258315 -0.30964470 
5.99484250e-06 -9.43234680 -7.00641282 -2.90635842 -1.06258315 -0.30964470 
4.64158883e-06 -9.43234680 -7.00641282 -2.90635842 -1.06258315 -0.30964470 
3.59381366e-06 -9.43234680 -7.00641282 -2.90635842 -1.06258315 -0.30964470 
2.78255940e-06 -9.43234680 -7.00641282 -2.90635842 -1.06258315 -0.30964470 
2.15443469e-06 -9.43234680 -7.00641282 -2.90635842 -1.06258315 -0.30964470 
1.66810054e-06 -9.43234680 -7.00641282 -2.90635842 -1.06258315 -0.30964470 
1.29154967e-06 -9.43234680 -7.00641282 -2.90635842 -1.06258315 -0.30964470 
1.00000000e-06 -9.43234680 -7.00641282 -2.90635842 -1.06258315 -0.30964470 
7.74263683e-07 -9.43234680 -7.00641282 -2.90635842 -1.06258315 -0.30964470 
5.99484250e-07 -9.43234680 -7.00641282 -2.90635842 -1.06258315 -0.30964470 
4.64158883e-07 -9.43234680 -7.00641282 -2.90635842 -1.06258315 -0.30964470 
3.59381366e-07 -9.43234680 -7.00641282 -2.90635842 -1.06258315 -0.30964470 
2.78255940e-07 -9.43234680 -7.00641282 -2.90635842 -1.06258315 -0.30964470 
2.15443469e-07 -9.43234680 -7.00641282 -2.90635842 -1.06258315 -0.30964470 
1.66810054e-07 -9.43234680 -7.00641282 -2.90635842 -1.06258315 -0.30964470 
1.29154967e-07 -9.43234680 -7.00641282 -2.90635842 -1.06258315 -0.30964470 
1.00000000e-07 -9.43234680 -7.00641282 -2.90635842 -1.06258315 -0.30964470 
7.74263683e-08 -9.43234680 -7.00641282 -2.90635842 -1.06258315 -0.30964470 
5.99484250e-08 -9.43234680 -7.00641282 -2.90635842 -1.06258315 -0.30964470 
4.64158883e-08 -9.43234680 -7.00641282 -2.90635842 -1.06258315 -0.30964470 
3.59381366e-08 -9.43234680 -7.00641282 -2.90635842 -1.06258315 -0.30964470 
2.78255940e-08 -9.43234680 -7.00641282 -2.90635842 -1.06258315 -0.30964470 
2.15443469e-08 -9.43234680 -7.00641282 -2.90635842 -1.06258315 -0.30964470 
1.66810054e-08 -9.43234680 -7.00641282 -2.90635842 -1.06258315 -0.30964470 
1.29154967e-08 -9.43234680 -7.00641282 -2.90635842 -1.06258315 -0.30964470 
1.00000000e-08 -9.43234680 -7.00641282 -2.90635842 -1.06258315 -0.30964470 
7.74263683e-09 -9.43234680 -7.00641282 -2.90635842 -1.06258315 -0.30964470 
5.99484250e-09 -9.43234680 -7.00641282 -2.90635842 -1.06258315 -0.30964470 
4.64158883e-09 -9.43234680 -7.00641282 -2.90635842 -1.06258315 -0.30964470 
3.59381366e-09 -9.43234680 -7.00641282 -2.90635842 -1.06258315 -0.30964470 
2.78255940e-09 -9.43234680 -7.00641282 -2.90635842 -1.06258315 -0.30964470 
2.15443469e-09 -9.43234680 -7.00641282 -2.90635842 -1.06258315 -0.30964470 
1.66810054e-09 -9.43234680 -7.00641282 -2.90635842 -1.06258315 -0.30964470 
1.29154967e-09 -9.43234680 -7.00641282 -2.90635842 -1.06258315 -0.30964470 
1.00000000e-09 -9.43234680 -7.00641282 -2.90635842 -1.06258315 -0.30964470 
7.74263683e-10 -9.43234680 -7.00641282 -2.90635842 -1.06258315 -0.30964470 
5.99484250e-10 -9.43234680 -7.00641282 -2.90635842 -1.06258315 -0.30964470 
4.64158883e-10 -9.43234680 -7.00641282 -2.90635842 -1.06258315 -0.30964470 
3.59381366e-10 -9.43234680 -7.00641282 -2.90635842 -1.06258315 -0.30964470 
2.78255940e-10 -9.43234680 -7.00641282 -2.90635842 -1.06258315 -0.30964470 
2.15443469e-10 -9.43234680 -7.00641282 -2.90635842 -1.06258315 -0.30964470 
1.66810054e-10 -9.43234680 -7.00641282 -2.90635842 -1.06258315 -0.30964470 
1.29154967e-10 -9.43234680 -7.00641282 -2.90635842 -1.06258315 -0.30964470 
1.00000000e-10 -9.43234680 -7.00641282 -2.90635842 -1.06258315 -0.30964470 
P (bar) | log_CH4: -2σ | log_CH4: -1σ | log_CH4: median | log_CH4: +1σ | log_CH4: +2σ 
1.00000000e+01 -9.34725072 -7.33348282 -4.55033290 -3.21196479 -2.36205616 
7.74263683e+00 -9.34725072 -7.33348282 -4.55033290 -3.21196479 -2.36205616 
5.99484250e+00 -9.34725072 -7.33348282 -4.55033290 -3.21196479 -2.36205616 
4.64158883e+00 -9.34725072 -7.33348282 -4.55033290 -3.21196479 -2.36205616 
3.59381366e+00 -9.34725072 -7.33348282 -4.55033290 -3.21196479 -2.36205616 
2.78255940e+00 -9.34725072 -7.33348282 -4.55033290 -3.21196479 -2.36205616 
2.15443469e+00 -9.34725072 -7.33348282 -4.55033290 -3.21196479 -2.36205616 
1.66810054e+00 -9.34725072 -7.33348282 -4.55033290 -3.21196479 -2.36205616 
1.29154967e+00 -9.34725072 -7.33348282 -4.55033290 -3.21196479 -2.36205616 
1.00000000e+00 -9.34725072 -7.33348282 -4.55033290 -3.21196479 -2.36205616 
7.74263683e-01 -9.34725072 -7.33348282 -4.55033290 -3.21196479 -2.36205616 
5.99484250e-01 -9.34725072 -7.33348282 -4.55033290 -3.21196479 -2.36205616 
4.64158883e-01 -9.34725072 -7.33348282 -4.55033290 -3.21196479 -2.36205616 
3.59381366e-01 -9.34725072 -7.33348282 -4.55033290 -3.21196479 -2.36205616 
2.78255940e-01 -9.34725072 -7.33348282 -4.55033290 -3.21196479 -2.36205616 
2.15443469e-01 -9.34725072 -7.33348282 -4.55033290 -3.21196479 -2.36205616 
1.66810054e-01 -9.34725072 -7.33348282 -4.55033290 -3.21196479 -2.36205616 
1.29154967e-01 -9.34725072 -7.33348282 -4.55033290 -3.21196479 -2.36205616 
1.00000000e-01 -9.34725072 -7.33348282 -4.55033290 -3.21196479 -2.36205616 
7.74263683e-02 -9.34725072 -7.33348282 -4.55033290 -3.21196479 -2.36205616 
5.99484250e-02 -9.34725072 -7.33348282 -4.55033290 -3.21196479 -2.36205616 
4.64158883e-02 -9.34725072 -7.33348282 -4.55033290 -3.21196479 -2.36205616 
3.59381366e-02 -9.34725072 -7.33348282 -4.55033290 -3.21196479 -2.36205616 
2.78255940e-02 -9.34725072 -7.33348282 -4.55033290 -3.21196479 -2.36205616 
2.15443469e-02 -9.34725072 -7.33348282 -4.55033290 -3.21196479 -2.36205616 
1.66810054e-02 -9.34725072 -7.33348282 -4.55033290 -3.21196479 -2.36205616 
1.29154967e-02 -9.34725072 -7.33348282 -4.55033290 -3.21196479 -2.36205616 
1.00000000e-02 -9.34725072 -7.33348282 -4.55033290 -3.21196479 -2.36205616 
7.74263683e-03 -9.34725072 -7.33348282 -4.55033290 -3.21196479 -2.36205616 
5.99484250e-03 -9.34725072 -7.33348282 -4.55033290 -3.21196479 -2.36205616 
4.64158883e-03 -9.34725072 -7.33348282 -4.55033290 -3.21196479 -2.36205616 
3.59381366e-03 -9.34725072 -7.33348282 -4.55033290 -3.21196479 -2.36205616 
2.78255940e-03 -9.34725072 -7.33348282 -4.55033290 -3.21196479 -2.36205616 
2.15443469e-03 -9.34725072 -7.33348282 -4.55033290 -3.21196479 -2.36205616 
1.66810054e-03 -9.34725072 -7.33348282 -4.55033290 -3.21196479 -2.36205616 
1.29154967e-03 -9.34725072 -7.33348282 -4.55033290 -3.21196479 -2.36205616 
1.00000000e-03 -9.34725072 -7.33348282 -4.55033290 -3.21196479 -2.36205616 
7.74263683e-04 -9.34725072 -7.33348282 -4.55033290 -3.21196479 -2.36205616 
5.99484250e-04 -9.34725072 -7.33348282 -4.55033290 -3.21196479 -2.36205616 
4.64158883e-04 -9.34725072 -7.33348282 -4.55033290 -3.21196479 -2.36205616 
3.59381366e-04 -9.34725072 -7.33348282 -4.55033290 -3.21196479 -2.36205616 
2.78255940e-04 -9.34725072 -7.33348282 -4.55033290 -3.21196479 -2.36205616 
2.15443469e-04 -9.34725072 -7.33348282 -4.55033290 -3.21196479 -2.36205616 
1.66810054e-04 -9.34725072 -7.33348282 -4.55033290 -3.21196479 -2.36205616 
1.29154967e-04 -9.34725072 -7.33348282 -4.55033290 -3.21196479 -2.36205616 
1.00000000e-04 -9.34725072 -7.33348282 -4.55033290 -3.21196479 -2.36205616 
7.74263683e-05 -9.34725072 -7.33348282 -4.55033290 -3.21196479 -2.36205616 
5.99484250e-05 -9.34725072 -7.33348282 -4.55033290 -3.21196479 -2.36205616 
4.64158883e-05 -9.34725072 -7.33348282 -4.55033290 -3.21196479 -2.36205616 
3.59381366e-05 -9.34725072 -7.33348282 -4.55033290 -3.21196479 -2.36205616 
2.78255940e-05 -9.34725072 -7.33348282 -4.55033290 -3.21196479 -2.36205616 
2.15443469e-05 -9.34725072 -7.33348282 -4.55033290 -3.21196479 -2.36205616 
1.66810054e-05 -9.34725072 -7.33348282 -4.55033290 -3.21196479 -2.36205616 
1.29154967e-05 -9.34725072 -7.33348282 -4.55033290 -3.21196479 -2.36205616 
1.00000000e-05 -9.34725072 -7.33348282 -4.55033290 -3.21196479 -2.36205616 
7.74263683e-06 -9.34725072 -7.33348282 -4.55033290 -3.21196479 -2.36205616 
5.99484250e-06 -9.34725072 -7.33348282 -4.55033290 -3.21196479 -2.36205616 
4.64158883e-06 -9.34725072 -7.33348282 -4.55033290 -3.21196479 -2.36205616 
3.59381366e-06 -9.34725072 -7.33348282 -4.55033290 -3.21196479 -2.36205616 
2.78255940e-06 -9.34725072 -7.33348282 -4.55033290 -3.21196479 -2.36205616 
2.15443469e-06 -9.34725072 -7.33348282 -4.55033290 -3.21196479 -2.36205616 
1.66810054e-06 -9.34725072 -7.33348282 -4.55033290 -3.21196479 -2.36205616 
1.29154967e-06 -9.34725072 -7.33348282 -4.55033290 -3.21196479 -2.36205616 
1.00000000e-06 -9.34725072 -7.33348282 -4.55033290 -3.21196479 -2.36205616 
7.74263683e-07 -9.34725072 -7.33348282 -4.55033290 -3.21196479 -2.36205616 
5.99484250e-07 -9.34725072 -7.33348282 -4.55033290 -3.21196479 -2.36205616 
4.64158883e-07 -9.34725072 -7.33348282 -4.55033290 -3.21196479 -2.36205616 
3.59381366e-07 -9.34725072 -7.33348282 -4.55033290 -3.21196479 -2.36205616 
2.78255940e-07 -9.34725072 -7.33348282 -4.55033290 -3.21196479 -2.36205616 
2.15443469e-07 -9.34725072 -7.33348282 -4.55033290 -3.21196479 -2.36205616 
1.66810054e-07 -9.34725072 -7.33348282 -4.55033290 -3.21196479 -2.36205616 
1.29154967e-07 -9.34725072 -7.33348282 -4.55033290 -3.21196479 -2.36205616 
1.00000000e-07 -9.34725072 -7.33348282 -4.55033290 -3.21196479 -2.36205616 
7.74263683e-08 -9.34725072 -7.33348282 -4.55033290 -3.21196479 -2.36205616 
5.99484250e-08 -9.34725072 -7.33348282 -4.55033290 -3.21196479 -2.36205616 
4.64158883e-08 -9.34725072 -7.33348282 -4.55033290 -3.21196479 -2.36205616 
3.59381366e-08 -9.34725072 -7.33348282 -4.55033290 -3.21196479 -2.36205616 
2.78255940e-08 -9.34725072 -7.33348282 -4.55033290 -3.21196479 -2.36205616 
2.15443469e-08 -9.34725072 -7.33348282 -4.55033290 -3.21196479 -2.36205616 
1.66810054e-08 -9.34725072 -7.33348282 -4.55033290 -3.21196479 -2.36205616 
1.29154967e-08 -9.34725072 -7.33348282 -4.55033290 -3.21196479 -2.36205616 
1.00000000e-08 -9.34725072 -7.33348282 -4.55033290 -3.21196479 -2.36205616 
7.74263683e-09 -9.34725072 -7.33348282 -4.55033290 -3.21196479 -2.36205616 
5.99484250e-09 -9.34725072 -7.33348282 -4.55033290 -3.21196479 -2.36205616 
4.64158883e-09 -9.34725072 -7.33348282 -4.55033290 -3.21196479 -2.36205616 
3.59381366e-09 -9.34725072 -7.33348282 -4.55033290 -3.21196479 -2.36205616 
2.78255940e-09 -9.34725072 -7.33348282 -4.55033290 -3.21196479 -2.36205616 
2.15443469e-09 -9.34725072 -7.33348282 -4.55033290 -3.21196479 -2.36205616 
1.66810054e-09 -9.34725072 -7.33348282 -4.55033290 -3.21196479 -2.36205616 
1.29154967e-09 -9.34725072 -7.33348282 -4.55033290 -3.21196479 -2.36205616 
1.00000000e-09 -9.34725072 -7.33348282 -4.55033290 -3.21196479 -2.36205616 
7.74263683e-10 -9.34725072 -7.33348282 -4.55033290 -3.21196479 -2.36205616 
5.99484250e-10 -9.34725072 -7.33348282 -4.55033290 -3.21196479 -2.36205616 
4.64158883e-10 -9.34725072 -7.33348282 -4.55033290 -3.21196479 -2.36205616 
3.59381366e-10 -9.34725072 -7.33348282 -4.55033290 -3.21196479 -2.36205616 
2.78255940e-10 -9.34725072 -7.33348282 -4.55033290 -3.21196479 -2.36205616 
2.15443469e-10 -9.34725072 -7.33348282 -4.55033290 -3.21196479 -2.36205616 
1.66810054e-10 -9.34725072 -7.33348282 -4.55033290 -3.21196479 -2.36205616 
1.29154967e-10 -9.34725072 -7.33348282 -4.55033290 -3.21196479 -2.36205616 
1.00000000e-10 -9.34725072 -7.33348282 -4.55033290 -3.21196479 -2.36205616 
P (bar) | log_O2: -2σ | log_O2: -1σ | log_O2: median | log_O2: +1σ | log_O2: +2σ 
1.00000000e+01 -9.62263749 -7.72731295 -4.40703906 -1.45864578 -0.32334178 
7.74263683e+00 -9.62263749 -7.72731295 -4.40703906 -1.45864578 -0.32334178 
5.99484250e+00 -9.62263749 -7.72731295 -4.40703906 -1.45864578 -0.32334178 
4.64158883e+00 -9.62263749 -7.72731295 -4.40703906 -1.45864578 -0.32334178 
3.59381366e+00 -9.62263749 -7.72731295 -4.40703906 -1.45864578 -0.32334178 
2.78255940e+00 -9.62263749 -7.72731295 -4.40703906 -1.45864578 -0.32334178 
2.15443469e+00 -9.62263749 -7.72731295 -4.40703906 -1.45864578 -0.32334178 
1.66810054e+00 -9.62263749 -7.72731295 -4.40703906 -1.45864578 -0.32334178 
1.29154967e+00 -9.62263749 -7.72731295 -4.40703906 -1.45864578 -0.32334178 
1.00000000e+00 -9.62263749 -7.72731295 -4.40703906 -1.45864578 -0.32334178 
7.74263683e-01 -9.62263749 -7.72731295 -4.40703906 -1.45864578 -0.32334178 
5.99484250e-01 -9.62263749 -7.72731295 -4.40703906 -1.45864578 -0.32334178 
4.64158883e-01 -9.62263749 -7.72731295 -4.40703906 -1.45864578 -0.32334178 
3.59381366e-01 -9.62263749 -7.72731295 -4.40703906 -1.45864578 -0.32334178 
2.78255940e-01 -9.62263749 -7.72731295 -4.40703906 -1.45864578 -0.32334178 
2.15443469e-01 -9.62263749 -7.72731295 -4.40703906 -1.45864578 -0.32334178 
1.66810054e-01 -9.62263749 -7.72731295 -4.40703906 -1.45864578 -0.32334178 
1.29154967e-01 -9.62263749 -7.72731295 -4.40703906 -1.45864578 -0.32334178 
1.00000000e-01 -9.62263749 -7.72731295 -4.40703906 -1.45864578 -0.32334178 
7.74263683e-02 -9.62263749 -7.72731295 -4.40703906 -1.45864578 -0.32334178 
5.99484250e-02 -9.62263749 -7.72731295 -4.40703906 -1.45864578 -0.32334178 
4.64158883e-02 -9.62263749 -7.72731295 -4.40703906 -1.45864578 -0.32334178 
3.59381366e-02 -9.62263749 -7.72731295 -4.40703906 -1.45864578 -0.32334178 
2.78255940e-02 -9.62263749 -7.72731295 -4.40703906 -1.45864578 -0.32334178 
2.15443469e-02 -9.62263749 -7.72731295 -4.40703906 -1.45864578 -0.32334178 
1.66810054e-02 -9.62263749 -7.72731295 -4.40703906 -1.45864578 -0.32334178 
1.29154967e-02 -9.62263749 -7.72731295 -4.40703906 -1.45864578 -0.32334178 
1.00000000e-02 -9.62263749 -7.72731295 -4.40703906 -1.45864578 -0.32334178 
7.74263683e-03 -9.62263749 -7.72731295 -4.40703906 -1.45864578 -0.32334178 
5.99484250e-03 -9.62263749 -7.72731295 -4.40703906 -1.45864578 -0.32334178 
4.64158883e-03 -9.62263749 -7.72731295 -4.40703906 -1.45864578 -0.32334178 
3.59381366e-03 -9.62263749 -7.72731295 -4.40703906 -1.45864578 -0.32334178 
2.78255940e-03 -9.62263749 -7.72731295 -4.40703906 -1.45864578 -0.32334178 
2.15443469e-03 -9.62263749 -7.72731295 -4.40703906 -1.45864578 -0.32334178 
1.66810054e-03 -9.62263749 -7.72731295 -4.40703906 -1.45864578 -0.32334178 
1.29154967e-03 -9.62263749 -7.72731295 -4.40703906 -1.45864578 -0.32334178 
1.00000000e-03 -9.62263749 -7.72731295 -4.40703906 -1.45864578 -0.32334178 
7.74263683e-04 -9.62263749 -7.72731295 -4.40703906 -1.45864578 -0.32334178 
5.99484250e-04 -9.62263749 -7.72731295 -4.40703906 -1.45864578 -0.32334178 
4.64158883e-04 -9.62263749 -7.72731295 -4.40703906 -1.45864578 -0.32334178 
3.59381366e-04 -9.62263749 -7.72731295 -4.40703906 -1.45864578 -0.32334178 
2.78255940e-04 -9.62263749 -7.72731295 -4.40703906 -1.45864578 -0.32334178 
2.15443469e-04 -9.62263749 -7.72731295 -4.40703906 -1.45864578 -0.32334178 
1.66810054e-04 -9.62263749 -7.72731295 -4.40703906 -1.45864578 -0.32334178 
1.29154967e-04 -9.62263749 -7.72731295 -4.40703906 -1.45864578 -0.32334178 
1.00000000e-04 -9.62263749 -7.72731295 -4.40703906 -1.45864578 -0.32334178 
7.74263683e-05 -9.62263749 -7.72731295 -4.40703906 -1.45864578 -0.32334178 
5.99484250e-05 -9.62263749 -7.72731295 -4.40703906 -1.45864578 -0.32334178 
4.64158883e-05 -9.62263749 -7.72731295 -4.40703906 -1.45864578 -0.32334178 
3.59381366e-05 -9.62263749 -7.72731295 -4.40703906 -1.45864578 -0.32334178 
2.78255940e-05 -9.62263749 -7.72731295 -4.40703906 -1.45864578 -0.32334178 
2.15443469e-05 -9.62263749 -7.72731295 -4.40703906 -1.45864578 -0.32334178 
1.66810054e-05 -9.62263749 -7.72731295 -4.40703906 -1.45864578 -0.32334178 
1.29154967e-05 -9.62263749 -7.72731295 -4.40703906 -1.45864578 -0.32334178 
1.00000000e-05 -9.62263749 -7.72731295 -4.40703906 -1.45864578 -0.32334178 
7.74263683e-06 -9.62263749 -7.72731295 -4.40703906 -1.45864578 -0.32334178 
5.99484250e-06 -9.62263749 -7.72731295 -4.40703906 -1.45864578 -0.32334178 
4.64158883e-06 -9.62263749 -7.72731295 -4.40703906 -1.45864578 -0.32334178 
3.59381366e-06 -9.62263749 -7.72731295 -4.40703906 -1.45864578 -0.32334178 
2.78255940e-06 -9.62263749 -7.72731295 -4.40703906 -1.45864578 -0.32334178 
2.15443469e-06 -9.62263749 -7.72731295 -4.40703906 -1.45864578 -0.32334178 
1.66810054e-06 -9.62263749 -7.72731295 -4.40703906 -1.45864578 -0.32334178 
1.29154967e-06 -9.62263749 -7.72731295 -4.40703906 -1.45864578 -0.32334178 
1.00000000e-06 -9.62263749 -7.72731295 -4.40703906 -1.45864578 -0.32334178 
7.74263683e-07 -9.62263749 -7.72731295 -4.40703906 -1.45864578 -0.32334178 
5.99484250e-07 -9.62263749 -7.72731295 -4.40703906 -1.45864578 -0.32334178 
4.64158883e-07 -9.62263749 -7.72731295 -4.40703906 -1.45864578 -0.32334178 
3.59381366e-07 -9.62263749 -7.72731295 -4.40703906 -1.45864578 -0.32334178 
2.78255940e-07 -9.62263749 -7.72731295 -4.40703906 -1.45864578 -0.32334178 
2.15443469e-07 -9.62263749 -7.72731295 -4.40703906 -1.45864578 -0.32334178 
1.66810054e-07 -9.62263749 -7.72731295 -4.40703906 -1.45864578 -0.32334178 
1.29154967e-07 -9.62263749 -7.72731295 -4.40703906 -1.45864578 -0.32334178 
1.00000000e-07 -9.62263749 -7.72731295 -4.40703906 -1.45864578 -0.32334178 
7.74263683e-08 -9.62263749 -7.72731295 -4.40703906 -1.45864578 -0.32334178 
5.99484250e-08 -9.62263749 -7.72731295 -4.40703906 -1.45864578 -0.32334178 
4.64158883e-08 -9.62263749 -7.72731295 -4.40703906 -1.45864578 -0.32334178 
3.59381366e-08 -9.62263749 -7.72731295 -4.40703906 -1.45864578 -0.32334178 
2.78255940e-08 -9.62263749 -7.72731295 -4.40703906 -1.45864578 -0.32334178 
2.15443469e-08 -9.62263749 -7.72731295 -4.40703906 -1.45864578 -0.32334178 
1.66810054e-08 -9.62263749 -7.72731295 -4.40703906 -1.45864578 -0.32334178 
1.29154967e-08 -9.62263749 -7.72731295 -4.40703906 -1.45864578 -0.32334178 
1.00000000e-08 -9.62263749 -7.72731295 -4.40703906 -1.45864578 -0.32334178 
7.74263683e-09 -9.62263749 -7.72731295 -4.40703906 -1.45864578 -0.32334178 
5.99484250e-09 -9.62263749 -7.72731295 -4.40703906 -1.45864578 -0.32334178 
4.64158883e-09 -9.62263749 -7.72731295 -4.40703906 -1.45864578 -0.32334178 
3.59381366e-09 -9.62263749 -7.72731295 -4.40703906 -1.45864578 -0.32334178 
2.78255940e-09 -9.62263749 -7.72731295 -4.40703906 -1.45864578 -0.32334178 
2.15443469e-09 -9.62263749 -7.72731295 -4.40703906 -1.45864578 -0.32334178 
1.66810054e-09 -9.62263749 -7.72731295 -4.40703906 -1.45864578 -0.32334178 
1.29154967e-09 -9.62263749 -7.72731295 -4.40703906 -1.45864578 -0.32334178 
1.00000000e-09 -9.62263749 -7.72731295 -4.40703906 -1.45864578 -0.32334178 
7.74263683e-10 -9.62263749 -7.72731295 -4.40703906 -1.45864578 -0.32334178 
5.99484250e-10 -9.62263749 -7.72731295 -4.40703906 -1.45864578 -0.32334178 
4.64158883e-10 -9.62263749 -7.72731295 -4.40703906 -1.45864578 -0.32334178 
3.59381366e-10 -9.62263749 -7.72731295 -4.40703906 -1.45864578 -0.32334178 
2.78255940e-10 -9.62263749 -7.72731295 -4.40703906 -1.45864578 -0.32334178 
2.15443469e-10 -9.62263749 -7.72731295 -4.40703906 -1.45864578 -0.32334178 
1.66810054e-10 -9.62263749 -7.72731295 -4.40703906 -1.45864578 -0.32334178 
1.29154967e-10 -9.62263749 -7.72731295 -4.40703906 -1.45864578 -0.32334178 
1.00000000e-10 -9.62263749 -7.72731295 -4.40703906 -1.45864578 -0.32334178 
P (bar) | log_O3: -2σ | log_O3: -1σ | log_O3: median | log_O3: +1σ | log_O3: +2σ 
1.00000000e+01 -9.66607023 -8.83015820 -7.41385325 -6.19125090 -5.19686083 
7.74263683e+00 -9.66607023 -8.83015820 -7.41385325 -6.19125090 -5.19686083 
5.99484250e+00 -9.66607023 -8.83015820 -7.41385325 -6.19125090 -5.19686083 
4.64158883e+00 -9.66607023 -8.83015820 -7.41385325 -6.19125090 -5.19686083 
3.59381366e+00 -9.66607023 -8.83015820 -7.41385325 -6.19125090 -5.19686083 
2.78255940e+00 -9.66607023 -8.83015820 -7.41385325 -6.19125090 -5.19686083 
2.15443469e+00 -9.66607023 -8.83015820 -7.41385325 -6.19125090 -5.19686083 
1.66810054e+00 -9.66607023 -8.83015820 -7.41385325 -6.19125090 -5.19686083 
1.29154967e+00 -9.66607023 -8.83015820 -7.41385325 -6.19125090 -5.19686083 
1.00000000e+00 -9.66607023 -8.83015820 -7.41385325 -6.19125090 -5.19686083 
7.74263683e-01 -9.66607023 -8.83015820 -7.41385325 -6.19125090 -5.19686083 
5.99484250e-01 -9.66607023 -8.83015820 -7.41385325 -6.19125090 -5.19686083 
4.64158883e-01 -9.66607023 -8.83015820 -7.41385325 -6.19125090 -5.19686083 
3.59381366e-01 -9.66607023 -8.83015820 -7.41385325 -6.19125090 -5.19686083 
2.78255940e-01 -9.66607023 -8.83015820 -7.41385325 -6.19125090 -5.19686083 
2.15443469e-01 -9.66607023 -8.83015820 -7.41385325 -6.19125090 -5.19686083 
1.66810054e-01 -9.66607023 -8.83015820 -7.41385325 -6.19125090 -5.19686083 
1.29154967e-01 -9.66607023 -8.83015820 -7.41385325 -6.19125090 -5.19686083 
1.00000000e-01 -9.66607023 -8.83015820 -7.41385325 -6.19125090 -5.19686083 
7.74263683e-02 -9.66607023 -8.83015820 -7.41385325 -6.19125090 -5.19686083 
5.99484250e-02 -9.66607023 -8.83015820 -7.41385325 -6.19125090 -5.19686083 
4.64158883e-02 -9.66607023 -8.83015820 -7.41385325 -6.19125090 -5.19686083 
3.59381366e-02 -9.66607023 -8.83015820 -7.41385325 -6.19125090 -5.19686083 
2.78255940e-02 -9.66607023 -8.83015820 -7.41385325 -6.19125090 -5.19686083 
2.15443469e-02 -9.66607023 -8.83015820 -7.41385325 -6.19125090 -5.19686083 
1.66810054e-02 -9.66607023 -8.83015820 -7.41385325 -6.19125090 -5.19686083 
1.29154967e-02 -9.66607023 -8.83015820 -7.41385325 -6.19125090 -5.19686083 
1.00000000e-02 -9.66607023 -8.83015820 -7.41385325 -6.19125090 -5.19686083 
7.74263683e-03 -9.66607023 -8.83015820 -7.41385325 -6.19125090 -5.19686083 
5.99484250e-03 -9.66607023 -8.83015820 -7.41385325 -6.19125090 -5.19686083 
4.64158883e-03 -9.66607023 -8.83015820 -7.41385325 -6.19125090 -5.19686083 
3.59381366e-03 -9.66607023 -8.83015820 -7.41385325 -6.19125090 -5.19686083 
2.78255940e-03 -9.66607023 -8.83015820 -7.41385325 -6.19125090 -5.19686083 
2.15443469e-03 -9.66607023 -8.83015820 -7.41385325 -6.19125090 -5.19686083 
1.66810054e-03 -9.66607023 -8.83015820 -7.41385325 -6.19125090 -5.19686083 
1.29154967e-03 -9.66607023 -8.83015820 -7.41385325 -6.19125090 -5.19686083 
1.00000000e-03 -9.66607023 -8.83015820 -7.41385325 -6.19125090 -5.19686083 
7.74263683e-04 -9.66607023 -8.83015820 -7.41385325 -6.19125090 -5.19686083 
5.99484250e-04 -9.66607023 -8.83015820 -7.41385325 -6.19125090 -5.19686083 
4.64158883e-04 -9.66607023 -8.83015820 -7.41385325 -6.19125090 -5.19686083 
3.59381366e-04 -9.66607023 -8.83015820 -7.41385325 -6.19125090 -5.19686083 
2.78255940e-04 -9.66607023 -8.83015820 -7.41385325 -6.19125090 -5.19686083 
2.15443469e-04 -9.66607023 -8.83015820 -7.41385325 -6.19125090 -5.19686083 
1.66810054e-04 -9.66607023 -8.83015820 -7.41385325 -6.19125090 -5.19686083 
1.29154967e-04 -9.66607023 -8.83015820 -7.41385325 -6.19125090 -5.19686083 
1.00000000e-04 -9.66607023 -8.83015820 -7.41385325 -6.19125090 -5.19686083 
7.74263683e-05 -9.66607023 -8.83015820 -7.41385325 -6.19125090 -5.19686083 
5.99484250e-05 -9.66607023 -8.83015820 -7.41385325 -6.19125090 -5.19686083 
4.64158883e-05 -9.66607023 -8.83015820 -7.41385325 -6.19125090 -5.19686083 
3.59381366e-05 -9.66607023 -8.83015820 -7.41385325 -6.19125090 -5.19686083 
2.78255940e-05 -9.66607023 -8.83015820 -7.41385325 -6.19125090 -5.19686083 
2.15443469e-05 -9.66607023 -8.83015820 -7.41385325 -6.19125090 -5.19686083 
1.66810054e-05 -9.66607023 -8.83015820 -7.41385325 -6.19125090 -5.19686083 
1.29154967e-05 -9.66607023 -8.83015820 -7.41385325 -6.19125090 -5.19686083 
1.00000000e-05 -9.66607023 -8.83015820 -7.41385325 -6.19125090 -5.19686083 
7.74263683e-06 -9.66607023 -8.83015820 -7.41385325 -6.19125090 -5.19686083 
5.99484250e-06 -9.66607023 -8.83015820 -7.41385325 -6.19125090 -5.19686083 
4.64158883e-06 -9.66607023 -8.83015820 -7.41385325 -6.19125090 -5.19686083 
3.59381366e-06 -9.66607023 -8.83015820 -7.41385325 -6.19125090 -5.19686083 
2.78255940e-06 -9.66607023 -8.83015820 -7.41385325 -6.19125090 -5.19686083 
2.15443469e-06 -9.66607023 -8.83015820 -7.41385325 -6.19125090 -5.19686083 
1.66810054e-06 -9.66607023 -8.83015820 -7.41385325 -6.19125090 -5.19686083 
1.29154967e-06 -9.66607023 -8.83015820 -7.41385325 -6.19125090 -5.19686083 
1.00000000e-06 -9.66607023 -8.83015820 -7.41385325 -6.19125090 -5.19686083 
7.74263683e-07 -9.66607023 -8.83015820 -7.41385325 -6.19125090 -5.19686083 
5.99484250e-07 -9.66607023 -8.83015820 -7.41385325 -6.19125090 -5.19686083 
4.64158883e-07 -9.66607023 -8.83015820 -7.41385325 -6.19125090 -5.19686083 
3.59381366e-07 -9.66607023 -8.83015820 -7.41385325 -6.19125090 -5.19686083 
2.78255940e-07 -9.66607023 -8.83015820 -7.41385325 -6.19125090 -5.19686083 
2.15443469e-07 -9.66607023 -8.83015820 -7.41385325 -6.19125090 -5.19686083 
1.66810054e-07 -9.66607023 -8.83015820 -7.41385325 -6.19125090 -5.19686083 
1.29154967e-07 -9.66607023 -8.83015820 -7.41385325 -6.19125090 -5.19686083 
1.00000000e-07 -9.66607023 -8.83015820 -7.41385325 -6.19125090 -5.19686083 
7.74263683e-08 -9.66607023 -8.83015820 -7.41385325 -6.19125090 -5.19686083 
5.99484250e-08 -9.66607023 -8.83015820 -7.41385325 -6.19125090 -5.19686083 
4.64158883e-08 -9.66607023 -8.83015820 -7.41385325 -6.19125090 -5.19686083 
3.59381366e-08 -9.66607023 -8.83015820 -7.41385325 -6.19125090 -5.19686083 
2.78255940e-08 -9.66607023 -8.83015820 -7.41385325 -6.19125090 -5.19686083 
2.15443469e-08 -9.66607023 -8.83015820 -7.41385325 -6.19125090 -5.19686083 
1.66810054e-08 -9.66607023 -8.83015820 -7.41385325 -6.19125090 -5.19686083 
1.29154967e-08 -9.66607023 -8.83015820 -7.41385325 -6.19125090 -5.19686083 
1.00000000e-08 -9.66607023 -8.83015820 -7.41385325 -6.19125090 -5.19686083 
7.74263683e-09 -9.66607023 -8.83015820 -7.41385325 -6.19125090 -5.19686083 
5.99484250e-09 -9.66607023 -8.83015820 -7.41385325 -6.19125090 -5.19686083 
4.64158883e-09 -9.66607023 -8.83015820 -7.41385325 -6.19125090 -5.19686083 
3.59381366e-09 -9.66607023 -8.83015820 -7.41385325 -6.19125090 -5.19686083 
2.78255940e-09 -9.66607023 -8.83015820 -7.41385325 -6.19125090 -5.19686083 
2.15443469e-09 -9.66607023 -8.83015820 -7.41385325 -6.19125090 -5.19686083 
1.66810054e-09 -9.66607023 -8.83015820 -7.41385325 -6.19125090 -5.19686083 
1.29154967e-09 -9.66607023 -8.83015820 -7.41385325 -6.19125090 -5.19686083 
1.00000000e-09 -9.66607023 -8.83015820 -7.41385325 -6.19125090 -5.19686083 
7.74263683e-10 -9.66607023 -8.83015820 -7.41385325 -6.19125090 -5.19686083 
5.99484250e-10 -9.66607023 -8.83015820 -7.41385325 -6.19125090 -5.19686083 
4.64158883e-10 -9.66607023 -8.83015820 -7.41385325 -6.19125090 -5.19686083 
3.59381366e-10 -9.66607023 -8.83015820 -7.41385325 -6.19125090 -5.19686083 
2.78255940e-10 -9.66607023 -8.83015820 -7.41385325 -6.19125090 -5.19686083 
2.15443469e-10 -9.66607023 -8.83015820 -7.41385325 -6.19125090 -5.19686083 
1.66810054e-10 -9.66607023 -8.83015820 -7.41385325 -6.19125090 -5.19686083 
1.29154967e-10 -9.66607023 -8.83015820 -7.41385325 -6.19125090 -5.19686083 
1.00000000e-10 -9.66607023 -8.83015820 -7.41385325 -6.19125090 -5.19686083 
P (bar) | log_N2O: -2σ | log_N2O: -1σ | log_N2O: median | log_N2O: +1σ | log_N2O: +2σ 
1.00000000e+01 -9.73520674 -8.60633393 -6.65413967 -4.92158735 -3.82852305 
7.74263683e+00 -9.73520674 -8.60633393 -6.65413967 -4.92158735 -3.82852305 
5.99484250e+00 -9.73520674 -8.60633393 -6.65413967 -4.92158735 -3.82852305 
4.64158883e+00 -9.73520674 -8.60633393 -6.65413967 -4.92158735 -3.82852305 
3.59381366e+00 -9.73520674 -8.60633393 -6.65413967 -4.92158735 -3.82852305 
2.78255940e+00 -9.73520674 -8.60633393 -6.65413967 -4.92158735 -3.82852305 
2.15443469e+00 -9.73520674 -8.60633393 -6.65413967 -4.92158735 -3.82852305 
1.66810054e+00 -9.73520674 -8.60633393 -6.65413967 -4.92158735 -3.82852305 
1.29154967e+00 -9.73520674 -8.60633393 -6.65413967 -4.92158735 -3.82852305 
1.00000000e+00 -9.73520674 -8.60633393 -6.65413967 -4.92158735 -3.82852305 
7.74263683e-01 -9.73520674 -8.60633393 -6.65413967 -4.92158735 -3.82852305 
5.99484250e-01 -9.73520674 -8.60633393 -6.65413967 -4.92158735 -3.82852305 
4.64158883e-01 -9.73520674 -8.60633393 -6.65413967 -4.92158735 -3.82852305 
3.59381366e-01 -9.73520674 -8.60633393 -6.65413967 -4.92158735 -3.82852305 
2.78255940e-01 -9.73520674 -8.60633393 -6.65413967 -4.92158735 -3.82852305 
2.15443469e-01 -9.73520674 -8.60633393 -6.65413967 -4.92158735 -3.82852305 
1.66810054e-01 -9.73520674 -8.60633393 -6.65413967 -4.92158735 -3.82852305 
1.29154967e-01 -9.73520674 -8.60633393 -6.65413967 -4.92158735 -3.82852305 
1.00000000e-01 -9.73520674 -8.60633393 -6.65413967 -4.92158735 -3.82852305 
7.74263683e-02 -9.73520674 -8.60633393 -6.65413967 -4.92158735 -3.82852305 
5.99484250e-02 -9.73520674 -8.60633393 -6.65413967 -4.92158735 -3.82852305 
4.64158883e-02 -9.73520674 -8.60633393 -6.65413967 -4.92158735 -3.82852305 
3.59381366e-02 -9.73520674 -8.60633393 -6.65413967 -4.92158735 -3.82852305 
2.78255940e-02 -9.73520674 -8.60633393 -6.65413967 -4.92158735 -3.82852305 
2.15443469e-02 -9.73520674 -8.60633393 -6.65413967 -4.92158735 -3.82852305 
1.66810054e-02 -9.73520674 -8.60633393 -6.65413967 -4.92158735 -3.82852305 
1.29154967e-02 -9.73520674 -8.60633393 -6.65413967 -4.92158735 -3.82852305 
1.00000000e-02 -9.73520674 -8.60633393 -6.65413967 -4.92158735 -3.82852305 
7.74263683e-03 -9.73520674 -8.60633393 -6.65413967 -4.92158735 -3.82852305 
5.99484250e-03 -9.73520674 -8.60633393 -6.65413967 -4.92158735 -3.82852305 
4.64158883e-03 -9.73520674 -8.60633393 -6.65413967 -4.92158735 -3.82852305 
3.59381366e-03 -9.73520674 -8.60633393 -6.65413967 -4.92158735 -3.82852305 
2.78255940e-03 -9.73520674 -8.60633393 -6.65413967 -4.92158735 -3.82852305 
2.15443469e-03 -9.73520674 -8.60633393 -6.65413967 -4.92158735 -3.82852305 
1.66810054e-03 -9.73520674 -8.60633393 -6.65413967 -4.92158735 -3.82852305 
1.29154967e-03 -9.73520674 -8.60633393 -6.65413967 -4.92158735 -3.82852305 
1.00000000e-03 -9.73520674 -8.60633393 -6.65413967 -4.92158735 -3.82852305 
7.74263683e-04 -9.73520674 -8.60633393 -6.65413967 -4.92158735 -3.82852305 
5.99484250e-04 -9.73520674 -8.60633393 -6.65413967 -4.92158735 -3.82852305 
4.64158883e-04 -9.73520674 -8.60633393 -6.65413967 -4.92158735 -3.82852305 
3.59381366e-04 -9.73520674 -8.60633393 -6.65413967 -4.92158735 -3.82852305 
2.78255940e-04 -9.73520674 -8.60633393 -6.65413967 -4.92158735 -3.82852305 
2.15443469e-04 -9.73520674 -8.60633393 -6.65413967 -4.92158735 -3.82852305 
1.66810054e-04 -9.73520674 -8.60633393 -6.65413967 -4.92158735 -3.82852305 
1.29154967e-04 -9.73520674 -8.60633393 -6.65413967 -4.92158735 -3.82852305 
1.00000000e-04 -9.73520674 -8.60633393 -6.65413967 -4.92158735 -3.82852305 
7.74263683e-05 -9.73520674 -8.60633393 -6.65413967 -4.92158735 -3.82852305 
5.99484250e-05 -9.73520674 -8.60633393 -6.65413967 -4.92158735 -3.82852305 
4.64158883e-05 -9.73520674 -8.60633393 -6.65413967 -4.92158735 -3.82852305 
3.59381366e-05 -9.73520674 -8.60633393 -6.65413967 -4.92158735 -3.82852305 
2.78255940e-05 -9.73520674 -8.60633393 -6.65413967 -4.92158735 -3.82852305 
2.15443469e-05 -9.73520674 -8.60633393 -6.65413967 -4.92158735 -3.82852305 
1.66810054e-05 -9.73520674 -8.60633393 -6.65413967 -4.92158735 -3.82852305 
1.29154967e-05 -9.73520674 -8.60633393 -6.65413967 -4.92158735 -3.82852305 
1.00000000e-05 -9.73520674 -8.60633393 -6.65413967 -4.92158735 -3.82852305 
7.74263683e-06 -9.73520674 -8.60633393 -6.65413967 -4.92158735 -3.82852305 
5.99484250e-06 -9.73520674 -8.60633393 -6.65413967 -4.92158735 -3.82852305 
4.64158883e-06 -9.73520674 -8.60633393 -6.65413967 -4.92158735 -3.82852305 
3.59381366e-06 -9.73520674 -8.60633393 -6.65413967 -4.92158735 -3.82852305 
2.78255940e-06 -9.73520674 -8.60633393 -6.65413967 -4.92158735 -3.82852305 
2.15443469e-06 -9.73520674 -8.60633393 -6.65413967 -4.92158735 -3.82852305 
1.66810054e-06 -9.73520674 -8.60633393 -6.65413967 -4.92158735 -3.82852305 
1.29154967e-06 -9.73520674 -8.60633393 -6.65413967 -4.92158735 -3.82852305 
1.00000000e-06 -9.73520674 -8.60633393 -6.65413967 -4.92158735 -3.82852305 
7.74263683e-07 -9.73520674 -8.60633393 -6.65413967 -4.92158735 -3.82852305 
5.99484250e-07 -9.73520674 -8.60633393 -6.65413967 -4.92158735 -3.82852305 
4.64158883e-07 -9.73520674 -8.60633393 -6.65413967 -4.92158735 -3.82852305 
3.59381366e-07 -9.73520674 -8.60633393 -6.65413967 -4.92158735 -3.82852305 
2.78255940e-07 -9.73520674 -8.60633393 -6.65413967 -4.92158735 -3.82852305 
2.15443469e-07 -9.73520674 -8.60633393 -6.65413967 -4.92158735 -3.82852305 
1.66810054e-07 -9.73520674 -8.60633393 -6.65413967 -4.92158735 -3.82852305 
1.29154967e-07 -9.73520674 -8.60633393 -6.65413967 -4.92158735 -3.82852305 
1.00000000e-07 -9.73520674 -8.60633393 -6.65413967 -4.92158735 -3.82852305 
7.74263683e-08 -9.73520674 -8.60633393 -6.65413967 -4.92158735 -3.82852305 
5.99484250e-08 -9.73520674 -8.60633393 -6.65413967 -4.92158735 -3.82852305 
4.64158883e-08 -9.73520674 -8.60633393 -6.65413967 -4.92158735 -3.82852305 
3.59381366e-08 -9.73520674 -8.60633393 -6.65413967 -4.92158735 -3.82852305 
2.78255940e-08 -9.73520674 -8.60633393 -6.65413967 -4.92158735 -3.82852305 
2.15443469e-08 -9.73520674 -8.60633393 -6.65413967 -4.92158735 -3.82852305 
1.66810054e-08 -9.73520674 -8.60633393 -6.65413967 -4.92158735 -3.82852305 
1.29154967e-08 -9.73520674 -8.60633393 -6.65413967 -4.92158735 -3.82852305 
1.00000000e-08 -9.73520674 -8.60633393 -6.65413967 -4.92158735 -3.82852305 
7.74263683e-09 -9.73520674 -8.60633393 -6.65413967 -4.92158735 -3.82852305 
5.99484250e-09 -9.73520674 -8.60633393 -6.65413967 -4.92158735 -3.82852305 
4.64158883e-09 -9.73520674 -8.60633393 -6.65413967 -4.92158735 -3.82852305 
3.59381366e-09 -9.73520674 -8.60633393 -6.65413967 -4.92158735 -3.82852305 
2.78255940e-09 -9.73520674 -8.60633393 -6.65413967 -4.92158735 -3.82852305 
2.15443469e-09 -9.73520674 -8.60633393 -6.65413967 -4.92158735 -3.82852305 
1.66810054e-09 -9.73520674 -8.60633393 -6.65413967 -4.92158735 -3.82852305 
1.29154967e-09 -9.73520674 -8.60633393 -6.65413967 -4.92158735 -3.82852305 
1.00000000e-09 -9.73520674 -8.60633393 -6.65413967 -4.92158735 -3.82852305 
7.74263683e-10 -9.73520674 -8.60633393 -6.65413967 -4.92158735 -3.82852305 
5.99484250e-10 -9.73520674 -8.60633393 -6.65413967 -4.92158735 -3.82852305 
4.64158883e-10 -9.73520674 -8.60633393 -6.65413967 -4.92158735 -3.82852305 
3.59381366e-10 -9.73520674 -8.60633393 -6.65413967 -4.92158735 -3.82852305 
2.78255940e-10 -9.73520674 -8.60633393 -6.65413967 -4.92158735 -3.82852305 
2.15443469e-10 -9.73520674 -8.60633393 -6.65413967 -4.92158735 -3.82852305 
1.66810054e-10 -9.73520674 -8.60633393 -6.65413967 -4.92158735 -3.82852305 
1.29154967e-10 -9.73520674 -8.60633393 -6.65413967 -4.92158735 -3.82852305 
1.00000000e-10 -9.73520674 -8.60633393 -6.65413967 -4.92158735 -3.82852305 
P (bar) | log_NH3: -2σ | log_NH3: -1σ | log_NH3: median | log_NH3: +1σ | log_NH3: +2σ 
1.00000000e+01 -11.72438131 -10.68827500 -8.25718119 -6.09599390 -4.64127594 
7.74263683e+00 -11.72438131 -10.68827500 -8.25718119 -6.09599390 -4.64127594 
5.99484250e+00 -11.72438131 -10.68827500 -8.25718119 -6.09599390 -4.64127594 
4.64158883e+00 -11.72438131 -10.68827500 -8.25718119 -6.09599390 -4.64127594 
3.59381366e+00 -11.72438131 -10.68827500 -8.25718119 -6.09599390 -4.64127594 
2.78255940e+00 -11.72438131 -10.68827500 -8.25718119 -6.09599390 -4.64127594 
2.15443469e+00 -11.72438131 -10.68827500 -8.25718119 -6.09599390 -4.64127594 
1.66810054e+00 -11.72438131 -10.68827500 -8.25718119 -6.09599390 -4.64127594 
1.29154967e+00 -11.72438131 -10.68827500 -8.25718119 -6.09599390 -4.64127594 
1.00000000e+00 -11.72438131 -10.68827500 -8.25718119 -6.09599390 -4.64127594 
7.74263683e-01 -11.72438131 -10.68827500 -8.25718119 -6.09599390 -4.64127594 
5.99484250e-01 -11.72438131 -10.68827500 -8.25718119 -6.09599390 -4.64127594 
4.64158883e-01 -11.72438131 -10.68827500 -8.25718119 -6.09599390 -4.64127594 
3.59381366e-01 -11.72438131 -10.68827500 -8.25718119 -6.09599390 -4.64127594 
2.78255940e-01 -11.72438131 -10.68827500 -8.25718119 -6.09599390 -4.64127594 
2.15443469e-01 -11.72438131 -10.68827500 -8.25718119 -6.09599390 -4.64127594 
1.66810054e-01 -11.72438131 -10.68827500 -8.25718119 -6.09599390 -4.64127594 
1.29154967e-01 -11.72438131 -10.68827500 -8.25718119 -6.09599390 -4.64127594 
1.00000000e-01 -11.72438131 -10.68827500 -8.25718119 -6.09599390 -4.64127594 
7.74263683e-02 -11.72438131 -10.68827500 -8.25718119 -6.09599390 -4.64127594 
5.99484250e-02 -11.72438131 -10.68827500 -8.25718119 -6.09599390 -4.64127594 
4.64158883e-02 -11.72438131 -10.68827500 -8.25718119 -6.09599390 -4.64127594 
3.59381366e-02 -11.72438131 -10.68827500 -8.25718119 -6.09599390 -4.64127594 
2.78255940e-02 -11.72438131 -10.68827500 -8.25718119 -6.09599390 -4.64127594 
2.15443469e-02 -11.72438131 -10.68827500 -8.25718119 -6.09599390 -4.64127594 
1.66810054e-02 -11.72438131 -10.68827500 -8.25718119 -6.09599390 -4.64127594 
1.29154967e-02 -11.72438131 -10.68827500 -8.25718119 -6.09599390 -4.64127594 
1.00000000e-02 -11.72438131 -10.68827500 -8.25718119 -6.09599390 -4.64127594 
7.74263683e-03 -11.72438131 -10.68827500 -8.25718119 -6.09599390 -4.64127594 
5.99484250e-03 -11.72438131 -10.68827500 -8.25718119 -6.09599390 -4.64127594 
4.64158883e-03 -11.72438131 -10.68827500 -8.25718119 -6.09599390 -4.64127594 
3.59381366e-03 -11.72438131 -10.68827500 -8.25718119 -6.09599390 -4.64127594 
2.78255940e-03 -11.72438131 -10.68827500 -8.25718119 -6.09599390 -4.64127594 
2.15443469e-03 -11.72438131 -10.68827500 -8.25718119 -6.09599390 -4.64127594 
1.66810054e-03 -11.72438131 -10.68827500 -8.25718119 -6.09599390 -4.64127594 
1.29154967e-03 -11.72438131 -10.68827500 -8.25718119 -6.09599390 -4.64127594 
1.00000000e-03 -11.72438131 -10.68827500 -8.25718119 -6.09599390 -4.64127594 
7.74263683e-04 -11.72438131 -10.68827500 -8.25718119 -6.09599390 -4.64127594 
5.99484250e-04 -11.72438131 -10.68827500 -8.25718119 -6.09599390 -4.64127594 
4.64158883e-04 -11.72438131 -10.68827500 -8.25718119 -6.09599390 -4.64127594 
3.59381366e-04 -11.72438131 -10.68827500 -8.25718119 -6.09599390 -4.64127594 
2.78255940e-04 -11.72438131 -10.68827500 -8.25718119 -6.09599390 -4.64127594 
2.15443469e-04 -11.72438131 -10.68827500 -8.25718119 -6.09599390 -4.64127594 
1.66810054e-04 -11.72438131 -10.68827500 -8.25718119 -6.09599390 -4.64127594 
1.29154967e-04 -11.72438131 -10.68827500 -8.25718119 -6.09599390 -4.64127594 
1.00000000e-04 -11.72438131 -10.68827500 -8.25718119 -6.09599390 -4.64127594 
7.74263683e-05 -11.72438131 -10.68827500 -8.25718119 -6.09599390 -4.64127594 
5.99484250e-05 -11.72438131 -10.68827500 -8.25718119 -6.09599390 -4.64127594 
4.64158883e-05 -11.72438131 -10.68827500 -8.25718119 -6.09599390 -4.64127594 
3.59381366e-05 -11.72438131 -10.68827500 -8.25718119 -6.09599390 -4.64127594 
2.78255940e-05 -11.72438131 -10.68827500 -8.25718119 -6.09599390 -4.64127594 
2.15443469e-05 -11.72438131 -10.68827500 -8.25718119 -6.09599390 -4.64127594 
1.66810054e-05 -11.72438131 -10.68827500 -8.25718119 -6.09599390 -4.64127594 
1.29154967e-05 -11.72438131 -10.68827500 -8.25718119 -6.09599390 -4.64127594 
1.00000000e-05 -11.72438131 -10.68827500 -8.25718119 -6.09599390 -4.64127594 
7.74263683e-06 -11.72438131 -10.68827500 -8.25718119 -6.09599390 -4.64127594 
5.99484250e-06 -11.72438131 -10.68827500 -8.25718119 -6.09599390 -4.64127594 
4.64158883e-06 -11.72438131 -10.68827500 -8.25718119 -6.09599390 -4.64127594 
3.59381366e-06 -11.72438131 -10.68827500 -8.25718119 -6.09599390 -4.64127594 
2.78255940e-06 -11.72438131 -10.68827500 -8.25718119 -6.09599390 -4.64127594 
2.15443469e-06 -11.72438131 -10.68827500 -8.25718119 -6.09599390 -4.64127594 
1.66810054e-06 -11.72438131 -10.68827500 -8.25718119 -6.09599390 -4.64127594 
1.29154967e-06 -11.72438131 -10.68827500 -8.25718119 -6.09599390 -4.64127594 
1.00000000e-06 -11.72438131 -10.68827500 -8.25718119 -6.09599390 -4.64127594 
7.74263683e-07 -11.72438131 -10.68827500 -8.25718119 -6.09599390 -4.64127594 
5.99484250e-07 -11.72438131 -10.68827500 -8.25718119 -6.09599390 -4.64127594 
4.64158883e-07 -11.72438131 -10.68827500 -8.25718119 -6.09599390 -4.64127594 
3.59381366e-07 -11.72438131 -10.68827500 -8.25718119 -6.09599390 -4.64127594 
2.78255940e-07 -11.72438131 -10.68827500 -8.25718119 -6.09599390 -4.64127594 
2.15443469e-07 -11.72438131 -10.68827500 -8.25718119 -6.09599390 -4.64127594 
1.66810054e-07 -11.72438131 -10.68827500 -8.25718119 -6.09599390 -4.64127594 
1.29154967e-07 -11.72438131 -10.68827500 -8.25718119 -6.09599390 -4.64127594 
1.00000000e-07 -11.72438131 -10.68827500 -8.25718119 -6.09599390 -4.64127594 
7.74263683e-08 -11.72438131 -10.68827500 -8.25718119 -6.09599390 -4.64127594 
5.99484250e-08 -11.72438131 -10.68827500 -8.25718119 -6.09599390 -4.64127594 
4.64158883e-08 -11.72438131 -10.68827500 -8.25718119 -6.09599390 -4.64127594 
3.59381366e-08 -11.72438131 -10.68827500 -8.25718119 -6.09599390 -4.64127594 
2.78255940e-08 -11.72438131 -10.68827500 -8.25718119 -6.09599390 -4.64127594 
2.15443469e-08 -11.72438131 -10.68827500 -8.25718119 -6.09599390 -4.64127594 
1.66810054e-08 -11.72438131 -10.68827500 -8.25718119 -6.09599390 -4.64127594 
1.29154967e-08 -11.72438131 -10.68827500 -8.25718119 -6.09599390 -4.64127594 
1.00000000e-08 -11.72438131 -10.68827500 -8.25718119 -6.09599390 -4.64127594 
7.74263683e-09 -11.72438131 -10.68827500 -8.25718119 -6.09599390 -4.64127594 
5.99484250e-09 -11.72438131 -10.68827500 -8.25718119 -6.09599390 -4.64127594 
4.64158883e-09 -11.72438131 -10.68827500 -8.25718119 -6.09599390 -4.64127594 
3.59381366e-09 -11.72438131 -10.68827500 -8.25718119 -6.09599390 -4.64127594 
2.78255940e-09 -11.72438131 -10.68827500 -8.25718119 -6.09599390 -4.64127594 
2.15443469e-09 -11.72438131 -10.68827500 -8.25718119 -6.09599390 -4.64127594 
1.66810054e-09 -11.72438131 -10.68827500 -8.25718119 -6.09599390 -4.64127594 
1.29154967e-09 -11.72438131 -10.68827500 -8.25718119 -6.09599390 -4.64127594 
1.00000000e-09 -11.72438131 -10.68827500 -8.25718119 -6.09599390 -4.64127594 
7.74263683e-10 -11.72438131 -10.68827500 -8.25718119 -6.09599390 -4.64127594 
5.99484250e-10 -11.72438131 -10.68827500 -8.25718119 -6.09599390 -4.64127594 
4.64158883e-10 -11.72438131 -10.68827500 -8.25718119 -6.09599390 -4.64127594 
3.59381366e-10 -11.72438131 -10.68827500 -8.25718119 -6.09599390 -4.64127594 
2.78255940e-10 -11.72438131 -10.68827500 -8.25718119 -6.09599390 -4.64127594 
2.15443469e-10 -11.72438131 -10.68827500 -8.25718119 -6.09599390 -4.64127594 
1.66810054e-10 -11.72438131 -10.68827500 -8.25718119 -6.09599390 -4.64127594 
1.29154967e-10 -11.72438131 -10.68827500 -8.25718119 -6.09599390 -4.64127594 
1.00000000e-10 -11.72438131 -10.68827500 -8.25718119 -6.09599390 -4.64127594 
