Chemical species: N2 H2O CO2 CH4 O2 O3 N2O NH3
P (bar) | log_N2: -2σ | log_N2: -1σ | log_N2: median | log_N2: +1σ | log_N2: +2σ 
1.00000000e+01 -0.72361421 -0.14545305 -0.00145464 -0.00005549 -0.00000329 
7.74263683e+00 -0.72361421 -0.14545305 -0.00145464 -0.00005549 -0.00000329 
5.99484250e+00 -0.72361421 -0.14545305 -0.00145464 -0.00005549 -0.00000329 
4.64158883e+00 -0.72361421 -0.14545305 -0.00145464 -0.00005549 -0.00000329 
3.59381366e+00 -0.72361421 -0.14545305 -0.00145464 -0.00005549 -0.00000329 
2.78255940e+00 -0.72361421 -0.14545305 -0.00145464 -0.00005549 -0.00000329 
2.15443469e+00 -0.72361421 -0.14545305 -0.00145464 -0.00005549 -0.00000329 
1.66810054e+00 -0.72361421 -0.14545305 -0.00145464 -0.00005549 -0.00000329 
1.29154967e+00 -0.72361421 -0.14545305 -0.00145464 -0.00005549 -0.00000329 
1.00000000e+00 -0.72361421 -0.14545305 -0.00145464 -0.00005549 -0.00000329 
7.74263683e-01 -0.72361421 -0.14545305 -0.00145464 -0.00005549 -0.00000329 
5.99484250e-01 -0.72361421 -0.14545305 -0.00145464 -0.00005549 -0.00000329 
4.64158883e-01 -0.72361421 -0.14545305 -0.00145464 -0.00005549 -0.00000329 
3.59381366e-01 -0.72361421 -0.14545305 -0.00145464 -0.00005549 -0.00000329 
2.78255940e-01 -0.72361421 -0.14545305 -0.00145464 -0.00005549 -0.00000329 
2.15443469e-01 -0.72361421 -0.14545305 -0.00145464 -0.00005549 -0.00000329 
1.66810054e-01 -0.72361421 -0.14545305 -0.00145464 -0.00005549 -0.00000329 
1.29154967e-01 -0.72361421 -0.14545305 -0.00145464 -0.00005549 -0.00000329 
1.00000000e-01 -0.72361421 -0.14545305 -0.00145464 -0.00005549 -0.00000329 
7.74263683e-02 -0.72361421 -0.14545305 -0.00145464 -0.00005549 -0.00000329 
5.99484250e-02 -0.72361421 -0.14545305 -0.00145464 -0.00005549 -0.00000329 
4.64158883e-02 -0.72361421 -0.14545305 -0.00145464 -0.00005549 -0.00000329 
3.59381366e-02 -0.72361421 -0.14545305 -0.00145464 -0.00005549 -0.00000329 
2.78255940e-02 -0.72361421 -0.14545305 -0.00145464 -0.00005549 -0.00000329 
2.15443469e-02 -0.72361421 -0.14545305 -0.00145464 -0.00005549 -0.00000329 
1.66810054e-02 -0.72361421 -0.14545305 -0.00145464 -0.00005549 -0.00000329 
1.29154967e-02 -0.72361421 -0.14545305 -0.00145464 -0.00005549 -0.00000329 
1.00000000e-02 -0.72361421 -0.14545305 -0.00145464 -0.00005549 -0.00000329 
7.74263683e-03 -0.72361421 -0.14545305 -0.00145464 -0.00005549 -0.00000329 
5.99484250e-03 -0.72361421 -0.14545305 -0.00145464 -0.00005549 -0.00000329 
4.64158883e-03 -0.72361421 -0.14545305 -0.00145464 -0.00005549 -0.00000329 
3.59381366e-03 -0.72361421 -0.14545305 -0.00145464 -0.00005549 -0.00000329 
2.78255940e-03 -0.72361421 -0.14545305 -0.00145464 -0.00005549 -0.00000329 
2.15443469e-03 -0.72361421 -0.14545305 -0.00145464 -0.00005549 -0.00000329 
1.66810054e-03 -0.72361421 -0.14545305 -0.00145464 -0.00005549 -0.00000329 
1.29154967e-03 -0.72361421 -0.14545305 -0.00145464 -0.00005549 -0.00000329 
1.00000000e-03 -0.72361421 -0.14545305 -0.00145464 -0.00005549 -0.00000329 
7.74263683e-04 -0.72361421 -0.14545305 -0.00145464 -0.00005549 -0.00000329 
5.99484250e-04 -0.72361421 -0.14545305 -0.00145464 -0.00005549 -0.00000329 
4.64158883e-04 -0.72361421 -0.14545305 -0.00145464 -0.00005549 -0.00000329 
3.59381366e-04 -0.72361421 -0.14545305 -0.00145464 -0.00005549 -0.00000329 
2.78255940e-04 -0.72361421 -0.14545305 -0.00145464 -0.00005549 -0.00000329 
2.15443469e-04 -0.72361421 -0.14545305 -0.00145464 -0.00005549 -0.00000329 
1.66810054e-04 -0.72361421 -0.14545305 -0.00145464 -0.00005549 -0.00000329 
1.29154967e-04 -0.72361421 -0.14545305 -0.00145464 -0.00005549 -0.00000329 
1.00000000e-04 -0.72361421 -0.14545305 -0.00145464 -0.00005549 -0.00000329 
7.74263683e-05 -0.72361421 -0.14545305 -0.00145464 -0.00005549 -0.00000329 
5.99484250e-05 -0.72361421 -0.14545305 -0.00145464 -0.00005549 -0.00000329 
4.64158883e-05 -0.72361421 -0.14545305 -0.00145464 -0.00005549 -0.00000329 
3.59381366e-05 -0.72361421 -0.14545305 -0.00145464 -0.00005549 -0.00000329 
2.78255940e-05 -0.72361421 -0.14545305 -0.00145464 -0.00005549 -0.00000329 
2.15443469e-05 -0.72361421 -0.14545305 -0.00145464 -0.00005549 -0.00000329 
1.66810054e-05 -0.72361421 -0.14545305 -0.00145464 -0.00005549 -0.00000329 
1.29154967e-05 -0.72361421 -0.14545305 -0.00145464 -0.00005549 -0.00000329 
1.00000000e-05 -0.72361421 -0.14545305 -0.00145464 -0.00005549 -0.00000329 
7.74263683e-06 -0.72361421 -0.14545305 -0.00145464 -0.00005549 -0.00000329 
5.99484250e-06 -0.72361421 -0.14545305 -0.00145464 -0.00005549 -0.00000329 
4.64158883e-06 -0.72361421 -0.14545305 -0.00145464 -0.00005549 -0.00000329 
3.59381366e-06 -0.72361421 -0.14545305 -0.00145464 -0.00005549 -0.00000329 
2.78255940e-06 -0.72361421 -0.14545305 -0.00145464 -0.00005549 -0.00000329 
2.15443469e-06 -0.72361421 -0.14545305 -0.00145464 -0.00005549 -0.00000329 
1.66810054e-06 -0.72361421 -0.14545305 -0.00145464 -0.00005549 -0.00000329 
1.29154967e-06 -0.72361421 -0.14545305 -0.00145464 -0.00005549 -0.00000329 
1.00000000e-06 -0.72361421 -0.14545305 -0.00145464 -0.00005549 -0.00000329 
7.74263683e-07 -0.72361421 -0.14545305 -0.00145464 -0.00005549 -0.00000329 
5.99484250e-07 -0.72361421 -0.14545305 -0.00145464 -0.00005549 -0.00000329 
4.64158883e-07 -0.72361421 -0.14545305 -0.00145464 -0.00005549 -0.00000329 
3.59381366e-07 -0.72361421 -0.14545305 -0.00145464 -0.00005549 -0.00000329 
2.78255940e-07 -0.72361421 -0.14545305 -0.00145464 -0.00005549 -0.00000329 
2.15443469e-07 -0.72361421 -0.14545305 -0.00145464 -0.00005549 -0.00000329 
1.66810054e-07 -0.72361421 -0.14545305 -0.00145464 -0.00005549 -0.00000329 
1.29154967e-07 -0.72361421 -0.14545305 -0.00145464 -0.00005549 -0.00000329 
1.00000000e-07 -0.72361421 -0.14545305 -0.00145464 -0.00005549 -0.00000329 
7.74263683e-08 -0.72361421 -0.14545305 -0.00145464 -0.00005549 -0.00000329 
5.99484250e-08 -0.72361421 -0.14545305 -0.00145464 -0.00005549 -0.00000329 
4.64158883e-08 -0.72361421 -0.14545305 -0.00145464 -0.00005549 -0.00000329 
3.59381366e-08 -0.72361421 -0.14545305 -0.00145464 -0.00005549 -0.00000329 
2.78255940e-08 -0.72361421 -0.14545305 -0.00145464 -0.00005549 -0.00000329 
2.15443469e-08 -0.72361421 -0.14545305 -0.00145464 -0.00005549 -0.00000329 
1.66810054e-08 -0.72361421 -0.14545305 -0.00145464 -0.00005549 -0.00000329 
1.29154967e-08 -0.72361421 -0.14545305 -0.00145464 -0.00005549 -0.00000329 
1.00000000e-08 -0.72361421 -0.14545305 -0.00145464 -0.00005549 -0.00000329 
7.74263683e-09 -0.72361421 -0.14545305 -0.00145464 -0.00005549 -0.00000329 
5.99484250e-09 -0.72361421 -0.14545305 -0.00145464 -0.00005549 -0.00000329 
4.64158883e-09 -0.72361421 -0.14545305 -0.00145464 -0.00005549 -0.00000329 
3.59381366e-09 -0.72361421 -0.14545305 -0.00145464 -0.00005549 -0.00000329 
2.78255940e-09 -0.72361421 -0.14545305 -0.00145464 -0.00005549 -0.00000329 
2.15443469e-09 -0.72361421 -0.14545305 -0.00145464 -0.00005549 -0.00000329 
1.66810054e-09 -0.72361421 -0.14545305 -0.00145464 -0.00005549 -0.00000329 
1.29154967e-09 -0.72361421 -0.14545305 -0.00145464 -0.00005549 -0.00000329 
1.00000000e-09 -0.72361421 -0.14545305 -0.00145464 -0.00005549 -0.00000329 
7.74263683e-10 -0.72361421 -0.14545305 -0.00145464 -0.00005549 -0.00000329 
5.99484250e-10 -0.72361421 -0.14545305 -0.00145464 -0.00005549 -0.00000329 
4.64158883e-10 -0.72361421 -0.14545305 -0.00145464 -0.00005549 -0.00000329 
3.59381366e-10 -0.72361421 -0.14545305 -0.00145464 -0.00005549 -0.00000329 
2.78255940e-10 -0.72361421 -0.14545305 -0.00145464 -0.00005549 -0.00000329 
2.15443469e-10 -0.72361421 -0.14545305 -0.00145464 -0.00005549 -0.00000329 
1.66810054e-10 -0.72361421 -0.14545305 -0.00145464 -0.00005549 -0.00000329 
1.29154967e-10 -0.72361421 -0.14545305 -0.00145464 -0.00005549 -0.00000329 
1.00000000e-10 -0.72361421 -0.14545305 -0.00145464 -0.00005549 -0.00000329 
P (bar) | log_H2O: -2σ | log_H2O: -1σ | log_H2O: median | log_H2O: +1σ | log_H2O: +2σ 
1.00000000e+01 -9.09675240 -5.90916769 -4.21796143 -3.01000220 -2.06814532 
7.74263683e+00 -9.09675240 -5.90916769 -4.21796143 -3.01000220 -2.06814532 
5.99484250e+00 -9.09675240 -5.90916769 -4.21796143 -3.01000220 -2.06814532 
4.64158883e+00 -9.09675240 -5.90916769 -4.21796143 -3.01000220 -2.06814532 
3.59381366e+00 -9.09675240 -5.90916769 -4.21796143 -3.01000220 -2.06814532 
2.78255940e+00 -9.09675240 -5.90916769 -4.21796143 -3.01000220 -2.06814532 
2.15443469e+00 -9.09675240 -5.90916769 -4.21796143 -3.01000220 -2.06814532 
1.66810054e+00 -9.09675240 -5.90916769 -4.21796143 -3.01000220 -2.06814532 
1.29154967e+00 -9.09675240 -5.90916769 -4.21796143 -3.01000220 -2.06814532 
1.00000000e+00 -9.09675240 -5.90916769 -4.21796143 -3.01000220 -2.06814532 
7.74263683e-01 -9.09675240 -5.90916769 -4.21796143 -3.01000220 -2.06814532 
5.99484250e-01 -9.09675240 -5.90916769 -4.21796143 -3.01000220 -2.06814532 
4.64158883e-01 -9.09675240 -5.90916769 -4.21796143 -3.01000220 -2.06814532 
3.59381366e-01 -9.09675240 -5.90916769 -4.21796143 -3.01000220 -2.06814532 
2.78255940e-01 -9.09675240 -5.90916769 -4.21796143 -3.01000220 -2.06814532 
2.15443469e-01 -9.09675240 -5.90916769 -4.21796143 -3.01000220 -2.06814532 
1.66810054e-01 -9.09675240 -5.90916769 -4.21796143 -3.01000220 -2.06814532 
1.29154967e-01 -9.09675240 -5.90916769 -4.21796143 -3.01000220 -2.06814532 
1.00000000e-01 -9.09675240 -5.90916769 -4.21796143 -3.01000220 -2.06814532 
7.74263683e-02 -9.09675240 -5.90916769 -4.21796143 -3.01000220 -2.06814532 
5.99484250e-02 -9.09675240 -5.90916769 -4.21796143 -3.01000220 -2.06814532 
4.64158883e-02 -9.09675240 -5.90916769 -4.21796143 -3.01000220 -2.06814532 
3.59381366e-02 -9.09675240 -5.90916769 -4.21796143 -3.01000220 -2.06814532 
2.78255940e-02 -9.09675240 -5.90916769 -4.21796143 -3.01000220 -2.06814532 
2.15443469e-02 -9.09675240 -5.90916769 -4.21796143 -3.01000220 -2.06814532 
1.66810054e-02 -9.09675240 -5.90916769 -4.21796143 -3.01000220 -2.06814532 
1.29154967e-02 -9.09675240 -5.90916769 -4.21796143 -3.01000220 -2.06814532 
1.00000000e-02 -9.09675240 -5.90916769 -4.21796143 -3.01000220 -2.06814532 
7.74263683e-03 -9.09675240 -5.90916769 -4.21796143 -3.01000220 -2.06814532 
5.99484250e-03 -9.09675240 -5.90916769 -4.21796143 -3.01000220 -2.06814532 
4.64158883e-03 -9.09675240 -5.90916769 -4.21796143 -3.01000220 -2.06814532 
3.59381366e-03 -9.09675240 -5.90916769 -4.21796143 -3.01000220 -2.06814532 
2.78255940e-03 -9.09675240 -5.90916769 -4.21796143 -3.01000220 -2.06814532 
2.15443469e-03 -9.09675240 -5.90916769 -4.21796143 -3.01000220 -2.06814532 
1.66810054e-03 -9.09675240 -5.90916769 -4.21796143 -3.01000220 -2.06814532 
1.29154967e-03 -9.09675240 -5.90916769 -4.21796143 -3.01000220 -2.06814532 
1.00000000e-03 -9.09675240 -5.90916769 -4.21796143 -3.01000220 -2.06814532 
7.74263683e-04 -9.09675240 -5.90916769 -4.21796143 -3.01000220 -2.06814532 
5.99484250e-04 -9.09675240 -5.90916769 -4.21796143 -3.01000220 -2.06814532 
4.64158883e-04 -9.09675240 -5.90916769 -4.21796143 -3.01000220 -2.06814532 
3.59381366e-04 -9.09675240 -5.90916769 -4.21796143 -3.01000220 -2.06814532 
2.78255940e-04 -9.09675240 -5.90916769 -4.21796143 -3.01000220 -2.06814532 
2.15443469e-04 -9.09675240 -5.90916769 -4.21796143 -3.01000220 -2.06814532 
1.66810054e-04 -9.09675240 -5.90916769 -4.21796143 -3.01000220 -2.06814532 
1.29154967e-04 -9.09675240 -5.90916769 -4.21796143 -3.01000220 -2.06814532 
1.00000000e-04 -9.09675240 -5.90916769 -4.21796143 -3.01000220 -2.06814532 
7.74263683e-05 -9.09675240 -5.90916769 -4.21796143 -3.01000220 -2.06814532 
5.99484250e-05 -9.09675240 -5.90916769 -4.21796143 -3.01000220 -2.06814532 
4.64158883e-05 -9.09675240 -5.90916769 -4.21796143 -3.01000220 -2.06814532 
3.59381366e-05 -9.09675240 -5.90916769 -4.21796143 -3.01000220 -2.06814532 
2.78255940e-05 -9.09675240 -5.90916769 -4.21796143 -3.01000220 -2.06814532 
2.15443469e-05 -9.09675240 -5.90916769 -4.21796143 -3.01000220 -2.06814532 
1.66810054e-05 -9.09675240 -5.90916769 -4.21796143 -3.01000220 -2.06814532 
1.29154967e-05 -9.09675240 -5.90916769 -4.21796143 -3.01000220 -2.06814532 
1.00000000e-05 -9.09675240 -5.90916769 -4.21796143 -3.01000220 -2.06814532 
7.74263683e-06 -9.09675240 -5.90916769 -4.21796143 -3.01000220 -2.06814532 
5.99484250e-06 -9.09675240 -5.90916769 -4.21796143 -3.01000220 -2.06814532 
4.64158883e-06 -9.09675240 -5.90916769 -4.21796143 -3.01000220 -2.06814532 
3.59381366e-06 -9.09675240 -5.90916769 -4.21796143 -3.01000220 -2.06814532 
2.78255940e-06 -9.09675240 -5.90916769 -4.21796143 -3.01000220 -2.06814532 
2.15443469e-06 -9.09675240 -5.90916769 -4.21796143 -3.01000220 -2.06814532 
1.66810054e-06 -9.09675240 -5.90916769 -4.21796143 -3.01000220 -2.06814532 
1.29154967e-06 -9.09675240 -5.90916769 -4.21796143 -3.01000220 -2.06814532 
1.00000000e-06 -9.09675240 -5.90916769 -4.21796143 -3.01000220 -2.06814532 
7.74263683e-07 -9.09675240 -5.90916769 -4.21796143 -3.01000220 -2.06814532 
5.99484250e-07 -9.09675240 -5.90916769 -4.21796143 -3.01000220 -2.06814532 
4.64158883e-07 -9.09675240 -5.90916769 -4.21796143 -3.01000220 -2.06814532 
3.59381366e-07 -9.09675240 -5.90916769 -4.21796143 -3.01000220 -2.06814532 
2.78255940e-07 -9.09675240 -5.90916769 -4.21796143 -3.01000220 -2.06814532 
2.15443469e-07 -9.09675240 -5.90916769 -4.21796143 -3.01000220 -2.06814532 
1.66810054e-07 -9.09675240 -5.90916769 -4.21796143 -3.01000220 -2.06814532 
1.29154967e-07 -9.09675240 -5.90916769 -4.21796143 -3.01000220 -2.06814532 
1.00000000e-07 -9.09675240 -5.90916769 -4.21796143 -3.01000220 -2.06814532 
7.74263683e-08 -9.09675240 -5.90916769 -4.21796143 -3.01000220 -2.06814532 
5.99484250e-08 -9.09675240 -5.90916769 -4.21796143 -3.01000220 -2.06814532 
4.64158883e-08 -9.09675240 -5.90916769 -4.21796143 -3.01000220 -2.06814532 
3.59381366e-08 -9.09675240 -5.90916769 -4.21796143 -3.01000220 -2.06814532 
2.78255940e-08 -9.09675240 -5.90916769 -4.21796143 -3.01000220 -2.06814532 
2.15443469e-08 -9.09675240 -5.90916769 -4.21796143 -3.01000220 -2.06814532 
1.66810054e-08 -9.09675240 -5.90916769 -4.21796143 -3.01000220 -2.06814532 
1.29154967e-08 -9.09675240 -5.90916769 -4.21796143 -3.01000220 -2.06814532 
1.00000000e-08 -9.09675240 -5.90916769 -4.21796143 -3.01000220 -2.06814532 
7.74263683e-09 -9.09675240 -5.90916769 -4.21796143 -3.01000220 -2.06814532 
5.99484250e-09 -9.09675240 -5.90916769 -4.21796143 -3.01000220 -2.06814532 
4.64158883e-09 -9.09675240 -5.90916769 -4.21796143 -3.01000220 -2.06814532 
3.59381366e-09 -9.09675240 -5.90916769 -4.21796143 -3.01000220 -2.06814532 
2.78255940e-09 -9.09675240 -5.90916769 -4.21796143 -3.01000220 -2.06814532 
2.15443469e-09 -9.09675240 -5.90916769 -4.21796143 -3.01000220 -2.06814532 
1.66810054e-09 -9.09675240 -5.90916769 -4.21796143 -3.01000220 -2.06814532 
1.29154967e-09 -9.09675240 -5.90916769 -4.21796143 -3.01000220 -2.06814532 
1.00000000e-09 -9.09675240 -5.90916769 -4.21796143 -3.01000220 -2.06814532 
7.74263683e-10 -9.09675240 -5.90916769 -4.21796143 -3.01000220 -2.06814532 
5.99484250e-10 -9.09675240 -5.90916769 -4.21796143 -3.01000220 -2.06814532 
4.64158883e-10 -9.09675240 -5.90916769 -4.21796143 -3.01000220 -2.06814532 
3.59381366e-10 -9.09675240 -5.90916769 -4.21796143 -3.01000220 -2.06814532 
2.78255940e-10 -9.09675240 -5.90916769 -4.21796143 -3.01000220 -2.06814532 
2.15443469e-10 -9.09675240 -5.90916769 -4.21796143 -3.01000220 -2.06814532 
1.66810054e-10 -9.09675240 -5.90916769 -4.21796143 -3.01000220 -2.06814532 
1.29154967e-10 -9.09675240 -5.90916769 -4.21796143 -3.01000220 -2.06814532 
1.00000000e-10 -9.09675240 -5.90916769 -4.21796143 -3.01000220 -2.06814532 
P (bar) | log_CO2: -2σ | log_CO2: -1σ | log_CO2: median | log_CO2: +1σ | log_CO2: +2σ 
1.00000000e+01 -9.63153050 -8.18639041 -4.86214590 -1.08950035 -0.15750440 
7.74263683e+00 -9.63153050 -8.18639041 -4.86214590 -1.08950035 -0.15750440 
5.99484250e+00 -9.63153050 -8.18639041 -4.86214590 -1.08950035 -0.15750440 
4.64158883e+00 -9.63153050 -8.18639041 -4.86214590 -1.08950035 -0.15750440 
3.59381366e+00 -9.63153050 -8.18639041 -4.86214590 -1.08950035 -0.15750440 
2.78255940e+00 -9.63153050 -8.18639041 -4.86214590 -1.08950035 -0.15750440 
2.15443469e+00 -9.63153050 -8.18639041 -4.86214590 -1.08950035 -0.15750440 
1.66810054e+00 -9.63153050 -8.18639041 -4.86214590 -1.08950035 -0.15750440 
1.29154967e+00 -9.63153050 -8.18639041 -4.86214590 -1.08950035 -0.15750440 
1.00000000e+00 -9.63153050 -8.18639041 -4.86214590 -1.08950035 -0.15750440 
7.74263683e-01 -9.63153050 -8.18639041 -4.86214590 -1.08950035 -0.15750440 
5.99484250e-01 -9.63153050 -8.18639041 -4.86214590 -1.08950035 -0.15750440 
4.64158883e-01 -9.63153050 -8.18639041 -4.86214590 -1.08950035 -0.15750440 
3.59381366e-01 -9.63153050 -8.18639041 -4.86214590 -1.08950035 -0.15750440 
2.78255940e-01 -9.63153050 -8.18639041 -4.86214590 -1.08950035 -0.15750440 
2.15443469e-01 -9.63153050 -8.18639041 -4.86214590 -1.08950035 -0.15750440 
1.66810054e-01 -9.63153050 -8.18639041 -4.86214590 -1.08950035 -0.15750440 
1.29154967e-01 -9.63153050 -8.18639041 -4.86214590 -1.08950035 -0.15750440 
1.00000000e-01 -9.63153050 -8.18639041 -4.86214590 -1.08950035 -0.15750440 
7.74263683e-02 -9.63153050 -8.18639041 -4.86214590 -1.08950035 -0.15750440 
5.99484250e-02 -9.63153050 -8.18639041 -4.86214590 -1.08950035 -0.15750440 
4.64158883e-02 -9.63153050 -8.18639041 -4.86214590 -1.08950035 -0.15750440 
3.59381366e-02 -9.63153050 -8.18639041 -4.86214590 -1.08950035 -0.15750440 
2.78255940e-02 -9.63153050 -8.18639041 -4.86214590 -1.08950035 -0.15750440 
2.15443469e-02 -9.63153050 -8.18639041 -4.86214590 -1.08950035 -0.15750440 
1.66810054e-02 -9.63153050 -8.18639041 -4.86214590 -1.08950035 -0.15750440 
1.29154967e-02 -9.63153050 -8.18639041 -4.86214590 -1.08950035 -0.15750440 
1.00000000e-02 -9.63153050 -8.18639041 -4.86214590 -1.08950035 -0.15750440 
7.74263683e-03 -9.63153050 -8.18639041 -4.86214590 -1.08950035 -0.15750440 
5.99484250e-03 -9.63153050 -8.18639041 -4.86214590 -1.08950035 -0.15750440 
4.64158883e-03 -9.63153050 -8.18639041 -4.86214590 -1.08950035 -0.15750440 
3.59381366e-03 -9.63153050 -8.18639041 -4.86214590 -1.08950035 -0.15750440 
2.78255940e-03 -9.63153050 -8.18639041 -4.86214590 -1.08950035 -0.15750440 
2.15443469e-03 -9.63153050 -8.18639041 -4.86214590 -1.08950035 -0.15750440 
1.66810054e-03 -9.63153050 -8.18639041 -4.86214590 -1.08950035 -0.15750440 
1.29154967e-03 -9.63153050 -8.18639041 -4.86214590 -1.08950035 -0.15750440 
1.00000000e-03 -9.63153050 -8.18639041 -4.86214590 -1.08950035 -0.15750440 
7.74263683e-04 -9.63153050 -8.18639041 -4.86214590 -1.08950035 -0.15750440 
5.99484250e-04 -9.63153050 -8.18639041 -4.86214590 -1.08950035 -0.15750440 
4.64158883e-04 -9.63153050 -8.18639041 -4.86214590 -1.08950035 -0.15750440 
3.59381366e-04 -9.63153050 -8.18639041 -4.86214590 -1.08950035 -0.15750440 
2.78255940e-04 -9.63153050 -8.18639041 -4.86214590 -1.08950035 -0.15750440 
2.15443469e-04 -9.63153050 -8.18639041 -4.86214590 -1.08950035 -0.15750440 
1.66810054e-04 -9.63153050 -8.18639041 -4.86214590 -1.08950035 -0.15750440 
1.29154967e-04 -9.63153050 -8.18639041 -4.86214590 -1.08950035 -0.15750440 
1.00000000e-04 -9.63153050 -8.18639041 -4.86214590 -1.08950035 -0.15750440 
7.74263683e-05 -9.63153050 -8.18639041 -4.86214590 -1.08950035 -0.15750440 
5.99484250e-05 -9.63153050 -8.18639041 -4.86214590 -1.08950035 -0.15750440 
4.64158883e-05 -9.63153050 -8.18639041 -4.86214590 -1.08950035 -0.15750440 
3.59381366e-05 -9.63153050 -8.18639041 -4.86214590 -1.08950035 -0.15750440 
2.78255940e-05 -9.63153050 -8.18639041 -4.86214590 -1.08950035 -0.15750440 
2.15443469e-05 -9.63153050 -8.18639041 -4.86214590 -1.08950035 -0.15750440 
1.66810054e-05 -9.63153050 -8.18639041 -4.86214590 -1.08950035 -0.15750440 
1.29154967e-05 -9.63153050 -8.18639041 -4.86214590 -1.08950035 -0.15750440 
1.00000000e-05 -9.63153050 -8.18639041 -4.86214590 -1.08950035 -0.15750440 
7.74263683e-06 -9.63153050 -8.18639041 -4.86214590 -1.08950035 -0.15750440 
5.99484250e-06 -9.63153050 -8.18639041 -4.86214590 -1.08950035 -0.15750440 
4.64158883e-06 -9.63153050 -8.18639041 -4.86214590 -1.08950035 -0.15750440 
3.59381366e-06 -9.63153050 -8.18639041 -4.86214590 -1.08950035 -0.15750440 
2.78255940e-06 -9.63153050 -8.18639041 -4.86214590 -1.08950035 -0.15750440 
2.15443469e-06 -9.63153050 -8.18639041 -4.86214590 -1.08950035 -0.15750440 
1.66810054e-06 -9.63153050 -8.18639041 -4.86214590 -1.08950035 -0.15750440 
1.29154967e-06 -9.63153050 -8.18639041 -4.86214590 -1.08950035 -0.15750440 
1.00000000e-06 -9.63153050 -8.18639041 -4.86214590 -1.08950035 -0.15750440 
7.74263683e-07 -9.63153050 -8.18639041 -4.86214590 -1.08950035 -0.15750440 
5.99484250e-07 -9.63153050 -8.18639041 -4.86214590 -1.08950035 -0.15750440 
4.64158883e-07 -9.63153050 -8.18639041 -4.86214590 -1.08950035 -0.15750440 
3.59381366e-07 -9.63153050 -8.18639041 -4.86214590 -1.08950035 -0.15750440 
2.78255940e-07 -9.63153050 -8.18639041 -4.86214590 -1.08950035 -0.15750440 
2.15443469e-07 -9.63153050 -8.18639041 -4.86214590 -1.08950035 -0.15750440 
1.66810054e-07 -9.63153050 -8.18639041 -4.86214590 -1.08950035 -0.15750440 
1.29154967e-07 -9.63153050 -8.18639041 -4.86214590 -1.08950035 -0.15750440 
1.00000000e-07 -9.63153050 -8.18639041 -4.86214590 -1.08950035 -0.15750440 
7.74263683e-08 -9.63153050 -8.18639041 -4.86214590 -1.08950035 -0.15750440 
5.99484250e-08 -9.63153050 -8.18639041 -4.86214590 -1.08950035 -0.15750440 
4.64158883e-08 -9.63153050 -8.18639041 -4.86214590 -1.08950035 -0.15750440 
3.59381366e-08 -9.63153050 -8.18639041 -4.86214590 -1.08950035 -0.15750440 
2.78255940e-08 -9.63153050 -8.18639041 -4.86214590 -1.08950035 -0.15750440 
2.15443469e-08 -9.63153050 -8.18639041 -4.86214590 -1.08950035 -0.15750440 
1.66810054e-08 -9.63153050 -8.18639041 -4.86214590 -1.08950035 -0.15750440 
1.29154967e-08 -9.63153050 -8.18639041 -4.86214590 -1.08950035 -0.15750440 
1.00000000e-08 -9.63153050 -8.18639041 -4.86214590 -1.08950035 -0.15750440 
7.74263683e-09 -9.63153050 -8.18639041 -4.86214590 -1.08950035 -0.15750440 
5.99484250e-09 -9.63153050 -8.18639041 -4.86214590 -1.08950035 -0.15750440 
4.64158883e-09 -9.63153050 -8.18639041 -4.86214590 -1.08950035 -0.15750440 
3.59381366e-09 -9.63153050 -8.18639041 -4.86214590 -1.08950035 -0.15750440 
2.78255940e-09 -9.63153050 -8.18639041 -4.86214590 -1.08950035 -0.15750440 
2.15443469e-09 -9.63153050 -8.18639041 -4.86214590 -1.08950035 -0.15750440 
1.66810054e-09 -9.63153050 -8.18639041 -4.86214590 -1.08950035 -0.15750440 
1.29154967e-09 -9.63153050 -8.18639041 -4.86214590 -1.08950035 -0.15750440 
1.00000000e-09 -9.63153050 -8.18639041 -4.86214590 -1.08950035 -0.15750440 
7.74263683e-10 -9.63153050 -8.18639041 -4.86214590 -1.08950035 -0.15750440 
5.99484250e-10 -9.63153050 -8.18639041 -4.86214590 -1.08950035 -0.15750440 
4.64158883e-10 -9.63153050 -8.18639041 -4.86214590 -1.08950035 -0.15750440 
3.59381366e-10 -9.63153050 -8.18639041 -4.86214590 -1.08950035 -0.15750440 
2.78255940e-10 -9.63153050 -8.18639041 -4.86214590 -1.08950035 -0.15750440 
2.15443469e-10 -9.63153050 -8.18639041 -4.86214590 -1.08950035 -0.15750440 
1.66810054e-10 -9.63153050 -8.18639041 -4.86214590 -1.08950035 -0.15750440 
1.29154967e-10 -9.63153050 -8.18639041 -4.86214590 -1.08950035 -0.15750440 
1.00000000e-10 -9.63153050 -8.18639041 -4.86214590 -1.08950035 -0.15750440 
P (bar) | log_CH4: -2σ | log_CH4: -1σ | log_CH4: median | log_CH4: +1σ | log_CH4: +2σ 
1.00000000e+01 -7.18015407 -5.06667445 -3.65016724 -2.59591221 -1.82330129 
7.74263683e+00 -7.18015407 -5.06667445 -3.65016724 -2.59591221 -1.82330129 
5.99484250e+00 -7.18015407 -5.06667445 -3.65016724 -2.59591221 -1.82330129 
4.64158883e+00 -7.18015407 -5.06667445 -3.65016724 -2.59591221 -1.82330129 
3.59381366e+00 -7.18015407 -5.06667445 -3.65016724 -2.59591221 -1.82330129 
2.78255940e+00 -7.18015407 -5.06667445 -3.65016724 -2.59591221 -1.82330129 
2.15443469e+00 -7.18015407 -5.06667445 -3.65016724 -2.59591221 -1.82330129 
1.66810054e+00 -7.18015407 -5.06667445 -3.65016724 -2.59591221 -1.82330129 
1.29154967e+00 -7.18015407 -5.06667445 -3.65016724 -2.59591221 -1.82330129 
1.00000000e+00 -7.18015407 -5.06667445 -3.65016724 -2.59591221 -1.82330129 
7.74263683e-01 -7.18015407 -5.06667445 -3.65016724 -2.59591221 -1.82330129 
5.99484250e-01 -7.18015407 -5.06667445 -3.65016724 -2.59591221 -1.82330129 
4.64158883e-01 -7.18015407 -5.06667445 -3.65016724 -2.59591221 -1.82330129 
3.59381366e-01 -7.18015407 -5.06667445 -3.65016724 -2.59591221 -1.82330129 
2.78255940e-01 -7.18015407 -5.06667445 -3.65016724 -2.59591221 -1.82330129 
2.15443469e-01 -7.18015407 -5.06667445 -3.65016724 -2.59591221 -1.82330129 
1.66810054e-01 -7.18015407 -5.06667445 -3.65016724 -2.59591221 -1.82330129 
1.29154967e-01 -7.18015407 -5.06667445 -3.65016724 -2.59591221 -1.82330129 
1.00000000e-01 -7.18015407 -5.06667445 -3.65016724 -2.59591221 -1.82330129 
7.74263683e-02 -7.18015407 -5.06667445 -3.65016724 -2.59591221 -1.82330129 
5.99484250e-02 -7.18015407 -5.06667445 -3.65016724 -2.59591221 -1.82330129 
4.64158883e-02 -7.18015407 -5.06667445 -3.65016724 -2.59591221 -1.82330129 
3.59381366e-02 -7.18015407 -5.06667445 -3.65016724 -2.59591221 -1.82330129 
2.78255940e-02 -7.18015407 -5.06667445 -3.65016724 -2.59591221 -1.82330129 
2.15443469e-02 -7.18015407 -5.06667445 -3.65016724 -2.59591221 -1.82330129 
1.66810054e-02 -7.18015407 -5.06667445 -3.65016724 -2.59591221 -1.82330129 
1.29154967e-02 -7.18015407 -5.06667445 -3.65016724 -2.59591221 -1.82330129 
1.00000000e-02 -7.18015407 -5.06667445 -3.65016724 -2.59591221 -1.82330129 
7.74263683e-03 -7.18015407 -5.06667445 -3.65016724 -2.59591221 -1.82330129 
5.99484250e-03 -7.18015407 -5.06667445 -3.65016724 -2.59591221 -1.82330129 
4.64158883e-03 -7.18015407 -5.06667445 -3.65016724 -2.59591221 -1.82330129 
3.59381366e-03 -7.18015407 -5.06667445 -3.65016724 -2.59591221 -1.82330129 
2.78255940e-03 -7.18015407 -5.06667445 -3.65016724 -2.59591221 -1.82330129 
2.15443469e-03 -7.18015407 -5.06667445 -3.65016724 -2.59591221 -1.82330129 
1.66810054e-03 -7.18015407 -5.06667445 -3.65016724 -2.59591221 -1.82330129 
1.29154967e-03 -7.18015407 -5.06667445 -3.65016724 -2.59591221 -1.82330129 
1.00000000e-03 -7.18015407 -5.06667445 -3.65016724 -2.59591221 -1.82330129 
7.74263683e-04 -7.18015407 -5.06667445 -3.65016724 -2.59591221 -1.82330129 
5.99484250e-04 -7.18015407 -5.06667445 -3.65016724 -2.59591221 -1.82330129 
4.64158883e-04 -7.18015407 -5.06667445 -3.65016724 -2.59591221 -1.82330129 
3.59381366e-04 -7.18015407 -5.06667445 -3.65016724 -2.59591221 -1.82330129 
2.78255940e-04 -7.18015407 -5.06667445 -3.65016724 -2.59591221 -1.82330129 
2.15443469e-04 -7.18015407 -5.06667445 -3.65016724 -2.59591221 -1.82330129 
1.66810054e-04 -7.18015407 -5.06667445 -3.65016724 -2.59591221 -1.82330129 
1.29154967e-04 -7.18015407 -5.06667445 -3.65016724 -2.59591221 -1.82330129 
1.00000000e-04 -7.18015407 -5.06667445 -3.65016724 -2.59591221 -1.82330129 
7.74263683e-05 -7.18015407 -5.06667445 -3.65016724 -2.59591221 -1.82330129 
5.99484250e-05 -7.18015407 -5.06667445 -3.65016724 -2.59591221 -1.82330129 
4.64158883e-05 -7.18015407 -5.06667445 -3.65016724 -2.59591221 -1.82330129 
3.59381366e-05 -7.18015407 -5.06667445 -3.65016724 -2.59591221 -1.82330129 
2.78255940e-05 -7.18015407 -5.06667445 -3.65016724 -2.59591221 -1.82330129 
2.15443469e-05 -7.18015407 -5.06667445 -3.65016724 -2.59591221 -1.82330129 
1.66810054e-05 -7.18015407 -5.06667445 -3.65016724 -2.59591221 -1.82330129 
1.29154967e-05 -7.18015407 -5.06667445 -3.65016724 -2.59591221 -1.82330129 
1.00000000e-05 -7.18015407 -5.06667445 -3.65016724 -2.59591221 -1.82330129 
7.74263683e-06 -7.18015407 -5.06667445 -3.65016724 -2.59591221 -1.82330129 
5.99484250e-06 -7.18015407 -5.06667445 -3.65016724 -2.59591221 -1.82330129 
4.64158883e-06 -7.18015407 -5.06667445 -3.65016724 -2.59591221 -1.82330129 
3.59381366e-06 -7.18015407 -5.06667445 -3.65016724 -2.59591221 -1.82330129 
2.78255940e-06 -7.18015407 -5.06667445 -3.65016724 -2.59591221 -1.82330129 
2.15443469e-06 -7.18015407 -5.06667445 -3.65016724 -2.59591221 -1.82330129 
1.66810054e-06 -7.18015407 -5.06667445 -3.65016724 -2.59591221 -1.82330129 
1.29154967e-06 -7.18015407 -5.06667445 -3.65016724 -2.59591221 -1.82330129 
1.00000000e-06 -7.18015407 -5.06667445 -3.65016724 -2.59591221 -1.82330129 
7.74263683e-07 -7.18015407 -5.06667445 -3.65016724 -2.59591221 -1.82330129 
5.99484250e-07 -7.18015407 -5.06667445 -3.65016724 -2.59591221 -1.82330129 
4.64158883e-07 -7.18015407 -5.06667445 -3.65016724 -2.59591221 -1.82330129 
3.59381366e-07 -7.18015407 -5.06667445 -3.65016724 -2.59591221 -1.82330129 
2.78255940e-07 -7.18015407 -5.06667445 -3.65016724 -2.59591221 -1.82330129 
2.15443469e-07 -7.18015407 -5.06667445 -3.65016724 -2.59591221 -1.82330129 
1.66810054e-07 -7.18015407 -5.06667445 -3.65016724 -2.59591221 -1.82330129 
1.29154967e-07 -7.18015407 -5.06667445 -3.65016724 -2.59591221 -1.82330129 
1.00000000e-07 -7.18015407 -5.06667445 -3.65016724 -2.59591221 -1.82330129 
7.74263683e-08 -7.18015407 -5.06667445 -3.65016724 -2.59591221 -1.82330129 
5.99484250e-08 -7.18015407 -5.06667445 -3.65016724 -2.59591221 -1.82330129 
4.64158883e-08 -7.18015407 -5.06667445 -3.65016724 -2.59591221 -1.82330129 
3.59381366e-08 -7.18015407 -5.06667445 -3.65016724 -2.59591221 -1.82330129 
2.78255940e-08 -7.18015407 -5.06667445 -3.65016724 -2.59591221 -1.82330129 
2.15443469e-08 -7.18015407 -5.06667445 -3.65016724 -2.59591221 -1.82330129 
1.66810054e-08 -7.18015407 -5.06667445 -3.65016724 -2.59591221 -1.82330129 
1.29154967e-08 -7.18015407 -5.06667445 -3.65016724 -2.59591221 -1.82330129 
1.00000000e-08 -7.18015407 -5.06667445 -3.65016724 -2.59591221 -1.82330129 
7.74263683e-09 -7.18015407 -5.06667445 -3.65016724 -2.59591221 -1.82330129 
5.99484250e-09 -7.18015407 -5.06667445 -3.65016724 -2.59591221 -1.82330129 
4.64158883e-09 -7.18015407 -5.06667445 -3.65016724 -2.59591221 -1.82330129 
3.59381366e-09 -7.18015407 -5.06667445 -3.65016724 -2.59591221 -1.82330129 
2.78255940e-09 -7.18015407 -5.06667445 -3.65016724 -2.59591221 -1.82330129 
2.15443469e-09 -7.18015407 -5.06667445 -3.65016724 -2.59591221 -1.82330129 
1.66810054e-09 -7.18015407 -5.06667445 -3.65016724 -2.59591221 -1.82330129 
1.29154967e-09 -7.18015407 -5.06667445 -3.65016724 -2.59591221 -1.82330129 
1.00000000e-09 -7.18015407 -5.06667445 -3.65016724 -2.59591221 -1.82330129 
7.74263683e-10 -7.18015407 -5.06667445 -3.65016724 -2.59591221 -1.82330129 
5.99484250e-10 -7.18015407 -5.06667445 -3.65016724 -2.59591221 -1.82330129 
4.64158883e-10 -7.18015407 -5.06667445 -3.65016724 -2.59591221 -1.82330129 
3.59381366e-10 -7.18015407 -5.06667445 -3.65016724 -2.59591221 -1.82330129 
2.78255940e-10 -7.18015407 -5.06667445 -3.65016724 -2.59591221 -1.82330129 
2.15443469e-10 -7.18015407 -5.06667445 -3.65016724 -2.59591221 -1.82330129 
1.66810054e-10 -7.18015407 -5.06667445 -3.65016724 -2.59591221 -1.82330129 
1.29154967e-10 -7.18015407 -5.06667445 -3.65016724 -2.59591221 -1.82330129 
1.00000000e-10 -7.18015407 -5.06667445 -3.65016724 -2.59591221 -1.82330129 
P (bar) | log_O2: -2σ | log_O2: -1σ | log_O2: median | log_O2: +1σ | log_O2: +2σ 
1.00000000e+01 -9.73606969 -8.36126842 -5.04048683 -1.68170736 -0.26748074 
7.74263683e+00 -9.73606969 -8.36126842 -5.04048683 -1.68170736 -0.26748074 
5.99484250e+00 -9.73606969 -8.36126842 -5.04048683 -1.68170736 -0.26748074 
4.64158883e+00 -9.73606969 -8.36126842 -5.04048683 -1.68170736 -0.26748074 
3.59381366e+00 -9.73606969 -8.36126842 -5.04048683 -1.68170736 -0.26748074 
2.78255940e+00 -9.73606969 -8.36126842 -5.04048683 -1.68170736 -0.26748074 
2.15443469e+00 -9.73606969 -8.36126842 -5.04048683 -1.68170736 -0.26748074 
1.66810054e+00 -9.73606969 -8.36126842 -5.04048683 -1.68170736 -0.26748074 
1.29154967e+00 -9.73606969 -8.36126842 -5.04048683 -1.68170736 -0.26748074 
1.00000000e+00 -9.73606969 -8.36126842 -5.04048683 -1.68170736 -0.26748074 
7.74263683e-01 -9.73606969 -8.36126842 -5.04048683 -1.68170736 -0.26748074 
5.99484250e-01 -9.73606969 -8.36126842 -5.04048683 -1.68170736 -0.26748074 
4.64158883e-01 -9.73606969 -8.36126842 -5.04048683 -1.68170736 -0.26748074 
3.59381366e-01 -9.73606969 -8.36126842 -5.04048683 -1.68170736 -0.26748074 
2.78255940e-01 -9.73606969 -8.36126842 -5.04048683 -1.68170736 -0.26748074 
2.15443469e-01 -9.73606969 -8.36126842 -5.04048683 -1.68170736 -0.26748074 
1.66810054e-01 -9.73606969 -8.36126842 -5.04048683 -1.68170736 -0.26748074 
1.29154967e-01 -9.73606969 -8.36126842 -5.04048683 -1.68170736 -0.26748074 
1.00000000e-01 -9.73606969 -8.36126842 -5.04048683 -1.68170736 -0.26748074 
7.74263683e-02 -9.73606969 -8.36126842 -5.04048683 -1.68170736 -0.26748074 
5.99484250e-02 -9.73606969 -8.36126842 -5.04048683 -1.68170736 -0.26748074 
4.64158883e-02 -9.73606969 -8.36126842 -5.04048683 -1.68170736 -0.26748074 
3.59381366e-02 -9.73606969 -8.36126842 -5.04048683 -1.68170736 -0.26748074 
2.78255940e-02 -9.73606969 -8.36126842 -5.04048683 -1.68170736 -0.26748074 
2.15443469e-02 -9.73606969 -8.36126842 -5.04048683 -1.68170736 -0.26748074 
1.66810054e-02 -9.73606969 -8.36126842 -5.04048683 -1.68170736 -0.26748074 
1.29154967e-02 -9.73606969 -8.36126842 -5.04048683 -1.68170736 -0.26748074 
1.00000000e-02 -9.73606969 -8.36126842 -5.04048683 -1.68170736 -0.26748074 
7.74263683e-03 -9.73606969 -8.36126842 -5.04048683 -1.68170736 -0.26748074 
5.99484250e-03 -9.73606969 -8.36126842 -5.04048683 -1.68170736 -0.26748074 
4.64158883e-03 -9.73606969 -8.36126842 -5.04048683 -1.68170736 -0.26748074 
3.59381366e-03 -9.73606969 -8.36126842 -5.04048683 -1.68170736 -0.26748074 
2.78255940e-03 -9.73606969 -8.36126842 -5.04048683 -1.68170736 -0.26748074 
2.15443469e-03 -9.73606969 -8.36126842 -5.04048683 -1.68170736 -0.26748074 
1.66810054e-03 -9.73606969 -8.36126842 -5.04048683 -1.68170736 -0.26748074 
1.29154967e-03 -9.73606969 -8.36126842 -5.04048683 -1.68170736 -0.26748074 
1.00000000e-03 -9.73606969 -8.36126842 -5.04048683 -1.68170736 -0.26748074 
7.74263683e-04 -9.73606969 -8.36126842 -5.04048683 -1.68170736 -0.26748074 
5.99484250e-04 -9.73606969 -8.36126842 -5.04048683 -1.68170736 -0.26748074 
4.64158883e-04 -9.73606969 -8.36126842 -5.04048683 -1.68170736 -0.26748074 
3.59381366e-04 -9.73606969 -8.36126842 -5.04048683 -1.68170736 -0.26748074 
2.78255940e-04 -9.73606969 -8.36126842 -5.04048683 -1.68170736 -0.26748074 
2.15443469e-04 -9.73606969 -8.36126842 -5.04048683 -1.68170736 -0.26748074 
1.66810054e-04 -9.73606969 -8.36126842 -5.04048683 -1.68170736 -0.26748074 
1.29154967e-04 -9.73606969 -8.36126842 -5.04048683 -1.68170736 -0.26748074 
1.00000000e-04 -9.73606969 -8.36126842 -5.04048683 -1.68170736 -0.26748074 
7.74263683e-05 -9.73606969 -8.36126842 -5.04048683 -1.68170736 -0.26748074 
5.99484250e-05 -9.73606969 -8.36126842 -5.04048683 -1.68170736 -0.26748074 
4.64158883e-05 -9.73606969 -8.36126842 -5.04048683 -1.68170736 -0.26748074 
3.59381366e-05 -9.73606969 -8.36126842 -5.04048683 -1.68170736 -0.26748074 
2.78255940e-05 -9.73606969 -8.36126842 -5.04048683 -1.68170736 -0.26748074 
2.15443469e-05 -9.73606969 -8.36126842 -5.04048683 -1.68170736 -0.26748074 
1.66810054e-05 -9.73606969 -8.36126842 -5.04048683 -1.68170736 -0.26748074 
1.29154967e-05 -9.73606969 -8.36126842 -5.04048683 -1.68170736 -0.26748074 
1.00000000e-05 -9.73606969 -8.36126842 -5.04048683 -1.68170736 -0.26748074 
7.74263683e-06 -9.73606969 -8.36126842 -5.04048683 -1.68170736 -0.26748074 
5.99484250e-06 -9.73606969 -8.36126842 -5.04048683 -1.68170736 -0.26748074 
4.64158883e-06 -9.73606969 -8.36126842 -5.04048683 -1.68170736 -0.26748074 
3.59381366e-06 -9.73606969 -8.36126842 -5.04048683 -1.68170736 -0.26748074 
2.78255940e-06 -9.73606969 -8.36126842 -5.04048683 -1.68170736 -0.26748074 
2.15443469e-06 -9.73606969 -8.36126842 -5.04048683 -1.68170736 -0.26748074 
1.66810054e-06 -9.73606969 -8.36126842 -5.04048683 -1.68170736 -0.26748074 
1.29154967e-06 -9.73606969 -8.36126842 -5.04048683 -1.68170736 -0.26748074 
1.00000000e-06 -9.73606969 -8.36126842 -5.04048683 -1.68170736 -0.26748074 
7.74263683e-07 -9.73606969 -8.36126842 -5.04048683 -1.68170736 -0.26748074 
5.99484250e-07 -9.73606969 -8.36126842 -5.04048683 -1.68170736 -0.26748074 
4.64158883e-07 -9.73606969 -8.36126842 -5.04048683 -1.68170736 -0.26748074 
3.59381366e-07 -9.73606969 -8.36126842 -5.04048683 -1.68170736 -0.26748074 
2.78255940e-07 -9.73606969 -8.36126842 -5.04048683 -1.68170736 -0.26748074 
2.15443469e-07 -9.73606969 -8.36126842 -5.04048683 -1.68170736 -0.26748074 
1.66810054e-07 -9.73606969 -8.36126842 -5.04048683 -1.68170736 -0.26748074 
1.29154967e-07 -9.73606969 -8.36126842 -5.04048683 -1.68170736 -0.26748074 
1.00000000e-07 -9.73606969 -8.36126842 -5.04048683 -1.68170736 -0.26748074 
7.74263683e-08 -9.73606969 -8.36126842 -5.04048683 -1.68170736 -0.26748074 
5.99484250e-08 -9.73606969 -8.36126842 -5.04048683 -1.68170736 -0.26748074 
4.64158883e-08 -9.73606969 -8.36126842 -5.04048683 -1.68170736 -0.26748074 
3.59381366e-08 -9.73606969 -8.36126842 -5.04048683 -1.68170736 -0.26748074 
2.78255940e-08 -9.73606969 -8.36126842 -5.04048683 -1.68170736 -0.26748074 
2.15443469e-08 -9.73606969 -8.36126842 -5.04048683 -1.68170736 -0.26748074 
1.66810054e-08 -9.73606969 -8.36126842 -5.04048683 -1.68170736 -0.26748074 
1.29154967e-08 -9.73606969 -8.36126842 -5.04048683 -1.68170736 -0.26748074 
1.00000000e-08 -9.73606969 -8.36126842 -5.04048683 -1.68170736 -0.26748074 
7.74263683e-09 -9.73606969 -8.36126842 -5.04048683 -1.68170736 -0.26748074 
5.99484250e-09 -9.73606969 -8.36126842 -5.04048683 -1.68170736 -0.26748074 
4.64158883e-09 -9.73606969 -8.36126842 -5.04048683 -1.68170736 -0.26748074 
3.59381366e-09 -9.73606969 -8.36126842 -5.04048683 -1.68170736 -0.26748074 
2.78255940e-09 -9.73606969 -8.36126842 -5.04048683 -1.68170736 -0.26748074 
2.15443469e-09 -9.73606969 -8.36126842 -5.04048683 -1.68170736 -0.26748074 
1.66810054e-09 -9.73606969 -8.36126842 -5.04048683 -1.68170736 -0.26748074 
1.29154967e-09 -9.73606969 -8.36126842 -5.04048683 -1.68170736 -0.26748074 
1.00000000e-09 -9.73606969 -8.36126842 -5.04048683 -1.68170736 -0.26748074 
7.74263683e-10 -9.73606969 -8.36126842 -5.04048683 -1.68170736 -0.26748074 
5.99484250e-10 -9.73606969 -8.36126842 -5.04048683 -1.68170736 -0.26748074 
4.64158883e-10 -9.73606969 -8.36126842 -5.04048683 -1.68170736 -0.26748074 
3.59381366e-10 -9.73606969 -8.36126842 -5.04048683 -1.68170736 -0.26748074 
2.78255940e-10 -9.73606969 -8.36126842 -5.04048683 -1.68170736 -0.26748074 
2.15443469e-10 -9.73606969 -8.36126842 -5.04048683 -1.68170736 -0.26748074 
1.66810054e-10 -9.73606969 -8.36126842 -5.04048683 -1.68170736 -0.26748074 
1.29154967e-10 -9.73606969 -8.36126842 -5.04048683 -1.68170736 -0.26748074 
1.00000000e-10 -9.73606969 -8.36126842 -5.04048683 -1.68170736 -0.26748074 
P (bar) | log_O3: -2σ | log_O3: -1σ | log_O3: median | log_O3: +1σ | log_O3: +2σ 
1.00000000e+01 -9.91280298 -9.46243763 -8.59080789 -7.39650058 -6.51959807 
7.74263683e+00 -9.91280298 -9.46243763 -8.59080789 -7.39650058 -6.51959807 
5.99484250e+00 -9.91280298 -9.46243763 -8.59080789 -7.39650058 -6.51959807 
4.64158883e+00 -9.91280298 -9.46243763 -8.59080789 -7.39650058 -6.51959807 
3.59381366e+00 -9.91280298 -9.46243763 -8.59080789 -7.39650058 -6.51959807 
2.78255940e+00 -9.91280298 -9.46243763 -8.59080789 -7.39650058 -6.51959807 
2.15443469e+00 -9.91280298 -9.46243763 -8.59080789 -7.39650058 -6.51959807 
1.66810054e+00 -9.91280298 -9.46243763 -8.59080789 -7.39650058 -6.51959807 
1.29154967e+00 -9.91280298 -9.46243763 -8.59080789 -7.39650058 -6.51959807 
1.00000000e+00 -9.91280298 -9.46243763 -8.59080789 -7.39650058 -6.51959807 
7.74263683e-01 -9.91280298 -9.46243763 -8.59080789 -7.39650058 -6.51959807 
5.99484250e-01 -9.91280298 -9.46243763 -8.59080789 -7.39650058 -6.51959807 
4.64158883e-01 -9.91280298 -9.46243763 -8.59080789 -7.39650058 -6.51959807 
3.59381366e-01 -9.91280298 -9.46243763 -8.59080789 -7.39650058 -6.51959807 
2.78255940e-01 -9.91280298 -9.46243763 -8.59080789 -7.39650058 -6.51959807 
2.15443469e-01 -9.91280298 -9.46243763 -8.59080789 -7.39650058 -6.51959807 
1.66810054e-01 -9.91280298 -9.46243763 -8.59080789 -7.39650058 -6.51959807 
1.29154967e-01 -9.91280298 -9.46243763 -8.59080789 -7.39650058 -6.51959807 
1.00000000e-01 -9.91280298 -9.46243763 -8.59080789 -7.39650058 -6.51959807 
7.74263683e-02 -9.91280298 -9.46243763 -8.59080789 -7.39650058 -6.51959807 
5.99484250e-02 -9.91280298 -9.46243763 -8.59080789 -7.39650058 -6.51959807 
4.64158883e-02 -9.91280298 -9.46243763 -8.59080789 -7.39650058 -6.51959807 
3.59381366e-02 -9.91280298 -9.46243763 -8.59080789 -7.39650058 -6.51959807 
2.78255940e-02 -9.91280298 -9.46243763 -8.59080789 -7.39650058 -6.51959807 
2.15443469e-02 -9.91280298 -9.46243763 -8.59080789 -7.39650058 -6.51959807 
1.66810054e-02 -9.91280298 -9.46243763 -8.59080789 -7.39650058 -6.51959807 
1.29154967e-02 -9.91280298 -9.46243763 -8.59080789 -7.39650058 -6.51959807 
1.00000000e-02 -9.91280298 -9.46243763 -8.59080789 -7.39650058 -6.51959807 
7.74263683e-03 -9.91280298 -9.46243763 -8.59080789 -7.39650058 -6.51959807 
5.99484250e-03 -9.91280298 -9.46243763 -8.59080789 -7.39650058 -6.51959807 
4.64158883e-03 -9.91280298 -9.46243763 -8.59080789 -7.39650058 -6.51959807 
3.59381366e-03 -9.91280298 -9.46243763 -8.59080789 -7.39650058 -6.51959807 
2.78255940e-03 -9.91280298 -9.46243763 -8.59080789 -7.39650058 -6.51959807 
2.15443469e-03 -9.91280298 -9.46243763 -8.59080789 -7.39650058 -6.51959807 
1.66810054e-03 -9.91280298 -9.46243763 -8.59080789 -7.39650058 -6.51959807 
1.29154967e-03 -9.91280298 -9.46243763 -8.59080789 -7.39650058 -6.51959807 
1.00000000e-03 -9.91280298 -9.46243763 -8.59080789 -7.39650058 -6.51959807 
7.74263683e-04 -9.91280298 -9.46243763 -8.59080789 -7.39650058 -6.51959807 
5.99484250e-04 -9.91280298 -9.46243763 -8.59080789 -7.39650058 -6.51959807 
4.64158883e-04 -9.91280298 -9.46243763 -8.59080789 -7.39650058 -6.51959807 
3.59381366e-04 -9.91280298 -9.46243763 -8.59080789 -7.39650058 -6.51959807 
2.78255940e-04 -9.91280298 -9.46243763 -8.59080789 -7.39650058 -6.51959807 
2.15443469e-04 -9.91280298 -9.46243763 -8.59080789 -7.39650058 -6.51959807 
1.66810054e-04 -9.91280298 -9.46243763 -8.59080789 -7.39650058 -6.51959807 
1.29154967e-04 -9.91280298 -9.46243763 -8.59080789 -7.39650058 -6.51959807 
1.00000000e-04 -9.91280298 -9.46243763 -8.59080789 -7.39650058 -6.51959807 
7.74263683e-05 -9.91280298 -9.46243763 -8.59080789 -7.39650058 -6.51959807 
5.99484250e-05 -9.91280298 -9.46243763 -8.59080789 -7.39650058 -6.51959807 
4.64158883e-05 -9.91280298 -9.46243763 -8.59080789 -7.39650058 -6.51959807 
3.59381366e-05 -9.91280298 -9.46243763 -8.59080789 -7.39650058 -6.51959807 
2.78255940e-05 -9.91280298 -9.46243763 -8.59080789 -7.39650058 -6.51959807 
2.15443469e-05 -9.91280298 -9.46243763 -8.59080789 -7.39650058 -6.51959807 
1.66810054e-05 -9.91280298 -9.46243763 -8.59080789 -7.39650058 -6.51959807 
1.29154967e-05 -9.91280298 -9.46243763 -8.59080789 -7.39650058 -6.51959807 
1.00000000e-05 -9.91280298 -9.46243763 -8.59080789 -7.39650058 -6.51959807 
7.74263683e-06 -9.91280298 -9.46243763 -8.59080789 -7.39650058 -6.51959807 
5.99484250e-06 -9.91280298 -9.46243763 -8.59080789 -7.39650058 -6.51959807 
4.64158883e-06 -9.91280298 -9.46243763 -8.59080789 -7.39650058 -6.51959807 
3.59381366e-06 -9.91280298 -9.46243763 -8.59080789 -7.39650058 -6.51959807 
2.78255940e-06 -9.91280298 -9.46243763 -8.59080789 -7.39650058 -6.51959807 
2.15443469e-06 -9.91280298 -9.46243763 -8.59080789 -7.39650058 -6.51959807 
1.66810054e-06 -9.91280298 -9.46243763 -8.59080789 -7.39650058 -6.51959807 
1.29154967e-06 -9.91280298 -9.46243763 -8.59080789 -7.39650058 -6.51959807 
1.00000000e-06 -9.91280298 -9.46243763 -8.59080789 -7.39650058 -6.51959807 
7.74263683e-07 -9.91280298 -9.46243763 -8.59080789 -7.39650058 -6.51959807 
5.99484250e-07 -9.91280298 -9.46243763 -8.59080789 -7.39650058 -6.51959807 
4.64158883e-07 -9.91280298 -9.46243763 -8.59080789 -7.39650058 -6.51959807 
3.59381366e-07 -9.91280298 -9.46243763 -8.59080789 -7.39650058 -6.51959807 
2.78255940e-07 -9.91280298 -9.46243763 -8.59080789 -7.39650058 -6.51959807 
2.15443469e-07 -9.91280298 -9.46243763 -8.59080789 -7.39650058 -6.51959807 
1.66810054e-07 -9.91280298 -9.46243763 -8.59080789 -7.39650058 -6.51959807 
1.29154967e-07 -9.91280298 -9.46243763 -8.59080789 -7.39650058 -6.51959807 
1.00000000e-07 -9.91280298 -9.46243763 -8.59080789 -7.39650058 -6.51959807 
7.74263683e-08 -9.91280298 -9.46243763 -8.59080789 -7.39650058 -6.51959807 
5.99484250e-08 -9.91280298 -9.46243763 -8.59080789 -7.39650058 -6.51959807 
4.64158883e-08 -9.91280298 -9.46243763 -8.59080789 -7.39650058 -6.51959807 
3.59381366e-08 -9.91280298 -9.46243763 -8.59080789 -7.39650058 -6.51959807 
2.78255940e-08 -9.91280298 -9.46243763 -8.59080789 -7.39650058 -6.51959807 
2.15443469e-08 -9.91280298 -9.46243763 -8.59080789 -7.39650058 -6.51959807 
1.66810054e-08 -9.91280298 -9.46243763 -8.59080789 -7.39650058 -6.51959807 
1.29154967e-08 -9.91280298 -9.46243763 -8.59080789 -7.39650058 -6.51959807 
1.00000000e-08 -9.91280298 -9.46243763 -8.59080789 -7.39650058 -6.51959807 
7.74263683e-09 -9.91280298 -9.46243763 -8.59080789 -7.39650058 -6.51959807 
5.99484250e-09 -9.91280298 -9.46243763 -8.59080789 -7.39650058 -6.51959807 
4.64158883e-09 -9.91280298 -9.46243763 -8.59080789 -7.39650058 -6.51959807 
3.59381366e-09 -9.91280298 -9.46243763 -8.59080789 -7.39650058 -6.51959807 
2.78255940e-09 -9.91280298 -9.46243763 -8.59080789 -7.39650058 -6.51959807 
2.15443469e-09 -9.91280298 -9.46243763 -8.59080789 -7.39650058 -6.51959807 
1.66810054e-09 -9.91280298 -9.46243763 -8.59080789 -7.39650058 -6.51959807 
1.29154967e-09 -9.91280298 -9.46243763 -8.59080789 -7.39650058 -6.51959807 
1.00000000e-09 -9.91280298 -9.46243763 -8.59080789 -7.39650058 -6.51959807 
7.74263683e-10 -9.91280298 -9.46243763 -8.59080789 -7.39650058 -6.51959807 
5.99484250e-10 -9.91280298 -9.46243763 -8.59080789 -7.39650058 -6.51959807 
4.64158883e-10 -9.91280298 -9.46243763 -8.59080789 -7.39650058 -6.51959807 
3.59381366e-10 -9.91280298 -9.46243763 -8.59080789 -7.39650058 -6.51959807 
2.78255940e-10 -9.91280298 -9.46243763 -8.59080789 -7.39650058 -6.51959807 
2.15443469e-10 -9.91280298 -9.46243763 -8.59080789 -7.39650058 -6.51959807 
1.66810054e-10 -9.91280298 -9.46243763 -8.59080789 -7.39650058 -6.51959807 
1.29154967e-10 -9.91280298 -9.46243763 -8.59080789 -7.39650058 -6.51959807 
1.00000000e-10 -9.91280298 -9.46243763 -8.59080789 -7.39650058 -6.51959807 
P (bar) | log_N2O: -2σ | log_N2O: -1σ | log_N2O: median | log_N2O: +1σ | log_N2O: +2σ 
1.00000000e+01 -9.81601786 -8.91238240 -7.09572394 -5.35487451 -4.30508376 
7.74263683e+00 -9.81601786 -8.91238240 -7.09572394 -5.35487451 -4.30508376 
5.99484250e+00 -9.81601786 -8.91238240 -7.09572394 -5.35487451 -4.30508376 
4.64158883e+00 -9.81601786 -8.91238240 -7.09572394 -5.35487451 -4.30508376 
3.59381366e+00 -9.81601786 -8.91238240 -7.09572394 -5.35487451 -4.30508376 
2.78255940e+00 -9.81601786 -8.91238240 -7.09572394 -5.35487451 -4.30508376 
2.15443469e+00 -9.81601786 -8.91238240 -7.09572394 -5.35487451 -4.30508376 
1.66810054e+00 -9.81601786 -8.91238240 -7.09572394 -5.35487451 -4.30508376 
1.29154967e+00 -9.81601786 -8.91238240 -7.09572394 -5.35487451 -4.30508376 
1.00000000e+00 -9.81601786 -8.91238240 -7.09572394 -5.35487451 -4.30508376 
7.74263683e-01 -9.81601786 -8.91238240 -7.09572394 -5.35487451 -4.30508376 
5.99484250e-01 -9.81601786 -8.91238240 -7.09572394 -5.35487451 -4.30508376 
4.64158883e-01 -9.81601786 -8.91238240 -7.09572394 -5.35487451 -4.30508376 
3.59381366e-01 -9.81601786 -8.91238240 -7.09572394 -5.35487451 -4.30508376 
2.78255940e-01 -9.81601786 -8.91238240 -7.09572394 -5.35487451 -4.30508376 
2.15443469e-01 -9.81601786 -8.91238240 -7.09572394 -5.35487451 -4.30508376 
1.66810054e-01 -9.81601786 -8.91238240 -7.09572394 -5.35487451 -4.30508376 
1.29154967e-01 -9.81601786 -8.91238240 -7.09572394 -5.35487451 -4.30508376 
1.00000000e-01 -9.81601786 -8.91238240 -7.09572394 -5.35487451 -4.30508376 
7.74263683e-02 -9.81601786 -8.91238240 -7.09572394 -5.35487451 -4.30508376 
5.99484250e-02 -9.81601786 -8.91238240 -7.09572394 -5.35487451 -4.30508376 
4.64158883e-02 -9.81601786 -8.91238240 -7.09572394 -5.35487451 -4.30508376 
3.59381366e-02 -9.81601786 -8.91238240 -7.09572394 -5.35487451 -4.30508376 
2.78255940e-02 -9.81601786 -8.91238240 -7.09572394 -5.35487451 -4.30508376 
2.15443469e-02 -9.81601786 -8.91238240 -7.09572394 -5.35487451 -4.30508376 
1.66810054e-02 -9.81601786 -8.91238240 -7.09572394 -5.35487451 -4.30508376 
1.29154967e-02 -9.81601786 -8.91238240 -7.09572394 -5.35487451 -4.30508376 
1.00000000e-02 -9.81601786 -8.91238240 -7.09572394 -5.35487451 -4.30508376 
7.74263683e-03 -9.81601786 -8.91238240 -7.09572394 -5.35487451 -4.30508376 
5.99484250e-03 -9.81601786 -8.91238240 -7.09572394 -5.35487451 -4.30508376 
4.64158883e-03 -9.81601786 -8.91238240 -7.09572394 -5.35487451 -4.30508376 
3.59381366e-03 -9.81601786 -8.91238240 -7.09572394 -5.35487451 -4.30508376 
2.78255940e-03 -9.81601786 -8.91238240 -7.09572394 -5.35487451 -4.30508376 
2.15443469e-03 -9.81601786 -8.91238240 -7.09572394 -5.35487451 -4.30508376 
1.66810054e-03 -9.81601786 -8.91238240 -7.09572394 -5.35487451 -4.30508376 
1.29154967e-03 -9.81601786 -8.91238240 -7.09572394 -5.35487451 -4.30508376 
1.00000000e-03 -9.81601786 -8.91238240 -7.09572394 -5.35487451 -4.30508376 
7.74263683e-04 -9.81601786 -8.91238240 -7.09572394 -5.35487451 -4.30508376 
5.99484250e-04 -9.81601786 -8.91238240 -7.09572394 -5.35487451 -4.30508376 
4.64158883e-04 -9.81601786 -8.91238240 -7.09572394 -5.35487451 -4.30508376 
3.59381366e-04 -9.81601786 -8.91238240 -7.09572394 -5.35487451 -4.30508376 
2.78255940e-04 -9.81601786 -8.91238240 -7.09572394 -5.35487451 -4.30508376 
2.15443469e-04 -9.81601786 -8.91238240 -7.09572394 -5.35487451 -4.30508376 
1.66810054e-04 -9.81601786 -8.91238240 -7.09572394 -5.35487451 -4.30508376 
1.29154967e-04 -9.81601786 -8.91238240 -7.09572394 -5.35487451 -4.30508376 
1.00000000e-04 -9.81601786 -8.91238240 -7.09572394 -5.35487451 -4.30508376 
7.74263683e-05 -9.81601786 -8.91238240 -7.09572394 -5.35487451 -4.30508376 
5.99484250e-05 -9.81601786 -8.91238240 -7.09572394 -5.35487451 -4.30508376 
4.64158883e-05 -9.81601786 -8.91238240 -7.09572394 -5.35487451 -4.30508376 
3.59381366e-05 -9.81601786 -8.91238240 -7.09572394 -5.35487451 -4.30508376 
2.78255940e-05 -9.81601786 -8.91238240 -7.09572394 -5.35487451 -4.30508376 
2.15443469e-05 -9.81601786 -8.91238240 -7.09572394 -5.35487451 -4.30508376 
1.66810054e-05 -9.81601786 -8.91238240 -7.09572394 -5.35487451 -4.30508376 
1.29154967e-05 -9.81601786 -8.91238240 -7.09572394 -5.35487451 -4.30508376 
1.00000000e-05 -9.81601786 -8.91238240 -7.09572394 -5.35487451 -4.30508376 
7.74263683e-06 -9.81601786 -8.91238240 -7.09572394 -5.35487451 -4.30508376 
5.99484250e-06 -9.81601786 -8.91238240 -7.09572394 -5.35487451 -4.30508376 
4.64158883e-06 -9.81601786 -8.91238240 -7.09572394 -5.35487451 -4.30508376 
3.59381366e-06 -9.81601786 -8.91238240 -7.09572394 -5.35487451 -4.30508376 
2.78255940e-06 -9.81601786 -8.91238240 -7.09572394 -5.35487451 -4.30508376 
2.15443469e-06 -9.81601786 -8.91238240 -7.09572394 -5.35487451 -4.30508376 
1.66810054e-06 -9.81601786 -8.91238240 -7.09572394 -5.35487451 -4.30508376 
1.29154967e-06 -9.81601786 -8.91238240 -7.09572394 -5.35487451 -4.30508376 
1.00000000e-06 -9.81601786 -8.91238240 -7.09572394 -5.35487451 -4.30508376 
7.74263683e-07 -9.81601786 -8.91238240 -7.09572394 -5.35487451 -4.30508376 
5.99484250e-07 -9.81601786 -8.91238240 -7.09572394 -5.35487451 -4.30508376 
4.64158883e-07 -9.81601786 -8.91238240 -7.09572394 -5.35487451 -4.30508376 
3.59381366e-07 -9.81601786 -8.91238240 -7.09572394 -5.35487451 -4.30508376 
2.78255940e-07 -9.81601786 -8.91238240 -7.09572394 -5.35487451 -4.30508376 
2.15443469e-07 -9.81601786 -8.91238240 -7.09572394 -5.35487451 -4.30508376 
1.66810054e-07 -9.81601786 -8.91238240 -7.09572394 -5.35487451 -4.30508376 
1.29154967e-07 -9.81601786 -8.91238240 -7.09572394 -5.35487451 -4.30508376 
1.00000000e-07 -9.81601786 -8.91238240 -7.09572394 -5.35487451 -4.30508376 
7.74263683e-08 -9.81601786 -8.91238240 -7.09572394 -5.35487451 -4.30508376 
5.99484250e-08 -9.81601786 -8.91238240 -7.09572394 -5.35487451 -4.30508376 
4.64158883e-08 -9.81601786 -8.91238240 -7.09572394 -5.35487451 -4.30508376 
3.59381366e-08 -9.81601786 -8.91238240 -7.09572394 -5.35487451 -4.30508376 
2.78255940e-08 -9.81601786 -8.91238240 -7.09572394 -5.35487451 -4.30508376 
2.15443469e-08 -9.81601786 -8.91238240 -7.09572394 -5.35487451 -4.30508376 
1.66810054e-08 -9.81601786 -8.91238240 -7.09572394 -5.35487451 -4.30508376 
1.29154967e-08 -9.81601786 -8.91238240 -7.09572394 -5.35487451 -4.30508376 
1.00000000e-08 -9.81601786 -8.91238240 -7.09572394 -5.35487451 -4.30508376 
7.74263683e-09 -9.81601786 -8.91238240 -7.09572394 -5.35487451 -4.30508376 
5.99484250e-09 -9.81601786 -8.91238240 -7.09572394 -5.35487451 -4.30508376 
4.64158883e-09 -9.81601786 -8.91238240 -7.09572394 -5.35487451 -4.30508376 
3.59381366e-09 -9.81601786 -8.91238240 -7.09572394 -5.35487451 -4.30508376 
2.78255940e-09 -9.81601786 -8.91238240 -7.09572394 -5.35487451 -4.30508376 
2.15443469e-09 -9.81601786 -8.91238240 -7.09572394 -5.35487451 -4.30508376 
1.66810054e-09 -9.81601786 -8.91238240 -7.09572394 -5.35487451 -4.30508376 
1.29154967e-09 -9.81601786 -8.91238240 -7.09572394 -5.35487451 -4.30508376 
1.00000000e-09 -9.81601786 -8.91238240 -7.09572394 -5.35487451 -4.30508376 
7.74263683e-10 -9.81601786 -8.91238240 -7.09572394 -5.35487451 -4.30508376 
5.99484250e-10 -9.81601786 -8.91238240 -7.09572394 -5.35487451 -4.30508376 
4.64158883e-10 -9.81601786 -8.91238240 -7.09572394 -5.35487451 -4.30508376 
3.59381366e-10 -9.81601786 -8.91238240 -7.09572394 -5.35487451 -4.30508376 
2.78255940e-10 -9.81601786 -8.91238240 -7.09572394 -5.35487451 -4.30508376 
2.15443469e-10 -9.81601786 -8.91238240 -7.09572394 -5.35487451 -4.30508376 
1.66810054e-10 -9.81601786 -8.91238240 -7.09572394 -5.35487451 -4.30508376 
1.29154967e-10 -9.81601786 -8.91238240 -7.09572394 -5.35487451 -4.30508376 
1.00000000e-10 -9.81601786 -8.91238240 -7.09572394 -5.35487451 -4.30508376 
P (bar) | log_NH3: -2σ | log_NH3: -1σ | log_NH3: median | log_NH3: +1σ | log_NH3: +2σ 
1.00000000e+01 -11.76551657 -10.68380720 -8.06861206 -5.89535766 -4.65718361 
7.74263683e+00 -11.76551657 -10.68380720 -8.06861206 -5.89535766 -4.65718361 
5.99484250e+00 -11.76551657 -10.68380720 -8.06861206 -5.89535766 -4.65718361 
4.64158883e+00 -11.76551657 -10.68380720 -8.06861206 -5.89535766 -4.65718361 
3.59381366e+00 -11.76551657 -10.68380720 -8.06861206 -5.89535766 -4.65718361 
2.78255940e+00 -11.76551657 -10.68380720 -8.06861206 -5.89535766 -4.65718361 
2.15443469e+00 -11.76551657 -10.68380720 -8.06861206 -5.89535766 -4.65718361 
1.66810054e+00 -11.76551657 -10.68380720 -8.06861206 -5.89535766 -4.65718361 
1.29154967e+00 -11.76551657 -10.68380720 -8.06861206 -5.89535766 -4.65718361 
1.00000000e+00 -11.76551657 -10.68380720 -8.06861206 -5.89535766 -4.65718361 
7.74263683e-01 -11.76551657 -10.68380720 -8.06861206 -5.89535766 -4.65718361 
5.99484250e-01 -11.76551657 -10.68380720 -8.06861206 -5.89535766 -4.65718361 
4.64158883e-01 -11.76551657 -10.68380720 -8.06861206 -5.89535766 -4.65718361 
3.59381366e-01 -11.76551657 -10.68380720 -8.06861206 -5.89535766 -4.65718361 
2.78255940e-01 -11.76551657 -10.68380720 -8.06861206 -5.89535766 -4.65718361 
2.15443469e-01 -11.76551657 -10.68380720 -8.06861206 -5.89535766 -4.65718361 
1.66810054e-01 -11.76551657 -10.68380720 -8.06861206 -5.89535766 -4.65718361 
1.29154967e-01 -11.76551657 -10.68380720 -8.06861206 -5.89535766 -4.65718361 
1.00000000e-01 -11.76551657 -10.68380720 -8.06861206 -5.89535766 -4.65718361 
7.74263683e-02 -11.76551657 -10.68380720 -8.06861206 -5.89535766 -4.65718361 
5.99484250e-02 -11.76551657 -10.68380720 -8.06861206 -5.89535766 -4.65718361 
4.64158883e-02 -11.76551657 -10.68380720 -8.06861206 -5.89535766 -4.65718361 
3.59381366e-02 -11.76551657 -10.68380720 -8.06861206 -5.89535766 -4.65718361 
2.78255940e-02 -11.76551657 -10.68380720 -8.06861206 -5.89535766 -4.65718361 
2.15443469e-02 -11.76551657 -10.68380720 -8.06861206 -5.89535766 -4.65718361 
1.66810054e-02 -11.76551657 -10.68380720 -8.06861206 -5.89535766 -4.65718361 
1.29154967e-02 -11.76551657 -10.68380720 -8.06861206 -5.89535766 -4.65718361 
1.00000000e-02 -11.76551657 -10.68380720 -8.06861206 -5.89535766 -4.65718361 
7.74263683e-03 -11.76551657 -10.68380720 -8.06861206 -5.89535766 -4.65718361 
5.99484250e-03 -11.76551657 -10.68380720 -8.06861206 -5.89535766 -4.65718361 
4.64158883e-03 -11.76551657 -10.68380720 -8.06861206 -5.89535766 -4.65718361 
3.59381366e-03 -11.76551657 -10.68380720 -8.06861206 -5.89535766 -4.65718361 
2.78255940e-03 -11.76551657 -10.68380720 -8.06861206 -5.89535766 -4.65718361 
2.15443469e-03 -11.76551657 -10.68380720 -8.06861206 -5.89535766 -4.65718361 
1.66810054e-03 -11.76551657 -10.68380720 -8.06861206 -5.89535766 -4.65718361 
1.29154967e-03 -11.76551657 -10.68380720 -8.06861206 -5.89535766 -4.65718361 
1.00000000e-03 -11.76551657 -10.68380720 -8.06861206 -5.89535766 -4.65718361 
7.74263683e-04 -11.76551657 -10.68380720 -8.06861206 -5.89535766 -4.65718361 
5.99484250e-04 -11.76551657 -10.68380720 -8.06861206 -5.89535766 -4.65718361 
4.64158883e-04 -11.76551657 -10.68380720 -8.06861206 -5.89535766 -4.65718361 
3.59381366e-04 -11.76551657 -10.68380720 -8.06861206 -5.89535766 -4.65718361 
2.78255940e-04 -11.76551657 -10.68380720 -8.06861206 -5.89535766 -4.65718361 
2.15443469e-04 -11.76551657 -10.68380720 -8.06861206 -5.89535766 -4.65718361 
1.66810054e-04 -11.76551657 -10.68380720 -8.06861206 -5.89535766 -4.65718361 
1.29154967e-04 -11.76551657 -10.68380720 -8.06861206 -5.89535766 -4.65718361 
1.00000000e-04 -11.76551657 -10.68380720 -8.06861206 -5.89535766 -4.65718361 
7.74263683e-05 -11.76551657 -10.68380720 -8.06861206 -5.89535766 -4.65718361 
5.99484250e-05 -11.76551657 -10.68380720 -8.06861206 -5.89535766 -4.65718361 
4.64158883e-05 -11.76551657 -10.68380720 -8.06861206 -5.89535766 -4.65718361 
3.59381366e-05 -11.76551657 -10.68380720 -8.06861206 -5.89535766 -4.65718361 
2.78255940e-05 -11.76551657 -10.68380720 -8.06861206 -5.89535766 -4.65718361 
2.15443469e-05 -11.76551657 -10.68380720 -8.06861206 -5.89535766 -4.65718361 
1.66810054e-05 -11.76551657 -10.68380720 -8.06861206 -5.89535766 -4.65718361 
1.29154967e-05 -11.76551657 -10.68380720 -8.06861206 -5.89535766 -4.65718361 
1.00000000e-05 -11.76551657 -10.68380720 -8.06861206 -5.89535766 -4.65718361 
7.74263683e-06 -11.76551657 -10.68380720 -8.06861206 -5.89535766 -4.65718361 
5.99484250e-06 -11.76551657 -10.68380720 -8.06861206 -5.89535766 -4.65718361 
4.64158883e-06 -11.76551657 -10.68380720 -8.06861206 -5.89535766 -4.65718361 
3.59381366e-06 -11.76551657 -10.68380720 -8.06861206 -5.89535766 -4.65718361 
2.78255940e-06 -11.76551657 -10.68380720 -8.06861206 -5.89535766 -4.65718361 
2.15443469e-06 -11.76551657 -10.68380720 -8.06861206 -5.89535766 -4.65718361 
1.66810054e-06 -11.76551657 -10.68380720 -8.06861206 -5.89535766 -4.65718361 
1.29154967e-06 -11.76551657 -10.68380720 -8.06861206 -5.89535766 -4.65718361 
1.00000000e-06 -11.76551657 -10.68380720 -8.06861206 -5.89535766 -4.65718361 
7.74263683e-07 -11.76551657 -10.68380720 -8.06861206 -5.89535766 -4.65718361 
5.99484250e-07 -11.76551657 -10.68380720 -8.06861206 -5.89535766 -4.65718361 
4.64158883e-07 -11.76551657 -10.68380720 -8.06861206 -5.89535766 -4.65718361 
3.59381366e-07 -11.76551657 -10.68380720 -8.06861206 -5.89535766 -4.65718361 
2.78255940e-07 -11.76551657 -10.68380720 -8.06861206 -5.89535766 -4.65718361 
2.15443469e-07 -11.76551657 -10.68380720 -8.06861206 -5.89535766 -4.65718361 
1.66810054e-07 -11.76551657 -10.68380720 -8.06861206 -5.89535766 -4.65718361 
1.29154967e-07 -11.76551657 -10.68380720 -8.06861206 -5.89535766 -4.65718361 
1.00000000e-07 -11.76551657 -10.68380720 -8.06861206 -5.89535766 -4.65718361 
7.74263683e-08 -11.76551657 -10.68380720 -8.06861206 -5.89535766 -4.65718361 
5.99484250e-08 -11.76551657 -10.68380720 -8.06861206 -5.89535766 -4.65718361 
4.64158883e-08 -11.76551657 -10.68380720 -8.06861206 -5.89535766 -4.65718361 
3.59381366e-08 -11.76551657 -10.68380720 -8.06861206 -5.89535766 -4.65718361 
2.78255940e-08 -11.76551657 -10.68380720 -8.06861206 -5.89535766 -4.65718361 
2.15443469e-08 -11.76551657 -10.68380720 -8.06861206 -5.89535766 -4.65718361 
1.66810054e-08 -11.76551657 -10.68380720 -8.06861206 -5.89535766 -4.65718361 
1.29154967e-08 -11.76551657 -10.68380720 -8.06861206 -5.89535766 -4.65718361 
1.00000000e-08 -11.76551657 -10.68380720 -8.06861206 -5.89535766 -4.65718361 
7.74263683e-09 -11.76551657 -10.68380720 -8.06861206 -5.89535766 -4.65718361 
5.99484250e-09 -11.76551657 -10.68380720 -8.06861206 -5.89535766 -4.65718361 
4.64158883e-09 -11.76551657 -10.68380720 -8.06861206 -5.89535766 -4.65718361 
3.59381366e-09 -11.76551657 -10.68380720 -8.06861206 -5.89535766 -4.65718361 
2.78255940e-09 -11.76551657 -10.68380720 -8.06861206 -5.89535766 -4.65718361 
2.15443469e-09 -11.76551657 -10.68380720 -8.06861206 -5.89535766 -4.65718361 
1.66810054e-09 -11.76551657 -10.68380720 -8.06861206 -5.89535766 -4.65718361 
1.29154967e-09 -11.76551657 -10.68380720 -8.06861206 -5.89535766 -4.65718361 
1.00000000e-09 -11.76551657 -10.68380720 -8.06861206 -5.89535766 -4.65718361 
7.74263683e-10 -11.76551657 -10.68380720 -8.06861206 -5.89535766 -4.65718361 
5.99484250e-10 -11.76551657 -10.68380720 -8.06861206 -5.89535766 -4.65718361 
4.64158883e-10 -11.76551657 -10.68380720 -8.06861206 -5.89535766 -4.65718361 
3.59381366e-10 -11.76551657 -10.68380720 -8.06861206 -5.89535766 -4.65718361 
2.78255940e-10 -11.76551657 -10.68380720 -8.06861206 -5.89535766 -4.65718361 
2.15443469e-10 -11.76551657 -10.68380720 -8.06861206 -5.89535766 -4.65718361 
1.66810054e-10 -11.76551657 -10.68380720 -8.06861206 -5.89535766 -4.65718361 
1.29154967e-10 -11.76551657 -10.68380720 -8.06861206 -5.89535766 -4.65718361 
1.00000000e-10 -11.76551657 -10.68380720 -8.06861206 -5.89535766 -4.65718361 
