Chemical species: N2 H2O CO2 CH4 O2 O3 N2O NH3
P (bar) | log_N2: -2σ | log_N2: -1σ | log_N2: median | log_N2: +1σ | log_N2: +2σ 
1.00000000e+01 -0.04354033 -0.03227909 -0.01787126 -0.00764791 -0.00189114 
7.74263683e+00 -0.04354033 -0.03227909 -0.01787126 -0.00764791 -0.00189114 
5.99484250e+00 -0.04354033 -0.03227909 -0.01787126 -0.00764791 -0.00189114 
4.64158883e+00 -0.04354033 -0.03227909 -0.01787126 -0.00764791 -0.00189114 
3.59381366e+00 -0.04354033 -0.03227909 -0.01787126 -0.00764791 -0.00189114 
2.78255940e+00 -0.04354033 -0.03227909 -0.01787126 -0.00764791 -0.00189114 
2.15443469e+00 -0.04354033 -0.03227909 -0.01787126 -0.00764791 -0.00189114 
1.66810054e+00 -0.04354033 -0.03227909 -0.01787126 -0.00764791 -0.00189114 
1.29154967e+00 -0.04354033 -0.03227909 -0.01787126 -0.00764791 -0.00189114 
1.00000000e+00 -0.04354033 -0.03227909 -0.01787126 -0.00764791 -0.00189114 
7.74263683e-01 -0.04354033 -0.03227909 -0.01787126 -0.00764791 -0.00189114 
5.99484250e-01 -0.04354033 -0.03227909 -0.01787126 -0.00764791 -0.00189114 
4.64158883e-01 -0.04354033 -0.03227909 -0.01787126 -0.00764791 -0.00189114 
3.59381366e-01 -0.04354033 -0.03227909 -0.01787126 -0.00764791 -0.00189114 
2.78255940e-01 -0.04354033 -0.03227909 -0.01787126 -0.00764791 -0.00189114 
2.15443469e-01 -0.04354033 -0.03227909 -0.01787126 -0.00764791 -0.00189114 
1.66810054e-01 -0.04354033 -0.03227909 -0.01787126 -0.00764791 -0.00189114 
1.29154967e-01 -0.04354033 -0.03227909 -0.01787126 -0.00764791 -0.00189114 
1.00000000e-01 -0.04354033 -0.03227909 -0.01787126 -0.00764791 -0.00189114 
7.74263683e-02 -0.04354033 -0.03227909 -0.01787126 -0.00764791 -0.00189114 
5.99484250e-02 -0.04354033 -0.03227909 -0.01787126 -0.00764791 -0.00189114 
4.64158883e-02 -0.04354033 -0.03227909 -0.01787126 -0.00764791 -0.00189114 
3.59381366e-02 -0.04354033 -0.03227909 -0.01787126 -0.00764791 -0.00189114 
2.78255940e-02 -0.04354033 -0.03227909 -0.01787126 -0.00764791 -0.00189114 
2.15443469e-02 -0.04354033 -0.03227909 -0.01787126 -0.00764791 -0.00189114 
1.66810054e-02 -0.04354033 -0.03227909 -0.01787126 -0.00764791 -0.00189114 
1.29154967e-02 -0.04354033 -0.03227909 -0.01787126 -0.00764791 -0.00189114 
1.00000000e-02 -0.04354033 -0.03227909 -0.01787126 -0.00764791 -0.00189114 
7.74263683e-03 -0.04354033 -0.03227909 -0.01787126 -0.00764791 -0.00189114 
5.99484250e-03 -0.04354033 -0.03227909 -0.01787126 -0.00764791 -0.00189114 
4.64158883e-03 -0.04354033 -0.03227909 -0.01787126 -0.00764791 -0.00189114 
3.59381366e-03 -0.04354033 -0.03227909 -0.01787126 -0.00764791 -0.00189114 
2.78255940e-03 -0.04354033 -0.03227909 -0.01787126 -0.00764791 -0.00189114 
2.15443469e-03 -0.04354033 -0.03227909 -0.01787126 -0.00764791 -0.00189114 
1.66810054e-03 -0.04354033 -0.03227909 -0.01787126 -0.00764791 -0.00189114 
1.29154967e-03 -0.04354033 -0.03227909 -0.01787126 -0.00764791 -0.00189114 
1.00000000e-03 -0.04354033 -0.03227909 -0.01787126 -0.00764791 -0.00189114 
7.74263683e-04 -0.04354033 -0.03227909 -0.01787126 -0.00764791 -0.00189114 
5.99484250e-04 -0.04354033 -0.03227909 -0.01787126 -0.00764791 -0.00189114 
4.64158883e-04 -0.04354033 -0.03227909 -0.01787126 -0.00764791 -0.00189114 
3.59381366e-04 -0.04354033 -0.03227909 -0.01787126 -0.00764791 -0.00189114 
2.78255940e-04 -0.04354033 -0.03227909 -0.01787126 -0.00764791 -0.00189114 
2.15443469e-04 -0.04354033 -0.03227909 -0.01787126 -0.00764791 -0.00189114 
1.66810054e-04 -0.04354033 -0.03227909 -0.01787126 -0.00764791 -0.00189114 
1.29154967e-04 -0.04354033 -0.03227909 -0.01787126 -0.00764791 -0.00189114 
1.00000000e-04 -0.04354033 -0.03227909 -0.01787126 -0.00764791 -0.00189114 
7.74263683e-05 -0.04354033 -0.03227909 -0.01787126 -0.00764791 -0.00189114 
5.99484250e-05 -0.04354033 -0.03227909 -0.01787126 -0.00764791 -0.00189114 
4.64158883e-05 -0.04354033 -0.03227909 -0.01787126 -0.00764791 -0.00189114 
3.59381366e-05 -0.04354033 -0.03227909 -0.01787126 -0.00764791 -0.00189114 
2.78255940e-05 -0.04354033 -0.03227909 -0.01787126 -0.00764791 -0.00189114 
2.15443469e-05 -0.04354033 -0.03227909 -0.01787126 -0.00764791 -0.00189114 
1.66810054e-05 -0.04354033 -0.03227909 -0.01787126 -0.00764791 -0.00189114 
1.29154967e-05 -0.04354033 -0.03227909 -0.01787126 -0.00764791 -0.00189114 
1.00000000e-05 -0.04354033 -0.03227909 -0.01787126 -0.00764791 -0.00189114 
7.74263683e-06 -0.04354033 -0.03227909 -0.01787126 -0.00764791 -0.00189114 
5.99484250e-06 -0.04354033 -0.03227909 -0.01787126 -0.00764791 -0.00189114 
4.64158883e-06 -0.04354033 -0.03227909 -0.01787126 -0.00764791 -0.00189114 
3.59381366e-06 -0.04354033 -0.03227909 -0.01787126 -0.00764791 -0.00189114 
2.78255940e-06 -0.04354033 -0.03227909 -0.01787126 -0.00764791 -0.00189114 
2.15443469e-06 -0.04354033 -0.03227909 -0.01787126 -0.00764791 -0.00189114 
1.66810054e-06 -0.04354033 -0.03227909 -0.01787126 -0.00764791 -0.00189114 
1.29154967e-06 -0.04354033 -0.03227909 -0.01787126 -0.00764791 -0.00189114 
1.00000000e-06 -0.04354033 -0.03227909 -0.01787126 -0.00764791 -0.00189114 
7.74263683e-07 -0.04354033 -0.03227909 -0.01787126 -0.00764791 -0.00189114 
5.99484250e-07 -0.04354033 -0.03227909 -0.01787126 -0.00764791 -0.00189114 
4.64158883e-07 -0.04354033 -0.03227909 -0.01787126 -0.00764791 -0.00189114 
3.59381366e-07 -0.04354033 -0.03227909 -0.01787126 -0.00764791 -0.00189114 
2.78255940e-07 -0.04354033 -0.03227909 -0.01787126 -0.00764791 -0.00189114 
2.15443469e-07 -0.04354033 -0.03227909 -0.01787126 -0.00764791 -0.00189114 
1.66810054e-07 -0.04354033 -0.03227909 -0.01787126 -0.00764791 -0.00189114 
1.29154967e-07 -0.04354033 -0.03227909 -0.01787126 -0.00764791 -0.00189114 
1.00000000e-07 -0.04354033 -0.03227909 -0.01787126 -0.00764791 -0.00189114 
7.74263683e-08 -0.04354033 -0.03227909 -0.01787126 -0.00764791 -0.00189114 
5.99484250e-08 -0.04354033 -0.03227909 -0.01787126 -0.00764791 -0.00189114 
4.64158883e-08 -0.04354033 -0.03227909 -0.01787126 -0.00764791 -0.00189114 
3.59381366e-08 -0.04354033 -0.03227909 -0.01787126 -0.00764791 -0.00189114 
2.78255940e-08 -0.04354033 -0.03227909 -0.01787126 -0.00764791 -0.00189114 
2.15443469e-08 -0.04354033 -0.03227909 -0.01787126 -0.00764791 -0.00189114 
1.66810054e-08 -0.04354033 -0.03227909 -0.01787126 -0.00764791 -0.00189114 
1.29154967e-08 -0.04354033 -0.03227909 -0.01787126 -0.00764791 -0.00189114 
1.00000000e-08 -0.04354033 -0.03227909 -0.01787126 -0.00764791 -0.00189114 
7.74263683e-09 -0.04354033 -0.03227909 -0.01787126 -0.00764791 -0.00189114 
5.99484250e-09 -0.04354033 -0.03227909 -0.01787126 -0.00764791 -0.00189114 
4.64158883e-09 -0.04354033 -0.03227909 -0.01787126 -0.00764791 -0.00189114 
3.59381366e-09 -0.04354033 -0.03227909 -0.01787126 -0.00764791 -0.00189114 
2.78255940e-09 -0.04354033 -0.03227909 -0.01787126 -0.00764791 -0.00189114 
2.15443469e-09 -0.04354033 -0.03227909 -0.01787126 -0.00764791 -0.00189114 
1.66810054e-09 -0.04354033 -0.03227909 -0.01787126 -0.00764791 -0.00189114 
1.29154967e-09 -0.04354033 -0.03227909 -0.01787126 -0.00764791 -0.00189114 
1.00000000e-09 -0.04354033 -0.03227909 -0.01787126 -0.00764791 -0.00189114 
7.74263683e-10 -0.04354033 -0.03227909 -0.01787126 -0.00764791 -0.00189114 
5.99484250e-10 -0.04354033 -0.03227909 -0.01787126 -0.00764791 -0.00189114 
4.64158883e-10 -0.04354033 -0.03227909 -0.01787126 -0.00764791 -0.00189114 
3.59381366e-10 -0.04354033 -0.03227909 -0.01787126 -0.00764791 -0.00189114 
2.78255940e-10 -0.04354033 -0.03227909 -0.01787126 -0.00764791 -0.00189114 
2.15443469e-10 -0.04354033 -0.03227909 -0.01787126 -0.00764791 -0.00189114 
1.66810054e-10 -0.04354033 -0.03227909 -0.01787126 -0.00764791 -0.00189114 
1.29154967e-10 -0.04354033 -0.03227909 -0.01787126 -0.00764791 -0.00189114 
1.00000000e-10 -0.04354033 -0.03227909 -0.01787126 -0.00764791 -0.00189114 
P (bar) | log_H2O: -2σ | log_H2O: -1σ | log_H2O: median | log_H2O: +1σ | log_H2O: +2σ 
1.00000000e+01 -4.83315744 -4.61793436 -4.37891443 -4.15335346 -3.93171072 
7.74263683e+00 -4.83315744 -4.61793436 -4.37891443 -4.15335346 -3.93171072 
5.99484250e+00 -4.83315744 -4.61793436 -4.37891443 -4.15335346 -3.93171072 
4.64158883e+00 -4.83315744 -4.61793436 -4.37891443 -4.15335346 -3.93171072 
3.59381366e+00 -4.83315744 -4.61793436 -4.37891443 -4.15335346 -3.93171072 
2.78255940e+00 -4.83315744 -4.61793436 -4.37891443 -4.15335346 -3.93171072 
2.15443469e+00 -4.83315744 -4.61793436 -4.37891443 -4.15335346 -3.93171072 
1.66810054e+00 -4.83315744 -4.61793436 -4.37891443 -4.15335346 -3.93171072 
1.29154967e+00 -4.83315744 -4.61793436 -4.37891443 -4.15335346 -3.93171072 
1.00000000e+00 -4.83315744 -4.61793436 -4.37891443 -4.15335346 -3.93171072 
7.74263683e-01 -4.83315744 -4.61793436 -4.37891443 -4.15335346 -3.93171072 
5.99484250e-01 -4.83315744 -4.61793436 -4.37891443 -4.15335346 -3.93171072 
4.64158883e-01 -4.83315744 -4.61793436 -4.37891443 -4.15335346 -3.93171072 
3.59381366e-01 -4.83315744 -4.61793436 -4.37891443 -4.15335346 -3.93171072 
2.78255940e-01 -4.83315744 -4.61793436 -4.37891443 -4.15335346 -3.93171072 
2.15443469e-01 -4.83315744 -4.61793436 -4.37891443 -4.15335346 -3.93171072 
1.66810054e-01 -4.83315744 -4.61793436 -4.37891443 -4.15335346 -3.93171072 
1.29154967e-01 -4.83315744 -4.61793436 -4.37891443 -4.15335346 -3.93171072 
1.00000000e-01 -4.83315744 -4.61793436 -4.37891443 -4.15335346 -3.93171072 
7.74263683e-02 -4.83315744 -4.61793436 -4.37891443 -4.15335346 -3.93171072 
5.99484250e-02 -4.83315744 -4.61793436 -4.37891443 -4.15335346 -3.93171072 
4.64158883e-02 -4.83315744 -4.61793436 -4.37891443 -4.15335346 -3.93171072 
3.59381366e-02 -4.83315744 -4.61793436 -4.37891443 -4.15335346 -3.93171072 
2.78255940e-02 -4.83315744 -4.61793436 -4.37891443 -4.15335346 -3.93171072 
2.15443469e-02 -4.83315744 -4.61793436 -4.37891443 -4.15335346 -3.93171072 
1.66810054e-02 -4.83315744 -4.61793436 -4.37891443 -4.15335346 -3.93171072 
1.29154967e-02 -4.83315744 -4.61793436 -4.37891443 -4.15335346 -3.93171072 
1.00000000e-02 -4.83315744 -4.61793436 -4.37891443 -4.15335346 -3.93171072 
7.74263683e-03 -4.83315744 -4.61793436 -4.37891443 -4.15335346 -3.93171072 
5.99484250e-03 -4.83315744 -4.61793436 -4.37891443 -4.15335346 -3.93171072 
4.64158883e-03 -4.83315744 -4.61793436 -4.37891443 -4.15335346 -3.93171072 
3.59381366e-03 -4.83315744 -4.61793436 -4.37891443 -4.15335346 -3.93171072 
2.78255940e-03 -4.83315744 -4.61793436 -4.37891443 -4.15335346 -3.93171072 
2.15443469e-03 -4.83315744 -4.61793436 -4.37891443 -4.15335346 -3.93171072 
1.66810054e-03 -4.83315744 -4.61793436 -4.37891443 -4.15335346 -3.93171072 
1.29154967e-03 -4.83315744 -4.61793436 -4.37891443 -4.15335346 -3.93171072 
1.00000000e-03 -4.83315744 -4.61793436 -4.37891443 -4.15335346 -3.93171072 
7.74263683e-04 -4.83315744 -4.61793436 -4.37891443 -4.15335346 -3.93171072 
5.99484250e-04 -4.83315744 -4.61793436 -4.37891443 -4.15335346 -3.93171072 
4.64158883e-04 -4.83315744 -4.61793436 -4.37891443 -4.15335346 -3.93171072 
3.59381366e-04 -4.83315744 -4.61793436 -4.37891443 -4.15335346 -3.93171072 
2.78255940e-04 -4.83315744 -4.61793436 -4.37891443 -4.15335346 -3.93171072 
2.15443469e-04 -4.83315744 -4.61793436 -4.37891443 -4.15335346 -3.93171072 
1.66810054e-04 -4.83315744 -4.61793436 -4.37891443 -4.15335346 -3.93171072 
1.29154967e-04 -4.83315744 -4.61793436 -4.37891443 -4.15335346 -3.93171072 
1.00000000e-04 -4.83315744 -4.61793436 -4.37891443 -4.15335346 -3.93171072 
7.74263683e-05 -4.83315744 -4.61793436 -4.37891443 -4.15335346 -3.93171072 
5.99484250e-05 -4.83315744 -4.61793436 -4.37891443 -4.15335346 -3.93171072 
4.64158883e-05 -4.83315744 -4.61793436 -4.37891443 -4.15335346 -3.93171072 
3.59381366e-05 -4.83315744 -4.61793436 -4.37891443 -4.15335346 -3.93171072 
2.78255940e-05 -4.83315744 -4.61793436 -4.37891443 -4.15335346 -3.93171072 
2.15443469e-05 -4.83315744 -4.61793436 -4.37891443 -4.15335346 -3.93171072 
1.66810054e-05 -4.83315744 -4.61793436 -4.37891443 -4.15335346 -3.93171072 
1.29154967e-05 -4.83315744 -4.61793436 -4.37891443 -4.15335346 -3.93171072 
1.00000000e-05 -4.83315744 -4.61793436 -4.37891443 -4.15335346 -3.93171072 
7.74263683e-06 -4.83315744 -4.61793436 -4.37891443 -4.15335346 -3.93171072 
5.99484250e-06 -4.83315744 -4.61793436 -4.37891443 -4.15335346 -3.93171072 
4.64158883e-06 -4.83315744 -4.61793436 -4.37891443 -4.15335346 -3.93171072 
3.59381366e-06 -4.83315744 -4.61793436 -4.37891443 -4.15335346 -3.93171072 
2.78255940e-06 -4.83315744 -4.61793436 -4.37891443 -4.15335346 -3.93171072 
2.15443469e-06 -4.83315744 -4.61793436 -4.37891443 -4.15335346 -3.93171072 
1.66810054e-06 -4.83315744 -4.61793436 -4.37891443 -4.15335346 -3.93171072 
1.29154967e-06 -4.83315744 -4.61793436 -4.37891443 -4.15335346 -3.93171072 
1.00000000e-06 -4.83315744 -4.61793436 -4.37891443 -4.15335346 -3.93171072 
7.74263683e-07 -4.83315744 -4.61793436 -4.37891443 -4.15335346 -3.93171072 
5.99484250e-07 -4.83315744 -4.61793436 -4.37891443 -4.15335346 -3.93171072 
4.64158883e-07 -4.83315744 -4.61793436 -4.37891443 -4.15335346 -3.93171072 
3.59381366e-07 -4.83315744 -4.61793436 -4.37891443 -4.15335346 -3.93171072 
2.78255940e-07 -4.83315744 -4.61793436 -4.37891443 -4.15335346 -3.93171072 
2.15443469e-07 -4.83315744 -4.61793436 -4.37891443 -4.15335346 -3.93171072 
1.66810054e-07 -4.83315744 -4.61793436 -4.37891443 -4.15335346 -3.93171072 
1.29154967e-07 -4.83315744 -4.61793436 -4.37891443 -4.15335346 -3.93171072 
1.00000000e-07 -4.83315744 -4.61793436 -4.37891443 -4.15335346 -3.93171072 
7.74263683e-08 -4.83315744 -4.61793436 -4.37891443 -4.15335346 -3.93171072 
5.99484250e-08 -4.83315744 -4.61793436 -4.37891443 -4.15335346 -3.93171072 
4.64158883e-08 -4.83315744 -4.61793436 -4.37891443 -4.15335346 -3.93171072 
3.59381366e-08 -4.83315744 -4.61793436 -4.37891443 -4.15335346 -3.93171072 
2.78255940e-08 -4.83315744 -4.61793436 -4.37891443 -4.15335346 -3.93171072 
2.15443469e-08 -4.83315744 -4.61793436 -4.37891443 -4.15335346 -3.93171072 
1.66810054e-08 -4.83315744 -4.61793436 -4.37891443 -4.15335346 -3.93171072 
1.29154967e-08 -4.83315744 -4.61793436 -4.37891443 -4.15335346 -3.93171072 
1.00000000e-08 -4.83315744 -4.61793436 -4.37891443 -4.15335346 -3.93171072 
7.74263683e-09 -4.83315744 -4.61793436 -4.37891443 -4.15335346 -3.93171072 
5.99484250e-09 -4.83315744 -4.61793436 -4.37891443 -4.15335346 -3.93171072 
4.64158883e-09 -4.83315744 -4.61793436 -4.37891443 -4.15335346 -3.93171072 
3.59381366e-09 -4.83315744 -4.61793436 -4.37891443 -4.15335346 -3.93171072 
2.78255940e-09 -4.83315744 -4.61793436 -4.37891443 -4.15335346 -3.93171072 
2.15443469e-09 -4.83315744 -4.61793436 -4.37891443 -4.15335346 -3.93171072 
1.66810054e-09 -4.83315744 -4.61793436 -4.37891443 -4.15335346 -3.93171072 
1.29154967e-09 -4.83315744 -4.61793436 -4.37891443 -4.15335346 -3.93171072 
1.00000000e-09 -4.83315744 -4.61793436 -4.37891443 -4.15335346 -3.93171072 
7.74263683e-10 -4.83315744 -4.61793436 -4.37891443 -4.15335346 -3.93171072 
5.99484250e-10 -4.83315744 -4.61793436 -4.37891443 -4.15335346 -3.93171072 
4.64158883e-10 -4.83315744 -4.61793436 -4.37891443 -4.15335346 -3.93171072 
3.59381366e-10 -4.83315744 -4.61793436 -4.37891443 -4.15335346 -3.93171072 
2.78255940e-10 -4.83315744 -4.61793436 -4.37891443 -4.15335346 -3.93171072 
2.15443469e-10 -4.83315744 -4.61793436 -4.37891443 -4.15335346 -3.93171072 
1.66810054e-10 -4.83315744 -4.61793436 -4.37891443 -4.15335346 -3.93171072 
1.29154967e-10 -4.83315744 -4.61793436 -4.37891443 -4.15335346 -3.93171072 
1.00000000e-10 -4.83315744 -4.61793436 -4.37891443 -4.15335346 -3.93171072 
P (bar) | log_CO2: -2σ | log_CO2: -1σ | log_CO2: median | log_CO2: +1σ | log_CO2: +2σ 
1.00000000e+01 -3.61812027 -3.40835490 -3.20880404 -3.00840247 -2.79918830 
7.74263683e+00 -3.61812027 -3.40835490 -3.20880404 -3.00840247 -2.79918830 
5.99484250e+00 -3.61812027 -3.40835490 -3.20880404 -3.00840247 -2.79918830 
4.64158883e+00 -3.61812027 -3.40835490 -3.20880404 -3.00840247 -2.79918830 
3.59381366e+00 -3.61812027 -3.40835490 -3.20880404 -3.00840247 -2.79918830 
2.78255940e+00 -3.61812027 -3.40835490 -3.20880404 -3.00840247 -2.79918830 
2.15443469e+00 -3.61812027 -3.40835490 -3.20880404 -3.00840247 -2.79918830 
1.66810054e+00 -3.61812027 -3.40835490 -3.20880404 -3.00840247 -2.79918830 
1.29154967e+00 -3.61812027 -3.40835490 -3.20880404 -3.00840247 -2.79918830 
1.00000000e+00 -3.61812027 -3.40835490 -3.20880404 -3.00840247 -2.79918830 
7.74263683e-01 -3.61812027 -3.40835490 -3.20880404 -3.00840247 -2.79918830 
5.99484250e-01 -3.61812027 -3.40835490 -3.20880404 -3.00840247 -2.79918830 
4.64158883e-01 -3.61812027 -3.40835490 -3.20880404 -3.00840247 -2.79918830 
3.59381366e-01 -3.61812027 -3.40835490 -3.20880404 -3.00840247 -2.79918830 
2.78255940e-01 -3.61812027 -3.40835490 -3.20880404 -3.00840247 -2.79918830 
2.15443469e-01 -3.61812027 -3.40835490 -3.20880404 -3.00840247 -2.79918830 
1.66810054e-01 -3.61812027 -3.40835490 -3.20880404 -3.00840247 -2.79918830 
1.29154967e-01 -3.61812027 -3.40835490 -3.20880404 -3.00840247 -2.79918830 
1.00000000e-01 -3.61812027 -3.40835490 -3.20880404 -3.00840247 -2.79918830 
7.74263683e-02 -3.61812027 -3.40835490 -3.20880404 -3.00840247 -2.79918830 
5.99484250e-02 -3.61812027 -3.40835490 -3.20880404 -3.00840247 -2.79918830 
4.64158883e-02 -3.61812027 -3.40835490 -3.20880404 -3.00840247 -2.79918830 
3.59381366e-02 -3.61812027 -3.40835490 -3.20880404 -3.00840247 -2.79918830 
2.78255940e-02 -3.61812027 -3.40835490 -3.20880404 -3.00840247 -2.79918830 
2.15443469e-02 -3.61812027 -3.40835490 -3.20880404 -3.00840247 -2.79918830 
1.66810054e-02 -3.61812027 -3.40835490 -3.20880404 -3.00840247 -2.79918830 
1.29154967e-02 -3.61812027 -3.40835490 -3.20880404 -3.00840247 -2.79918830 
1.00000000e-02 -3.61812027 -3.40835490 -3.20880404 -3.00840247 -2.79918830 
7.74263683e-03 -3.61812027 -3.40835490 -3.20880404 -3.00840247 -2.79918830 
5.99484250e-03 -3.61812027 -3.40835490 -3.20880404 -3.00840247 -2.79918830 
4.64158883e-03 -3.61812027 -3.40835490 -3.20880404 -3.00840247 -2.79918830 
3.59381366e-03 -3.61812027 -3.40835490 -3.20880404 -3.00840247 -2.79918830 
2.78255940e-03 -3.61812027 -3.40835490 -3.20880404 -3.00840247 -2.79918830 
2.15443469e-03 -3.61812027 -3.40835490 -3.20880404 -3.00840247 -2.79918830 
1.66810054e-03 -3.61812027 -3.40835490 -3.20880404 -3.00840247 -2.79918830 
1.29154967e-03 -3.61812027 -3.40835490 -3.20880404 -3.00840247 -2.79918830 
1.00000000e-03 -3.61812027 -3.40835490 -3.20880404 -3.00840247 -2.79918830 
7.74263683e-04 -3.61812027 -3.40835490 -3.20880404 -3.00840247 -2.79918830 
5.99484250e-04 -3.61812027 -3.40835490 -3.20880404 -3.00840247 -2.79918830 
4.64158883e-04 -3.61812027 -3.40835490 -3.20880404 -3.00840247 -2.79918830 
3.59381366e-04 -3.61812027 -3.40835490 -3.20880404 -3.00840247 -2.79918830 
2.78255940e-04 -3.61812027 -3.40835490 -3.20880404 -3.00840247 -2.79918830 
2.15443469e-04 -3.61812027 -3.40835490 -3.20880404 -3.00840247 -2.79918830 
1.66810054e-04 -3.61812027 -3.40835490 -3.20880404 -3.00840247 -2.79918830 
1.29154967e-04 -3.61812027 -3.40835490 -3.20880404 -3.00840247 -2.79918830 
1.00000000e-04 -3.61812027 -3.40835490 -3.20880404 -3.00840247 -2.79918830 
7.74263683e-05 -3.61812027 -3.40835490 -3.20880404 -3.00840247 -2.79918830 
5.99484250e-05 -3.61812027 -3.40835490 -3.20880404 -3.00840247 -2.79918830 
4.64158883e-05 -3.61812027 -3.40835490 -3.20880404 -3.00840247 -2.79918830 
3.59381366e-05 -3.61812027 -3.40835490 -3.20880404 -3.00840247 -2.79918830 
2.78255940e-05 -3.61812027 -3.40835490 -3.20880404 -3.00840247 -2.79918830 
2.15443469e-05 -3.61812027 -3.40835490 -3.20880404 -3.00840247 -2.79918830 
1.66810054e-05 -3.61812027 -3.40835490 -3.20880404 -3.00840247 -2.79918830 
1.29154967e-05 -3.61812027 -3.40835490 -3.20880404 -3.00840247 -2.79918830 
1.00000000e-05 -3.61812027 -3.40835490 -3.20880404 -3.00840247 -2.79918830 
7.74263683e-06 -3.61812027 -3.40835490 -3.20880404 -3.00840247 -2.79918830 
5.99484250e-06 -3.61812027 -3.40835490 -3.20880404 -3.00840247 -2.79918830 
4.64158883e-06 -3.61812027 -3.40835490 -3.20880404 -3.00840247 -2.79918830 
3.59381366e-06 -3.61812027 -3.40835490 -3.20880404 -3.00840247 -2.79918830 
2.78255940e-06 -3.61812027 -3.40835490 -3.20880404 -3.00840247 -2.79918830 
2.15443469e-06 -3.61812027 -3.40835490 -3.20880404 -3.00840247 -2.79918830 
1.66810054e-06 -3.61812027 -3.40835490 -3.20880404 -3.00840247 -2.79918830 
1.29154967e-06 -3.61812027 -3.40835490 -3.20880404 -3.00840247 -2.79918830 
1.00000000e-06 -3.61812027 -3.40835490 -3.20880404 -3.00840247 -2.79918830 
7.74263683e-07 -3.61812027 -3.40835490 -3.20880404 -3.00840247 -2.79918830 
5.99484250e-07 -3.61812027 -3.40835490 -3.20880404 -3.00840247 -2.79918830 
4.64158883e-07 -3.61812027 -3.40835490 -3.20880404 -3.00840247 -2.79918830 
3.59381366e-07 -3.61812027 -3.40835490 -3.20880404 -3.00840247 -2.79918830 
2.78255940e-07 -3.61812027 -3.40835490 -3.20880404 -3.00840247 -2.79918830 
2.15443469e-07 -3.61812027 -3.40835490 -3.20880404 -3.00840247 -2.79918830 
1.66810054e-07 -3.61812027 -3.40835490 -3.20880404 -3.00840247 -2.79918830 
1.29154967e-07 -3.61812027 -3.40835490 -3.20880404 -3.00840247 -2.79918830 
1.00000000e-07 -3.61812027 -3.40835490 -3.20880404 -3.00840247 -2.79918830 
7.74263683e-08 -3.61812027 -3.40835490 -3.20880404 -3.00840247 -2.79918830 
5.99484250e-08 -3.61812027 -3.40835490 -3.20880404 -3.00840247 -2.79918830 
4.64158883e-08 -3.61812027 -3.40835490 -3.20880404 -3.00840247 -2.79918830 
3.59381366e-08 -3.61812027 -3.40835490 -3.20880404 -3.00840247 -2.79918830 
2.78255940e-08 -3.61812027 -3.40835490 -3.20880404 -3.00840247 -2.79918830 
2.15443469e-08 -3.61812027 -3.40835490 -3.20880404 -3.00840247 -2.79918830 
1.66810054e-08 -3.61812027 -3.40835490 -3.20880404 -3.00840247 -2.79918830 
1.29154967e-08 -3.61812027 -3.40835490 -3.20880404 -3.00840247 -2.79918830 
1.00000000e-08 -3.61812027 -3.40835490 -3.20880404 -3.00840247 -2.79918830 
7.74263683e-09 -3.61812027 -3.40835490 -3.20880404 -3.00840247 -2.79918830 
5.99484250e-09 -3.61812027 -3.40835490 -3.20880404 -3.00840247 -2.79918830 
4.64158883e-09 -3.61812027 -3.40835490 -3.20880404 -3.00840247 -2.79918830 
3.59381366e-09 -3.61812027 -3.40835490 -3.20880404 -3.00840247 -2.79918830 
2.78255940e-09 -3.61812027 -3.40835490 -3.20880404 -3.00840247 -2.79918830 
2.15443469e-09 -3.61812027 -3.40835490 -3.20880404 -3.00840247 -2.79918830 
1.66810054e-09 -3.61812027 -3.40835490 -3.20880404 -3.00840247 -2.79918830 
1.29154967e-09 -3.61812027 -3.40835490 -3.20880404 -3.00840247 -2.79918830 
1.00000000e-09 -3.61812027 -3.40835490 -3.20880404 -3.00840247 -2.79918830 
7.74263683e-10 -3.61812027 -3.40835490 -3.20880404 -3.00840247 -2.79918830 
5.99484250e-10 -3.61812027 -3.40835490 -3.20880404 -3.00840247 -2.79918830 
4.64158883e-10 -3.61812027 -3.40835490 -3.20880404 -3.00840247 -2.79918830 
3.59381366e-10 -3.61812027 -3.40835490 -3.20880404 -3.00840247 -2.79918830 
2.78255940e-10 -3.61812027 -3.40835490 -3.20880404 -3.00840247 -2.79918830 
2.15443469e-10 -3.61812027 -3.40835490 -3.20880404 -3.00840247 -2.79918830 
1.66810054e-10 -3.61812027 -3.40835490 -3.20880404 -3.00840247 -2.79918830 
1.29154967e-10 -3.61812027 -3.40835490 -3.20880404 -3.00840247 -2.79918830 
1.00000000e-10 -3.61812027 -3.40835490 -3.20880404 -3.00840247 -2.79918830 
P (bar) | log_CH4: -2σ | log_CH4: -1σ | log_CH4: median | log_CH4: +1σ | log_CH4: +2σ 
1.00000000e+01 -4.02321545 -3.91470610 -3.79087079 -3.67428062 -3.54671605 
7.74263683e+00 -4.02321545 -3.91470610 -3.79087079 -3.67428062 -3.54671605 
5.99484250e+00 -4.02321545 -3.91470610 -3.79087079 -3.67428062 -3.54671605 
4.64158883e+00 -4.02321545 -3.91470610 -3.79087079 -3.67428062 -3.54671605 
3.59381366e+00 -4.02321545 -3.91470610 -3.79087079 -3.67428062 -3.54671605 
2.78255940e+00 -4.02321545 -3.91470610 -3.79087079 -3.67428062 -3.54671605 
2.15443469e+00 -4.02321545 -3.91470610 -3.79087079 -3.67428062 -3.54671605 
1.66810054e+00 -4.02321545 -3.91470610 -3.79087079 -3.67428062 -3.54671605 
1.29154967e+00 -4.02321545 -3.91470610 -3.79087079 -3.67428062 -3.54671605 
1.00000000e+00 -4.02321545 -3.91470610 -3.79087079 -3.67428062 -3.54671605 
7.74263683e-01 -4.02321545 -3.91470610 -3.79087079 -3.67428062 -3.54671605 
5.99484250e-01 -4.02321545 -3.91470610 -3.79087079 -3.67428062 -3.54671605 
4.64158883e-01 -4.02321545 -3.91470610 -3.79087079 -3.67428062 -3.54671605 
3.59381366e-01 -4.02321545 -3.91470610 -3.79087079 -3.67428062 -3.54671605 
2.78255940e-01 -4.02321545 -3.91470610 -3.79087079 -3.67428062 -3.54671605 
2.15443469e-01 -4.02321545 -3.91470610 -3.79087079 -3.67428062 -3.54671605 
1.66810054e-01 -4.02321545 -3.91470610 -3.79087079 -3.67428062 -3.54671605 
1.29154967e-01 -4.02321545 -3.91470610 -3.79087079 -3.67428062 -3.54671605 
1.00000000e-01 -4.02321545 -3.91470610 -3.79087079 -3.67428062 -3.54671605 
7.74263683e-02 -4.02321545 -3.91470610 -3.79087079 -3.67428062 -3.54671605 
5.99484250e-02 -4.02321545 -3.91470610 -3.79087079 -3.67428062 -3.54671605 
4.64158883e-02 -4.02321545 -3.91470610 -3.79087079 -3.67428062 -3.54671605 
3.59381366e-02 -4.02321545 -3.91470610 -3.79087079 -3.67428062 -3.54671605 
2.78255940e-02 -4.02321545 -3.91470610 -3.79087079 -3.67428062 -3.54671605 
2.15443469e-02 -4.02321545 -3.91470610 -3.79087079 -3.67428062 -3.54671605 
1.66810054e-02 -4.02321545 -3.91470610 -3.79087079 -3.67428062 -3.54671605 
1.29154967e-02 -4.02321545 -3.91470610 -3.79087079 -3.67428062 -3.54671605 
1.00000000e-02 -4.02321545 -3.91470610 -3.79087079 -3.67428062 -3.54671605 
7.74263683e-03 -4.02321545 -3.91470610 -3.79087079 -3.67428062 -3.54671605 
5.99484250e-03 -4.02321545 -3.91470610 -3.79087079 -3.67428062 -3.54671605 
4.64158883e-03 -4.02321545 -3.91470610 -3.79087079 -3.67428062 -3.54671605 
3.59381366e-03 -4.02321545 -3.91470610 -3.79087079 -3.67428062 -3.54671605 
2.78255940e-03 -4.02321545 -3.91470610 -3.79087079 -3.67428062 -3.54671605 
2.15443469e-03 -4.02321545 -3.91470610 -3.79087079 -3.67428062 -3.54671605 
1.66810054e-03 -4.02321545 -3.91470610 -3.79087079 -3.67428062 -3.54671605 
1.29154967e-03 -4.02321545 -3.91470610 -3.79087079 -3.67428062 -3.54671605 
1.00000000e-03 -4.02321545 -3.91470610 -3.79087079 -3.67428062 -3.54671605 
7.74263683e-04 -4.02321545 -3.91470610 -3.79087079 -3.67428062 -3.54671605 
5.99484250e-04 -4.02321545 -3.91470610 -3.79087079 -3.67428062 -3.54671605 
4.64158883e-04 -4.02321545 -3.91470610 -3.79087079 -3.67428062 -3.54671605 
3.59381366e-04 -4.02321545 -3.91470610 -3.79087079 -3.67428062 -3.54671605 
2.78255940e-04 -4.02321545 -3.91470610 -3.79087079 -3.67428062 -3.54671605 
2.15443469e-04 -4.02321545 -3.91470610 -3.79087079 -3.67428062 -3.54671605 
1.66810054e-04 -4.02321545 -3.91470610 -3.79087079 -3.67428062 -3.54671605 
1.29154967e-04 -4.02321545 -3.91470610 -3.79087079 -3.67428062 -3.54671605 
1.00000000e-04 -4.02321545 -3.91470610 -3.79087079 -3.67428062 -3.54671605 
7.74263683e-05 -4.02321545 -3.91470610 -3.79087079 -3.67428062 -3.54671605 
5.99484250e-05 -4.02321545 -3.91470610 -3.79087079 -3.67428062 -3.54671605 
4.64158883e-05 -4.02321545 -3.91470610 -3.79087079 -3.67428062 -3.54671605 
3.59381366e-05 -4.02321545 -3.91470610 -3.79087079 -3.67428062 -3.54671605 
2.78255940e-05 -4.02321545 -3.91470610 -3.79087079 -3.67428062 -3.54671605 
2.15443469e-05 -4.02321545 -3.91470610 -3.79087079 -3.67428062 -3.54671605 
1.66810054e-05 -4.02321545 -3.91470610 -3.79087079 -3.67428062 -3.54671605 
1.29154967e-05 -4.02321545 -3.91470610 -3.79087079 -3.67428062 -3.54671605 
1.00000000e-05 -4.02321545 -3.91470610 -3.79087079 -3.67428062 -3.54671605 
7.74263683e-06 -4.02321545 -3.91470610 -3.79087079 -3.67428062 -3.54671605 
5.99484250e-06 -4.02321545 -3.91470610 -3.79087079 -3.67428062 -3.54671605 
4.64158883e-06 -4.02321545 -3.91470610 -3.79087079 -3.67428062 -3.54671605 
3.59381366e-06 -4.02321545 -3.91470610 -3.79087079 -3.67428062 -3.54671605 
2.78255940e-06 -4.02321545 -3.91470610 -3.79087079 -3.67428062 -3.54671605 
2.15443469e-06 -4.02321545 -3.91470610 -3.79087079 -3.67428062 -3.54671605 
1.66810054e-06 -4.02321545 -3.91470610 -3.79087079 -3.67428062 -3.54671605 
1.29154967e-06 -4.02321545 -3.91470610 -3.79087079 -3.67428062 -3.54671605 
1.00000000e-06 -4.02321545 -3.91470610 -3.79087079 -3.67428062 -3.54671605 
7.74263683e-07 -4.02321545 -3.91470610 -3.79087079 -3.67428062 -3.54671605 
5.99484250e-07 -4.02321545 -3.91470610 -3.79087079 -3.67428062 -3.54671605 
4.64158883e-07 -4.02321545 -3.91470610 -3.79087079 -3.67428062 -3.54671605 
3.59381366e-07 -4.02321545 -3.91470610 -3.79087079 -3.67428062 -3.54671605 
2.78255940e-07 -4.02321545 -3.91470610 -3.79087079 -3.67428062 -3.54671605 
2.15443469e-07 -4.02321545 -3.91470610 -3.79087079 -3.67428062 -3.54671605 
1.66810054e-07 -4.02321545 -3.91470610 -3.79087079 -3.67428062 -3.54671605 
1.29154967e-07 -4.02321545 -3.91470610 -3.79087079 -3.67428062 -3.54671605 
1.00000000e-07 -4.02321545 -3.91470610 -3.79087079 -3.67428062 -3.54671605 
7.74263683e-08 -4.02321545 -3.91470610 -3.79087079 -3.67428062 -3.54671605 
5.99484250e-08 -4.02321545 -3.91470610 -3.79087079 -3.67428062 -3.54671605 
4.64158883e-08 -4.02321545 -3.91470610 -3.79087079 -3.67428062 -3.54671605 
3.59381366e-08 -4.02321545 -3.91470610 -3.79087079 -3.67428062 -3.54671605 
2.78255940e-08 -4.02321545 -3.91470610 -3.79087079 -3.67428062 -3.54671605 
2.15443469e-08 -4.02321545 -3.91470610 -3.79087079 -3.67428062 -3.54671605 
1.66810054e-08 -4.02321545 -3.91470610 -3.79087079 -3.67428062 -3.54671605 
1.29154967e-08 -4.02321545 -3.91470610 -3.79087079 -3.67428062 -3.54671605 
1.00000000e-08 -4.02321545 -3.91470610 -3.79087079 -3.67428062 -3.54671605 
7.74263683e-09 -4.02321545 -3.91470610 -3.79087079 -3.67428062 -3.54671605 
5.99484250e-09 -4.02321545 -3.91470610 -3.79087079 -3.67428062 -3.54671605 
4.64158883e-09 -4.02321545 -3.91470610 -3.79087079 -3.67428062 -3.54671605 
3.59381366e-09 -4.02321545 -3.91470610 -3.79087079 -3.67428062 -3.54671605 
2.78255940e-09 -4.02321545 -3.91470610 -3.79087079 -3.67428062 -3.54671605 
2.15443469e-09 -4.02321545 -3.91470610 -3.79087079 -3.67428062 -3.54671605 
1.66810054e-09 -4.02321545 -3.91470610 -3.79087079 -3.67428062 -3.54671605 
1.29154967e-09 -4.02321545 -3.91470610 -3.79087079 -3.67428062 -3.54671605 
1.00000000e-09 -4.02321545 -3.91470610 -3.79087079 -3.67428062 -3.54671605 
7.74263683e-10 -4.02321545 -3.91470610 -3.79087079 -3.67428062 -3.54671605 
5.99484250e-10 -4.02321545 -3.91470610 -3.79087079 -3.67428062 -3.54671605 
4.64158883e-10 -4.02321545 -3.91470610 -3.79087079 -3.67428062 -3.54671605 
3.59381366e-10 -4.02321545 -3.91470610 -3.79087079 -3.67428062 -3.54671605 
2.78255940e-10 -4.02321545 -3.91470610 -3.79087079 -3.67428062 -3.54671605 
2.15443469e-10 -4.02321545 -3.91470610 -3.79087079 -3.67428062 -3.54671605 
1.66810054e-10 -4.02321545 -3.91470610 -3.79087079 -3.67428062 -3.54671605 
1.29154967e-10 -4.02321545 -3.91470610 -3.79087079 -3.67428062 -3.54671605 
1.00000000e-10 -4.02321545 -3.91470610 -3.79087079 -3.67428062 -3.54671605 
P (bar) | log_O2: -2σ | log_O2: -1σ | log_O2: median | log_O2: +1σ | log_O2: +2σ 
1.00000000e+01 -2.47262400 -1.78326445 -1.40459290 -1.15271996 -1.02760151 
7.74263683e+00 -2.47262400 -1.78326445 -1.40459290 -1.15271996 -1.02760151 
5.99484250e+00 -2.47262400 -1.78326445 -1.40459290 -1.15271996 -1.02760151 
4.64158883e+00 -2.47262400 -1.78326445 -1.40459290 -1.15271996 -1.02760151 
3.59381366e+00 -2.47262400 -1.78326445 -1.40459290 -1.15271996 -1.02760151 
2.78255940e+00 -2.47262400 -1.78326445 -1.40459290 -1.15271996 -1.02760151 
2.15443469e+00 -2.47262400 -1.78326445 -1.40459290 -1.15271996 -1.02760151 
1.66810054e+00 -2.47262400 -1.78326445 -1.40459290 -1.15271996 -1.02760151 
1.29154967e+00 -2.47262400 -1.78326445 -1.40459290 -1.15271996 -1.02760151 
1.00000000e+00 -2.47262400 -1.78326445 -1.40459290 -1.15271996 -1.02760151 
7.74263683e-01 -2.47262400 -1.78326445 -1.40459290 -1.15271996 -1.02760151 
5.99484250e-01 -2.47262400 -1.78326445 -1.40459290 -1.15271996 -1.02760151 
4.64158883e-01 -2.47262400 -1.78326445 -1.40459290 -1.15271996 -1.02760151 
3.59381366e-01 -2.47262400 -1.78326445 -1.40459290 -1.15271996 -1.02760151 
2.78255940e-01 -2.47262400 -1.78326445 -1.40459290 -1.15271996 -1.02760151 
2.15443469e-01 -2.47262400 -1.78326445 -1.40459290 -1.15271996 -1.02760151 
1.66810054e-01 -2.47262400 -1.78326445 -1.40459290 -1.15271996 -1.02760151 
1.29154967e-01 -2.47262400 -1.78326445 -1.40459290 -1.15271996 -1.02760151 
1.00000000e-01 -2.47262400 -1.78326445 -1.40459290 -1.15271996 -1.02760151 
7.74263683e-02 -2.47262400 -1.78326445 -1.40459290 -1.15271996 -1.02760151 
5.99484250e-02 -2.47262400 -1.78326445 -1.40459290 -1.15271996 -1.02760151 
4.64158883e-02 -2.47262400 -1.78326445 -1.40459290 -1.15271996 -1.02760151 
3.59381366e-02 -2.47262400 -1.78326445 -1.40459290 -1.15271996 -1.02760151 
2.78255940e-02 -2.47262400 -1.78326445 -1.40459290 -1.15271996 -1.02760151 
2.15443469e-02 -2.47262400 -1.78326445 -1.40459290 -1.15271996 -1.02760151 
1.66810054e-02 -2.47262400 -1.78326445 -1.40459290 -1.15271996 -1.02760151 
1.29154967e-02 -2.47262400 -1.78326445 -1.40459290 -1.15271996 -1.02760151 
1.00000000e-02 -2.47262400 -1.78326445 -1.40459290 -1.15271996 -1.02760151 
7.74263683e-03 -2.47262400 -1.78326445 -1.40459290 -1.15271996 -1.02760151 
5.99484250e-03 -2.47262400 -1.78326445 -1.40459290 -1.15271996 -1.02760151 
4.64158883e-03 -2.47262400 -1.78326445 -1.40459290 -1.15271996 -1.02760151 
3.59381366e-03 -2.47262400 -1.78326445 -1.40459290 -1.15271996 -1.02760151 
2.78255940e-03 -2.47262400 -1.78326445 -1.40459290 -1.15271996 -1.02760151 
2.15443469e-03 -2.47262400 -1.78326445 -1.40459290 -1.15271996 -1.02760151 
1.66810054e-03 -2.47262400 -1.78326445 -1.40459290 -1.15271996 -1.02760151 
1.29154967e-03 -2.47262400 -1.78326445 -1.40459290 -1.15271996 -1.02760151 
1.00000000e-03 -2.47262400 -1.78326445 -1.40459290 -1.15271996 -1.02760151 
7.74263683e-04 -2.47262400 -1.78326445 -1.40459290 -1.15271996 -1.02760151 
5.99484250e-04 -2.47262400 -1.78326445 -1.40459290 -1.15271996 -1.02760151 
4.64158883e-04 -2.47262400 -1.78326445 -1.40459290 -1.15271996 -1.02760151 
3.59381366e-04 -2.47262400 -1.78326445 -1.40459290 -1.15271996 -1.02760151 
2.78255940e-04 -2.47262400 -1.78326445 -1.40459290 -1.15271996 -1.02760151 
2.15443469e-04 -2.47262400 -1.78326445 -1.40459290 -1.15271996 -1.02760151 
1.66810054e-04 -2.47262400 -1.78326445 -1.40459290 -1.15271996 -1.02760151 
1.29154967e-04 -2.47262400 -1.78326445 -1.40459290 -1.15271996 -1.02760151 
1.00000000e-04 -2.47262400 -1.78326445 -1.40459290 -1.15271996 -1.02760151 
7.74263683e-05 -2.47262400 -1.78326445 -1.40459290 -1.15271996 -1.02760151 
5.99484250e-05 -2.47262400 -1.78326445 -1.40459290 -1.15271996 -1.02760151 
4.64158883e-05 -2.47262400 -1.78326445 -1.40459290 -1.15271996 -1.02760151 
3.59381366e-05 -2.47262400 -1.78326445 -1.40459290 -1.15271996 -1.02760151 
2.78255940e-05 -2.47262400 -1.78326445 -1.40459290 -1.15271996 -1.02760151 
2.15443469e-05 -2.47262400 -1.78326445 -1.40459290 -1.15271996 -1.02760151 
1.66810054e-05 -2.47262400 -1.78326445 -1.40459290 -1.15271996 -1.02760151 
1.29154967e-05 -2.47262400 -1.78326445 -1.40459290 -1.15271996 -1.02760151 
1.00000000e-05 -2.47262400 -1.78326445 -1.40459290 -1.15271996 -1.02760151 
7.74263683e-06 -2.47262400 -1.78326445 -1.40459290 -1.15271996 -1.02760151 
5.99484250e-06 -2.47262400 -1.78326445 -1.40459290 -1.15271996 -1.02760151 
4.64158883e-06 -2.47262400 -1.78326445 -1.40459290 -1.15271996 -1.02760151 
3.59381366e-06 -2.47262400 -1.78326445 -1.40459290 -1.15271996 -1.02760151 
2.78255940e-06 -2.47262400 -1.78326445 -1.40459290 -1.15271996 -1.02760151 
2.15443469e-06 -2.47262400 -1.78326445 -1.40459290 -1.15271996 -1.02760151 
1.66810054e-06 -2.47262400 -1.78326445 -1.40459290 -1.15271996 -1.02760151 
1.29154967e-06 -2.47262400 -1.78326445 -1.40459290 -1.15271996 -1.02760151 
1.00000000e-06 -2.47262400 -1.78326445 -1.40459290 -1.15271996 -1.02760151 
7.74263683e-07 -2.47262400 -1.78326445 -1.40459290 -1.15271996 -1.02760151 
5.99484250e-07 -2.47262400 -1.78326445 -1.40459290 -1.15271996 -1.02760151 
4.64158883e-07 -2.47262400 -1.78326445 -1.40459290 -1.15271996 -1.02760151 
3.59381366e-07 -2.47262400 -1.78326445 -1.40459290 -1.15271996 -1.02760151 
2.78255940e-07 -2.47262400 -1.78326445 -1.40459290 -1.15271996 -1.02760151 
2.15443469e-07 -2.47262400 -1.78326445 -1.40459290 -1.15271996 -1.02760151 
1.66810054e-07 -2.47262400 -1.78326445 -1.40459290 -1.15271996 -1.02760151 
1.29154967e-07 -2.47262400 -1.78326445 -1.40459290 -1.15271996 -1.02760151 
1.00000000e-07 -2.47262400 -1.78326445 -1.40459290 -1.15271996 -1.02760151 
7.74263683e-08 -2.47262400 -1.78326445 -1.40459290 -1.15271996 -1.02760151 
5.99484250e-08 -2.47262400 -1.78326445 -1.40459290 -1.15271996 -1.02760151 
4.64158883e-08 -2.47262400 -1.78326445 -1.40459290 -1.15271996 -1.02760151 
3.59381366e-08 -2.47262400 -1.78326445 -1.40459290 -1.15271996 -1.02760151 
2.78255940e-08 -2.47262400 -1.78326445 -1.40459290 -1.15271996 -1.02760151 
2.15443469e-08 -2.47262400 -1.78326445 -1.40459290 -1.15271996 -1.02760151 
1.66810054e-08 -2.47262400 -1.78326445 -1.40459290 -1.15271996 -1.02760151 
1.29154967e-08 -2.47262400 -1.78326445 -1.40459290 -1.15271996 -1.02760151 
1.00000000e-08 -2.47262400 -1.78326445 -1.40459290 -1.15271996 -1.02760151 
7.74263683e-09 -2.47262400 -1.78326445 -1.40459290 -1.15271996 -1.02760151 
5.99484250e-09 -2.47262400 -1.78326445 -1.40459290 -1.15271996 -1.02760151 
4.64158883e-09 -2.47262400 -1.78326445 -1.40459290 -1.15271996 -1.02760151 
3.59381366e-09 -2.47262400 -1.78326445 -1.40459290 -1.15271996 -1.02760151 
2.78255940e-09 -2.47262400 -1.78326445 -1.40459290 -1.15271996 -1.02760151 
2.15443469e-09 -2.47262400 -1.78326445 -1.40459290 -1.15271996 -1.02760151 
1.66810054e-09 -2.47262400 -1.78326445 -1.40459290 -1.15271996 -1.02760151 
1.29154967e-09 -2.47262400 -1.78326445 -1.40459290 -1.15271996 -1.02760151 
1.00000000e-09 -2.47262400 -1.78326445 -1.40459290 -1.15271996 -1.02760151 
7.74263683e-10 -2.47262400 -1.78326445 -1.40459290 -1.15271996 -1.02760151 
5.99484250e-10 -2.47262400 -1.78326445 -1.40459290 -1.15271996 -1.02760151 
4.64158883e-10 -2.47262400 -1.78326445 -1.40459290 -1.15271996 -1.02760151 
3.59381366e-10 -2.47262400 -1.78326445 -1.40459290 -1.15271996 -1.02760151 
2.78255940e-10 -2.47262400 -1.78326445 -1.40459290 -1.15271996 -1.02760151 
2.15443469e-10 -2.47262400 -1.78326445 -1.40459290 -1.15271996 -1.02760151 
1.66810054e-10 -2.47262400 -1.78326445 -1.40459290 -1.15271996 -1.02760151 
1.29154967e-10 -2.47262400 -1.78326445 -1.40459290 -1.15271996 -1.02760151 
1.00000000e-10 -2.47262400 -1.78326445 -1.40459290 -1.15271996 -1.02760151 
P (bar) | log_O3: -2σ | log_O3: -1σ | log_O3: median | log_O3: +1σ | log_O3: +2σ 
1.00000000e+01 -9.93826945 -9.59477139 -8.74553708 -7.82979616 -7.21296612 
7.74263683e+00 -9.93826945 -9.59477139 -8.74553708 -7.82979616 -7.21296612 
5.99484250e+00 -9.93826945 -9.59477139 -8.74553708 -7.82979616 -7.21296612 
4.64158883e+00 -9.93826945 -9.59477139 -8.74553708 -7.82979616 -7.21296612 
3.59381366e+00 -9.93826945 -9.59477139 -8.74553708 -7.82979616 -7.21296612 
2.78255940e+00 -9.93826945 -9.59477139 -8.74553708 -7.82979616 -7.21296612 
2.15443469e+00 -9.93826945 -9.59477139 -8.74553708 -7.82979616 -7.21296612 
1.66810054e+00 -9.93826945 -9.59477139 -8.74553708 -7.82979616 -7.21296612 
1.29154967e+00 -9.93826945 -9.59477139 -8.74553708 -7.82979616 -7.21296612 
1.00000000e+00 -9.93826945 -9.59477139 -8.74553708 -7.82979616 -7.21296612 
7.74263683e-01 -9.93826945 -9.59477139 -8.74553708 -7.82979616 -7.21296612 
5.99484250e-01 -9.93826945 -9.59477139 -8.74553708 -7.82979616 -7.21296612 
4.64158883e-01 -9.93826945 -9.59477139 -8.74553708 -7.82979616 -7.21296612 
3.59381366e-01 -9.93826945 -9.59477139 -8.74553708 -7.82979616 -7.21296612 
2.78255940e-01 -9.93826945 -9.59477139 -8.74553708 -7.82979616 -7.21296612 
2.15443469e-01 -9.93826945 -9.59477139 -8.74553708 -7.82979616 -7.21296612 
1.66810054e-01 -9.93826945 -9.59477139 -8.74553708 -7.82979616 -7.21296612 
1.29154967e-01 -9.93826945 -9.59477139 -8.74553708 -7.82979616 -7.21296612 
1.00000000e-01 -9.93826945 -9.59477139 -8.74553708 -7.82979616 -7.21296612 
7.74263683e-02 -9.93826945 -9.59477139 -8.74553708 -7.82979616 -7.21296612 
5.99484250e-02 -9.93826945 -9.59477139 -8.74553708 -7.82979616 -7.21296612 
4.64158883e-02 -9.93826945 -9.59477139 -8.74553708 -7.82979616 -7.21296612 
3.59381366e-02 -9.93826945 -9.59477139 -8.74553708 -7.82979616 -7.21296612 
2.78255940e-02 -9.93826945 -9.59477139 -8.74553708 -7.82979616 -7.21296612 
2.15443469e-02 -9.93826945 -9.59477139 -8.74553708 -7.82979616 -7.21296612 
1.66810054e-02 -9.93826945 -9.59477139 -8.74553708 -7.82979616 -7.21296612 
1.29154967e-02 -9.93826945 -9.59477139 -8.74553708 -7.82979616 -7.21296612 
1.00000000e-02 -9.93826945 -9.59477139 -8.74553708 -7.82979616 -7.21296612 
7.74263683e-03 -9.93826945 -9.59477139 -8.74553708 -7.82979616 -7.21296612 
5.99484250e-03 -9.93826945 -9.59477139 -8.74553708 -7.82979616 -7.21296612 
4.64158883e-03 -9.93826945 -9.59477139 -8.74553708 -7.82979616 -7.21296612 
3.59381366e-03 -9.93826945 -9.59477139 -8.74553708 -7.82979616 -7.21296612 
2.78255940e-03 -9.93826945 -9.59477139 -8.74553708 -7.82979616 -7.21296612 
2.15443469e-03 -9.93826945 -9.59477139 -8.74553708 -7.82979616 -7.21296612 
1.66810054e-03 -9.93826945 -9.59477139 -8.74553708 -7.82979616 -7.21296612 
1.29154967e-03 -9.93826945 -9.59477139 -8.74553708 -7.82979616 -7.21296612 
1.00000000e-03 -9.93826945 -9.59477139 -8.74553708 -7.82979616 -7.21296612 
7.74263683e-04 -9.93826945 -9.59477139 -8.74553708 -7.82979616 -7.21296612 
5.99484250e-04 -9.93826945 -9.59477139 -8.74553708 -7.82979616 -7.21296612 
4.64158883e-04 -9.93826945 -9.59477139 -8.74553708 -7.82979616 -7.21296612 
3.59381366e-04 -9.93826945 -9.59477139 -8.74553708 -7.82979616 -7.21296612 
2.78255940e-04 -9.93826945 -9.59477139 -8.74553708 -7.82979616 -7.21296612 
2.15443469e-04 -9.93826945 -9.59477139 -8.74553708 -7.82979616 -7.21296612 
1.66810054e-04 -9.93826945 -9.59477139 -8.74553708 -7.82979616 -7.21296612 
1.29154967e-04 -9.93826945 -9.59477139 -8.74553708 -7.82979616 -7.21296612 
1.00000000e-04 -9.93826945 -9.59477139 -8.74553708 -7.82979616 -7.21296612 
7.74263683e-05 -9.93826945 -9.59477139 -8.74553708 -7.82979616 -7.21296612 
5.99484250e-05 -9.93826945 -9.59477139 -8.74553708 -7.82979616 -7.21296612 
4.64158883e-05 -9.93826945 -9.59477139 -8.74553708 -7.82979616 -7.21296612 
3.59381366e-05 -9.93826945 -9.59477139 -8.74553708 -7.82979616 -7.21296612 
2.78255940e-05 -9.93826945 -9.59477139 -8.74553708 -7.82979616 -7.21296612 
2.15443469e-05 -9.93826945 -9.59477139 -8.74553708 -7.82979616 -7.21296612 
1.66810054e-05 -9.93826945 -9.59477139 -8.74553708 -7.82979616 -7.21296612 
1.29154967e-05 -9.93826945 -9.59477139 -8.74553708 -7.82979616 -7.21296612 
1.00000000e-05 -9.93826945 -9.59477139 -8.74553708 -7.82979616 -7.21296612 
7.74263683e-06 -9.93826945 -9.59477139 -8.74553708 -7.82979616 -7.21296612 
5.99484250e-06 -9.93826945 -9.59477139 -8.74553708 -7.82979616 -7.21296612 
4.64158883e-06 -9.93826945 -9.59477139 -8.74553708 -7.82979616 -7.21296612 
3.59381366e-06 -9.93826945 -9.59477139 -8.74553708 -7.82979616 -7.21296612 
2.78255940e-06 -9.93826945 -9.59477139 -8.74553708 -7.82979616 -7.21296612 
2.15443469e-06 -9.93826945 -9.59477139 -8.74553708 -7.82979616 -7.21296612 
1.66810054e-06 -9.93826945 -9.59477139 -8.74553708 -7.82979616 -7.21296612 
1.29154967e-06 -9.93826945 -9.59477139 -8.74553708 -7.82979616 -7.21296612 
1.00000000e-06 -9.93826945 -9.59477139 -8.74553708 -7.82979616 -7.21296612 
7.74263683e-07 -9.93826945 -9.59477139 -8.74553708 -7.82979616 -7.21296612 
5.99484250e-07 -9.93826945 -9.59477139 -8.74553708 -7.82979616 -7.21296612 
4.64158883e-07 -9.93826945 -9.59477139 -8.74553708 -7.82979616 -7.21296612 
3.59381366e-07 -9.93826945 -9.59477139 -8.74553708 -7.82979616 -7.21296612 
2.78255940e-07 -9.93826945 -9.59477139 -8.74553708 -7.82979616 -7.21296612 
2.15443469e-07 -9.93826945 -9.59477139 -8.74553708 -7.82979616 -7.21296612 
1.66810054e-07 -9.93826945 -9.59477139 -8.74553708 -7.82979616 -7.21296612 
1.29154967e-07 -9.93826945 -9.59477139 -8.74553708 -7.82979616 -7.21296612 
1.00000000e-07 -9.93826945 -9.59477139 -8.74553708 -7.82979616 -7.21296612 
7.74263683e-08 -9.93826945 -9.59477139 -8.74553708 -7.82979616 -7.21296612 
5.99484250e-08 -9.93826945 -9.59477139 -8.74553708 -7.82979616 -7.21296612 
4.64158883e-08 -9.93826945 -9.59477139 -8.74553708 -7.82979616 -7.21296612 
3.59381366e-08 -9.93826945 -9.59477139 -8.74553708 -7.82979616 -7.21296612 
2.78255940e-08 -9.93826945 -9.59477139 -8.74553708 -7.82979616 -7.21296612 
2.15443469e-08 -9.93826945 -9.59477139 -8.74553708 -7.82979616 -7.21296612 
1.66810054e-08 -9.93826945 -9.59477139 -8.74553708 -7.82979616 -7.21296612 
1.29154967e-08 -9.93826945 -9.59477139 -8.74553708 -7.82979616 -7.21296612 
1.00000000e-08 -9.93826945 -9.59477139 -8.74553708 -7.82979616 -7.21296612 
7.74263683e-09 -9.93826945 -9.59477139 -8.74553708 -7.82979616 -7.21296612 
5.99484250e-09 -9.93826945 -9.59477139 -8.74553708 -7.82979616 -7.21296612 
4.64158883e-09 -9.93826945 -9.59477139 -8.74553708 -7.82979616 -7.21296612 
3.59381366e-09 -9.93826945 -9.59477139 -8.74553708 -7.82979616 -7.21296612 
2.78255940e-09 -9.93826945 -9.59477139 -8.74553708 -7.82979616 -7.21296612 
2.15443469e-09 -9.93826945 -9.59477139 -8.74553708 -7.82979616 -7.21296612 
1.66810054e-09 -9.93826945 -9.59477139 -8.74553708 -7.82979616 -7.21296612 
1.29154967e-09 -9.93826945 -9.59477139 -8.74553708 -7.82979616 -7.21296612 
1.00000000e-09 -9.93826945 -9.59477139 -8.74553708 -7.82979616 -7.21296612 
7.74263683e-10 -9.93826945 -9.59477139 -8.74553708 -7.82979616 -7.21296612 
5.99484250e-10 -9.93826945 -9.59477139 -8.74553708 -7.82979616 -7.21296612 
4.64158883e-10 -9.93826945 -9.59477139 -8.74553708 -7.82979616 -7.21296612 
3.59381366e-10 -9.93826945 -9.59477139 -8.74553708 -7.82979616 -7.21296612 
2.78255940e-10 -9.93826945 -9.59477139 -8.74553708 -7.82979616 -7.21296612 
2.15443469e-10 -9.93826945 -9.59477139 -8.74553708 -7.82979616 -7.21296612 
1.66810054e-10 -9.93826945 -9.59477139 -8.74553708 -7.82979616 -7.21296612 
1.29154967e-10 -9.93826945 -9.59477139 -8.74553708 -7.82979616 -7.21296612 
1.00000000e-10 -9.93826945 -9.59477139 -8.74553708 -7.82979616 -7.21296612 
P (bar) | log_N2O: -2σ | log_N2O: -1σ | log_N2O: median | log_N2O: +1σ | log_N2O: +2σ 
1.00000000e+01 -4.58019529 -4.32411959 -4.10326538 -3.90121540 -3.64931696 
7.74263683e+00 -4.58019529 -4.32411959 -4.10326538 -3.90121540 -3.64931696 
5.99484250e+00 -4.58019529 -4.32411959 -4.10326538 -3.90121540 -3.64931696 
4.64158883e+00 -4.58019529 -4.32411959 -4.10326538 -3.90121540 -3.64931696 
3.59381366e+00 -4.58019529 -4.32411959 -4.10326538 -3.90121540 -3.64931696 
2.78255940e+00 -4.58019529 -4.32411959 -4.10326538 -3.90121540 -3.64931696 
2.15443469e+00 -4.58019529 -4.32411959 -4.10326538 -3.90121540 -3.64931696 
1.66810054e+00 -4.58019529 -4.32411959 -4.10326538 -3.90121540 -3.64931696 
1.29154967e+00 -4.58019529 -4.32411959 -4.10326538 -3.90121540 -3.64931696 
1.00000000e+00 -4.58019529 -4.32411959 -4.10326538 -3.90121540 -3.64931696 
7.74263683e-01 -4.58019529 -4.32411959 -4.10326538 -3.90121540 -3.64931696 
5.99484250e-01 -4.58019529 -4.32411959 -4.10326538 -3.90121540 -3.64931696 
4.64158883e-01 -4.58019529 -4.32411959 -4.10326538 -3.90121540 -3.64931696 
3.59381366e-01 -4.58019529 -4.32411959 -4.10326538 -3.90121540 -3.64931696 
2.78255940e-01 -4.58019529 -4.32411959 -4.10326538 -3.90121540 -3.64931696 
2.15443469e-01 -4.58019529 -4.32411959 -4.10326538 -3.90121540 -3.64931696 
1.66810054e-01 -4.58019529 -4.32411959 -4.10326538 -3.90121540 -3.64931696 
1.29154967e-01 -4.58019529 -4.32411959 -4.10326538 -3.90121540 -3.64931696 
1.00000000e-01 -4.58019529 -4.32411959 -4.10326538 -3.90121540 -3.64931696 
7.74263683e-02 -4.58019529 -4.32411959 -4.10326538 -3.90121540 -3.64931696 
5.99484250e-02 -4.58019529 -4.32411959 -4.10326538 -3.90121540 -3.64931696 
4.64158883e-02 -4.58019529 -4.32411959 -4.10326538 -3.90121540 -3.64931696 
3.59381366e-02 -4.58019529 -4.32411959 -4.10326538 -3.90121540 -3.64931696 
2.78255940e-02 -4.58019529 -4.32411959 -4.10326538 -3.90121540 -3.64931696 
2.15443469e-02 -4.58019529 -4.32411959 -4.10326538 -3.90121540 -3.64931696 
1.66810054e-02 -4.58019529 -4.32411959 -4.10326538 -3.90121540 -3.64931696 
1.29154967e-02 -4.58019529 -4.32411959 -4.10326538 -3.90121540 -3.64931696 
1.00000000e-02 -4.58019529 -4.32411959 -4.10326538 -3.90121540 -3.64931696 
7.74263683e-03 -4.58019529 -4.32411959 -4.10326538 -3.90121540 -3.64931696 
5.99484250e-03 -4.58019529 -4.32411959 -4.10326538 -3.90121540 -3.64931696 
4.64158883e-03 -4.58019529 -4.32411959 -4.10326538 -3.90121540 -3.64931696 
3.59381366e-03 -4.58019529 -4.32411959 -4.10326538 -3.90121540 -3.64931696 
2.78255940e-03 -4.58019529 -4.32411959 -4.10326538 -3.90121540 -3.64931696 
2.15443469e-03 -4.58019529 -4.32411959 -4.10326538 -3.90121540 -3.64931696 
1.66810054e-03 -4.58019529 -4.32411959 -4.10326538 -3.90121540 -3.64931696 
1.29154967e-03 -4.58019529 -4.32411959 -4.10326538 -3.90121540 -3.64931696 
1.00000000e-03 -4.58019529 -4.32411959 -4.10326538 -3.90121540 -3.64931696 
7.74263683e-04 -4.58019529 -4.32411959 -4.10326538 -3.90121540 -3.64931696 
5.99484250e-04 -4.58019529 -4.32411959 -4.10326538 -3.90121540 -3.64931696 
4.64158883e-04 -4.58019529 -4.32411959 -4.10326538 -3.90121540 -3.64931696 
3.59381366e-04 -4.58019529 -4.32411959 -4.10326538 -3.90121540 -3.64931696 
2.78255940e-04 -4.58019529 -4.32411959 -4.10326538 -3.90121540 -3.64931696 
2.15443469e-04 -4.58019529 -4.32411959 -4.10326538 -3.90121540 -3.64931696 
1.66810054e-04 -4.58019529 -4.32411959 -4.10326538 -3.90121540 -3.64931696 
1.29154967e-04 -4.58019529 -4.32411959 -4.10326538 -3.90121540 -3.64931696 
1.00000000e-04 -4.58019529 -4.32411959 -4.10326538 -3.90121540 -3.64931696 
7.74263683e-05 -4.58019529 -4.32411959 -4.10326538 -3.90121540 -3.64931696 
5.99484250e-05 -4.58019529 -4.32411959 -4.10326538 -3.90121540 -3.64931696 
4.64158883e-05 -4.58019529 -4.32411959 -4.10326538 -3.90121540 -3.64931696 
3.59381366e-05 -4.58019529 -4.32411959 -4.10326538 -3.90121540 -3.64931696 
2.78255940e-05 -4.58019529 -4.32411959 -4.10326538 -3.90121540 -3.64931696 
2.15443469e-05 -4.58019529 -4.32411959 -4.10326538 -3.90121540 -3.64931696 
1.66810054e-05 -4.58019529 -4.32411959 -4.10326538 -3.90121540 -3.64931696 
1.29154967e-05 -4.58019529 -4.32411959 -4.10326538 -3.90121540 -3.64931696 
1.00000000e-05 -4.58019529 -4.32411959 -4.10326538 -3.90121540 -3.64931696 
7.74263683e-06 -4.58019529 -4.32411959 -4.10326538 -3.90121540 -3.64931696 
5.99484250e-06 -4.58019529 -4.32411959 -4.10326538 -3.90121540 -3.64931696 
4.64158883e-06 -4.58019529 -4.32411959 -4.10326538 -3.90121540 -3.64931696 
3.59381366e-06 -4.58019529 -4.32411959 -4.10326538 -3.90121540 -3.64931696 
2.78255940e-06 -4.58019529 -4.32411959 -4.10326538 -3.90121540 -3.64931696 
2.15443469e-06 -4.58019529 -4.32411959 -4.10326538 -3.90121540 -3.64931696 
1.66810054e-06 -4.58019529 -4.32411959 -4.10326538 -3.90121540 -3.64931696 
1.29154967e-06 -4.58019529 -4.32411959 -4.10326538 -3.90121540 -3.64931696 
1.00000000e-06 -4.58019529 -4.32411959 -4.10326538 -3.90121540 -3.64931696 
7.74263683e-07 -4.58019529 -4.32411959 -4.10326538 -3.90121540 -3.64931696 
5.99484250e-07 -4.58019529 -4.32411959 -4.10326538 -3.90121540 -3.64931696 
4.64158883e-07 -4.58019529 -4.32411959 -4.10326538 -3.90121540 -3.64931696 
3.59381366e-07 -4.58019529 -4.32411959 -4.10326538 -3.90121540 -3.64931696 
2.78255940e-07 -4.58019529 -4.32411959 -4.10326538 -3.90121540 -3.64931696 
2.15443469e-07 -4.58019529 -4.32411959 -4.10326538 -3.90121540 -3.64931696 
1.66810054e-07 -4.58019529 -4.32411959 -4.10326538 -3.90121540 -3.64931696 
1.29154967e-07 -4.58019529 -4.32411959 -4.10326538 -3.90121540 -3.64931696 
1.00000000e-07 -4.58019529 -4.32411959 -4.10326538 -3.90121540 -3.64931696 
7.74263683e-08 -4.58019529 -4.32411959 -4.10326538 -3.90121540 -3.64931696 
5.99484250e-08 -4.58019529 -4.32411959 -4.10326538 -3.90121540 -3.64931696 
4.64158883e-08 -4.58019529 -4.32411959 -4.10326538 -3.90121540 -3.64931696 
3.59381366e-08 -4.58019529 -4.32411959 -4.10326538 -3.90121540 -3.64931696 
2.78255940e-08 -4.58019529 -4.32411959 -4.10326538 -3.90121540 -3.64931696 
2.15443469e-08 -4.58019529 -4.32411959 -4.10326538 -3.90121540 -3.64931696 
1.66810054e-08 -4.58019529 -4.32411959 -4.10326538 -3.90121540 -3.64931696 
1.29154967e-08 -4.58019529 -4.32411959 -4.10326538 -3.90121540 -3.64931696 
1.00000000e-08 -4.58019529 -4.32411959 -4.10326538 -3.90121540 -3.64931696 
7.74263683e-09 -4.58019529 -4.32411959 -4.10326538 -3.90121540 -3.64931696 
5.99484250e-09 -4.58019529 -4.32411959 -4.10326538 -3.90121540 -3.64931696 
4.64158883e-09 -4.58019529 -4.32411959 -4.10326538 -3.90121540 -3.64931696 
3.59381366e-09 -4.58019529 -4.32411959 -4.10326538 -3.90121540 -3.64931696 
2.78255940e-09 -4.58019529 -4.32411959 -4.10326538 -3.90121540 -3.64931696 
2.15443469e-09 -4.58019529 -4.32411959 -4.10326538 -3.90121540 -3.64931696 
1.66810054e-09 -4.58019529 -4.32411959 -4.10326538 -3.90121540 -3.64931696 
1.29154967e-09 -4.58019529 -4.32411959 -4.10326538 -3.90121540 -3.64931696 
1.00000000e-09 -4.58019529 -4.32411959 -4.10326538 -3.90121540 -3.64931696 
7.74263683e-10 -4.58019529 -4.32411959 -4.10326538 -3.90121540 -3.64931696 
5.99484250e-10 -4.58019529 -4.32411959 -4.10326538 -3.90121540 -3.64931696 
4.64158883e-10 -4.58019529 -4.32411959 -4.10326538 -3.90121540 -3.64931696 
3.59381366e-10 -4.58019529 -4.32411959 -4.10326538 -3.90121540 -3.64931696 
2.78255940e-10 -4.58019529 -4.32411959 -4.10326538 -3.90121540 -3.64931696 
2.15443469e-10 -4.58019529 -4.32411959 -4.10326538 -3.90121540 -3.64931696 
1.66810054e-10 -4.58019529 -4.32411959 -4.10326538 -3.90121540 -3.64931696 
1.29154967e-10 -4.58019529 -4.32411959 -4.10326538 -3.90121540 -3.64931696 
1.00000000e-10 -4.58019529 -4.32411959 -4.10326538 -3.90121540 -3.64931696 
P (bar) | log_NH3: -2σ | log_NH3: -1σ | log_NH3: median | log_NH3: +1σ | log_NH3: +2σ 
1.00000000e+01 -6.84259341 -6.47277395 -6.19366521 -5.97665715 -5.75080783 
7.74263683e+00 -6.84259341 -6.47277395 -6.19366521 -5.97665715 -5.75080783 
5.99484250e+00 -6.84259341 -6.47277395 -6.19366521 -5.97665715 -5.75080783 
4.64158883e+00 -6.84259341 -6.47277395 -6.19366521 -5.97665715 -5.75080783 
3.59381366e+00 -6.84259341 -6.47277395 -6.19366521 -5.97665715 -5.75080783 
2.78255940e+00 -6.84259341 -6.47277395 -6.19366521 -5.97665715 -5.75080783 
2.15443469e+00 -6.84259341 -6.47277395 -6.19366521 -5.97665715 -5.75080783 
1.66810054e+00 -6.84259341 -6.47277395 -6.19366521 -5.97665715 -5.75080783 
1.29154967e+00 -6.84259341 -6.47277395 -6.19366521 -5.97665715 -5.75080783 
1.00000000e+00 -6.84259341 -6.47277395 -6.19366521 -5.97665715 -5.75080783 
7.74263683e-01 -6.84259341 -6.47277395 -6.19366521 -5.97665715 -5.75080783 
5.99484250e-01 -6.84259341 -6.47277395 -6.19366521 -5.97665715 -5.75080783 
4.64158883e-01 -6.84259341 -6.47277395 -6.19366521 -5.97665715 -5.75080783 
3.59381366e-01 -6.84259341 -6.47277395 -6.19366521 -5.97665715 -5.75080783 
2.78255940e-01 -6.84259341 -6.47277395 -6.19366521 -5.97665715 -5.75080783 
2.15443469e-01 -6.84259341 -6.47277395 -6.19366521 -5.97665715 -5.75080783 
1.66810054e-01 -6.84259341 -6.47277395 -6.19366521 -5.97665715 -5.75080783 
1.29154967e-01 -6.84259341 -6.47277395 -6.19366521 -5.97665715 -5.75080783 
1.00000000e-01 -6.84259341 -6.47277395 -6.19366521 -5.97665715 -5.75080783 
7.74263683e-02 -6.84259341 -6.47277395 -6.19366521 -5.97665715 -5.75080783 
5.99484250e-02 -6.84259341 -6.47277395 -6.19366521 -5.97665715 -5.75080783 
4.64158883e-02 -6.84259341 -6.47277395 -6.19366521 -5.97665715 -5.75080783 
3.59381366e-02 -6.84259341 -6.47277395 -6.19366521 -5.97665715 -5.75080783 
2.78255940e-02 -6.84259341 -6.47277395 -6.19366521 -5.97665715 -5.75080783 
2.15443469e-02 -6.84259341 -6.47277395 -6.19366521 -5.97665715 -5.75080783 
1.66810054e-02 -6.84259341 -6.47277395 -6.19366521 -5.97665715 -5.75080783 
1.29154967e-02 -6.84259341 -6.47277395 -6.19366521 -5.97665715 -5.75080783 
1.00000000e-02 -6.84259341 -6.47277395 -6.19366521 -5.97665715 -5.75080783 
7.74263683e-03 -6.84259341 -6.47277395 -6.19366521 -5.97665715 -5.75080783 
5.99484250e-03 -6.84259341 -6.47277395 -6.19366521 -5.97665715 -5.75080783 
4.64158883e-03 -6.84259341 -6.47277395 -6.19366521 -5.97665715 -5.75080783 
3.59381366e-03 -6.84259341 -6.47277395 -6.19366521 -5.97665715 -5.75080783 
2.78255940e-03 -6.84259341 -6.47277395 -6.19366521 -5.97665715 -5.75080783 
2.15443469e-03 -6.84259341 -6.47277395 -6.19366521 -5.97665715 -5.75080783 
1.66810054e-03 -6.84259341 -6.47277395 -6.19366521 -5.97665715 -5.75080783 
1.29154967e-03 -6.84259341 -6.47277395 -6.19366521 -5.97665715 -5.75080783 
1.00000000e-03 -6.84259341 -6.47277395 -6.19366521 -5.97665715 -5.75080783 
7.74263683e-04 -6.84259341 -6.47277395 -6.19366521 -5.97665715 -5.75080783 
5.99484250e-04 -6.84259341 -6.47277395 -6.19366521 -5.97665715 -5.75080783 
4.64158883e-04 -6.84259341 -6.47277395 -6.19366521 -5.97665715 -5.75080783 
3.59381366e-04 -6.84259341 -6.47277395 -6.19366521 -5.97665715 -5.75080783 
2.78255940e-04 -6.84259341 -6.47277395 -6.19366521 -5.97665715 -5.75080783 
2.15443469e-04 -6.84259341 -6.47277395 -6.19366521 -5.97665715 -5.75080783 
1.66810054e-04 -6.84259341 -6.47277395 -6.19366521 -5.97665715 -5.75080783 
1.29154967e-04 -6.84259341 -6.47277395 -6.19366521 -5.97665715 -5.75080783 
1.00000000e-04 -6.84259341 -6.47277395 -6.19366521 -5.97665715 -5.75080783 
7.74263683e-05 -6.84259341 -6.47277395 -6.19366521 -5.97665715 -5.75080783 
5.99484250e-05 -6.84259341 -6.47277395 -6.19366521 -5.97665715 -5.75080783 
4.64158883e-05 -6.84259341 -6.47277395 -6.19366521 -5.97665715 -5.75080783 
3.59381366e-05 -6.84259341 -6.47277395 -6.19366521 -5.97665715 -5.75080783 
2.78255940e-05 -6.84259341 -6.47277395 -6.19366521 -5.97665715 -5.75080783 
2.15443469e-05 -6.84259341 -6.47277395 -6.19366521 -5.97665715 -5.75080783 
1.66810054e-05 -6.84259341 -6.47277395 -6.19366521 -5.97665715 -5.75080783 
1.29154967e-05 -6.84259341 -6.47277395 -6.19366521 -5.97665715 -5.75080783 
1.00000000e-05 -6.84259341 -6.47277395 -6.19366521 -5.97665715 -5.75080783 
7.74263683e-06 -6.84259341 -6.47277395 -6.19366521 -5.97665715 -5.75080783 
5.99484250e-06 -6.84259341 -6.47277395 -6.19366521 -5.97665715 -5.75080783 
4.64158883e-06 -6.84259341 -6.47277395 -6.19366521 -5.97665715 -5.75080783 
3.59381366e-06 -6.84259341 -6.47277395 -6.19366521 -5.97665715 -5.75080783 
2.78255940e-06 -6.84259341 -6.47277395 -6.19366521 -5.97665715 -5.75080783 
2.15443469e-06 -6.84259341 -6.47277395 -6.19366521 -5.97665715 -5.75080783 
1.66810054e-06 -6.84259341 -6.47277395 -6.19366521 -5.97665715 -5.75080783 
1.29154967e-06 -6.84259341 -6.47277395 -6.19366521 -5.97665715 -5.75080783 
1.00000000e-06 -6.84259341 -6.47277395 -6.19366521 -5.97665715 -5.75080783 
7.74263683e-07 -6.84259341 -6.47277395 -6.19366521 -5.97665715 -5.75080783 
5.99484250e-07 -6.84259341 -6.47277395 -6.19366521 -5.97665715 -5.75080783 
4.64158883e-07 -6.84259341 -6.47277395 -6.19366521 -5.97665715 -5.75080783 
3.59381366e-07 -6.84259341 -6.47277395 -6.19366521 -5.97665715 -5.75080783 
2.78255940e-07 -6.84259341 -6.47277395 -6.19366521 -5.97665715 -5.75080783 
2.15443469e-07 -6.84259341 -6.47277395 -6.19366521 -5.97665715 -5.75080783 
1.66810054e-07 -6.84259341 -6.47277395 -6.19366521 -5.97665715 -5.75080783 
1.29154967e-07 -6.84259341 -6.47277395 -6.19366521 -5.97665715 -5.75080783 
1.00000000e-07 -6.84259341 -6.47277395 -6.19366521 -5.97665715 -5.75080783 
7.74263683e-08 -6.84259341 -6.47277395 -6.19366521 -5.97665715 -5.75080783 
5.99484250e-08 -6.84259341 -6.47277395 -6.19366521 -5.97665715 -5.75080783 
4.64158883e-08 -6.84259341 -6.47277395 -6.19366521 -5.97665715 -5.75080783 
3.59381366e-08 -6.84259341 -6.47277395 -6.19366521 -5.97665715 -5.75080783 
2.78255940e-08 -6.84259341 -6.47277395 -6.19366521 -5.97665715 -5.75080783 
2.15443469e-08 -6.84259341 -6.47277395 -6.19366521 -5.97665715 -5.75080783 
1.66810054e-08 -6.84259341 -6.47277395 -6.19366521 -5.97665715 -5.75080783 
1.29154967e-08 -6.84259341 -6.47277395 -6.19366521 -5.97665715 -5.75080783 
1.00000000e-08 -6.84259341 -6.47277395 -6.19366521 -5.97665715 -5.75080783 
7.74263683e-09 -6.84259341 -6.47277395 -6.19366521 -5.97665715 -5.75080783 
5.99484250e-09 -6.84259341 -6.47277395 -6.19366521 -5.97665715 -5.75080783 
4.64158883e-09 -6.84259341 -6.47277395 -6.19366521 -5.97665715 -5.75080783 
3.59381366e-09 -6.84259341 -6.47277395 -6.19366521 -5.97665715 -5.75080783 
2.78255940e-09 -6.84259341 -6.47277395 -6.19366521 -5.97665715 -5.75080783 
2.15443469e-09 -6.84259341 -6.47277395 -6.19366521 -5.97665715 -5.75080783 
1.66810054e-09 -6.84259341 -6.47277395 -6.19366521 -5.97665715 -5.75080783 
1.29154967e-09 -6.84259341 -6.47277395 -6.19366521 -5.97665715 -5.75080783 
1.00000000e-09 -6.84259341 -6.47277395 -6.19366521 -5.97665715 -5.75080783 
7.74263683e-10 -6.84259341 -6.47277395 -6.19366521 -5.97665715 -5.75080783 
5.99484250e-10 -6.84259341 -6.47277395 -6.19366521 -5.97665715 -5.75080783 
4.64158883e-10 -6.84259341 -6.47277395 -6.19366521 -5.97665715 -5.75080783 
3.59381366e-10 -6.84259341 -6.47277395 -6.19366521 -5.97665715 -5.75080783 
2.78255940e-10 -6.84259341 -6.47277395 -6.19366521 -5.97665715 -5.75080783 
2.15443469e-10 -6.84259341 -6.47277395 -6.19366521 -5.97665715 -5.75080783 
1.66810054e-10 -6.84259341 -6.47277395 -6.19366521 -5.97665715 -5.75080783 
1.29154967e-10 -6.84259341 -6.47277395 -6.19366521 -5.97665715 -5.75080783 
1.00000000e-10 -6.84259341 -6.47277395 -6.19366521 -5.97665715 -5.75080783 
