Chemical species: N2 H2O CO2 CH4 O2 O3 N2O NH3
P (bar) | log_N2: -2σ | log_N2: -1σ | log_N2: median | log_N2: +1σ | log_N2: +2σ 
1.00000000e+01 -0.04580564 -0.04444013 -0.04040095 -0.03353501 -0.02533742 
7.74263683e+00 -0.04580564 -0.04444013 -0.04040095 -0.03353501 -0.02533742 
5.99484250e+00 -0.04580564 -0.04444013 -0.04040095 -0.03353501 -0.02533742 
4.64158883e+00 -0.04580564 -0.04444013 -0.04040095 -0.03353501 -0.02533742 
3.59381366e+00 -0.04580564 -0.04444013 -0.04040095 -0.03353501 -0.02533742 
2.78255940e+00 -0.04580564 -0.04444013 -0.04040095 -0.03353501 -0.02533742 
2.15443469e+00 -0.04580564 -0.04444013 -0.04040095 -0.03353501 -0.02533742 
1.66810054e+00 -0.04580564 -0.04444013 -0.04040095 -0.03353501 -0.02533742 
1.29154967e+00 -0.04580564 -0.04444013 -0.04040095 -0.03353501 -0.02533742 
1.00000000e+00 -0.04580564 -0.04444013 -0.04040095 -0.03353501 -0.02533742 
7.74263683e-01 -0.04580564 -0.04444013 -0.04040095 -0.03353501 -0.02533742 
5.99484250e-01 -0.04580564 -0.04444013 -0.04040095 -0.03353501 -0.02533742 
4.64158883e-01 -0.04580564 -0.04444013 -0.04040095 -0.03353501 -0.02533742 
3.59381366e-01 -0.04580564 -0.04444013 -0.04040095 -0.03353501 -0.02533742 
2.78255940e-01 -0.04580564 -0.04444013 -0.04040095 -0.03353501 -0.02533742 
2.15443469e-01 -0.04580564 -0.04444013 -0.04040095 -0.03353501 -0.02533742 
1.66810054e-01 -0.04580564 -0.04444013 -0.04040095 -0.03353501 -0.02533742 
1.29154967e-01 -0.04580564 -0.04444013 -0.04040095 -0.03353501 -0.02533742 
1.00000000e-01 -0.04580564 -0.04444013 -0.04040095 -0.03353501 -0.02533742 
7.74263683e-02 -0.04580564 -0.04444013 -0.04040095 -0.03353501 -0.02533742 
5.99484250e-02 -0.04580564 -0.04444013 -0.04040095 -0.03353501 -0.02533742 
4.64158883e-02 -0.04580564 -0.04444013 -0.04040095 -0.03353501 -0.02533742 
3.59381366e-02 -0.04580564 -0.04444013 -0.04040095 -0.03353501 -0.02533742 
2.78255940e-02 -0.04580564 -0.04444013 -0.04040095 -0.03353501 -0.02533742 
2.15443469e-02 -0.04580564 -0.04444013 -0.04040095 -0.03353501 -0.02533742 
1.66810054e-02 -0.04580564 -0.04444013 -0.04040095 -0.03353501 -0.02533742 
1.29154967e-02 -0.04580564 -0.04444013 -0.04040095 -0.03353501 -0.02533742 
1.00000000e-02 -0.04580564 -0.04444013 -0.04040095 -0.03353501 -0.02533742 
7.74263683e-03 -0.04580564 -0.04444013 -0.04040095 -0.03353501 -0.02533742 
5.99484250e-03 -0.04580564 -0.04444013 -0.04040095 -0.03353501 -0.02533742 
4.64158883e-03 -0.04580564 -0.04444013 -0.04040095 -0.03353501 -0.02533742 
3.59381366e-03 -0.04580564 -0.04444013 -0.04040095 -0.03353501 -0.02533742 
2.78255940e-03 -0.04580564 -0.04444013 -0.04040095 -0.03353501 -0.02533742 
2.15443469e-03 -0.04580564 -0.04444013 -0.04040095 -0.03353501 -0.02533742 
1.66810054e-03 -0.04580564 -0.04444013 -0.04040095 -0.03353501 -0.02533742 
1.29154967e-03 -0.04580564 -0.04444013 -0.04040095 -0.03353501 -0.02533742 
1.00000000e-03 -0.04580564 -0.04444013 -0.04040095 -0.03353501 -0.02533742 
7.74263683e-04 -0.04580564 -0.04444013 -0.04040095 -0.03353501 -0.02533742 
5.99484250e-04 -0.04580564 -0.04444013 -0.04040095 -0.03353501 -0.02533742 
4.64158883e-04 -0.04580564 -0.04444013 -0.04040095 -0.03353501 -0.02533742 
3.59381366e-04 -0.04580564 -0.04444013 -0.04040095 -0.03353501 -0.02533742 
2.78255940e-04 -0.04580564 -0.04444013 -0.04040095 -0.03353501 -0.02533742 
2.15443469e-04 -0.04580564 -0.04444013 -0.04040095 -0.03353501 -0.02533742 
1.66810054e-04 -0.04580564 -0.04444013 -0.04040095 -0.03353501 -0.02533742 
1.29154967e-04 -0.04580564 -0.04444013 -0.04040095 -0.03353501 -0.02533742 
1.00000000e-04 -0.04580564 -0.04444013 -0.04040095 -0.03353501 -0.02533742 
7.74263683e-05 -0.04580564 -0.04444013 -0.04040095 -0.03353501 -0.02533742 
5.99484250e-05 -0.04580564 -0.04444013 -0.04040095 -0.03353501 -0.02533742 
4.64158883e-05 -0.04580564 -0.04444013 -0.04040095 -0.03353501 -0.02533742 
3.59381366e-05 -0.04580564 -0.04444013 -0.04040095 -0.03353501 -0.02533742 
2.78255940e-05 -0.04580564 -0.04444013 -0.04040095 -0.03353501 -0.02533742 
2.15443469e-05 -0.04580564 -0.04444013 -0.04040095 -0.03353501 -0.02533742 
1.66810054e-05 -0.04580564 -0.04444013 -0.04040095 -0.03353501 -0.02533742 
1.29154967e-05 -0.04580564 -0.04444013 -0.04040095 -0.03353501 -0.02533742 
1.00000000e-05 -0.04580564 -0.04444013 -0.04040095 -0.03353501 -0.02533742 
7.74263683e-06 -0.04580564 -0.04444013 -0.04040095 -0.03353501 -0.02533742 
5.99484250e-06 -0.04580564 -0.04444013 -0.04040095 -0.03353501 -0.02533742 
4.64158883e-06 -0.04580564 -0.04444013 -0.04040095 -0.03353501 -0.02533742 
3.59381366e-06 -0.04580564 -0.04444013 -0.04040095 -0.03353501 -0.02533742 
2.78255940e-06 -0.04580564 -0.04444013 -0.04040095 -0.03353501 -0.02533742 
2.15443469e-06 -0.04580564 -0.04444013 -0.04040095 -0.03353501 -0.02533742 
1.66810054e-06 -0.04580564 -0.04444013 -0.04040095 -0.03353501 -0.02533742 
1.29154967e-06 -0.04580564 -0.04444013 -0.04040095 -0.03353501 -0.02533742 
1.00000000e-06 -0.04580564 -0.04444013 -0.04040095 -0.03353501 -0.02533742 
7.74263683e-07 -0.04580564 -0.04444013 -0.04040095 -0.03353501 -0.02533742 
5.99484250e-07 -0.04580564 -0.04444013 -0.04040095 -0.03353501 -0.02533742 
4.64158883e-07 -0.04580564 -0.04444013 -0.04040095 -0.03353501 -0.02533742 
3.59381366e-07 -0.04580564 -0.04444013 -0.04040095 -0.03353501 -0.02533742 
2.78255940e-07 -0.04580564 -0.04444013 -0.04040095 -0.03353501 -0.02533742 
2.15443469e-07 -0.04580564 -0.04444013 -0.04040095 -0.03353501 -0.02533742 
1.66810054e-07 -0.04580564 -0.04444013 -0.04040095 -0.03353501 -0.02533742 
1.29154967e-07 -0.04580564 -0.04444013 -0.04040095 -0.03353501 -0.02533742 
1.00000000e-07 -0.04580564 -0.04444013 -0.04040095 -0.03353501 -0.02533742 
7.74263683e-08 -0.04580564 -0.04444013 -0.04040095 -0.03353501 -0.02533742 
5.99484250e-08 -0.04580564 -0.04444013 -0.04040095 -0.03353501 -0.02533742 
4.64158883e-08 -0.04580564 -0.04444013 -0.04040095 -0.03353501 -0.02533742 
3.59381366e-08 -0.04580564 -0.04444013 -0.04040095 -0.03353501 -0.02533742 
2.78255940e-08 -0.04580564 -0.04444013 -0.04040095 -0.03353501 -0.02533742 
2.15443469e-08 -0.04580564 -0.04444013 -0.04040095 -0.03353501 -0.02533742 
1.66810054e-08 -0.04580564 -0.04444013 -0.04040095 -0.03353501 -0.02533742 
1.29154967e-08 -0.04580564 -0.04444013 -0.04040095 -0.03353501 -0.02533742 
1.00000000e-08 -0.04580564 -0.04444013 -0.04040095 -0.03353501 -0.02533742 
7.74263683e-09 -0.04580564 -0.04444013 -0.04040095 -0.03353501 -0.02533742 
5.99484250e-09 -0.04580564 -0.04444013 -0.04040095 -0.03353501 -0.02533742 
4.64158883e-09 -0.04580564 -0.04444013 -0.04040095 -0.03353501 -0.02533742 
3.59381366e-09 -0.04580564 -0.04444013 -0.04040095 -0.03353501 -0.02533742 
2.78255940e-09 -0.04580564 -0.04444013 -0.04040095 -0.03353501 -0.02533742 
2.15443469e-09 -0.04580564 -0.04444013 -0.04040095 -0.03353501 -0.02533742 
1.66810054e-09 -0.04580564 -0.04444013 -0.04040095 -0.03353501 -0.02533742 
1.29154967e-09 -0.04580564 -0.04444013 -0.04040095 -0.03353501 -0.02533742 
1.00000000e-09 -0.04580564 -0.04444013 -0.04040095 -0.03353501 -0.02533742 
7.74263683e-10 -0.04580564 -0.04444013 -0.04040095 -0.03353501 -0.02533742 
5.99484250e-10 -0.04580564 -0.04444013 -0.04040095 -0.03353501 -0.02533742 
4.64158883e-10 -0.04580564 -0.04444013 -0.04040095 -0.03353501 -0.02533742 
3.59381366e-10 -0.04580564 -0.04444013 -0.04040095 -0.03353501 -0.02533742 
2.78255940e-10 -0.04580564 -0.04444013 -0.04040095 -0.03353501 -0.02533742 
2.15443469e-10 -0.04580564 -0.04444013 -0.04040095 -0.03353501 -0.02533742 
1.66810054e-10 -0.04580564 -0.04444013 -0.04040095 -0.03353501 -0.02533742 
1.29154967e-10 -0.04580564 -0.04444013 -0.04040095 -0.03353501 -0.02533742 
1.00000000e-10 -0.04580564 -0.04444013 -0.04040095 -0.03353501 -0.02533742 
P (bar) | log_H2O: -2σ | log_H2O: -1σ | log_H2O: median | log_H2O: +1σ | log_H2O: +2σ 
1.00000000e+01 -5.16931773 -4.97991705 -4.81598062 -4.65647687 -4.49309010 
7.74263683e+00 -5.16931773 -4.97991705 -4.81598062 -4.65647687 -4.49309010 
5.99484250e+00 -5.16931773 -4.97991705 -4.81598062 -4.65647687 -4.49309010 
4.64158883e+00 -5.16931773 -4.97991705 -4.81598062 -4.65647687 -4.49309010 
3.59381366e+00 -5.16931773 -4.97991705 -4.81598062 -4.65647687 -4.49309010 
2.78255940e+00 -5.16931773 -4.97991705 -4.81598062 -4.65647687 -4.49309010 
2.15443469e+00 -5.16931773 -4.97991705 -4.81598062 -4.65647687 -4.49309010 
1.66810054e+00 -5.16931773 -4.97991705 -4.81598062 -4.65647687 -4.49309010 
1.29154967e+00 -5.16931773 -4.97991705 -4.81598062 -4.65647687 -4.49309010 
1.00000000e+00 -5.16931773 -4.97991705 -4.81598062 -4.65647687 -4.49309010 
7.74263683e-01 -5.16931773 -4.97991705 -4.81598062 -4.65647687 -4.49309010 
5.99484250e-01 -5.16931773 -4.97991705 -4.81598062 -4.65647687 -4.49309010 
4.64158883e-01 -5.16931773 -4.97991705 -4.81598062 -4.65647687 -4.49309010 
3.59381366e-01 -5.16931773 -4.97991705 -4.81598062 -4.65647687 -4.49309010 
2.78255940e-01 -5.16931773 -4.97991705 -4.81598062 -4.65647687 -4.49309010 
2.15443469e-01 -5.16931773 -4.97991705 -4.81598062 -4.65647687 -4.49309010 
1.66810054e-01 -5.16931773 -4.97991705 -4.81598062 -4.65647687 -4.49309010 
1.29154967e-01 -5.16931773 -4.97991705 -4.81598062 -4.65647687 -4.49309010 
1.00000000e-01 -5.16931773 -4.97991705 -4.81598062 -4.65647687 -4.49309010 
7.74263683e-02 -5.16931773 -4.97991705 -4.81598062 -4.65647687 -4.49309010 
5.99484250e-02 -5.16931773 -4.97991705 -4.81598062 -4.65647687 -4.49309010 
4.64158883e-02 -5.16931773 -4.97991705 -4.81598062 -4.65647687 -4.49309010 
3.59381366e-02 -5.16931773 -4.97991705 -4.81598062 -4.65647687 -4.49309010 
2.78255940e-02 -5.16931773 -4.97991705 -4.81598062 -4.65647687 -4.49309010 
2.15443469e-02 -5.16931773 -4.97991705 -4.81598062 -4.65647687 -4.49309010 
1.66810054e-02 -5.16931773 -4.97991705 -4.81598062 -4.65647687 -4.49309010 
1.29154967e-02 -5.16931773 -4.97991705 -4.81598062 -4.65647687 -4.49309010 
1.00000000e-02 -5.16931773 -4.97991705 -4.81598062 -4.65647687 -4.49309010 
7.74263683e-03 -5.16931773 -4.97991705 -4.81598062 -4.65647687 -4.49309010 
5.99484250e-03 -5.16931773 -4.97991705 -4.81598062 -4.65647687 -4.49309010 
4.64158883e-03 -5.16931773 -4.97991705 -4.81598062 -4.65647687 -4.49309010 
3.59381366e-03 -5.16931773 -4.97991705 -4.81598062 -4.65647687 -4.49309010 
2.78255940e-03 -5.16931773 -4.97991705 -4.81598062 -4.65647687 -4.49309010 
2.15443469e-03 -5.16931773 -4.97991705 -4.81598062 -4.65647687 -4.49309010 
1.66810054e-03 -5.16931773 -4.97991705 -4.81598062 -4.65647687 -4.49309010 
1.29154967e-03 -5.16931773 -4.97991705 -4.81598062 -4.65647687 -4.49309010 
1.00000000e-03 -5.16931773 -4.97991705 -4.81598062 -4.65647687 -4.49309010 
7.74263683e-04 -5.16931773 -4.97991705 -4.81598062 -4.65647687 -4.49309010 
5.99484250e-04 -5.16931773 -4.97991705 -4.81598062 -4.65647687 -4.49309010 
4.64158883e-04 -5.16931773 -4.97991705 -4.81598062 -4.65647687 -4.49309010 
3.59381366e-04 -5.16931773 -4.97991705 -4.81598062 -4.65647687 -4.49309010 
2.78255940e-04 -5.16931773 -4.97991705 -4.81598062 -4.65647687 -4.49309010 
2.15443469e-04 -5.16931773 -4.97991705 -4.81598062 -4.65647687 -4.49309010 
1.66810054e-04 -5.16931773 -4.97991705 -4.81598062 -4.65647687 -4.49309010 
1.29154967e-04 -5.16931773 -4.97991705 -4.81598062 -4.65647687 -4.49309010 
1.00000000e-04 -5.16931773 -4.97991705 -4.81598062 -4.65647687 -4.49309010 
7.74263683e-05 -5.16931773 -4.97991705 -4.81598062 -4.65647687 -4.49309010 
5.99484250e-05 -5.16931773 -4.97991705 -4.81598062 -4.65647687 -4.49309010 
4.64158883e-05 -5.16931773 -4.97991705 -4.81598062 -4.65647687 -4.49309010 
3.59381366e-05 -5.16931773 -4.97991705 -4.81598062 -4.65647687 -4.49309010 
2.78255940e-05 -5.16931773 -4.97991705 -4.81598062 -4.65647687 -4.49309010 
2.15443469e-05 -5.16931773 -4.97991705 -4.81598062 -4.65647687 -4.49309010 
1.66810054e-05 -5.16931773 -4.97991705 -4.81598062 -4.65647687 -4.49309010 
1.29154967e-05 -5.16931773 -4.97991705 -4.81598062 -4.65647687 -4.49309010 
1.00000000e-05 -5.16931773 -4.97991705 -4.81598062 -4.65647687 -4.49309010 
7.74263683e-06 -5.16931773 -4.97991705 -4.81598062 -4.65647687 -4.49309010 
5.99484250e-06 -5.16931773 -4.97991705 -4.81598062 -4.65647687 -4.49309010 
4.64158883e-06 -5.16931773 -4.97991705 -4.81598062 -4.65647687 -4.49309010 
3.59381366e-06 -5.16931773 -4.97991705 -4.81598062 -4.65647687 -4.49309010 
2.78255940e-06 -5.16931773 -4.97991705 -4.81598062 -4.65647687 -4.49309010 
2.15443469e-06 -5.16931773 -4.97991705 -4.81598062 -4.65647687 -4.49309010 
1.66810054e-06 -5.16931773 -4.97991705 -4.81598062 -4.65647687 -4.49309010 
1.29154967e-06 -5.16931773 -4.97991705 -4.81598062 -4.65647687 -4.49309010 
1.00000000e-06 -5.16931773 -4.97991705 -4.81598062 -4.65647687 -4.49309010 
7.74263683e-07 -5.16931773 -4.97991705 -4.81598062 -4.65647687 -4.49309010 
5.99484250e-07 -5.16931773 -4.97991705 -4.81598062 -4.65647687 -4.49309010 
4.64158883e-07 -5.16931773 -4.97991705 -4.81598062 -4.65647687 -4.49309010 
3.59381366e-07 -5.16931773 -4.97991705 -4.81598062 -4.65647687 -4.49309010 
2.78255940e-07 -5.16931773 -4.97991705 -4.81598062 -4.65647687 -4.49309010 
2.15443469e-07 -5.16931773 -4.97991705 -4.81598062 -4.65647687 -4.49309010 
1.66810054e-07 -5.16931773 -4.97991705 -4.81598062 -4.65647687 -4.49309010 
1.29154967e-07 -5.16931773 -4.97991705 -4.81598062 -4.65647687 -4.49309010 
1.00000000e-07 -5.16931773 -4.97991705 -4.81598062 -4.65647687 -4.49309010 
7.74263683e-08 -5.16931773 -4.97991705 -4.81598062 -4.65647687 -4.49309010 
5.99484250e-08 -5.16931773 -4.97991705 -4.81598062 -4.65647687 -4.49309010 
4.64158883e-08 -5.16931773 -4.97991705 -4.81598062 -4.65647687 -4.49309010 
3.59381366e-08 -5.16931773 -4.97991705 -4.81598062 -4.65647687 -4.49309010 
2.78255940e-08 -5.16931773 -4.97991705 -4.81598062 -4.65647687 -4.49309010 
2.15443469e-08 -5.16931773 -4.97991705 -4.81598062 -4.65647687 -4.49309010 
1.66810054e-08 -5.16931773 -4.97991705 -4.81598062 -4.65647687 -4.49309010 
1.29154967e-08 -5.16931773 -4.97991705 -4.81598062 -4.65647687 -4.49309010 
1.00000000e-08 -5.16931773 -4.97991705 -4.81598062 -4.65647687 -4.49309010 
7.74263683e-09 -5.16931773 -4.97991705 -4.81598062 -4.65647687 -4.49309010 
5.99484250e-09 -5.16931773 -4.97991705 -4.81598062 -4.65647687 -4.49309010 
4.64158883e-09 -5.16931773 -4.97991705 -4.81598062 -4.65647687 -4.49309010 
3.59381366e-09 -5.16931773 -4.97991705 -4.81598062 -4.65647687 -4.49309010 
2.78255940e-09 -5.16931773 -4.97991705 -4.81598062 -4.65647687 -4.49309010 
2.15443469e-09 -5.16931773 -4.97991705 -4.81598062 -4.65647687 -4.49309010 
1.66810054e-09 -5.16931773 -4.97991705 -4.81598062 -4.65647687 -4.49309010 
1.29154967e-09 -5.16931773 -4.97991705 -4.81598062 -4.65647687 -4.49309010 
1.00000000e-09 -5.16931773 -4.97991705 -4.81598062 -4.65647687 -4.49309010 
7.74263683e-10 -5.16931773 -4.97991705 -4.81598062 -4.65647687 -4.49309010 
5.99484250e-10 -5.16931773 -4.97991705 -4.81598062 -4.65647687 -4.49309010 
4.64158883e-10 -5.16931773 -4.97991705 -4.81598062 -4.65647687 -4.49309010 
3.59381366e-10 -5.16931773 -4.97991705 -4.81598062 -4.65647687 -4.49309010 
2.78255940e-10 -5.16931773 -4.97991705 -4.81598062 -4.65647687 -4.49309010 
2.15443469e-10 -5.16931773 -4.97991705 -4.81598062 -4.65647687 -4.49309010 
1.66810054e-10 -5.16931773 -4.97991705 -4.81598062 -4.65647687 -4.49309010 
1.29154967e-10 -5.16931773 -4.97991705 -4.81598062 -4.65647687 -4.49309010 
1.00000000e-10 -5.16931773 -4.97991705 -4.81598062 -4.65647687 -4.49309010 
P (bar) | log_CO2: -2σ | log_CO2: -1σ | log_CO2: median | log_CO2: +1σ | log_CO2: +2σ 
1.00000000e+01 -3.82026681 -3.63499339 -3.45829594 -3.30132960 -3.14439388 
7.74263683e+00 -3.82026681 -3.63499339 -3.45829594 -3.30132960 -3.14439388 
5.99484250e+00 -3.82026681 -3.63499339 -3.45829594 -3.30132960 -3.14439388 
4.64158883e+00 -3.82026681 -3.63499339 -3.45829594 -3.30132960 -3.14439388 
3.59381366e+00 -3.82026681 -3.63499339 -3.45829594 -3.30132960 -3.14439388 
2.78255940e+00 -3.82026681 -3.63499339 -3.45829594 -3.30132960 -3.14439388 
2.15443469e+00 -3.82026681 -3.63499339 -3.45829594 -3.30132960 -3.14439388 
1.66810054e+00 -3.82026681 -3.63499339 -3.45829594 -3.30132960 -3.14439388 
1.29154967e+00 -3.82026681 -3.63499339 -3.45829594 -3.30132960 -3.14439388 
1.00000000e+00 -3.82026681 -3.63499339 -3.45829594 -3.30132960 -3.14439388 
7.74263683e-01 -3.82026681 -3.63499339 -3.45829594 -3.30132960 -3.14439388 
5.99484250e-01 -3.82026681 -3.63499339 -3.45829594 -3.30132960 -3.14439388 
4.64158883e-01 -3.82026681 -3.63499339 -3.45829594 -3.30132960 -3.14439388 
3.59381366e-01 -3.82026681 -3.63499339 -3.45829594 -3.30132960 -3.14439388 
2.78255940e-01 -3.82026681 -3.63499339 -3.45829594 -3.30132960 -3.14439388 
2.15443469e-01 -3.82026681 -3.63499339 -3.45829594 -3.30132960 -3.14439388 
1.66810054e-01 -3.82026681 -3.63499339 -3.45829594 -3.30132960 -3.14439388 
1.29154967e-01 -3.82026681 -3.63499339 -3.45829594 -3.30132960 -3.14439388 
1.00000000e-01 -3.82026681 -3.63499339 -3.45829594 -3.30132960 -3.14439388 
7.74263683e-02 -3.82026681 -3.63499339 -3.45829594 -3.30132960 -3.14439388 
5.99484250e-02 -3.82026681 -3.63499339 -3.45829594 -3.30132960 -3.14439388 
4.64158883e-02 -3.82026681 -3.63499339 -3.45829594 -3.30132960 -3.14439388 
3.59381366e-02 -3.82026681 -3.63499339 -3.45829594 -3.30132960 -3.14439388 
2.78255940e-02 -3.82026681 -3.63499339 -3.45829594 -3.30132960 -3.14439388 
2.15443469e-02 -3.82026681 -3.63499339 -3.45829594 -3.30132960 -3.14439388 
1.66810054e-02 -3.82026681 -3.63499339 -3.45829594 -3.30132960 -3.14439388 
1.29154967e-02 -3.82026681 -3.63499339 -3.45829594 -3.30132960 -3.14439388 
1.00000000e-02 -3.82026681 -3.63499339 -3.45829594 -3.30132960 -3.14439388 
7.74263683e-03 -3.82026681 -3.63499339 -3.45829594 -3.30132960 -3.14439388 
5.99484250e-03 -3.82026681 -3.63499339 -3.45829594 -3.30132960 -3.14439388 
4.64158883e-03 -3.82026681 -3.63499339 -3.45829594 -3.30132960 -3.14439388 
3.59381366e-03 -3.82026681 -3.63499339 -3.45829594 -3.30132960 -3.14439388 
2.78255940e-03 -3.82026681 -3.63499339 -3.45829594 -3.30132960 -3.14439388 
2.15443469e-03 -3.82026681 -3.63499339 -3.45829594 -3.30132960 -3.14439388 
1.66810054e-03 -3.82026681 -3.63499339 -3.45829594 -3.30132960 -3.14439388 
1.29154967e-03 -3.82026681 -3.63499339 -3.45829594 -3.30132960 -3.14439388 
1.00000000e-03 -3.82026681 -3.63499339 -3.45829594 -3.30132960 -3.14439388 
7.74263683e-04 -3.82026681 -3.63499339 -3.45829594 -3.30132960 -3.14439388 
5.99484250e-04 -3.82026681 -3.63499339 -3.45829594 -3.30132960 -3.14439388 
4.64158883e-04 -3.82026681 -3.63499339 -3.45829594 -3.30132960 -3.14439388 
3.59381366e-04 -3.82026681 -3.63499339 -3.45829594 -3.30132960 -3.14439388 
2.78255940e-04 -3.82026681 -3.63499339 -3.45829594 -3.30132960 -3.14439388 
2.15443469e-04 -3.82026681 -3.63499339 -3.45829594 -3.30132960 -3.14439388 
1.66810054e-04 -3.82026681 -3.63499339 -3.45829594 -3.30132960 -3.14439388 
1.29154967e-04 -3.82026681 -3.63499339 -3.45829594 -3.30132960 -3.14439388 
1.00000000e-04 -3.82026681 -3.63499339 -3.45829594 -3.30132960 -3.14439388 
7.74263683e-05 -3.82026681 -3.63499339 -3.45829594 -3.30132960 -3.14439388 
5.99484250e-05 -3.82026681 -3.63499339 -3.45829594 -3.30132960 -3.14439388 
4.64158883e-05 -3.82026681 -3.63499339 -3.45829594 -3.30132960 -3.14439388 
3.59381366e-05 -3.82026681 -3.63499339 -3.45829594 -3.30132960 -3.14439388 
2.78255940e-05 -3.82026681 -3.63499339 -3.45829594 -3.30132960 -3.14439388 
2.15443469e-05 -3.82026681 -3.63499339 -3.45829594 -3.30132960 -3.14439388 
1.66810054e-05 -3.82026681 -3.63499339 -3.45829594 -3.30132960 -3.14439388 
1.29154967e-05 -3.82026681 -3.63499339 -3.45829594 -3.30132960 -3.14439388 
1.00000000e-05 -3.82026681 -3.63499339 -3.45829594 -3.30132960 -3.14439388 
7.74263683e-06 -3.82026681 -3.63499339 -3.45829594 -3.30132960 -3.14439388 
5.99484250e-06 -3.82026681 -3.63499339 -3.45829594 -3.30132960 -3.14439388 
4.64158883e-06 -3.82026681 -3.63499339 -3.45829594 -3.30132960 -3.14439388 
3.59381366e-06 -3.82026681 -3.63499339 -3.45829594 -3.30132960 -3.14439388 
2.78255940e-06 -3.82026681 -3.63499339 -3.45829594 -3.30132960 -3.14439388 
2.15443469e-06 -3.82026681 -3.63499339 -3.45829594 -3.30132960 -3.14439388 
1.66810054e-06 -3.82026681 -3.63499339 -3.45829594 -3.30132960 -3.14439388 
1.29154967e-06 -3.82026681 -3.63499339 -3.45829594 -3.30132960 -3.14439388 
1.00000000e-06 -3.82026681 -3.63499339 -3.45829594 -3.30132960 -3.14439388 
7.74263683e-07 -3.82026681 -3.63499339 -3.45829594 -3.30132960 -3.14439388 
5.99484250e-07 -3.82026681 -3.63499339 -3.45829594 -3.30132960 -3.14439388 
4.64158883e-07 -3.82026681 -3.63499339 -3.45829594 -3.30132960 -3.14439388 
3.59381366e-07 -3.82026681 -3.63499339 -3.45829594 -3.30132960 -3.14439388 
2.78255940e-07 -3.82026681 -3.63499339 -3.45829594 -3.30132960 -3.14439388 
2.15443469e-07 -3.82026681 -3.63499339 -3.45829594 -3.30132960 -3.14439388 
1.66810054e-07 -3.82026681 -3.63499339 -3.45829594 -3.30132960 -3.14439388 
1.29154967e-07 -3.82026681 -3.63499339 -3.45829594 -3.30132960 -3.14439388 
1.00000000e-07 -3.82026681 -3.63499339 -3.45829594 -3.30132960 -3.14439388 
7.74263683e-08 -3.82026681 -3.63499339 -3.45829594 -3.30132960 -3.14439388 
5.99484250e-08 -3.82026681 -3.63499339 -3.45829594 -3.30132960 -3.14439388 
4.64158883e-08 -3.82026681 -3.63499339 -3.45829594 -3.30132960 -3.14439388 
3.59381366e-08 -3.82026681 -3.63499339 -3.45829594 -3.30132960 -3.14439388 
2.78255940e-08 -3.82026681 -3.63499339 -3.45829594 -3.30132960 -3.14439388 
2.15443469e-08 -3.82026681 -3.63499339 -3.45829594 -3.30132960 -3.14439388 
1.66810054e-08 -3.82026681 -3.63499339 -3.45829594 -3.30132960 -3.14439388 
1.29154967e-08 -3.82026681 -3.63499339 -3.45829594 -3.30132960 -3.14439388 
1.00000000e-08 -3.82026681 -3.63499339 -3.45829594 -3.30132960 -3.14439388 
7.74263683e-09 -3.82026681 -3.63499339 -3.45829594 -3.30132960 -3.14439388 
5.99484250e-09 -3.82026681 -3.63499339 -3.45829594 -3.30132960 -3.14439388 
4.64158883e-09 -3.82026681 -3.63499339 -3.45829594 -3.30132960 -3.14439388 
3.59381366e-09 -3.82026681 -3.63499339 -3.45829594 -3.30132960 -3.14439388 
2.78255940e-09 -3.82026681 -3.63499339 -3.45829594 -3.30132960 -3.14439388 
2.15443469e-09 -3.82026681 -3.63499339 -3.45829594 -3.30132960 -3.14439388 
1.66810054e-09 -3.82026681 -3.63499339 -3.45829594 -3.30132960 -3.14439388 
1.29154967e-09 -3.82026681 -3.63499339 -3.45829594 -3.30132960 -3.14439388 
1.00000000e-09 -3.82026681 -3.63499339 -3.45829594 -3.30132960 -3.14439388 
7.74263683e-10 -3.82026681 -3.63499339 -3.45829594 -3.30132960 -3.14439388 
5.99484250e-10 -3.82026681 -3.63499339 -3.45829594 -3.30132960 -3.14439388 
4.64158883e-10 -3.82026681 -3.63499339 -3.45829594 -3.30132960 -3.14439388 
3.59381366e-10 -3.82026681 -3.63499339 -3.45829594 -3.30132960 -3.14439388 
2.78255940e-10 -3.82026681 -3.63499339 -3.45829594 -3.30132960 -3.14439388 
2.15443469e-10 -3.82026681 -3.63499339 -3.45829594 -3.30132960 -3.14439388 
1.66810054e-10 -3.82026681 -3.63499339 -3.45829594 -3.30132960 -3.14439388 
1.29154967e-10 -3.82026681 -3.63499339 -3.45829594 -3.30132960 -3.14439388 
1.00000000e-10 -3.82026681 -3.63499339 -3.45829594 -3.30132960 -3.14439388 
P (bar) | log_CH4: -2σ | log_CH4: -1σ | log_CH4: median | log_CH4: +1σ | log_CH4: +2σ 
1.00000000e+01 -4.65387711 -4.56722821 -4.48459822 -4.39757743 -4.31009996 
7.74263683e+00 -4.65387711 -4.56722821 -4.48459822 -4.39757743 -4.31009996 
5.99484250e+00 -4.65387711 -4.56722821 -4.48459822 -4.39757743 -4.31009996 
4.64158883e+00 -4.65387711 -4.56722821 -4.48459822 -4.39757743 -4.31009996 
3.59381366e+00 -4.65387711 -4.56722821 -4.48459822 -4.39757743 -4.31009996 
2.78255940e+00 -4.65387711 -4.56722821 -4.48459822 -4.39757743 -4.31009996 
2.15443469e+00 -4.65387711 -4.56722821 -4.48459822 -4.39757743 -4.31009996 
1.66810054e+00 -4.65387711 -4.56722821 -4.48459822 -4.39757743 -4.31009996 
1.29154967e+00 -4.65387711 -4.56722821 -4.48459822 -4.39757743 -4.31009996 
1.00000000e+00 -4.65387711 -4.56722821 -4.48459822 -4.39757743 -4.31009996 
7.74263683e-01 -4.65387711 -4.56722821 -4.48459822 -4.39757743 -4.31009996 
5.99484250e-01 -4.65387711 -4.56722821 -4.48459822 -4.39757743 -4.31009996 
4.64158883e-01 -4.65387711 -4.56722821 -4.48459822 -4.39757743 -4.31009996 
3.59381366e-01 -4.65387711 -4.56722821 -4.48459822 -4.39757743 -4.31009996 
2.78255940e-01 -4.65387711 -4.56722821 -4.48459822 -4.39757743 -4.31009996 
2.15443469e-01 -4.65387711 -4.56722821 -4.48459822 -4.39757743 -4.31009996 
1.66810054e-01 -4.65387711 -4.56722821 -4.48459822 -4.39757743 -4.31009996 
1.29154967e-01 -4.65387711 -4.56722821 -4.48459822 -4.39757743 -4.31009996 
1.00000000e-01 -4.65387711 -4.56722821 -4.48459822 -4.39757743 -4.31009996 
7.74263683e-02 -4.65387711 -4.56722821 -4.48459822 -4.39757743 -4.31009996 
5.99484250e-02 -4.65387711 -4.56722821 -4.48459822 -4.39757743 -4.31009996 
4.64158883e-02 -4.65387711 -4.56722821 -4.48459822 -4.39757743 -4.31009996 
3.59381366e-02 -4.65387711 -4.56722821 -4.48459822 -4.39757743 -4.31009996 
2.78255940e-02 -4.65387711 -4.56722821 -4.48459822 -4.39757743 -4.31009996 
2.15443469e-02 -4.65387711 -4.56722821 -4.48459822 -4.39757743 -4.31009996 
1.66810054e-02 -4.65387711 -4.56722821 -4.48459822 -4.39757743 -4.31009996 
1.29154967e-02 -4.65387711 -4.56722821 -4.48459822 -4.39757743 -4.31009996 
1.00000000e-02 -4.65387711 -4.56722821 -4.48459822 -4.39757743 -4.31009996 
7.74263683e-03 -4.65387711 -4.56722821 -4.48459822 -4.39757743 -4.31009996 
5.99484250e-03 -4.65387711 -4.56722821 -4.48459822 -4.39757743 -4.31009996 
4.64158883e-03 -4.65387711 -4.56722821 -4.48459822 -4.39757743 -4.31009996 
3.59381366e-03 -4.65387711 -4.56722821 -4.48459822 -4.39757743 -4.31009996 
2.78255940e-03 -4.65387711 -4.56722821 -4.48459822 -4.39757743 -4.31009996 
2.15443469e-03 -4.65387711 -4.56722821 -4.48459822 -4.39757743 -4.31009996 
1.66810054e-03 -4.65387711 -4.56722821 -4.48459822 -4.39757743 -4.31009996 
1.29154967e-03 -4.65387711 -4.56722821 -4.48459822 -4.39757743 -4.31009996 
1.00000000e-03 -4.65387711 -4.56722821 -4.48459822 -4.39757743 -4.31009996 
7.74263683e-04 -4.65387711 -4.56722821 -4.48459822 -4.39757743 -4.31009996 
5.99484250e-04 -4.65387711 -4.56722821 -4.48459822 -4.39757743 -4.31009996 
4.64158883e-04 -4.65387711 -4.56722821 -4.48459822 -4.39757743 -4.31009996 
3.59381366e-04 -4.65387711 -4.56722821 -4.48459822 -4.39757743 -4.31009996 
2.78255940e-04 -4.65387711 -4.56722821 -4.48459822 -4.39757743 -4.31009996 
2.15443469e-04 -4.65387711 -4.56722821 -4.48459822 -4.39757743 -4.31009996 
1.66810054e-04 -4.65387711 -4.56722821 -4.48459822 -4.39757743 -4.31009996 
1.29154967e-04 -4.65387711 -4.56722821 -4.48459822 -4.39757743 -4.31009996 
1.00000000e-04 -4.65387711 -4.56722821 -4.48459822 -4.39757743 -4.31009996 
7.74263683e-05 -4.65387711 -4.56722821 -4.48459822 -4.39757743 -4.31009996 
5.99484250e-05 -4.65387711 -4.56722821 -4.48459822 -4.39757743 -4.31009996 
4.64158883e-05 -4.65387711 -4.56722821 -4.48459822 -4.39757743 -4.31009996 
3.59381366e-05 -4.65387711 -4.56722821 -4.48459822 -4.39757743 -4.31009996 
2.78255940e-05 -4.65387711 -4.56722821 -4.48459822 -4.39757743 -4.31009996 
2.15443469e-05 -4.65387711 -4.56722821 -4.48459822 -4.39757743 -4.31009996 
1.66810054e-05 -4.65387711 -4.56722821 -4.48459822 -4.39757743 -4.31009996 
1.29154967e-05 -4.65387711 -4.56722821 -4.48459822 -4.39757743 -4.31009996 
1.00000000e-05 -4.65387711 -4.56722821 -4.48459822 -4.39757743 -4.31009996 
7.74263683e-06 -4.65387711 -4.56722821 -4.48459822 -4.39757743 -4.31009996 
5.99484250e-06 -4.65387711 -4.56722821 -4.48459822 -4.39757743 -4.31009996 
4.64158883e-06 -4.65387711 -4.56722821 -4.48459822 -4.39757743 -4.31009996 
3.59381366e-06 -4.65387711 -4.56722821 -4.48459822 -4.39757743 -4.31009996 
2.78255940e-06 -4.65387711 -4.56722821 -4.48459822 -4.39757743 -4.31009996 
2.15443469e-06 -4.65387711 -4.56722821 -4.48459822 -4.39757743 -4.31009996 
1.66810054e-06 -4.65387711 -4.56722821 -4.48459822 -4.39757743 -4.31009996 
1.29154967e-06 -4.65387711 -4.56722821 -4.48459822 -4.39757743 -4.31009996 
1.00000000e-06 -4.65387711 -4.56722821 -4.48459822 -4.39757743 -4.31009996 
7.74263683e-07 -4.65387711 -4.56722821 -4.48459822 -4.39757743 -4.31009996 
5.99484250e-07 -4.65387711 -4.56722821 -4.48459822 -4.39757743 -4.31009996 
4.64158883e-07 -4.65387711 -4.56722821 -4.48459822 -4.39757743 -4.31009996 
3.59381366e-07 -4.65387711 -4.56722821 -4.48459822 -4.39757743 -4.31009996 
2.78255940e-07 -4.65387711 -4.56722821 -4.48459822 -4.39757743 -4.31009996 
2.15443469e-07 -4.65387711 -4.56722821 -4.48459822 -4.39757743 -4.31009996 
1.66810054e-07 -4.65387711 -4.56722821 -4.48459822 -4.39757743 -4.31009996 
1.29154967e-07 -4.65387711 -4.56722821 -4.48459822 -4.39757743 -4.31009996 
1.00000000e-07 -4.65387711 -4.56722821 -4.48459822 -4.39757743 -4.31009996 
7.74263683e-08 -4.65387711 -4.56722821 -4.48459822 -4.39757743 -4.31009996 
5.99484250e-08 -4.65387711 -4.56722821 -4.48459822 -4.39757743 -4.31009996 
4.64158883e-08 -4.65387711 -4.56722821 -4.48459822 -4.39757743 -4.31009996 
3.59381366e-08 -4.65387711 -4.56722821 -4.48459822 -4.39757743 -4.31009996 
2.78255940e-08 -4.65387711 -4.56722821 -4.48459822 -4.39757743 -4.31009996 
2.15443469e-08 -4.65387711 -4.56722821 -4.48459822 -4.39757743 -4.31009996 
1.66810054e-08 -4.65387711 -4.56722821 -4.48459822 -4.39757743 -4.31009996 
1.29154967e-08 -4.65387711 -4.56722821 -4.48459822 -4.39757743 -4.31009996 
1.00000000e-08 -4.65387711 -4.56722821 -4.48459822 -4.39757743 -4.31009996 
7.74263683e-09 -4.65387711 -4.56722821 -4.48459822 -4.39757743 -4.31009996 
5.99484250e-09 -4.65387711 -4.56722821 -4.48459822 -4.39757743 -4.31009996 
4.64158883e-09 -4.65387711 -4.56722821 -4.48459822 -4.39757743 -4.31009996 
3.59381366e-09 -4.65387711 -4.56722821 -4.48459822 -4.39757743 -4.31009996 
2.78255940e-09 -4.65387711 -4.56722821 -4.48459822 -4.39757743 -4.31009996 
2.15443469e-09 -4.65387711 -4.56722821 -4.48459822 -4.39757743 -4.31009996 
1.66810054e-09 -4.65387711 -4.56722821 -4.48459822 -4.39757743 -4.31009996 
1.29154967e-09 -4.65387711 -4.56722821 -4.48459822 -4.39757743 -4.31009996 
1.00000000e-09 -4.65387711 -4.56722821 -4.48459822 -4.39757743 -4.31009996 
7.74263683e-10 -4.65387711 -4.56722821 -4.48459822 -4.39757743 -4.31009996 
5.99484250e-10 -4.65387711 -4.56722821 -4.48459822 -4.39757743 -4.31009996 
4.64158883e-10 -4.65387711 -4.56722821 -4.48459822 -4.39757743 -4.31009996 
3.59381366e-10 -4.65387711 -4.56722821 -4.48459822 -4.39757743 -4.31009996 
2.78255940e-10 -4.65387711 -4.56722821 -4.48459822 -4.39757743 -4.31009996 
2.15443469e-10 -4.65387711 -4.56722821 -4.48459822 -4.39757743 -4.31009996 
1.66810054e-10 -4.65387711 -4.56722821 -4.48459822 -4.39757743 -4.31009996 
1.29154967e-10 -4.65387711 -4.56722821 -4.48459822 -4.39757743 -4.31009996 
1.00000000e-10 -4.65387711 -4.56722821 -4.48459822 -4.39757743 -4.31009996 
P (bar) | log_O2: -2σ | log_O2: -1σ | log_O2: median | log_O2: +1σ | log_O2: +2σ 
1.00000000e+01 -1.24990100 -1.13228061 -1.05411385 -1.01438377 -1.00168085 
7.74263683e+00 -1.24990100 -1.13228061 -1.05411385 -1.01438377 -1.00168085 
5.99484250e+00 -1.24990100 -1.13228061 -1.05411385 -1.01438377 -1.00168085 
4.64158883e+00 -1.24990100 -1.13228061 -1.05411385 -1.01438377 -1.00168085 
3.59381366e+00 -1.24990100 -1.13228061 -1.05411385 -1.01438377 -1.00168085 
2.78255940e+00 -1.24990100 -1.13228061 -1.05411385 -1.01438377 -1.00168085 
2.15443469e+00 -1.24990100 -1.13228061 -1.05411385 -1.01438377 -1.00168085 
1.66810054e+00 -1.24990100 -1.13228061 -1.05411385 -1.01438377 -1.00168085 
1.29154967e+00 -1.24990100 -1.13228061 -1.05411385 -1.01438377 -1.00168085 
1.00000000e+00 -1.24990100 -1.13228061 -1.05411385 -1.01438377 -1.00168085 
7.74263683e-01 -1.24990100 -1.13228061 -1.05411385 -1.01438377 -1.00168085 
5.99484250e-01 -1.24990100 -1.13228061 -1.05411385 -1.01438377 -1.00168085 
4.64158883e-01 -1.24990100 -1.13228061 -1.05411385 -1.01438377 -1.00168085 
3.59381366e-01 -1.24990100 -1.13228061 -1.05411385 -1.01438377 -1.00168085 
2.78255940e-01 -1.24990100 -1.13228061 -1.05411385 -1.01438377 -1.00168085 
2.15443469e-01 -1.24990100 -1.13228061 -1.05411385 -1.01438377 -1.00168085 
1.66810054e-01 -1.24990100 -1.13228061 -1.05411385 -1.01438377 -1.00168085 
1.29154967e-01 -1.24990100 -1.13228061 -1.05411385 -1.01438377 -1.00168085 
1.00000000e-01 -1.24990100 -1.13228061 -1.05411385 -1.01438377 -1.00168085 
7.74263683e-02 -1.24990100 -1.13228061 -1.05411385 -1.01438377 -1.00168085 
5.99484250e-02 -1.24990100 -1.13228061 -1.05411385 -1.01438377 -1.00168085 
4.64158883e-02 -1.24990100 -1.13228061 -1.05411385 -1.01438377 -1.00168085 
3.59381366e-02 -1.24990100 -1.13228061 -1.05411385 -1.01438377 -1.00168085 
2.78255940e-02 -1.24990100 -1.13228061 -1.05411385 -1.01438377 -1.00168085 
2.15443469e-02 -1.24990100 -1.13228061 -1.05411385 -1.01438377 -1.00168085 
1.66810054e-02 -1.24990100 -1.13228061 -1.05411385 -1.01438377 -1.00168085 
1.29154967e-02 -1.24990100 -1.13228061 -1.05411385 -1.01438377 -1.00168085 
1.00000000e-02 -1.24990100 -1.13228061 -1.05411385 -1.01438377 -1.00168085 
7.74263683e-03 -1.24990100 -1.13228061 -1.05411385 -1.01438377 -1.00168085 
5.99484250e-03 -1.24990100 -1.13228061 -1.05411385 -1.01438377 -1.00168085 
4.64158883e-03 -1.24990100 -1.13228061 -1.05411385 -1.01438377 -1.00168085 
3.59381366e-03 -1.24990100 -1.13228061 -1.05411385 -1.01438377 -1.00168085 
2.78255940e-03 -1.24990100 -1.13228061 -1.05411385 -1.01438377 -1.00168085 
2.15443469e-03 -1.24990100 -1.13228061 -1.05411385 -1.01438377 -1.00168085 
1.66810054e-03 -1.24990100 -1.13228061 -1.05411385 -1.01438377 -1.00168085 
1.29154967e-03 -1.24990100 -1.13228061 -1.05411385 -1.01438377 -1.00168085 
1.00000000e-03 -1.24990100 -1.13228061 -1.05411385 -1.01438377 -1.00168085 
7.74263683e-04 -1.24990100 -1.13228061 -1.05411385 -1.01438377 -1.00168085 
5.99484250e-04 -1.24990100 -1.13228061 -1.05411385 -1.01438377 -1.00168085 
4.64158883e-04 -1.24990100 -1.13228061 -1.05411385 -1.01438377 -1.00168085 
3.59381366e-04 -1.24990100 -1.13228061 -1.05411385 -1.01438377 -1.00168085 
2.78255940e-04 -1.24990100 -1.13228061 -1.05411385 -1.01438377 -1.00168085 
2.15443469e-04 -1.24990100 -1.13228061 -1.05411385 -1.01438377 -1.00168085 
1.66810054e-04 -1.24990100 -1.13228061 -1.05411385 -1.01438377 -1.00168085 
1.29154967e-04 -1.24990100 -1.13228061 -1.05411385 -1.01438377 -1.00168085 
1.00000000e-04 -1.24990100 -1.13228061 -1.05411385 -1.01438377 -1.00168085 
7.74263683e-05 -1.24990100 -1.13228061 -1.05411385 -1.01438377 -1.00168085 
5.99484250e-05 -1.24990100 -1.13228061 -1.05411385 -1.01438377 -1.00168085 
4.64158883e-05 -1.24990100 -1.13228061 -1.05411385 -1.01438377 -1.00168085 
3.59381366e-05 -1.24990100 -1.13228061 -1.05411385 -1.01438377 -1.00168085 
2.78255940e-05 -1.24990100 -1.13228061 -1.05411385 -1.01438377 -1.00168085 
2.15443469e-05 -1.24990100 -1.13228061 -1.05411385 -1.01438377 -1.00168085 
1.66810054e-05 -1.24990100 -1.13228061 -1.05411385 -1.01438377 -1.00168085 
1.29154967e-05 -1.24990100 -1.13228061 -1.05411385 -1.01438377 -1.00168085 
1.00000000e-05 -1.24990100 -1.13228061 -1.05411385 -1.01438377 -1.00168085 
7.74263683e-06 -1.24990100 -1.13228061 -1.05411385 -1.01438377 -1.00168085 
5.99484250e-06 -1.24990100 -1.13228061 -1.05411385 -1.01438377 -1.00168085 
4.64158883e-06 -1.24990100 -1.13228061 -1.05411385 -1.01438377 -1.00168085 
3.59381366e-06 -1.24990100 -1.13228061 -1.05411385 -1.01438377 -1.00168085 
2.78255940e-06 -1.24990100 -1.13228061 -1.05411385 -1.01438377 -1.00168085 
2.15443469e-06 -1.24990100 -1.13228061 -1.05411385 -1.01438377 -1.00168085 
1.66810054e-06 -1.24990100 -1.13228061 -1.05411385 -1.01438377 -1.00168085 
1.29154967e-06 -1.24990100 -1.13228061 -1.05411385 -1.01438377 -1.00168085 
1.00000000e-06 -1.24990100 -1.13228061 -1.05411385 -1.01438377 -1.00168085 
7.74263683e-07 -1.24990100 -1.13228061 -1.05411385 -1.01438377 -1.00168085 
5.99484250e-07 -1.24990100 -1.13228061 -1.05411385 -1.01438377 -1.00168085 
4.64158883e-07 -1.24990100 -1.13228061 -1.05411385 -1.01438377 -1.00168085 
3.59381366e-07 -1.24990100 -1.13228061 -1.05411385 -1.01438377 -1.00168085 
2.78255940e-07 -1.24990100 -1.13228061 -1.05411385 -1.01438377 -1.00168085 
2.15443469e-07 -1.24990100 -1.13228061 -1.05411385 -1.01438377 -1.00168085 
1.66810054e-07 -1.24990100 -1.13228061 -1.05411385 -1.01438377 -1.00168085 
1.29154967e-07 -1.24990100 -1.13228061 -1.05411385 -1.01438377 -1.00168085 
1.00000000e-07 -1.24990100 -1.13228061 -1.05411385 -1.01438377 -1.00168085 
7.74263683e-08 -1.24990100 -1.13228061 -1.05411385 -1.01438377 -1.00168085 
5.99484250e-08 -1.24990100 -1.13228061 -1.05411385 -1.01438377 -1.00168085 
4.64158883e-08 -1.24990100 -1.13228061 -1.05411385 -1.01438377 -1.00168085 
3.59381366e-08 -1.24990100 -1.13228061 -1.05411385 -1.01438377 -1.00168085 
2.78255940e-08 -1.24990100 -1.13228061 -1.05411385 -1.01438377 -1.00168085 
2.15443469e-08 -1.24990100 -1.13228061 -1.05411385 -1.01438377 -1.00168085 
1.66810054e-08 -1.24990100 -1.13228061 -1.05411385 -1.01438377 -1.00168085 
1.29154967e-08 -1.24990100 -1.13228061 -1.05411385 -1.01438377 -1.00168085 
1.00000000e-08 -1.24990100 -1.13228061 -1.05411385 -1.01438377 -1.00168085 
7.74263683e-09 -1.24990100 -1.13228061 -1.05411385 -1.01438377 -1.00168085 
5.99484250e-09 -1.24990100 -1.13228061 -1.05411385 -1.01438377 -1.00168085 
4.64158883e-09 -1.24990100 -1.13228061 -1.05411385 -1.01438377 -1.00168085 
3.59381366e-09 -1.24990100 -1.13228061 -1.05411385 -1.01438377 -1.00168085 
2.78255940e-09 -1.24990100 -1.13228061 -1.05411385 -1.01438377 -1.00168085 
2.15443469e-09 -1.24990100 -1.13228061 -1.05411385 -1.01438377 -1.00168085 
1.66810054e-09 -1.24990100 -1.13228061 -1.05411385 -1.01438377 -1.00168085 
1.29154967e-09 -1.24990100 -1.13228061 -1.05411385 -1.01438377 -1.00168085 
1.00000000e-09 -1.24990100 -1.13228061 -1.05411385 -1.01438377 -1.00168085 
7.74263683e-10 -1.24990100 -1.13228061 -1.05411385 -1.01438377 -1.00168085 
5.99484250e-10 -1.24990100 -1.13228061 -1.05411385 -1.01438377 -1.00168085 
4.64158883e-10 -1.24990100 -1.13228061 -1.05411385 -1.01438377 -1.00168085 
3.59381366e-10 -1.24990100 -1.13228061 -1.05411385 -1.01438377 -1.00168085 
2.78255940e-10 -1.24990100 -1.13228061 -1.05411385 -1.01438377 -1.00168085 
2.15443469e-10 -1.24990100 -1.13228061 -1.05411385 -1.01438377 -1.00168085 
1.66810054e-10 -1.24990100 -1.13228061 -1.05411385 -1.01438377 -1.00168085 
1.29154967e-10 -1.24990100 -1.13228061 -1.05411385 -1.01438377 -1.00168085 
1.00000000e-10 -1.24990100 -1.13228061 -1.05411385 -1.01438377 -1.00168085 
P (bar) | log_O3: -2σ | log_O3: -1σ | log_O3: median | log_O3: +1σ | log_O3: +2σ 
1.00000000e+01 -9.98218324 -9.83860471 -9.47944398 -8.94128818 -8.36034327 
7.74263683e+00 -9.98218324 -9.83860471 -9.47944398 -8.94128818 -8.36034327 
5.99484250e+00 -9.98218324 -9.83860471 -9.47944398 -8.94128818 -8.36034327 
4.64158883e+00 -9.98218324 -9.83860471 -9.47944398 -8.94128818 -8.36034327 
3.59381366e+00 -9.98218324 -9.83860471 -9.47944398 -8.94128818 -8.36034327 
2.78255940e+00 -9.98218324 -9.83860471 -9.47944398 -8.94128818 -8.36034327 
2.15443469e+00 -9.98218324 -9.83860471 -9.47944398 -8.94128818 -8.36034327 
1.66810054e+00 -9.98218324 -9.83860471 -9.47944398 -8.94128818 -8.36034327 
1.29154967e+00 -9.98218324 -9.83860471 -9.47944398 -8.94128818 -8.36034327 
1.00000000e+00 -9.98218324 -9.83860471 -9.47944398 -8.94128818 -8.36034327 
7.74263683e-01 -9.98218324 -9.83860471 -9.47944398 -8.94128818 -8.36034327 
5.99484250e-01 -9.98218324 -9.83860471 -9.47944398 -8.94128818 -8.36034327 
4.64158883e-01 -9.98218324 -9.83860471 -9.47944398 -8.94128818 -8.36034327 
3.59381366e-01 -9.98218324 -9.83860471 -9.47944398 -8.94128818 -8.36034327 
2.78255940e-01 -9.98218324 -9.83860471 -9.47944398 -8.94128818 -8.36034327 
2.15443469e-01 -9.98218324 -9.83860471 -9.47944398 -8.94128818 -8.36034327 
1.66810054e-01 -9.98218324 -9.83860471 -9.47944398 -8.94128818 -8.36034327 
1.29154967e-01 -9.98218324 -9.83860471 -9.47944398 -8.94128818 -8.36034327 
1.00000000e-01 -9.98218324 -9.83860471 -9.47944398 -8.94128818 -8.36034327 
7.74263683e-02 -9.98218324 -9.83860471 -9.47944398 -8.94128818 -8.36034327 
5.99484250e-02 -9.98218324 -9.83860471 -9.47944398 -8.94128818 -8.36034327 
4.64158883e-02 -9.98218324 -9.83860471 -9.47944398 -8.94128818 -8.36034327 
3.59381366e-02 -9.98218324 -9.83860471 -9.47944398 -8.94128818 -8.36034327 
2.78255940e-02 -9.98218324 -9.83860471 -9.47944398 -8.94128818 -8.36034327 
2.15443469e-02 -9.98218324 -9.83860471 -9.47944398 -8.94128818 -8.36034327 
1.66810054e-02 -9.98218324 -9.83860471 -9.47944398 -8.94128818 -8.36034327 
1.29154967e-02 -9.98218324 -9.83860471 -9.47944398 -8.94128818 -8.36034327 
1.00000000e-02 -9.98218324 -9.83860471 -9.47944398 -8.94128818 -8.36034327 
7.74263683e-03 -9.98218324 -9.83860471 -9.47944398 -8.94128818 -8.36034327 
5.99484250e-03 -9.98218324 -9.83860471 -9.47944398 -8.94128818 -8.36034327 
4.64158883e-03 -9.98218324 -9.83860471 -9.47944398 -8.94128818 -8.36034327 
3.59381366e-03 -9.98218324 -9.83860471 -9.47944398 -8.94128818 -8.36034327 
2.78255940e-03 -9.98218324 -9.83860471 -9.47944398 -8.94128818 -8.36034327 
2.15443469e-03 -9.98218324 -9.83860471 -9.47944398 -8.94128818 -8.36034327 
1.66810054e-03 -9.98218324 -9.83860471 -9.47944398 -8.94128818 -8.36034327 
1.29154967e-03 -9.98218324 -9.83860471 -9.47944398 -8.94128818 -8.36034327 
1.00000000e-03 -9.98218324 -9.83860471 -9.47944398 -8.94128818 -8.36034327 
7.74263683e-04 -9.98218324 -9.83860471 -9.47944398 -8.94128818 -8.36034327 
5.99484250e-04 -9.98218324 -9.83860471 -9.47944398 -8.94128818 -8.36034327 
4.64158883e-04 -9.98218324 -9.83860471 -9.47944398 -8.94128818 -8.36034327 
3.59381366e-04 -9.98218324 -9.83860471 -9.47944398 -8.94128818 -8.36034327 
2.78255940e-04 -9.98218324 -9.83860471 -9.47944398 -8.94128818 -8.36034327 
2.15443469e-04 -9.98218324 -9.83860471 -9.47944398 -8.94128818 -8.36034327 
1.66810054e-04 -9.98218324 -9.83860471 -9.47944398 -8.94128818 -8.36034327 
1.29154967e-04 -9.98218324 -9.83860471 -9.47944398 -8.94128818 -8.36034327 
1.00000000e-04 -9.98218324 -9.83860471 -9.47944398 -8.94128818 -8.36034327 
7.74263683e-05 -9.98218324 -9.83860471 -9.47944398 -8.94128818 -8.36034327 
5.99484250e-05 -9.98218324 -9.83860471 -9.47944398 -8.94128818 -8.36034327 
4.64158883e-05 -9.98218324 -9.83860471 -9.47944398 -8.94128818 -8.36034327 
3.59381366e-05 -9.98218324 -9.83860471 -9.47944398 -8.94128818 -8.36034327 
2.78255940e-05 -9.98218324 -9.83860471 -9.47944398 -8.94128818 -8.36034327 
2.15443469e-05 -9.98218324 -9.83860471 -9.47944398 -8.94128818 -8.36034327 
1.66810054e-05 -9.98218324 -9.83860471 -9.47944398 -8.94128818 -8.36034327 
1.29154967e-05 -9.98218324 -9.83860471 -9.47944398 -8.94128818 -8.36034327 
1.00000000e-05 -9.98218324 -9.83860471 -9.47944398 -8.94128818 -8.36034327 
7.74263683e-06 -9.98218324 -9.83860471 -9.47944398 -8.94128818 -8.36034327 
5.99484250e-06 -9.98218324 -9.83860471 -9.47944398 -8.94128818 -8.36034327 
4.64158883e-06 -9.98218324 -9.83860471 -9.47944398 -8.94128818 -8.36034327 
3.59381366e-06 -9.98218324 -9.83860471 -9.47944398 -8.94128818 -8.36034327 
2.78255940e-06 -9.98218324 -9.83860471 -9.47944398 -8.94128818 -8.36034327 
2.15443469e-06 -9.98218324 -9.83860471 -9.47944398 -8.94128818 -8.36034327 
1.66810054e-06 -9.98218324 -9.83860471 -9.47944398 -8.94128818 -8.36034327 
1.29154967e-06 -9.98218324 -9.83860471 -9.47944398 -8.94128818 -8.36034327 
1.00000000e-06 -9.98218324 -9.83860471 -9.47944398 -8.94128818 -8.36034327 
7.74263683e-07 -9.98218324 -9.83860471 -9.47944398 -8.94128818 -8.36034327 
5.99484250e-07 -9.98218324 -9.83860471 -9.47944398 -8.94128818 -8.36034327 
4.64158883e-07 -9.98218324 -9.83860471 -9.47944398 -8.94128818 -8.36034327 
3.59381366e-07 -9.98218324 -9.83860471 -9.47944398 -8.94128818 -8.36034327 
2.78255940e-07 -9.98218324 -9.83860471 -9.47944398 -8.94128818 -8.36034327 
2.15443469e-07 -9.98218324 -9.83860471 -9.47944398 -8.94128818 -8.36034327 
1.66810054e-07 -9.98218324 -9.83860471 -9.47944398 -8.94128818 -8.36034327 
1.29154967e-07 -9.98218324 -9.83860471 -9.47944398 -8.94128818 -8.36034327 
1.00000000e-07 -9.98218324 -9.83860471 -9.47944398 -8.94128818 -8.36034327 
7.74263683e-08 -9.98218324 -9.83860471 -9.47944398 -8.94128818 -8.36034327 
5.99484250e-08 -9.98218324 -9.83860471 -9.47944398 -8.94128818 -8.36034327 
4.64158883e-08 -9.98218324 -9.83860471 -9.47944398 -8.94128818 -8.36034327 
3.59381366e-08 -9.98218324 -9.83860471 -9.47944398 -8.94128818 -8.36034327 
2.78255940e-08 -9.98218324 -9.83860471 -9.47944398 -8.94128818 -8.36034327 
2.15443469e-08 -9.98218324 -9.83860471 -9.47944398 -8.94128818 -8.36034327 
1.66810054e-08 -9.98218324 -9.83860471 -9.47944398 -8.94128818 -8.36034327 
1.29154967e-08 -9.98218324 -9.83860471 -9.47944398 -8.94128818 -8.36034327 
1.00000000e-08 -9.98218324 -9.83860471 -9.47944398 -8.94128818 -8.36034327 
7.74263683e-09 -9.98218324 -9.83860471 -9.47944398 -8.94128818 -8.36034327 
5.99484250e-09 -9.98218324 -9.83860471 -9.47944398 -8.94128818 -8.36034327 
4.64158883e-09 -9.98218324 -9.83860471 -9.47944398 -8.94128818 -8.36034327 
3.59381366e-09 -9.98218324 -9.83860471 -9.47944398 -8.94128818 -8.36034327 
2.78255940e-09 -9.98218324 -9.83860471 -9.47944398 -8.94128818 -8.36034327 
2.15443469e-09 -9.98218324 -9.83860471 -9.47944398 -8.94128818 -8.36034327 
1.66810054e-09 -9.98218324 -9.83860471 -9.47944398 -8.94128818 -8.36034327 
1.29154967e-09 -9.98218324 -9.83860471 -9.47944398 -8.94128818 -8.36034327 
1.00000000e-09 -9.98218324 -9.83860471 -9.47944398 -8.94128818 -8.36034327 
7.74263683e-10 -9.98218324 -9.83860471 -9.47944398 -8.94128818 -8.36034327 
5.99484250e-10 -9.98218324 -9.83860471 -9.47944398 -8.94128818 -8.36034327 
4.64158883e-10 -9.98218324 -9.83860471 -9.47944398 -8.94128818 -8.36034327 
3.59381366e-10 -9.98218324 -9.83860471 -9.47944398 -8.94128818 -8.36034327 
2.78255940e-10 -9.98218324 -9.83860471 -9.47944398 -8.94128818 -8.36034327 
2.15443469e-10 -9.98218324 -9.83860471 -9.47944398 -8.94128818 -8.36034327 
1.66810054e-10 -9.98218324 -9.83860471 -9.47944398 -8.94128818 -8.36034327 
1.29154967e-10 -9.98218324 -9.83860471 -9.47944398 -8.94128818 -8.36034327 
1.00000000e-10 -9.98218324 -9.83860471 -9.47944398 -8.94128818 -8.36034327 
P (bar) | log_N2O: -2σ | log_N2O: -1σ | log_N2O: median | log_N2O: +1σ | log_N2O: +2σ 
1.00000000e+01 -6.47494516 -6.17526937 -5.91823696 -5.67809379 -5.47776731 
7.74263683e+00 -6.47494516 -6.17526937 -5.91823696 -5.67809379 -5.47776731 
5.99484250e+00 -6.47494516 -6.17526937 -5.91823696 -5.67809379 -5.47776731 
4.64158883e+00 -6.47494516 -6.17526937 -5.91823696 -5.67809379 -5.47776731 
3.59381366e+00 -6.47494516 -6.17526937 -5.91823696 -5.67809379 -5.47776731 
2.78255940e+00 -6.47494516 -6.17526937 -5.91823696 -5.67809379 -5.47776731 
2.15443469e+00 -6.47494516 -6.17526937 -5.91823696 -5.67809379 -5.47776731 
1.66810054e+00 -6.47494516 -6.17526937 -5.91823696 -5.67809379 -5.47776731 
1.29154967e+00 -6.47494516 -6.17526937 -5.91823696 -5.67809379 -5.47776731 
1.00000000e+00 -6.47494516 -6.17526937 -5.91823696 -5.67809379 -5.47776731 
7.74263683e-01 -6.47494516 -6.17526937 -5.91823696 -5.67809379 -5.47776731 
5.99484250e-01 -6.47494516 -6.17526937 -5.91823696 -5.67809379 -5.47776731 
4.64158883e-01 -6.47494516 -6.17526937 -5.91823696 -5.67809379 -5.47776731 
3.59381366e-01 -6.47494516 -6.17526937 -5.91823696 -5.67809379 -5.47776731 
2.78255940e-01 -6.47494516 -6.17526937 -5.91823696 -5.67809379 -5.47776731 
2.15443469e-01 -6.47494516 -6.17526937 -5.91823696 -5.67809379 -5.47776731 
1.66810054e-01 -6.47494516 -6.17526937 -5.91823696 -5.67809379 -5.47776731 
1.29154967e-01 -6.47494516 -6.17526937 -5.91823696 -5.67809379 -5.47776731 
1.00000000e-01 -6.47494516 -6.17526937 -5.91823696 -5.67809379 -5.47776731 
7.74263683e-02 -6.47494516 -6.17526937 -5.91823696 -5.67809379 -5.47776731 
5.99484250e-02 -6.47494516 -6.17526937 -5.91823696 -5.67809379 -5.47776731 
4.64158883e-02 -6.47494516 -6.17526937 -5.91823696 -5.67809379 -5.47776731 
3.59381366e-02 -6.47494516 -6.17526937 -5.91823696 -5.67809379 -5.47776731 
2.78255940e-02 -6.47494516 -6.17526937 -5.91823696 -5.67809379 -5.47776731 
2.15443469e-02 -6.47494516 -6.17526937 -5.91823696 -5.67809379 -5.47776731 
1.66810054e-02 -6.47494516 -6.17526937 -5.91823696 -5.67809379 -5.47776731 
1.29154967e-02 -6.47494516 -6.17526937 -5.91823696 -5.67809379 -5.47776731 
1.00000000e-02 -6.47494516 -6.17526937 -5.91823696 -5.67809379 -5.47776731 
7.74263683e-03 -6.47494516 -6.17526937 -5.91823696 -5.67809379 -5.47776731 
5.99484250e-03 -6.47494516 -6.17526937 -5.91823696 -5.67809379 -5.47776731 
4.64158883e-03 -6.47494516 -6.17526937 -5.91823696 -5.67809379 -5.47776731 
3.59381366e-03 -6.47494516 -6.17526937 -5.91823696 -5.67809379 -5.47776731 
2.78255940e-03 -6.47494516 -6.17526937 -5.91823696 -5.67809379 -5.47776731 
2.15443469e-03 -6.47494516 -6.17526937 -5.91823696 -5.67809379 -5.47776731 
1.66810054e-03 -6.47494516 -6.17526937 -5.91823696 -5.67809379 -5.47776731 
1.29154967e-03 -6.47494516 -6.17526937 -5.91823696 -5.67809379 -5.47776731 
1.00000000e-03 -6.47494516 -6.17526937 -5.91823696 -5.67809379 -5.47776731 
7.74263683e-04 -6.47494516 -6.17526937 -5.91823696 -5.67809379 -5.47776731 
5.99484250e-04 -6.47494516 -6.17526937 -5.91823696 -5.67809379 -5.47776731 
4.64158883e-04 -6.47494516 -6.17526937 -5.91823696 -5.67809379 -5.47776731 
3.59381366e-04 -6.47494516 -6.17526937 -5.91823696 -5.67809379 -5.47776731 
2.78255940e-04 -6.47494516 -6.17526937 -5.91823696 -5.67809379 -5.47776731 
2.15443469e-04 -6.47494516 -6.17526937 -5.91823696 -5.67809379 -5.47776731 
1.66810054e-04 -6.47494516 -6.17526937 -5.91823696 -5.67809379 -5.47776731 
1.29154967e-04 -6.47494516 -6.17526937 -5.91823696 -5.67809379 -5.47776731 
1.00000000e-04 -6.47494516 -6.17526937 -5.91823696 -5.67809379 -5.47776731 
7.74263683e-05 -6.47494516 -6.17526937 -5.91823696 -5.67809379 -5.47776731 
5.99484250e-05 -6.47494516 -6.17526937 -5.91823696 -5.67809379 -5.47776731 
4.64158883e-05 -6.47494516 -6.17526937 -5.91823696 -5.67809379 -5.47776731 
3.59381366e-05 -6.47494516 -6.17526937 -5.91823696 -5.67809379 -5.47776731 
2.78255940e-05 -6.47494516 -6.17526937 -5.91823696 -5.67809379 -5.47776731 
2.15443469e-05 -6.47494516 -6.17526937 -5.91823696 -5.67809379 -5.47776731 
1.66810054e-05 -6.47494516 -6.17526937 -5.91823696 -5.67809379 -5.47776731 
1.29154967e-05 -6.47494516 -6.17526937 -5.91823696 -5.67809379 -5.47776731 
1.00000000e-05 -6.47494516 -6.17526937 -5.91823696 -5.67809379 -5.47776731 
7.74263683e-06 -6.47494516 -6.17526937 -5.91823696 -5.67809379 -5.47776731 
5.99484250e-06 -6.47494516 -6.17526937 -5.91823696 -5.67809379 -5.47776731 
4.64158883e-06 -6.47494516 -6.17526937 -5.91823696 -5.67809379 -5.47776731 
3.59381366e-06 -6.47494516 -6.17526937 -5.91823696 -5.67809379 -5.47776731 
2.78255940e-06 -6.47494516 -6.17526937 -5.91823696 -5.67809379 -5.47776731 
2.15443469e-06 -6.47494516 -6.17526937 -5.91823696 -5.67809379 -5.47776731 
1.66810054e-06 -6.47494516 -6.17526937 -5.91823696 -5.67809379 -5.47776731 
1.29154967e-06 -6.47494516 -6.17526937 -5.91823696 -5.67809379 -5.47776731 
1.00000000e-06 -6.47494516 -6.17526937 -5.91823696 -5.67809379 -5.47776731 
7.74263683e-07 -6.47494516 -6.17526937 -5.91823696 -5.67809379 -5.47776731 
5.99484250e-07 -6.47494516 -6.17526937 -5.91823696 -5.67809379 -5.47776731 
4.64158883e-07 -6.47494516 -6.17526937 -5.91823696 -5.67809379 -5.47776731 
3.59381366e-07 -6.47494516 -6.17526937 -5.91823696 -5.67809379 -5.47776731 
2.78255940e-07 -6.47494516 -6.17526937 -5.91823696 -5.67809379 -5.47776731 
2.15443469e-07 -6.47494516 -6.17526937 -5.91823696 -5.67809379 -5.47776731 
1.66810054e-07 -6.47494516 -6.17526937 -5.91823696 -5.67809379 -5.47776731 
1.29154967e-07 -6.47494516 -6.17526937 -5.91823696 -5.67809379 -5.47776731 
1.00000000e-07 -6.47494516 -6.17526937 -5.91823696 -5.67809379 -5.47776731 
7.74263683e-08 -6.47494516 -6.17526937 -5.91823696 -5.67809379 -5.47776731 
5.99484250e-08 -6.47494516 -6.17526937 -5.91823696 -5.67809379 -5.47776731 
4.64158883e-08 -6.47494516 -6.17526937 -5.91823696 -5.67809379 -5.47776731 
3.59381366e-08 -6.47494516 -6.17526937 -5.91823696 -5.67809379 -5.47776731 
2.78255940e-08 -6.47494516 -6.17526937 -5.91823696 -5.67809379 -5.47776731 
2.15443469e-08 -6.47494516 -6.17526937 -5.91823696 -5.67809379 -5.47776731 
1.66810054e-08 -6.47494516 -6.17526937 -5.91823696 -5.67809379 -5.47776731 
1.29154967e-08 -6.47494516 -6.17526937 -5.91823696 -5.67809379 -5.47776731 
1.00000000e-08 -6.47494516 -6.17526937 -5.91823696 -5.67809379 -5.47776731 
7.74263683e-09 -6.47494516 -6.17526937 -5.91823696 -5.67809379 -5.47776731 
5.99484250e-09 -6.47494516 -6.17526937 -5.91823696 -5.67809379 -5.47776731 
4.64158883e-09 -6.47494516 -6.17526937 -5.91823696 -5.67809379 -5.47776731 
3.59381366e-09 -6.47494516 -6.17526937 -5.91823696 -5.67809379 -5.47776731 
2.78255940e-09 -6.47494516 -6.17526937 -5.91823696 -5.67809379 -5.47776731 
2.15443469e-09 -6.47494516 -6.17526937 -5.91823696 -5.67809379 -5.47776731 
1.66810054e-09 -6.47494516 -6.17526937 -5.91823696 -5.67809379 -5.47776731 
1.29154967e-09 -6.47494516 -6.17526937 -5.91823696 -5.67809379 -5.47776731 
1.00000000e-09 -6.47494516 -6.17526937 -5.91823696 -5.67809379 -5.47776731 
7.74263683e-10 -6.47494516 -6.17526937 -5.91823696 -5.67809379 -5.47776731 
5.99484250e-10 -6.47494516 -6.17526937 -5.91823696 -5.67809379 -5.47776731 
4.64158883e-10 -6.47494516 -6.17526937 -5.91823696 -5.67809379 -5.47776731 
3.59381366e-10 -6.47494516 -6.17526937 -5.91823696 -5.67809379 -5.47776731 
2.78255940e-10 -6.47494516 -6.17526937 -5.91823696 -5.67809379 -5.47776731 
2.15443469e-10 -6.47494516 -6.17526937 -5.91823696 -5.67809379 -5.47776731 
1.66810054e-10 -6.47494516 -6.17526937 -5.91823696 -5.67809379 -5.47776731 
1.29154967e-10 -6.47494516 -6.17526937 -5.91823696 -5.67809379 -5.47776731 
1.00000000e-10 -6.47494516 -6.17526937 -5.91823696 -5.67809379 -5.47776731 
P (bar) | log_NH3: -2σ | log_NH3: -1σ | log_NH3: median | log_NH3: +1σ | log_NH3: +2σ 
1.00000000e+01 -9.76376489 -8.81934785 -7.46773058 -6.92011296 -6.60242888 
7.74263683e+00 -9.76376489 -8.81934785 -7.46773058 -6.92011296 -6.60242888 
5.99484250e+00 -9.76376489 -8.81934785 -7.46773058 -6.92011296 -6.60242888 
4.64158883e+00 -9.76376489 -8.81934785 -7.46773058 -6.92011296 -6.60242888 
3.59381366e+00 -9.76376489 -8.81934785 -7.46773058 -6.92011296 -6.60242888 
2.78255940e+00 -9.76376489 -8.81934785 -7.46773058 -6.92011296 -6.60242888 
2.15443469e+00 -9.76376489 -8.81934785 -7.46773058 -6.92011296 -6.60242888 
1.66810054e+00 -9.76376489 -8.81934785 -7.46773058 -6.92011296 -6.60242888 
1.29154967e+00 -9.76376489 -8.81934785 -7.46773058 -6.92011296 -6.60242888 
1.00000000e+00 -9.76376489 -8.81934785 -7.46773058 -6.92011296 -6.60242888 
7.74263683e-01 -9.76376489 -8.81934785 -7.46773058 -6.92011296 -6.60242888 
5.99484250e-01 -9.76376489 -8.81934785 -7.46773058 -6.92011296 -6.60242888 
4.64158883e-01 -9.76376489 -8.81934785 -7.46773058 -6.92011296 -6.60242888 
3.59381366e-01 -9.76376489 -8.81934785 -7.46773058 -6.92011296 -6.60242888 
2.78255940e-01 -9.76376489 -8.81934785 -7.46773058 -6.92011296 -6.60242888 
2.15443469e-01 -9.76376489 -8.81934785 -7.46773058 -6.92011296 -6.60242888 
1.66810054e-01 -9.76376489 -8.81934785 -7.46773058 -6.92011296 -6.60242888 
1.29154967e-01 -9.76376489 -8.81934785 -7.46773058 -6.92011296 -6.60242888 
1.00000000e-01 -9.76376489 -8.81934785 -7.46773058 -6.92011296 -6.60242888 
7.74263683e-02 -9.76376489 -8.81934785 -7.46773058 -6.92011296 -6.60242888 
5.99484250e-02 -9.76376489 -8.81934785 -7.46773058 -6.92011296 -6.60242888 
4.64158883e-02 -9.76376489 -8.81934785 -7.46773058 -6.92011296 -6.60242888 
3.59381366e-02 -9.76376489 -8.81934785 -7.46773058 -6.92011296 -6.60242888 
2.78255940e-02 -9.76376489 -8.81934785 -7.46773058 -6.92011296 -6.60242888 
2.15443469e-02 -9.76376489 -8.81934785 -7.46773058 -6.92011296 -6.60242888 
1.66810054e-02 -9.76376489 -8.81934785 -7.46773058 -6.92011296 -6.60242888 
1.29154967e-02 -9.76376489 -8.81934785 -7.46773058 -6.92011296 -6.60242888 
1.00000000e-02 -9.76376489 -8.81934785 -7.46773058 -6.92011296 -6.60242888 
7.74263683e-03 -9.76376489 -8.81934785 -7.46773058 -6.92011296 -6.60242888 
5.99484250e-03 -9.76376489 -8.81934785 -7.46773058 -6.92011296 -6.60242888 
4.64158883e-03 -9.76376489 -8.81934785 -7.46773058 -6.92011296 -6.60242888 
3.59381366e-03 -9.76376489 -8.81934785 -7.46773058 -6.92011296 -6.60242888 
2.78255940e-03 -9.76376489 -8.81934785 -7.46773058 -6.92011296 -6.60242888 
2.15443469e-03 -9.76376489 -8.81934785 -7.46773058 -6.92011296 -6.60242888 
1.66810054e-03 -9.76376489 -8.81934785 -7.46773058 -6.92011296 -6.60242888 
1.29154967e-03 -9.76376489 -8.81934785 -7.46773058 -6.92011296 -6.60242888 
1.00000000e-03 -9.76376489 -8.81934785 -7.46773058 -6.92011296 -6.60242888 
7.74263683e-04 -9.76376489 -8.81934785 -7.46773058 -6.92011296 -6.60242888 
5.99484250e-04 -9.76376489 -8.81934785 -7.46773058 -6.92011296 -6.60242888 
4.64158883e-04 -9.76376489 -8.81934785 -7.46773058 -6.92011296 -6.60242888 
3.59381366e-04 -9.76376489 -8.81934785 -7.46773058 -6.92011296 -6.60242888 
2.78255940e-04 -9.76376489 -8.81934785 -7.46773058 -6.92011296 -6.60242888 
2.15443469e-04 -9.76376489 -8.81934785 -7.46773058 -6.92011296 -6.60242888 
1.66810054e-04 -9.76376489 -8.81934785 -7.46773058 -6.92011296 -6.60242888 
1.29154967e-04 -9.76376489 -8.81934785 -7.46773058 -6.92011296 -6.60242888 
1.00000000e-04 -9.76376489 -8.81934785 -7.46773058 -6.92011296 -6.60242888 
7.74263683e-05 -9.76376489 -8.81934785 -7.46773058 -6.92011296 -6.60242888 
5.99484250e-05 -9.76376489 -8.81934785 -7.46773058 -6.92011296 -6.60242888 
4.64158883e-05 -9.76376489 -8.81934785 -7.46773058 -6.92011296 -6.60242888 
3.59381366e-05 -9.76376489 -8.81934785 -7.46773058 -6.92011296 -6.60242888 
2.78255940e-05 -9.76376489 -8.81934785 -7.46773058 -6.92011296 -6.60242888 
2.15443469e-05 -9.76376489 -8.81934785 -7.46773058 -6.92011296 -6.60242888 
1.66810054e-05 -9.76376489 -8.81934785 -7.46773058 -6.92011296 -6.60242888 
1.29154967e-05 -9.76376489 -8.81934785 -7.46773058 -6.92011296 -6.60242888 
1.00000000e-05 -9.76376489 -8.81934785 -7.46773058 -6.92011296 -6.60242888 
7.74263683e-06 -9.76376489 -8.81934785 -7.46773058 -6.92011296 -6.60242888 
5.99484250e-06 -9.76376489 -8.81934785 -7.46773058 -6.92011296 -6.60242888 
4.64158883e-06 -9.76376489 -8.81934785 -7.46773058 -6.92011296 -6.60242888 
3.59381366e-06 -9.76376489 -8.81934785 -7.46773058 -6.92011296 -6.60242888 
2.78255940e-06 -9.76376489 -8.81934785 -7.46773058 -6.92011296 -6.60242888 
2.15443469e-06 -9.76376489 -8.81934785 -7.46773058 -6.92011296 -6.60242888 
1.66810054e-06 -9.76376489 -8.81934785 -7.46773058 -6.92011296 -6.60242888 
1.29154967e-06 -9.76376489 -8.81934785 -7.46773058 -6.92011296 -6.60242888 
1.00000000e-06 -9.76376489 -8.81934785 -7.46773058 -6.92011296 -6.60242888 
7.74263683e-07 -9.76376489 -8.81934785 -7.46773058 -6.92011296 -6.60242888 
5.99484250e-07 -9.76376489 -8.81934785 -7.46773058 -6.92011296 -6.60242888 
4.64158883e-07 -9.76376489 -8.81934785 -7.46773058 -6.92011296 -6.60242888 
3.59381366e-07 -9.76376489 -8.81934785 -7.46773058 -6.92011296 -6.60242888 
2.78255940e-07 -9.76376489 -8.81934785 -7.46773058 -6.92011296 -6.60242888 
2.15443469e-07 -9.76376489 -8.81934785 -7.46773058 -6.92011296 -6.60242888 
1.66810054e-07 -9.76376489 -8.81934785 -7.46773058 -6.92011296 -6.60242888 
1.29154967e-07 -9.76376489 -8.81934785 -7.46773058 -6.92011296 -6.60242888 
1.00000000e-07 -9.76376489 -8.81934785 -7.46773058 -6.92011296 -6.60242888 
7.74263683e-08 -9.76376489 -8.81934785 -7.46773058 -6.92011296 -6.60242888 
5.99484250e-08 -9.76376489 -8.81934785 -7.46773058 -6.92011296 -6.60242888 
4.64158883e-08 -9.76376489 -8.81934785 -7.46773058 -6.92011296 -6.60242888 
3.59381366e-08 -9.76376489 -8.81934785 -7.46773058 -6.92011296 -6.60242888 
2.78255940e-08 -9.76376489 -8.81934785 -7.46773058 -6.92011296 -6.60242888 
2.15443469e-08 -9.76376489 -8.81934785 -7.46773058 -6.92011296 -6.60242888 
1.66810054e-08 -9.76376489 -8.81934785 -7.46773058 -6.92011296 -6.60242888 
1.29154967e-08 -9.76376489 -8.81934785 -7.46773058 -6.92011296 -6.60242888 
1.00000000e-08 -9.76376489 -8.81934785 -7.46773058 -6.92011296 -6.60242888 
7.74263683e-09 -9.76376489 -8.81934785 -7.46773058 -6.92011296 -6.60242888 
5.99484250e-09 -9.76376489 -8.81934785 -7.46773058 -6.92011296 -6.60242888 
4.64158883e-09 -9.76376489 -8.81934785 -7.46773058 -6.92011296 -6.60242888 
3.59381366e-09 -9.76376489 -8.81934785 -7.46773058 -6.92011296 -6.60242888 
2.78255940e-09 -9.76376489 -8.81934785 -7.46773058 -6.92011296 -6.60242888 
2.15443469e-09 -9.76376489 -8.81934785 -7.46773058 -6.92011296 -6.60242888 
1.66810054e-09 -9.76376489 -8.81934785 -7.46773058 -6.92011296 -6.60242888 
1.29154967e-09 -9.76376489 -8.81934785 -7.46773058 -6.92011296 -6.60242888 
1.00000000e-09 -9.76376489 -8.81934785 -7.46773058 -6.92011296 -6.60242888 
7.74263683e-10 -9.76376489 -8.81934785 -7.46773058 -6.92011296 -6.60242888 
5.99484250e-10 -9.76376489 -8.81934785 -7.46773058 -6.92011296 -6.60242888 
4.64158883e-10 -9.76376489 -8.81934785 -7.46773058 -6.92011296 -6.60242888 
3.59381366e-10 -9.76376489 -8.81934785 -7.46773058 -6.92011296 -6.60242888 
2.78255940e-10 -9.76376489 -8.81934785 -7.46773058 -6.92011296 -6.60242888 
2.15443469e-10 -9.76376489 -8.81934785 -7.46773058 -6.92011296 -6.60242888 
1.66810054e-10 -9.76376489 -8.81934785 -7.46773058 -6.92011296 -6.60242888 
1.29154967e-10 -9.76376489 -8.81934785 -7.46773058 -6.92011296 -6.60242888 
1.00000000e-10 -9.76376489 -8.81934785 -7.46773058 -6.92011296 -6.60242888 
