Chemical species: N2 H2O CO2 CH4 O2 O3 N2O NH3
P (bar) | log_N2: -2σ | log_N2: -1σ | log_N2: median | log_N2: +1σ | log_N2: +2σ 
1.00000000e+01 -0.04258087 -0.03165106 -0.01063537 -0.00012142 -0.00004034 
7.74263683e+00 -0.04258087 -0.03165106 -0.01063537 -0.00012142 -0.00004034 
5.99484250e+00 -0.04258087 -0.03165106 -0.01063537 -0.00012142 -0.00004034 
4.64158883e+00 -0.04258087 -0.03165106 -0.01063537 -0.00012142 -0.00004034 
3.59381366e+00 -0.04258087 -0.03165106 -0.01063537 -0.00012142 -0.00004034 
2.78255940e+00 -0.04258087 -0.03165106 -0.01063537 -0.00012142 -0.00004034 
2.15443469e+00 -0.04258087 -0.03165106 -0.01063537 -0.00012142 -0.00004034 
1.66810054e+00 -0.04258087 -0.03165106 -0.01063537 -0.00012142 -0.00004034 
1.29154967e+00 -0.04258087 -0.03165106 -0.01063537 -0.00012142 -0.00004034 
1.00000000e+00 -0.04258087 -0.03165106 -0.01063537 -0.00012142 -0.00004034 
7.74263683e-01 -0.04258087 -0.03165106 -0.01063537 -0.00012142 -0.00004034 
5.99484250e-01 -0.04258087 -0.03165106 -0.01063537 -0.00012142 -0.00004034 
4.64158883e-01 -0.04258087 -0.03165106 -0.01063537 -0.00012142 -0.00004034 
3.59381366e-01 -0.04258087 -0.03165106 -0.01063537 -0.00012142 -0.00004034 
2.78255940e-01 -0.04258087 -0.03165106 -0.01063537 -0.00012142 -0.00004034 
2.15443469e-01 -0.04258087 -0.03165106 -0.01063537 -0.00012142 -0.00004034 
1.66810054e-01 -0.04258087 -0.03165106 -0.01063537 -0.00012142 -0.00004034 
1.29154967e-01 -0.04258087 -0.03165106 -0.01063537 -0.00012142 -0.00004034 
1.00000000e-01 -0.04258087 -0.03165106 -0.01063537 -0.00012142 -0.00004034 
7.74263683e-02 -0.04258087 -0.03165106 -0.01063537 -0.00012142 -0.00004034 
5.99484250e-02 -0.04258087 -0.03165106 -0.01063537 -0.00012142 -0.00004034 
4.64158883e-02 -0.04258087 -0.03165106 -0.01063537 -0.00012142 -0.00004034 
3.59381366e-02 -0.04258087 -0.03165106 -0.01063537 -0.00012142 -0.00004034 
2.78255940e-02 -0.04258087 -0.03165106 -0.01063537 -0.00012142 -0.00004034 
2.15443469e-02 -0.04258087 -0.03165106 -0.01063537 -0.00012142 -0.00004034 
1.66810054e-02 -0.04258087 -0.03165106 -0.01063537 -0.00012142 -0.00004034 
1.29154967e-02 -0.04258087 -0.03165106 -0.01063537 -0.00012142 -0.00004034 
1.00000000e-02 -0.04258087 -0.03165106 -0.01063537 -0.00012142 -0.00004034 
7.74263683e-03 -0.04258087 -0.03165106 -0.01063537 -0.00012142 -0.00004034 
5.99484250e-03 -0.04258087 -0.03165106 -0.01063537 -0.00012142 -0.00004034 
4.64158883e-03 -0.04258087 -0.03165106 -0.01063537 -0.00012142 -0.00004034 
3.59381366e-03 -0.04258087 -0.03165106 -0.01063537 -0.00012142 -0.00004034 
2.78255940e-03 -0.04258087 -0.03165106 -0.01063537 -0.00012142 -0.00004034 
2.15443469e-03 -0.04258087 -0.03165106 -0.01063537 -0.00012142 -0.00004034 
1.66810054e-03 -0.04258087 -0.03165106 -0.01063537 -0.00012142 -0.00004034 
1.29154967e-03 -0.04258087 -0.03165106 -0.01063537 -0.00012142 -0.00004034 
1.00000000e-03 -0.04258087 -0.03165106 -0.01063537 -0.00012142 -0.00004034 
7.74263683e-04 -0.04258087 -0.03165106 -0.01063537 -0.00012142 -0.00004034 
5.99484250e-04 -0.04258087 -0.03165106 -0.01063537 -0.00012142 -0.00004034 
4.64158883e-04 -0.04258087 -0.03165106 -0.01063537 -0.00012142 -0.00004034 
3.59381366e-04 -0.04258087 -0.03165106 -0.01063537 -0.00012142 -0.00004034 
2.78255940e-04 -0.04258087 -0.03165106 -0.01063537 -0.00012142 -0.00004034 
2.15443469e-04 -0.04258087 -0.03165106 -0.01063537 -0.00012142 -0.00004034 
1.66810054e-04 -0.04258087 -0.03165106 -0.01063537 -0.00012142 -0.00004034 
1.29154967e-04 -0.04258087 -0.03165106 -0.01063537 -0.00012142 -0.00004034 
1.00000000e-04 -0.04258087 -0.03165106 -0.01063537 -0.00012142 -0.00004034 
7.74263683e-05 -0.04258087 -0.03165106 -0.01063537 -0.00012142 -0.00004034 
5.99484250e-05 -0.04258087 -0.03165106 -0.01063537 -0.00012142 -0.00004034 
4.64158883e-05 -0.04258087 -0.03165106 -0.01063537 -0.00012142 -0.00004034 
3.59381366e-05 -0.04258087 -0.03165106 -0.01063537 -0.00012142 -0.00004034 
2.78255940e-05 -0.04258087 -0.03165106 -0.01063537 -0.00012142 -0.00004034 
2.15443469e-05 -0.04258087 -0.03165106 -0.01063537 -0.00012142 -0.00004034 
1.66810054e-05 -0.04258087 -0.03165106 -0.01063537 -0.00012142 -0.00004034 
1.29154967e-05 -0.04258087 -0.03165106 -0.01063537 -0.00012142 -0.00004034 
1.00000000e-05 -0.04258087 -0.03165106 -0.01063537 -0.00012142 -0.00004034 
7.74263683e-06 -0.04258087 -0.03165106 -0.01063537 -0.00012142 -0.00004034 
5.99484250e-06 -0.04258087 -0.03165106 -0.01063537 -0.00012142 -0.00004034 
4.64158883e-06 -0.04258087 -0.03165106 -0.01063537 -0.00012142 -0.00004034 
3.59381366e-06 -0.04258087 -0.03165106 -0.01063537 -0.00012142 -0.00004034 
2.78255940e-06 -0.04258087 -0.03165106 -0.01063537 -0.00012142 -0.00004034 
2.15443469e-06 -0.04258087 -0.03165106 -0.01063537 -0.00012142 -0.00004034 
1.66810054e-06 -0.04258087 -0.03165106 -0.01063537 -0.00012142 -0.00004034 
1.29154967e-06 -0.04258087 -0.03165106 -0.01063537 -0.00012142 -0.00004034 
1.00000000e-06 -0.04258087 -0.03165106 -0.01063537 -0.00012142 -0.00004034 
7.74263683e-07 -0.04258087 -0.03165106 -0.01063537 -0.00012142 -0.00004034 
5.99484250e-07 -0.04258087 -0.03165106 -0.01063537 -0.00012142 -0.00004034 
4.64158883e-07 -0.04258087 -0.03165106 -0.01063537 -0.00012142 -0.00004034 
3.59381366e-07 -0.04258087 -0.03165106 -0.01063537 -0.00012142 -0.00004034 
2.78255940e-07 -0.04258087 -0.03165106 -0.01063537 -0.00012142 -0.00004034 
2.15443469e-07 -0.04258087 -0.03165106 -0.01063537 -0.00012142 -0.00004034 
1.66810054e-07 -0.04258087 -0.03165106 -0.01063537 -0.00012142 -0.00004034 
1.29154967e-07 -0.04258087 -0.03165106 -0.01063537 -0.00012142 -0.00004034 
1.00000000e-07 -0.04258087 -0.03165106 -0.01063537 -0.00012142 -0.00004034 
7.74263683e-08 -0.04258087 -0.03165106 -0.01063537 -0.00012142 -0.00004034 
5.99484250e-08 -0.04258087 -0.03165106 -0.01063537 -0.00012142 -0.00004034 
4.64158883e-08 -0.04258087 -0.03165106 -0.01063537 -0.00012142 -0.00004034 
3.59381366e-08 -0.04258087 -0.03165106 -0.01063537 -0.00012142 -0.00004034 
2.78255940e-08 -0.04258087 -0.03165106 -0.01063537 -0.00012142 -0.00004034 
2.15443469e-08 -0.04258087 -0.03165106 -0.01063537 -0.00012142 -0.00004034 
1.66810054e-08 -0.04258087 -0.03165106 -0.01063537 -0.00012142 -0.00004034 
1.29154967e-08 -0.04258087 -0.03165106 -0.01063537 -0.00012142 -0.00004034 
1.00000000e-08 -0.04258087 -0.03165106 -0.01063537 -0.00012142 -0.00004034 
7.74263683e-09 -0.04258087 -0.03165106 -0.01063537 -0.00012142 -0.00004034 
5.99484250e-09 -0.04258087 -0.03165106 -0.01063537 -0.00012142 -0.00004034 
4.64158883e-09 -0.04258087 -0.03165106 -0.01063537 -0.00012142 -0.00004034 
3.59381366e-09 -0.04258087 -0.03165106 -0.01063537 -0.00012142 -0.00004034 
2.78255940e-09 -0.04258087 -0.03165106 -0.01063537 -0.00012142 -0.00004034 
2.15443469e-09 -0.04258087 -0.03165106 -0.01063537 -0.00012142 -0.00004034 
1.66810054e-09 -0.04258087 -0.03165106 -0.01063537 -0.00012142 -0.00004034 
1.29154967e-09 -0.04258087 -0.03165106 -0.01063537 -0.00012142 -0.00004034 
1.00000000e-09 -0.04258087 -0.03165106 -0.01063537 -0.00012142 -0.00004034 
7.74263683e-10 -0.04258087 -0.03165106 -0.01063537 -0.00012142 -0.00004034 
5.99484250e-10 -0.04258087 -0.03165106 -0.01063537 -0.00012142 -0.00004034 
4.64158883e-10 -0.04258087 -0.03165106 -0.01063537 -0.00012142 -0.00004034 
3.59381366e-10 -0.04258087 -0.03165106 -0.01063537 -0.00012142 -0.00004034 
2.78255940e-10 -0.04258087 -0.03165106 -0.01063537 -0.00012142 -0.00004034 
2.15443469e-10 -0.04258087 -0.03165106 -0.01063537 -0.00012142 -0.00004034 
1.66810054e-10 -0.04258087 -0.03165106 -0.01063537 -0.00012142 -0.00004034 
1.29154967e-10 -0.04258087 -0.03165106 -0.01063537 -0.00012142 -0.00004034 
1.00000000e-10 -0.04258087 -0.03165106 -0.01063537 -0.00012142 -0.00004034 
P (bar) | log_H2O: -2σ | log_H2O: -1σ | log_H2O: median | log_H2O: +1σ | log_H2O: +2σ 
1.00000000e+01 -5.01210357 -4.73442504 -4.39844406 -4.08539293 -3.78562757 
7.74263683e+00 -5.01210357 -4.73442504 -4.39844406 -4.08539293 -3.78562757 
5.99484250e+00 -5.01210357 -4.73442504 -4.39844406 -4.08539293 -3.78562757 
4.64158883e+00 -5.01210357 -4.73442504 -4.39844406 -4.08539293 -3.78562757 
3.59381366e+00 -5.01210357 -4.73442504 -4.39844406 -4.08539293 -3.78562757 
2.78255940e+00 -5.01210357 -4.73442504 -4.39844406 -4.08539293 -3.78562757 
2.15443469e+00 -5.01210357 -4.73442504 -4.39844406 -4.08539293 -3.78562757 
1.66810054e+00 -5.01210357 -4.73442504 -4.39844406 -4.08539293 -3.78562757 
1.29154967e+00 -5.01210357 -4.73442504 -4.39844406 -4.08539293 -3.78562757 
1.00000000e+00 -5.01210357 -4.73442504 -4.39844406 -4.08539293 -3.78562757 
7.74263683e-01 -5.01210357 -4.73442504 -4.39844406 -4.08539293 -3.78562757 
5.99484250e-01 -5.01210357 -4.73442504 -4.39844406 -4.08539293 -3.78562757 
4.64158883e-01 -5.01210357 -4.73442504 -4.39844406 -4.08539293 -3.78562757 
3.59381366e-01 -5.01210357 -4.73442504 -4.39844406 -4.08539293 -3.78562757 
2.78255940e-01 -5.01210357 -4.73442504 -4.39844406 -4.08539293 -3.78562757 
2.15443469e-01 -5.01210357 -4.73442504 -4.39844406 -4.08539293 -3.78562757 
1.66810054e-01 -5.01210357 -4.73442504 -4.39844406 -4.08539293 -3.78562757 
1.29154967e-01 -5.01210357 -4.73442504 -4.39844406 -4.08539293 -3.78562757 
1.00000000e-01 -5.01210357 -4.73442504 -4.39844406 -4.08539293 -3.78562757 
7.74263683e-02 -5.01210357 -4.73442504 -4.39844406 -4.08539293 -3.78562757 
5.99484250e-02 -5.01210357 -4.73442504 -4.39844406 -4.08539293 -3.78562757 
4.64158883e-02 -5.01210357 -4.73442504 -4.39844406 -4.08539293 -3.78562757 
3.59381366e-02 -5.01210357 -4.73442504 -4.39844406 -4.08539293 -3.78562757 
2.78255940e-02 -5.01210357 -4.73442504 -4.39844406 -4.08539293 -3.78562757 
2.15443469e-02 -5.01210357 -4.73442504 -4.39844406 -4.08539293 -3.78562757 
1.66810054e-02 -5.01210357 -4.73442504 -4.39844406 -4.08539293 -3.78562757 
1.29154967e-02 -5.01210357 -4.73442504 -4.39844406 -4.08539293 -3.78562757 
1.00000000e-02 -5.01210357 -4.73442504 -4.39844406 -4.08539293 -3.78562757 
7.74263683e-03 -5.01210357 -4.73442504 -4.39844406 -4.08539293 -3.78562757 
5.99484250e-03 -5.01210357 -4.73442504 -4.39844406 -4.08539293 -3.78562757 
4.64158883e-03 -5.01210357 -4.73442504 -4.39844406 -4.08539293 -3.78562757 
3.59381366e-03 -5.01210357 -4.73442504 -4.39844406 -4.08539293 -3.78562757 
2.78255940e-03 -5.01210357 -4.73442504 -4.39844406 -4.08539293 -3.78562757 
2.15443469e-03 -5.01210357 -4.73442504 -4.39844406 -4.08539293 -3.78562757 
1.66810054e-03 -5.01210357 -4.73442504 -4.39844406 -4.08539293 -3.78562757 
1.29154967e-03 -5.01210357 -4.73442504 -4.39844406 -4.08539293 -3.78562757 
1.00000000e-03 -5.01210357 -4.73442504 -4.39844406 -4.08539293 -3.78562757 
7.74263683e-04 -5.01210357 -4.73442504 -4.39844406 -4.08539293 -3.78562757 
5.99484250e-04 -5.01210357 -4.73442504 -4.39844406 -4.08539293 -3.78562757 
4.64158883e-04 -5.01210357 -4.73442504 -4.39844406 -4.08539293 -3.78562757 
3.59381366e-04 -5.01210357 -4.73442504 -4.39844406 -4.08539293 -3.78562757 
2.78255940e-04 -5.01210357 -4.73442504 -4.39844406 -4.08539293 -3.78562757 
2.15443469e-04 -5.01210357 -4.73442504 -4.39844406 -4.08539293 -3.78562757 
1.66810054e-04 -5.01210357 -4.73442504 -4.39844406 -4.08539293 -3.78562757 
1.29154967e-04 -5.01210357 -4.73442504 -4.39844406 -4.08539293 -3.78562757 
1.00000000e-04 -5.01210357 -4.73442504 -4.39844406 -4.08539293 -3.78562757 
7.74263683e-05 -5.01210357 -4.73442504 -4.39844406 -4.08539293 -3.78562757 
5.99484250e-05 -5.01210357 -4.73442504 -4.39844406 -4.08539293 -3.78562757 
4.64158883e-05 -5.01210357 -4.73442504 -4.39844406 -4.08539293 -3.78562757 
3.59381366e-05 -5.01210357 -4.73442504 -4.39844406 -4.08539293 -3.78562757 
2.78255940e-05 -5.01210357 -4.73442504 -4.39844406 -4.08539293 -3.78562757 
2.15443469e-05 -5.01210357 -4.73442504 -4.39844406 -4.08539293 -3.78562757 
1.66810054e-05 -5.01210357 -4.73442504 -4.39844406 -4.08539293 -3.78562757 
1.29154967e-05 -5.01210357 -4.73442504 -4.39844406 -4.08539293 -3.78562757 
1.00000000e-05 -5.01210357 -4.73442504 -4.39844406 -4.08539293 -3.78562757 
7.74263683e-06 -5.01210357 -4.73442504 -4.39844406 -4.08539293 -3.78562757 
5.99484250e-06 -5.01210357 -4.73442504 -4.39844406 -4.08539293 -3.78562757 
4.64158883e-06 -5.01210357 -4.73442504 -4.39844406 -4.08539293 -3.78562757 
3.59381366e-06 -5.01210357 -4.73442504 -4.39844406 -4.08539293 -3.78562757 
2.78255940e-06 -5.01210357 -4.73442504 -4.39844406 -4.08539293 -3.78562757 
2.15443469e-06 -5.01210357 -4.73442504 -4.39844406 -4.08539293 -3.78562757 
1.66810054e-06 -5.01210357 -4.73442504 -4.39844406 -4.08539293 -3.78562757 
1.29154967e-06 -5.01210357 -4.73442504 -4.39844406 -4.08539293 -3.78562757 
1.00000000e-06 -5.01210357 -4.73442504 -4.39844406 -4.08539293 -3.78562757 
7.74263683e-07 -5.01210357 -4.73442504 -4.39844406 -4.08539293 -3.78562757 
5.99484250e-07 -5.01210357 -4.73442504 -4.39844406 -4.08539293 -3.78562757 
4.64158883e-07 -5.01210357 -4.73442504 -4.39844406 -4.08539293 -3.78562757 
3.59381366e-07 -5.01210357 -4.73442504 -4.39844406 -4.08539293 -3.78562757 
2.78255940e-07 -5.01210357 -4.73442504 -4.39844406 -4.08539293 -3.78562757 
2.15443469e-07 -5.01210357 -4.73442504 -4.39844406 -4.08539293 -3.78562757 
1.66810054e-07 -5.01210357 -4.73442504 -4.39844406 -4.08539293 -3.78562757 
1.29154967e-07 -5.01210357 -4.73442504 -4.39844406 -4.08539293 -3.78562757 
1.00000000e-07 -5.01210357 -4.73442504 -4.39844406 -4.08539293 -3.78562757 
7.74263683e-08 -5.01210357 -4.73442504 -4.39844406 -4.08539293 -3.78562757 
5.99484250e-08 -5.01210357 -4.73442504 -4.39844406 -4.08539293 -3.78562757 
4.64158883e-08 -5.01210357 -4.73442504 -4.39844406 -4.08539293 -3.78562757 
3.59381366e-08 -5.01210357 -4.73442504 -4.39844406 -4.08539293 -3.78562757 
2.78255940e-08 -5.01210357 -4.73442504 -4.39844406 -4.08539293 -3.78562757 
2.15443469e-08 -5.01210357 -4.73442504 -4.39844406 -4.08539293 -3.78562757 
1.66810054e-08 -5.01210357 -4.73442504 -4.39844406 -4.08539293 -3.78562757 
1.29154967e-08 -5.01210357 -4.73442504 -4.39844406 -4.08539293 -3.78562757 
1.00000000e-08 -5.01210357 -4.73442504 -4.39844406 -4.08539293 -3.78562757 
7.74263683e-09 -5.01210357 -4.73442504 -4.39844406 -4.08539293 -3.78562757 
5.99484250e-09 -5.01210357 -4.73442504 -4.39844406 -4.08539293 -3.78562757 
4.64158883e-09 -5.01210357 -4.73442504 -4.39844406 -4.08539293 -3.78562757 
3.59381366e-09 -5.01210357 -4.73442504 -4.39844406 -4.08539293 -3.78562757 
2.78255940e-09 -5.01210357 -4.73442504 -4.39844406 -4.08539293 -3.78562757 
2.15443469e-09 -5.01210357 -4.73442504 -4.39844406 -4.08539293 -3.78562757 
1.66810054e-09 -5.01210357 -4.73442504 -4.39844406 -4.08539293 -3.78562757 
1.29154967e-09 -5.01210357 -4.73442504 -4.39844406 -4.08539293 -3.78562757 
1.00000000e-09 -5.01210357 -4.73442504 -4.39844406 -4.08539293 -3.78562757 
7.74263683e-10 -5.01210357 -4.73442504 -4.39844406 -4.08539293 -3.78562757 
5.99484250e-10 -5.01210357 -4.73442504 -4.39844406 -4.08539293 -3.78562757 
4.64158883e-10 -5.01210357 -4.73442504 -4.39844406 -4.08539293 -3.78562757 
3.59381366e-10 -5.01210357 -4.73442504 -4.39844406 -4.08539293 -3.78562757 
2.78255940e-10 -5.01210357 -4.73442504 -4.39844406 -4.08539293 -3.78562757 
2.15443469e-10 -5.01210357 -4.73442504 -4.39844406 -4.08539293 -3.78562757 
1.66810054e-10 -5.01210357 -4.73442504 -4.39844406 -4.08539293 -3.78562757 
1.29154967e-10 -5.01210357 -4.73442504 -4.39844406 -4.08539293 -3.78562757 
1.00000000e-10 -5.01210357 -4.73442504 -4.39844406 -4.08539293 -3.78562757 
P (bar) | log_CO2: -2σ | log_CO2: -1σ | log_CO2: median | log_CO2: +1σ | log_CO2: +2σ 
1.00000000e+01 -4.56194627 -4.14661155 -3.76001187 -3.40001974 -3.00520981 
7.74263683e+00 -4.56194627 -4.14661155 -3.76001187 -3.40001974 -3.00520981 
5.99484250e+00 -4.56194627 -4.14661155 -3.76001187 -3.40001974 -3.00520981 
4.64158883e+00 -4.56194627 -4.14661155 -3.76001187 -3.40001974 -3.00520981 
3.59381366e+00 -4.56194627 -4.14661155 -3.76001187 -3.40001974 -3.00520981 
2.78255940e+00 -4.56194627 -4.14661155 -3.76001187 -3.40001974 -3.00520981 
2.15443469e+00 -4.56194627 -4.14661155 -3.76001187 -3.40001974 -3.00520981 
1.66810054e+00 -4.56194627 -4.14661155 -3.76001187 -3.40001974 -3.00520981 
1.29154967e+00 -4.56194627 -4.14661155 -3.76001187 -3.40001974 -3.00520981 
1.00000000e+00 -4.56194627 -4.14661155 -3.76001187 -3.40001974 -3.00520981 
7.74263683e-01 -4.56194627 -4.14661155 -3.76001187 -3.40001974 -3.00520981 
5.99484250e-01 -4.56194627 -4.14661155 -3.76001187 -3.40001974 -3.00520981 
4.64158883e-01 -4.56194627 -4.14661155 -3.76001187 -3.40001974 -3.00520981 
3.59381366e-01 -4.56194627 -4.14661155 -3.76001187 -3.40001974 -3.00520981 
2.78255940e-01 -4.56194627 -4.14661155 -3.76001187 -3.40001974 -3.00520981 
2.15443469e-01 -4.56194627 -4.14661155 -3.76001187 -3.40001974 -3.00520981 
1.66810054e-01 -4.56194627 -4.14661155 -3.76001187 -3.40001974 -3.00520981 
1.29154967e-01 -4.56194627 -4.14661155 -3.76001187 -3.40001974 -3.00520981 
1.00000000e-01 -4.56194627 -4.14661155 -3.76001187 -3.40001974 -3.00520981 
7.74263683e-02 -4.56194627 -4.14661155 -3.76001187 -3.40001974 -3.00520981 
5.99484250e-02 -4.56194627 -4.14661155 -3.76001187 -3.40001974 -3.00520981 
4.64158883e-02 -4.56194627 -4.14661155 -3.76001187 -3.40001974 -3.00520981 
3.59381366e-02 -4.56194627 -4.14661155 -3.76001187 -3.40001974 -3.00520981 
2.78255940e-02 -4.56194627 -4.14661155 -3.76001187 -3.40001974 -3.00520981 
2.15443469e-02 -4.56194627 -4.14661155 -3.76001187 -3.40001974 -3.00520981 
1.66810054e-02 -4.56194627 -4.14661155 -3.76001187 -3.40001974 -3.00520981 
1.29154967e-02 -4.56194627 -4.14661155 -3.76001187 -3.40001974 -3.00520981 
1.00000000e-02 -4.56194627 -4.14661155 -3.76001187 -3.40001974 -3.00520981 
7.74263683e-03 -4.56194627 -4.14661155 -3.76001187 -3.40001974 -3.00520981 
5.99484250e-03 -4.56194627 -4.14661155 -3.76001187 -3.40001974 -3.00520981 
4.64158883e-03 -4.56194627 -4.14661155 -3.76001187 -3.40001974 -3.00520981 
3.59381366e-03 -4.56194627 -4.14661155 -3.76001187 -3.40001974 -3.00520981 
2.78255940e-03 -4.56194627 -4.14661155 -3.76001187 -3.40001974 -3.00520981 
2.15443469e-03 -4.56194627 -4.14661155 -3.76001187 -3.40001974 -3.00520981 
1.66810054e-03 -4.56194627 -4.14661155 -3.76001187 -3.40001974 -3.00520981 
1.29154967e-03 -4.56194627 -4.14661155 -3.76001187 -3.40001974 -3.00520981 
1.00000000e-03 -4.56194627 -4.14661155 -3.76001187 -3.40001974 -3.00520981 
7.74263683e-04 -4.56194627 -4.14661155 -3.76001187 -3.40001974 -3.00520981 
5.99484250e-04 -4.56194627 -4.14661155 -3.76001187 -3.40001974 -3.00520981 
4.64158883e-04 -4.56194627 -4.14661155 -3.76001187 -3.40001974 -3.00520981 
3.59381366e-04 -4.56194627 -4.14661155 -3.76001187 -3.40001974 -3.00520981 
2.78255940e-04 -4.56194627 -4.14661155 -3.76001187 -3.40001974 -3.00520981 
2.15443469e-04 -4.56194627 -4.14661155 -3.76001187 -3.40001974 -3.00520981 
1.66810054e-04 -4.56194627 -4.14661155 -3.76001187 -3.40001974 -3.00520981 
1.29154967e-04 -4.56194627 -4.14661155 -3.76001187 -3.40001974 -3.00520981 
1.00000000e-04 -4.56194627 -4.14661155 -3.76001187 -3.40001974 -3.00520981 
7.74263683e-05 -4.56194627 -4.14661155 -3.76001187 -3.40001974 -3.00520981 
5.99484250e-05 -4.56194627 -4.14661155 -3.76001187 -3.40001974 -3.00520981 
4.64158883e-05 -4.56194627 -4.14661155 -3.76001187 -3.40001974 -3.00520981 
3.59381366e-05 -4.56194627 -4.14661155 -3.76001187 -3.40001974 -3.00520981 
2.78255940e-05 -4.56194627 -4.14661155 -3.76001187 -3.40001974 -3.00520981 
2.15443469e-05 -4.56194627 -4.14661155 -3.76001187 -3.40001974 -3.00520981 
1.66810054e-05 -4.56194627 -4.14661155 -3.76001187 -3.40001974 -3.00520981 
1.29154967e-05 -4.56194627 -4.14661155 -3.76001187 -3.40001974 -3.00520981 
1.00000000e-05 -4.56194627 -4.14661155 -3.76001187 -3.40001974 -3.00520981 
7.74263683e-06 -4.56194627 -4.14661155 -3.76001187 -3.40001974 -3.00520981 
5.99484250e-06 -4.56194627 -4.14661155 -3.76001187 -3.40001974 -3.00520981 
4.64158883e-06 -4.56194627 -4.14661155 -3.76001187 -3.40001974 -3.00520981 
3.59381366e-06 -4.56194627 -4.14661155 -3.76001187 -3.40001974 -3.00520981 
2.78255940e-06 -4.56194627 -4.14661155 -3.76001187 -3.40001974 -3.00520981 
2.15443469e-06 -4.56194627 -4.14661155 -3.76001187 -3.40001974 -3.00520981 
1.66810054e-06 -4.56194627 -4.14661155 -3.76001187 -3.40001974 -3.00520981 
1.29154967e-06 -4.56194627 -4.14661155 -3.76001187 -3.40001974 -3.00520981 
1.00000000e-06 -4.56194627 -4.14661155 -3.76001187 -3.40001974 -3.00520981 
7.74263683e-07 -4.56194627 -4.14661155 -3.76001187 -3.40001974 -3.00520981 
5.99484250e-07 -4.56194627 -4.14661155 -3.76001187 -3.40001974 -3.00520981 
4.64158883e-07 -4.56194627 -4.14661155 -3.76001187 -3.40001974 -3.00520981 
3.59381366e-07 -4.56194627 -4.14661155 -3.76001187 -3.40001974 -3.00520981 
2.78255940e-07 -4.56194627 -4.14661155 -3.76001187 -3.40001974 -3.00520981 
2.15443469e-07 -4.56194627 -4.14661155 -3.76001187 -3.40001974 -3.00520981 
1.66810054e-07 -4.56194627 -4.14661155 -3.76001187 -3.40001974 -3.00520981 
1.29154967e-07 -4.56194627 -4.14661155 -3.76001187 -3.40001974 -3.00520981 
1.00000000e-07 -4.56194627 -4.14661155 -3.76001187 -3.40001974 -3.00520981 
7.74263683e-08 -4.56194627 -4.14661155 -3.76001187 -3.40001974 -3.00520981 
5.99484250e-08 -4.56194627 -4.14661155 -3.76001187 -3.40001974 -3.00520981 
4.64158883e-08 -4.56194627 -4.14661155 -3.76001187 -3.40001974 -3.00520981 
3.59381366e-08 -4.56194627 -4.14661155 -3.76001187 -3.40001974 -3.00520981 
2.78255940e-08 -4.56194627 -4.14661155 -3.76001187 -3.40001974 -3.00520981 
2.15443469e-08 -4.56194627 -4.14661155 -3.76001187 -3.40001974 -3.00520981 
1.66810054e-08 -4.56194627 -4.14661155 -3.76001187 -3.40001974 -3.00520981 
1.29154967e-08 -4.56194627 -4.14661155 -3.76001187 -3.40001974 -3.00520981 
1.00000000e-08 -4.56194627 -4.14661155 -3.76001187 -3.40001974 -3.00520981 
7.74263683e-09 -4.56194627 -4.14661155 -3.76001187 -3.40001974 -3.00520981 
5.99484250e-09 -4.56194627 -4.14661155 -3.76001187 -3.40001974 -3.00520981 
4.64158883e-09 -4.56194627 -4.14661155 -3.76001187 -3.40001974 -3.00520981 
3.59381366e-09 -4.56194627 -4.14661155 -3.76001187 -3.40001974 -3.00520981 
2.78255940e-09 -4.56194627 -4.14661155 -3.76001187 -3.40001974 -3.00520981 
2.15443469e-09 -4.56194627 -4.14661155 -3.76001187 -3.40001974 -3.00520981 
1.66810054e-09 -4.56194627 -4.14661155 -3.76001187 -3.40001974 -3.00520981 
1.29154967e-09 -4.56194627 -4.14661155 -3.76001187 -3.40001974 -3.00520981 
1.00000000e-09 -4.56194627 -4.14661155 -3.76001187 -3.40001974 -3.00520981 
7.74263683e-10 -4.56194627 -4.14661155 -3.76001187 -3.40001974 -3.00520981 
5.99484250e-10 -4.56194627 -4.14661155 -3.76001187 -3.40001974 -3.00520981 
4.64158883e-10 -4.56194627 -4.14661155 -3.76001187 -3.40001974 -3.00520981 
3.59381366e-10 -4.56194627 -4.14661155 -3.76001187 -3.40001974 -3.00520981 
2.78255940e-10 -4.56194627 -4.14661155 -3.76001187 -3.40001974 -3.00520981 
2.15443469e-10 -4.56194627 -4.14661155 -3.76001187 -3.40001974 -3.00520981 
1.66810054e-10 -4.56194627 -4.14661155 -3.76001187 -3.40001974 -3.00520981 
1.29154967e-10 -4.56194627 -4.14661155 -3.76001187 -3.40001974 -3.00520981 
1.00000000e-10 -4.56194627 -4.14661155 -3.76001187 -3.40001974 -3.00520981 
P (bar) | log_CH4: -2σ | log_CH4: -1σ | log_CH4: median | log_CH4: +1σ | log_CH4: +2σ 
1.00000000e+01 -5.02825630 -4.85113249 -4.64619290 -4.43661259 -4.20008936 
7.74263683e+00 -5.02825630 -4.85113249 -4.64619290 -4.43661259 -4.20008936 
5.99484250e+00 -5.02825630 -4.85113249 -4.64619290 -4.43661259 -4.20008936 
4.64158883e+00 -5.02825630 -4.85113249 -4.64619290 -4.43661259 -4.20008936 
3.59381366e+00 -5.02825630 -4.85113249 -4.64619290 -4.43661259 -4.20008936 
2.78255940e+00 -5.02825630 -4.85113249 -4.64619290 -4.43661259 -4.20008936 
2.15443469e+00 -5.02825630 -4.85113249 -4.64619290 -4.43661259 -4.20008936 
1.66810054e+00 -5.02825630 -4.85113249 -4.64619290 -4.43661259 -4.20008936 
1.29154967e+00 -5.02825630 -4.85113249 -4.64619290 -4.43661259 -4.20008936 
1.00000000e+00 -5.02825630 -4.85113249 -4.64619290 -4.43661259 -4.20008936 
7.74263683e-01 -5.02825630 -4.85113249 -4.64619290 -4.43661259 -4.20008936 
5.99484250e-01 -5.02825630 -4.85113249 -4.64619290 -4.43661259 -4.20008936 
4.64158883e-01 -5.02825630 -4.85113249 -4.64619290 -4.43661259 -4.20008936 
3.59381366e-01 -5.02825630 -4.85113249 -4.64619290 -4.43661259 -4.20008936 
2.78255940e-01 -5.02825630 -4.85113249 -4.64619290 -4.43661259 -4.20008936 
2.15443469e-01 -5.02825630 -4.85113249 -4.64619290 -4.43661259 -4.20008936 
1.66810054e-01 -5.02825630 -4.85113249 -4.64619290 -4.43661259 -4.20008936 
1.29154967e-01 -5.02825630 -4.85113249 -4.64619290 -4.43661259 -4.20008936 
1.00000000e-01 -5.02825630 -4.85113249 -4.64619290 -4.43661259 -4.20008936 
7.74263683e-02 -5.02825630 -4.85113249 -4.64619290 -4.43661259 -4.20008936 
5.99484250e-02 -5.02825630 -4.85113249 -4.64619290 -4.43661259 -4.20008936 
4.64158883e-02 -5.02825630 -4.85113249 -4.64619290 -4.43661259 -4.20008936 
3.59381366e-02 -5.02825630 -4.85113249 -4.64619290 -4.43661259 -4.20008936 
2.78255940e-02 -5.02825630 -4.85113249 -4.64619290 -4.43661259 -4.20008936 
2.15443469e-02 -5.02825630 -4.85113249 -4.64619290 -4.43661259 -4.20008936 
1.66810054e-02 -5.02825630 -4.85113249 -4.64619290 -4.43661259 -4.20008936 
1.29154967e-02 -5.02825630 -4.85113249 -4.64619290 -4.43661259 -4.20008936 
1.00000000e-02 -5.02825630 -4.85113249 -4.64619290 -4.43661259 -4.20008936 
7.74263683e-03 -5.02825630 -4.85113249 -4.64619290 -4.43661259 -4.20008936 
5.99484250e-03 -5.02825630 -4.85113249 -4.64619290 -4.43661259 -4.20008936 
4.64158883e-03 -5.02825630 -4.85113249 -4.64619290 -4.43661259 -4.20008936 
3.59381366e-03 -5.02825630 -4.85113249 -4.64619290 -4.43661259 -4.20008936 
2.78255940e-03 -5.02825630 -4.85113249 -4.64619290 -4.43661259 -4.20008936 
2.15443469e-03 -5.02825630 -4.85113249 -4.64619290 -4.43661259 -4.20008936 
1.66810054e-03 -5.02825630 -4.85113249 -4.64619290 -4.43661259 -4.20008936 
1.29154967e-03 -5.02825630 -4.85113249 -4.64619290 -4.43661259 -4.20008936 
1.00000000e-03 -5.02825630 -4.85113249 -4.64619290 -4.43661259 -4.20008936 
7.74263683e-04 -5.02825630 -4.85113249 -4.64619290 -4.43661259 -4.20008936 
5.99484250e-04 -5.02825630 -4.85113249 -4.64619290 -4.43661259 -4.20008936 
4.64158883e-04 -5.02825630 -4.85113249 -4.64619290 -4.43661259 -4.20008936 
3.59381366e-04 -5.02825630 -4.85113249 -4.64619290 -4.43661259 -4.20008936 
2.78255940e-04 -5.02825630 -4.85113249 -4.64619290 -4.43661259 -4.20008936 
2.15443469e-04 -5.02825630 -4.85113249 -4.64619290 -4.43661259 -4.20008936 
1.66810054e-04 -5.02825630 -4.85113249 -4.64619290 -4.43661259 -4.20008936 
1.29154967e-04 -5.02825630 -4.85113249 -4.64619290 -4.43661259 -4.20008936 
1.00000000e-04 -5.02825630 -4.85113249 -4.64619290 -4.43661259 -4.20008936 
7.74263683e-05 -5.02825630 -4.85113249 -4.64619290 -4.43661259 -4.20008936 
5.99484250e-05 -5.02825630 -4.85113249 -4.64619290 -4.43661259 -4.20008936 
4.64158883e-05 -5.02825630 -4.85113249 -4.64619290 -4.43661259 -4.20008936 
3.59381366e-05 -5.02825630 -4.85113249 -4.64619290 -4.43661259 -4.20008936 
2.78255940e-05 -5.02825630 -4.85113249 -4.64619290 -4.43661259 -4.20008936 
2.15443469e-05 -5.02825630 -4.85113249 -4.64619290 -4.43661259 -4.20008936 
1.66810054e-05 -5.02825630 -4.85113249 -4.64619290 -4.43661259 -4.20008936 
1.29154967e-05 -5.02825630 -4.85113249 -4.64619290 -4.43661259 -4.20008936 
1.00000000e-05 -5.02825630 -4.85113249 -4.64619290 -4.43661259 -4.20008936 
7.74263683e-06 -5.02825630 -4.85113249 -4.64619290 -4.43661259 -4.20008936 
5.99484250e-06 -5.02825630 -4.85113249 -4.64619290 -4.43661259 -4.20008936 
4.64158883e-06 -5.02825630 -4.85113249 -4.64619290 -4.43661259 -4.20008936 
3.59381366e-06 -5.02825630 -4.85113249 -4.64619290 -4.43661259 -4.20008936 
2.78255940e-06 -5.02825630 -4.85113249 -4.64619290 -4.43661259 -4.20008936 
2.15443469e-06 -5.02825630 -4.85113249 -4.64619290 -4.43661259 -4.20008936 
1.66810054e-06 -5.02825630 -4.85113249 -4.64619290 -4.43661259 -4.20008936 
1.29154967e-06 -5.02825630 -4.85113249 -4.64619290 -4.43661259 -4.20008936 
1.00000000e-06 -5.02825630 -4.85113249 -4.64619290 -4.43661259 -4.20008936 
7.74263683e-07 -5.02825630 -4.85113249 -4.64619290 -4.43661259 -4.20008936 
5.99484250e-07 -5.02825630 -4.85113249 -4.64619290 -4.43661259 -4.20008936 
4.64158883e-07 -5.02825630 -4.85113249 -4.64619290 -4.43661259 -4.20008936 
3.59381366e-07 -5.02825630 -4.85113249 -4.64619290 -4.43661259 -4.20008936 
2.78255940e-07 -5.02825630 -4.85113249 -4.64619290 -4.43661259 -4.20008936 
2.15443469e-07 -5.02825630 -4.85113249 -4.64619290 -4.43661259 -4.20008936 
1.66810054e-07 -5.02825630 -4.85113249 -4.64619290 -4.43661259 -4.20008936 
1.29154967e-07 -5.02825630 -4.85113249 -4.64619290 -4.43661259 -4.20008936 
1.00000000e-07 -5.02825630 -4.85113249 -4.64619290 -4.43661259 -4.20008936 
7.74263683e-08 -5.02825630 -4.85113249 -4.64619290 -4.43661259 -4.20008936 
5.99484250e-08 -5.02825630 -4.85113249 -4.64619290 -4.43661259 -4.20008936 
4.64158883e-08 -5.02825630 -4.85113249 -4.64619290 -4.43661259 -4.20008936 
3.59381366e-08 -5.02825630 -4.85113249 -4.64619290 -4.43661259 -4.20008936 
2.78255940e-08 -5.02825630 -4.85113249 -4.64619290 -4.43661259 -4.20008936 
2.15443469e-08 -5.02825630 -4.85113249 -4.64619290 -4.43661259 -4.20008936 
1.66810054e-08 -5.02825630 -4.85113249 -4.64619290 -4.43661259 -4.20008936 
1.29154967e-08 -5.02825630 -4.85113249 -4.64619290 -4.43661259 -4.20008936 
1.00000000e-08 -5.02825630 -4.85113249 -4.64619290 -4.43661259 -4.20008936 
7.74263683e-09 -5.02825630 -4.85113249 -4.64619290 -4.43661259 -4.20008936 
5.99484250e-09 -5.02825630 -4.85113249 -4.64619290 -4.43661259 -4.20008936 
4.64158883e-09 -5.02825630 -4.85113249 -4.64619290 -4.43661259 -4.20008936 
3.59381366e-09 -5.02825630 -4.85113249 -4.64619290 -4.43661259 -4.20008936 
2.78255940e-09 -5.02825630 -4.85113249 -4.64619290 -4.43661259 -4.20008936 
2.15443469e-09 -5.02825630 -4.85113249 -4.64619290 -4.43661259 -4.20008936 
1.66810054e-09 -5.02825630 -4.85113249 -4.64619290 -4.43661259 -4.20008936 
1.29154967e-09 -5.02825630 -4.85113249 -4.64619290 -4.43661259 -4.20008936 
1.00000000e-09 -5.02825630 -4.85113249 -4.64619290 -4.43661259 -4.20008936 
7.74263683e-10 -5.02825630 -4.85113249 -4.64619290 -4.43661259 -4.20008936 
5.99484250e-10 -5.02825630 -4.85113249 -4.64619290 -4.43661259 -4.20008936 
4.64158883e-10 -5.02825630 -4.85113249 -4.64619290 -4.43661259 -4.20008936 
3.59381366e-10 -5.02825630 -4.85113249 -4.64619290 -4.43661259 -4.20008936 
2.78255940e-10 -5.02825630 -4.85113249 -4.64619290 -4.43661259 -4.20008936 
2.15443469e-10 -5.02825630 -4.85113249 -4.64619290 -4.43661259 -4.20008936 
1.66810054e-10 -5.02825630 -4.85113249 -4.64619290 -4.43661259 -4.20008936 
1.29154967e-10 -5.02825630 -4.85113249 -4.64619290 -4.43661259 -4.20008936 
1.00000000e-10 -5.02825630 -4.85113249 -4.64619290 -4.43661259 -4.20008936 
P (bar) | log_O2: -2σ | log_O2: -1σ | log_O2: median | log_O2: +1σ | log_O2: +2σ 
1.00000000e+01 -9.43885965 -5.07682090 -1.62359355 -1.15535490 -1.03245197 
7.74263683e+00 -9.43885965 -5.07682090 -1.62359355 -1.15535490 -1.03245197 
5.99484250e+00 -9.43885965 -5.07682090 -1.62359355 -1.15535490 -1.03245197 
4.64158883e+00 -9.43885965 -5.07682090 -1.62359355 -1.15535490 -1.03245197 
3.59381366e+00 -9.43885965 -5.07682090 -1.62359355 -1.15535490 -1.03245197 
2.78255940e+00 -9.43885965 -5.07682090 -1.62359355 -1.15535490 -1.03245197 
2.15443469e+00 -9.43885965 -5.07682090 -1.62359355 -1.15535490 -1.03245197 
1.66810054e+00 -9.43885965 -5.07682090 -1.62359355 -1.15535490 -1.03245197 
1.29154967e+00 -9.43885965 -5.07682090 -1.62359355 -1.15535490 -1.03245197 
1.00000000e+00 -9.43885965 -5.07682090 -1.62359355 -1.15535490 -1.03245197 
7.74263683e-01 -9.43885965 -5.07682090 -1.62359355 -1.15535490 -1.03245197 
5.99484250e-01 -9.43885965 -5.07682090 -1.62359355 -1.15535490 -1.03245197 
4.64158883e-01 -9.43885965 -5.07682090 -1.62359355 -1.15535490 -1.03245197 
3.59381366e-01 -9.43885965 -5.07682090 -1.62359355 -1.15535490 -1.03245197 
2.78255940e-01 -9.43885965 -5.07682090 -1.62359355 -1.15535490 -1.03245197 
2.15443469e-01 -9.43885965 -5.07682090 -1.62359355 -1.15535490 -1.03245197 
1.66810054e-01 -9.43885965 -5.07682090 -1.62359355 -1.15535490 -1.03245197 
1.29154967e-01 -9.43885965 -5.07682090 -1.62359355 -1.15535490 -1.03245197 
1.00000000e-01 -9.43885965 -5.07682090 -1.62359355 -1.15535490 -1.03245197 
7.74263683e-02 -9.43885965 -5.07682090 -1.62359355 -1.15535490 -1.03245197 
5.99484250e-02 -9.43885965 -5.07682090 -1.62359355 -1.15535490 -1.03245197 
4.64158883e-02 -9.43885965 -5.07682090 -1.62359355 -1.15535490 -1.03245197 
3.59381366e-02 -9.43885965 -5.07682090 -1.62359355 -1.15535490 -1.03245197 
2.78255940e-02 -9.43885965 -5.07682090 -1.62359355 -1.15535490 -1.03245197 
2.15443469e-02 -9.43885965 -5.07682090 -1.62359355 -1.15535490 -1.03245197 
1.66810054e-02 -9.43885965 -5.07682090 -1.62359355 -1.15535490 -1.03245197 
1.29154967e-02 -9.43885965 -5.07682090 -1.62359355 -1.15535490 -1.03245197 
1.00000000e-02 -9.43885965 -5.07682090 -1.62359355 -1.15535490 -1.03245197 
7.74263683e-03 -9.43885965 -5.07682090 -1.62359355 -1.15535490 -1.03245197 
5.99484250e-03 -9.43885965 -5.07682090 -1.62359355 -1.15535490 -1.03245197 
4.64158883e-03 -9.43885965 -5.07682090 -1.62359355 -1.15535490 -1.03245197 
3.59381366e-03 -9.43885965 -5.07682090 -1.62359355 -1.15535490 -1.03245197 
2.78255940e-03 -9.43885965 -5.07682090 -1.62359355 -1.15535490 -1.03245197 
2.15443469e-03 -9.43885965 -5.07682090 -1.62359355 -1.15535490 -1.03245197 
1.66810054e-03 -9.43885965 -5.07682090 -1.62359355 -1.15535490 -1.03245197 
1.29154967e-03 -9.43885965 -5.07682090 -1.62359355 -1.15535490 -1.03245197 
1.00000000e-03 -9.43885965 -5.07682090 -1.62359355 -1.15535490 -1.03245197 
7.74263683e-04 -9.43885965 -5.07682090 -1.62359355 -1.15535490 -1.03245197 
5.99484250e-04 -9.43885965 -5.07682090 -1.62359355 -1.15535490 -1.03245197 
4.64158883e-04 -9.43885965 -5.07682090 -1.62359355 -1.15535490 -1.03245197 
3.59381366e-04 -9.43885965 -5.07682090 -1.62359355 -1.15535490 -1.03245197 
2.78255940e-04 -9.43885965 -5.07682090 -1.62359355 -1.15535490 -1.03245197 
2.15443469e-04 -9.43885965 -5.07682090 -1.62359355 -1.15535490 -1.03245197 
1.66810054e-04 -9.43885965 -5.07682090 -1.62359355 -1.15535490 -1.03245197 
1.29154967e-04 -9.43885965 -5.07682090 -1.62359355 -1.15535490 -1.03245197 
1.00000000e-04 -9.43885965 -5.07682090 -1.62359355 -1.15535490 -1.03245197 
7.74263683e-05 -9.43885965 -5.07682090 -1.62359355 -1.15535490 -1.03245197 
5.99484250e-05 -9.43885965 -5.07682090 -1.62359355 -1.15535490 -1.03245197 
4.64158883e-05 -9.43885965 -5.07682090 -1.62359355 -1.15535490 -1.03245197 
3.59381366e-05 -9.43885965 -5.07682090 -1.62359355 -1.15535490 -1.03245197 
2.78255940e-05 -9.43885965 -5.07682090 -1.62359355 -1.15535490 -1.03245197 
2.15443469e-05 -9.43885965 -5.07682090 -1.62359355 -1.15535490 -1.03245197 
1.66810054e-05 -9.43885965 -5.07682090 -1.62359355 -1.15535490 -1.03245197 
1.29154967e-05 -9.43885965 -5.07682090 -1.62359355 -1.15535490 -1.03245197 
1.00000000e-05 -9.43885965 -5.07682090 -1.62359355 -1.15535490 -1.03245197 
7.74263683e-06 -9.43885965 -5.07682090 -1.62359355 -1.15535490 -1.03245197 
5.99484250e-06 -9.43885965 -5.07682090 -1.62359355 -1.15535490 -1.03245197 
4.64158883e-06 -9.43885965 -5.07682090 -1.62359355 -1.15535490 -1.03245197 
3.59381366e-06 -9.43885965 -5.07682090 -1.62359355 -1.15535490 -1.03245197 
2.78255940e-06 -9.43885965 -5.07682090 -1.62359355 -1.15535490 -1.03245197 
2.15443469e-06 -9.43885965 -5.07682090 -1.62359355 -1.15535490 -1.03245197 
1.66810054e-06 -9.43885965 -5.07682090 -1.62359355 -1.15535490 -1.03245197 
1.29154967e-06 -9.43885965 -5.07682090 -1.62359355 -1.15535490 -1.03245197 
1.00000000e-06 -9.43885965 -5.07682090 -1.62359355 -1.15535490 -1.03245197 
7.74263683e-07 -9.43885965 -5.07682090 -1.62359355 -1.15535490 -1.03245197 
5.99484250e-07 -9.43885965 -5.07682090 -1.62359355 -1.15535490 -1.03245197 
4.64158883e-07 -9.43885965 -5.07682090 -1.62359355 -1.15535490 -1.03245197 
3.59381366e-07 -9.43885965 -5.07682090 -1.62359355 -1.15535490 -1.03245197 
2.78255940e-07 -9.43885965 -5.07682090 -1.62359355 -1.15535490 -1.03245197 
2.15443469e-07 -9.43885965 -5.07682090 -1.62359355 -1.15535490 -1.03245197 
1.66810054e-07 -9.43885965 -5.07682090 -1.62359355 -1.15535490 -1.03245197 
1.29154967e-07 -9.43885965 -5.07682090 -1.62359355 -1.15535490 -1.03245197 
1.00000000e-07 -9.43885965 -5.07682090 -1.62359355 -1.15535490 -1.03245197 
7.74263683e-08 -9.43885965 -5.07682090 -1.62359355 -1.15535490 -1.03245197 
5.99484250e-08 -9.43885965 -5.07682090 -1.62359355 -1.15535490 -1.03245197 
4.64158883e-08 -9.43885965 -5.07682090 -1.62359355 -1.15535490 -1.03245197 
3.59381366e-08 -9.43885965 -5.07682090 -1.62359355 -1.15535490 -1.03245197 
2.78255940e-08 -9.43885965 -5.07682090 -1.62359355 -1.15535490 -1.03245197 
2.15443469e-08 -9.43885965 -5.07682090 -1.62359355 -1.15535490 -1.03245197 
1.66810054e-08 -9.43885965 -5.07682090 -1.62359355 -1.15535490 -1.03245197 
1.29154967e-08 -9.43885965 -5.07682090 -1.62359355 -1.15535490 -1.03245197 
1.00000000e-08 -9.43885965 -5.07682090 -1.62359355 -1.15535490 -1.03245197 
7.74263683e-09 -9.43885965 -5.07682090 -1.62359355 -1.15535490 -1.03245197 
5.99484250e-09 -9.43885965 -5.07682090 -1.62359355 -1.15535490 -1.03245197 
4.64158883e-09 -9.43885965 -5.07682090 -1.62359355 -1.15535490 -1.03245197 
3.59381366e-09 -9.43885965 -5.07682090 -1.62359355 -1.15535490 -1.03245197 
2.78255940e-09 -9.43885965 -5.07682090 -1.62359355 -1.15535490 -1.03245197 
2.15443469e-09 -9.43885965 -5.07682090 -1.62359355 -1.15535490 -1.03245197 
1.66810054e-09 -9.43885965 -5.07682090 -1.62359355 -1.15535490 -1.03245197 
1.29154967e-09 -9.43885965 -5.07682090 -1.62359355 -1.15535490 -1.03245197 
1.00000000e-09 -9.43885965 -5.07682090 -1.62359355 -1.15535490 -1.03245197 
7.74263683e-10 -9.43885965 -5.07682090 -1.62359355 -1.15535490 -1.03245197 
5.99484250e-10 -9.43885965 -5.07682090 -1.62359355 -1.15535490 -1.03245197 
4.64158883e-10 -9.43885965 -5.07682090 -1.62359355 -1.15535490 -1.03245197 
3.59381366e-10 -9.43885965 -5.07682090 -1.62359355 -1.15535490 -1.03245197 
2.78255940e-10 -9.43885965 -5.07682090 -1.62359355 -1.15535490 -1.03245197 
2.15443469e-10 -9.43885965 -5.07682090 -1.62359355 -1.15535490 -1.03245197 
1.66810054e-10 -9.43885965 -5.07682090 -1.62359355 -1.15535490 -1.03245197 
1.29154967e-10 -9.43885965 -5.07682090 -1.62359355 -1.15535490 -1.03245197 
1.00000000e-10 -9.43885965 -5.07682090 -1.62359355 -1.15535490 -1.03245197 
P (bar) | log_O3: -2σ | log_O3: -1σ | log_O3: median | log_O3: +1σ | log_O3: +2σ 
1.00000000e+01 -9.86847858 -9.22722033 -8.10544030 -6.94173697 -6.23239886 
7.74263683e+00 -9.86847858 -9.22722033 -8.10544030 -6.94173697 -6.23239886 
5.99484250e+00 -9.86847858 -9.22722033 -8.10544030 -6.94173697 -6.23239886 
4.64158883e+00 -9.86847858 -9.22722033 -8.10544030 -6.94173697 -6.23239886 
3.59381366e+00 -9.86847858 -9.22722033 -8.10544030 -6.94173697 -6.23239886 
2.78255940e+00 -9.86847858 -9.22722033 -8.10544030 -6.94173697 -6.23239886 
2.15443469e+00 -9.86847858 -9.22722033 -8.10544030 -6.94173697 -6.23239886 
1.66810054e+00 -9.86847858 -9.22722033 -8.10544030 -6.94173697 -6.23239886 
1.29154967e+00 -9.86847858 -9.22722033 -8.10544030 -6.94173697 -6.23239886 
1.00000000e+00 -9.86847858 -9.22722033 -8.10544030 -6.94173697 -6.23239886 
7.74263683e-01 -9.86847858 -9.22722033 -8.10544030 -6.94173697 -6.23239886 
5.99484250e-01 -9.86847858 -9.22722033 -8.10544030 -6.94173697 -6.23239886 
4.64158883e-01 -9.86847858 -9.22722033 -8.10544030 -6.94173697 -6.23239886 
3.59381366e-01 -9.86847858 -9.22722033 -8.10544030 -6.94173697 -6.23239886 
2.78255940e-01 -9.86847858 -9.22722033 -8.10544030 -6.94173697 -6.23239886 
2.15443469e-01 -9.86847858 -9.22722033 -8.10544030 -6.94173697 -6.23239886 
1.66810054e-01 -9.86847858 -9.22722033 -8.10544030 -6.94173697 -6.23239886 
1.29154967e-01 -9.86847858 -9.22722033 -8.10544030 -6.94173697 -6.23239886 
1.00000000e-01 -9.86847858 -9.22722033 -8.10544030 -6.94173697 -6.23239886 
7.74263683e-02 -9.86847858 -9.22722033 -8.10544030 -6.94173697 -6.23239886 
5.99484250e-02 -9.86847858 -9.22722033 -8.10544030 -6.94173697 -6.23239886 
4.64158883e-02 -9.86847858 -9.22722033 -8.10544030 -6.94173697 -6.23239886 
3.59381366e-02 -9.86847858 -9.22722033 -8.10544030 -6.94173697 -6.23239886 
2.78255940e-02 -9.86847858 -9.22722033 -8.10544030 -6.94173697 -6.23239886 
2.15443469e-02 -9.86847858 -9.22722033 -8.10544030 -6.94173697 -6.23239886 
1.66810054e-02 -9.86847858 -9.22722033 -8.10544030 -6.94173697 -6.23239886 
1.29154967e-02 -9.86847858 -9.22722033 -8.10544030 -6.94173697 -6.23239886 
1.00000000e-02 -9.86847858 -9.22722033 -8.10544030 -6.94173697 -6.23239886 
7.74263683e-03 -9.86847858 -9.22722033 -8.10544030 -6.94173697 -6.23239886 
5.99484250e-03 -9.86847858 -9.22722033 -8.10544030 -6.94173697 -6.23239886 
4.64158883e-03 -9.86847858 -9.22722033 -8.10544030 -6.94173697 -6.23239886 
3.59381366e-03 -9.86847858 -9.22722033 -8.10544030 -6.94173697 -6.23239886 
2.78255940e-03 -9.86847858 -9.22722033 -8.10544030 -6.94173697 -6.23239886 
2.15443469e-03 -9.86847858 -9.22722033 -8.10544030 -6.94173697 -6.23239886 
1.66810054e-03 -9.86847858 -9.22722033 -8.10544030 -6.94173697 -6.23239886 
1.29154967e-03 -9.86847858 -9.22722033 -8.10544030 -6.94173697 -6.23239886 
1.00000000e-03 -9.86847858 -9.22722033 -8.10544030 -6.94173697 -6.23239886 
7.74263683e-04 -9.86847858 -9.22722033 -8.10544030 -6.94173697 -6.23239886 
5.99484250e-04 -9.86847858 -9.22722033 -8.10544030 -6.94173697 -6.23239886 
4.64158883e-04 -9.86847858 -9.22722033 -8.10544030 -6.94173697 -6.23239886 
3.59381366e-04 -9.86847858 -9.22722033 -8.10544030 -6.94173697 -6.23239886 
2.78255940e-04 -9.86847858 -9.22722033 -8.10544030 -6.94173697 -6.23239886 
2.15443469e-04 -9.86847858 -9.22722033 -8.10544030 -6.94173697 -6.23239886 
1.66810054e-04 -9.86847858 -9.22722033 -8.10544030 -6.94173697 -6.23239886 
1.29154967e-04 -9.86847858 -9.22722033 -8.10544030 -6.94173697 -6.23239886 
1.00000000e-04 -9.86847858 -9.22722033 -8.10544030 -6.94173697 -6.23239886 
7.74263683e-05 -9.86847858 -9.22722033 -8.10544030 -6.94173697 -6.23239886 
5.99484250e-05 -9.86847858 -9.22722033 -8.10544030 -6.94173697 -6.23239886 
4.64158883e-05 -9.86847858 -9.22722033 -8.10544030 -6.94173697 -6.23239886 
3.59381366e-05 -9.86847858 -9.22722033 -8.10544030 -6.94173697 -6.23239886 
2.78255940e-05 -9.86847858 -9.22722033 -8.10544030 -6.94173697 -6.23239886 
2.15443469e-05 -9.86847858 -9.22722033 -8.10544030 -6.94173697 -6.23239886 
1.66810054e-05 -9.86847858 -9.22722033 -8.10544030 -6.94173697 -6.23239886 
1.29154967e-05 -9.86847858 -9.22722033 -8.10544030 -6.94173697 -6.23239886 
1.00000000e-05 -9.86847858 -9.22722033 -8.10544030 -6.94173697 -6.23239886 
7.74263683e-06 -9.86847858 -9.22722033 -8.10544030 -6.94173697 -6.23239886 
5.99484250e-06 -9.86847858 -9.22722033 -8.10544030 -6.94173697 -6.23239886 
4.64158883e-06 -9.86847858 -9.22722033 -8.10544030 -6.94173697 -6.23239886 
3.59381366e-06 -9.86847858 -9.22722033 -8.10544030 -6.94173697 -6.23239886 
2.78255940e-06 -9.86847858 -9.22722033 -8.10544030 -6.94173697 -6.23239886 
2.15443469e-06 -9.86847858 -9.22722033 -8.10544030 -6.94173697 -6.23239886 
1.66810054e-06 -9.86847858 -9.22722033 -8.10544030 -6.94173697 -6.23239886 
1.29154967e-06 -9.86847858 -9.22722033 -8.10544030 -6.94173697 -6.23239886 
1.00000000e-06 -9.86847858 -9.22722033 -8.10544030 -6.94173697 -6.23239886 
7.74263683e-07 -9.86847858 -9.22722033 -8.10544030 -6.94173697 -6.23239886 
5.99484250e-07 -9.86847858 -9.22722033 -8.10544030 -6.94173697 -6.23239886 
4.64158883e-07 -9.86847858 -9.22722033 -8.10544030 -6.94173697 -6.23239886 
3.59381366e-07 -9.86847858 -9.22722033 -8.10544030 -6.94173697 -6.23239886 
2.78255940e-07 -9.86847858 -9.22722033 -8.10544030 -6.94173697 -6.23239886 
2.15443469e-07 -9.86847858 -9.22722033 -8.10544030 -6.94173697 -6.23239886 
1.66810054e-07 -9.86847858 -9.22722033 -8.10544030 -6.94173697 -6.23239886 
1.29154967e-07 -9.86847858 -9.22722033 -8.10544030 -6.94173697 -6.23239886 
1.00000000e-07 -9.86847858 -9.22722033 -8.10544030 -6.94173697 -6.23239886 
7.74263683e-08 -9.86847858 -9.22722033 -8.10544030 -6.94173697 -6.23239886 
5.99484250e-08 -9.86847858 -9.22722033 -8.10544030 -6.94173697 -6.23239886 
4.64158883e-08 -9.86847858 -9.22722033 -8.10544030 -6.94173697 -6.23239886 
3.59381366e-08 -9.86847858 -9.22722033 -8.10544030 -6.94173697 -6.23239886 
2.78255940e-08 -9.86847858 -9.22722033 -8.10544030 -6.94173697 -6.23239886 
2.15443469e-08 -9.86847858 -9.22722033 -8.10544030 -6.94173697 -6.23239886 
1.66810054e-08 -9.86847858 -9.22722033 -8.10544030 -6.94173697 -6.23239886 
1.29154967e-08 -9.86847858 -9.22722033 -8.10544030 -6.94173697 -6.23239886 
1.00000000e-08 -9.86847858 -9.22722033 -8.10544030 -6.94173697 -6.23239886 
7.74263683e-09 -9.86847858 -9.22722033 -8.10544030 -6.94173697 -6.23239886 
5.99484250e-09 -9.86847858 -9.22722033 -8.10544030 -6.94173697 -6.23239886 
4.64158883e-09 -9.86847858 -9.22722033 -8.10544030 -6.94173697 -6.23239886 
3.59381366e-09 -9.86847858 -9.22722033 -8.10544030 -6.94173697 -6.23239886 
2.78255940e-09 -9.86847858 -9.22722033 -8.10544030 -6.94173697 -6.23239886 
2.15443469e-09 -9.86847858 -9.22722033 -8.10544030 -6.94173697 -6.23239886 
1.66810054e-09 -9.86847858 -9.22722033 -8.10544030 -6.94173697 -6.23239886 
1.29154967e-09 -9.86847858 -9.22722033 -8.10544030 -6.94173697 -6.23239886 
1.00000000e-09 -9.86847858 -9.22722033 -8.10544030 -6.94173697 -6.23239886 
7.74263683e-10 -9.86847858 -9.22722033 -8.10544030 -6.94173697 -6.23239886 
5.99484250e-10 -9.86847858 -9.22722033 -8.10544030 -6.94173697 -6.23239886 
4.64158883e-10 -9.86847858 -9.22722033 -8.10544030 -6.94173697 -6.23239886 
3.59381366e-10 -9.86847858 -9.22722033 -8.10544030 -6.94173697 -6.23239886 
2.78255940e-10 -9.86847858 -9.22722033 -8.10544030 -6.94173697 -6.23239886 
2.15443469e-10 -9.86847858 -9.22722033 -8.10544030 -6.94173697 -6.23239886 
1.66810054e-10 -9.86847858 -9.22722033 -8.10544030 -6.94173697 -6.23239886 
1.29154967e-10 -9.86847858 -9.22722033 -8.10544030 -6.94173697 -6.23239886 
1.00000000e-10 -9.86847858 -9.22722033 -8.10544030 -6.94173697 -6.23239886 
P (bar) | log_N2O: -2σ | log_N2O: -1σ | log_N2O: median | log_N2O: +1σ | log_N2O: +2σ 
1.00000000e+01 -9.20759535 -7.30879604 -6.31155678 -5.69178475 -5.18379026 
7.74263683e+00 -9.20759535 -7.30879604 -6.31155678 -5.69178475 -5.18379026 
5.99484250e+00 -9.20759535 -7.30879604 -6.31155678 -5.69178475 -5.18379026 
4.64158883e+00 -9.20759535 -7.30879604 -6.31155678 -5.69178475 -5.18379026 
3.59381366e+00 -9.20759535 -7.30879604 -6.31155678 -5.69178475 -5.18379026 
2.78255940e+00 -9.20759535 -7.30879604 -6.31155678 -5.69178475 -5.18379026 
2.15443469e+00 -9.20759535 -7.30879604 -6.31155678 -5.69178475 -5.18379026 
1.66810054e+00 -9.20759535 -7.30879604 -6.31155678 -5.69178475 -5.18379026 
1.29154967e+00 -9.20759535 -7.30879604 -6.31155678 -5.69178475 -5.18379026 
1.00000000e+00 -9.20759535 -7.30879604 -6.31155678 -5.69178475 -5.18379026 
7.74263683e-01 -9.20759535 -7.30879604 -6.31155678 -5.69178475 -5.18379026 
5.99484250e-01 -9.20759535 -7.30879604 -6.31155678 -5.69178475 -5.18379026 
4.64158883e-01 -9.20759535 -7.30879604 -6.31155678 -5.69178475 -5.18379026 
3.59381366e-01 -9.20759535 -7.30879604 -6.31155678 -5.69178475 -5.18379026 
2.78255940e-01 -9.20759535 -7.30879604 -6.31155678 -5.69178475 -5.18379026 
2.15443469e-01 -9.20759535 -7.30879604 -6.31155678 -5.69178475 -5.18379026 
1.66810054e-01 -9.20759535 -7.30879604 -6.31155678 -5.69178475 -5.18379026 
1.29154967e-01 -9.20759535 -7.30879604 -6.31155678 -5.69178475 -5.18379026 
1.00000000e-01 -9.20759535 -7.30879604 -6.31155678 -5.69178475 -5.18379026 
7.74263683e-02 -9.20759535 -7.30879604 -6.31155678 -5.69178475 -5.18379026 
5.99484250e-02 -9.20759535 -7.30879604 -6.31155678 -5.69178475 -5.18379026 
4.64158883e-02 -9.20759535 -7.30879604 -6.31155678 -5.69178475 -5.18379026 
3.59381366e-02 -9.20759535 -7.30879604 -6.31155678 -5.69178475 -5.18379026 
2.78255940e-02 -9.20759535 -7.30879604 -6.31155678 -5.69178475 -5.18379026 
2.15443469e-02 -9.20759535 -7.30879604 -6.31155678 -5.69178475 -5.18379026 
1.66810054e-02 -9.20759535 -7.30879604 -6.31155678 -5.69178475 -5.18379026 
1.29154967e-02 -9.20759535 -7.30879604 -6.31155678 -5.69178475 -5.18379026 
1.00000000e-02 -9.20759535 -7.30879604 -6.31155678 -5.69178475 -5.18379026 
7.74263683e-03 -9.20759535 -7.30879604 -6.31155678 -5.69178475 -5.18379026 
5.99484250e-03 -9.20759535 -7.30879604 -6.31155678 -5.69178475 -5.18379026 
4.64158883e-03 -9.20759535 -7.30879604 -6.31155678 -5.69178475 -5.18379026 
3.59381366e-03 -9.20759535 -7.30879604 -6.31155678 -5.69178475 -5.18379026 
2.78255940e-03 -9.20759535 -7.30879604 -6.31155678 -5.69178475 -5.18379026 
2.15443469e-03 -9.20759535 -7.30879604 -6.31155678 -5.69178475 -5.18379026 
1.66810054e-03 -9.20759535 -7.30879604 -6.31155678 -5.69178475 -5.18379026 
1.29154967e-03 -9.20759535 -7.30879604 -6.31155678 -5.69178475 -5.18379026 
1.00000000e-03 -9.20759535 -7.30879604 -6.31155678 -5.69178475 -5.18379026 
7.74263683e-04 -9.20759535 -7.30879604 -6.31155678 -5.69178475 -5.18379026 
5.99484250e-04 -9.20759535 -7.30879604 -6.31155678 -5.69178475 -5.18379026 
4.64158883e-04 -9.20759535 -7.30879604 -6.31155678 -5.69178475 -5.18379026 
3.59381366e-04 -9.20759535 -7.30879604 -6.31155678 -5.69178475 -5.18379026 
2.78255940e-04 -9.20759535 -7.30879604 -6.31155678 -5.69178475 -5.18379026 
2.15443469e-04 -9.20759535 -7.30879604 -6.31155678 -5.69178475 -5.18379026 
1.66810054e-04 -9.20759535 -7.30879604 -6.31155678 -5.69178475 -5.18379026 
1.29154967e-04 -9.20759535 -7.30879604 -6.31155678 -5.69178475 -5.18379026 
1.00000000e-04 -9.20759535 -7.30879604 -6.31155678 -5.69178475 -5.18379026 
7.74263683e-05 -9.20759535 -7.30879604 -6.31155678 -5.69178475 -5.18379026 
5.99484250e-05 -9.20759535 -7.30879604 -6.31155678 -5.69178475 -5.18379026 
4.64158883e-05 -9.20759535 -7.30879604 -6.31155678 -5.69178475 -5.18379026 
3.59381366e-05 -9.20759535 -7.30879604 -6.31155678 -5.69178475 -5.18379026 
2.78255940e-05 -9.20759535 -7.30879604 -6.31155678 -5.69178475 -5.18379026 
2.15443469e-05 -9.20759535 -7.30879604 -6.31155678 -5.69178475 -5.18379026 
1.66810054e-05 -9.20759535 -7.30879604 -6.31155678 -5.69178475 -5.18379026 
1.29154967e-05 -9.20759535 -7.30879604 -6.31155678 -5.69178475 -5.18379026 
1.00000000e-05 -9.20759535 -7.30879604 -6.31155678 -5.69178475 -5.18379026 
7.74263683e-06 -9.20759535 -7.30879604 -6.31155678 -5.69178475 -5.18379026 
5.99484250e-06 -9.20759535 -7.30879604 -6.31155678 -5.69178475 -5.18379026 
4.64158883e-06 -9.20759535 -7.30879604 -6.31155678 -5.69178475 -5.18379026 
3.59381366e-06 -9.20759535 -7.30879604 -6.31155678 -5.69178475 -5.18379026 
2.78255940e-06 -9.20759535 -7.30879604 -6.31155678 -5.69178475 -5.18379026 
2.15443469e-06 -9.20759535 -7.30879604 -6.31155678 -5.69178475 -5.18379026 
1.66810054e-06 -9.20759535 -7.30879604 -6.31155678 -5.69178475 -5.18379026 
1.29154967e-06 -9.20759535 -7.30879604 -6.31155678 -5.69178475 -5.18379026 
1.00000000e-06 -9.20759535 -7.30879604 -6.31155678 -5.69178475 -5.18379026 
7.74263683e-07 -9.20759535 -7.30879604 -6.31155678 -5.69178475 -5.18379026 
5.99484250e-07 -9.20759535 -7.30879604 -6.31155678 -5.69178475 -5.18379026 
4.64158883e-07 -9.20759535 -7.30879604 -6.31155678 -5.69178475 -5.18379026 
3.59381366e-07 -9.20759535 -7.30879604 -6.31155678 -5.69178475 -5.18379026 
2.78255940e-07 -9.20759535 -7.30879604 -6.31155678 -5.69178475 -5.18379026 
2.15443469e-07 -9.20759535 -7.30879604 -6.31155678 -5.69178475 -5.18379026 
1.66810054e-07 -9.20759535 -7.30879604 -6.31155678 -5.69178475 -5.18379026 
1.29154967e-07 -9.20759535 -7.30879604 -6.31155678 -5.69178475 -5.18379026 
1.00000000e-07 -9.20759535 -7.30879604 -6.31155678 -5.69178475 -5.18379026 
7.74263683e-08 -9.20759535 -7.30879604 -6.31155678 -5.69178475 -5.18379026 
5.99484250e-08 -9.20759535 -7.30879604 -6.31155678 -5.69178475 -5.18379026 
4.64158883e-08 -9.20759535 -7.30879604 -6.31155678 -5.69178475 -5.18379026 
3.59381366e-08 -9.20759535 -7.30879604 -6.31155678 -5.69178475 -5.18379026 
2.78255940e-08 -9.20759535 -7.30879604 -6.31155678 -5.69178475 -5.18379026 
2.15443469e-08 -9.20759535 -7.30879604 -6.31155678 -5.69178475 -5.18379026 
1.66810054e-08 -9.20759535 -7.30879604 -6.31155678 -5.69178475 -5.18379026 
1.29154967e-08 -9.20759535 -7.30879604 -6.31155678 -5.69178475 -5.18379026 
1.00000000e-08 -9.20759535 -7.30879604 -6.31155678 -5.69178475 -5.18379026 
7.74263683e-09 -9.20759535 -7.30879604 -6.31155678 -5.69178475 -5.18379026 
5.99484250e-09 -9.20759535 -7.30879604 -6.31155678 -5.69178475 -5.18379026 
4.64158883e-09 -9.20759535 -7.30879604 -6.31155678 -5.69178475 -5.18379026 
3.59381366e-09 -9.20759535 -7.30879604 -6.31155678 -5.69178475 -5.18379026 
2.78255940e-09 -9.20759535 -7.30879604 -6.31155678 -5.69178475 -5.18379026 
2.15443469e-09 -9.20759535 -7.30879604 -6.31155678 -5.69178475 -5.18379026 
1.66810054e-09 -9.20759535 -7.30879604 -6.31155678 -5.69178475 -5.18379026 
1.29154967e-09 -9.20759535 -7.30879604 -6.31155678 -5.69178475 -5.18379026 
1.00000000e-09 -9.20759535 -7.30879604 -6.31155678 -5.69178475 -5.18379026 
7.74263683e-10 -9.20759535 -7.30879604 -6.31155678 -5.69178475 -5.18379026 
5.99484250e-10 -9.20759535 -7.30879604 -6.31155678 -5.69178475 -5.18379026 
4.64158883e-10 -9.20759535 -7.30879604 -6.31155678 -5.69178475 -5.18379026 
3.59381366e-10 -9.20759535 -7.30879604 -6.31155678 -5.69178475 -5.18379026 
2.78255940e-10 -9.20759535 -7.30879604 -6.31155678 -5.69178475 -5.18379026 
2.15443469e-10 -9.20759535 -7.30879604 -6.31155678 -5.69178475 -5.18379026 
1.66810054e-10 -9.20759535 -7.30879604 -6.31155678 -5.69178475 -5.18379026 
1.29154967e-10 -9.20759535 -7.30879604 -6.31155678 -5.69178475 -5.18379026 
1.00000000e-10 -9.20759535 -7.30879604 -6.31155678 -5.69178475 -5.18379026 
P (bar) | log_NH3: -2σ | log_NH3: -1σ | log_NH3: median | log_NH3: +1σ | log_NH3: +2σ 
1.00000000e+01 -9.89499829 -9.33999187 -8.11864894 -7.04621432 -6.44553549 
7.74263683e+00 -9.89499829 -9.33999187 -8.11864894 -7.04621432 -6.44553549 
5.99484250e+00 -9.89499829 -9.33999187 -8.11864894 -7.04621432 -6.44553549 
4.64158883e+00 -9.89499829 -9.33999187 -8.11864894 -7.04621432 -6.44553549 
3.59381366e+00 -9.89499829 -9.33999187 -8.11864894 -7.04621432 -6.44553549 
2.78255940e+00 -9.89499829 -9.33999187 -8.11864894 -7.04621432 -6.44553549 
2.15443469e+00 -9.89499829 -9.33999187 -8.11864894 -7.04621432 -6.44553549 
1.66810054e+00 -9.89499829 -9.33999187 -8.11864894 -7.04621432 -6.44553549 
1.29154967e+00 -9.89499829 -9.33999187 -8.11864894 -7.04621432 -6.44553549 
1.00000000e+00 -9.89499829 -9.33999187 -8.11864894 -7.04621432 -6.44553549 
7.74263683e-01 -9.89499829 -9.33999187 -8.11864894 -7.04621432 -6.44553549 
5.99484250e-01 -9.89499829 -9.33999187 -8.11864894 -7.04621432 -6.44553549 
4.64158883e-01 -9.89499829 -9.33999187 -8.11864894 -7.04621432 -6.44553549 
3.59381366e-01 -9.89499829 -9.33999187 -8.11864894 -7.04621432 -6.44553549 
2.78255940e-01 -9.89499829 -9.33999187 -8.11864894 -7.04621432 -6.44553549 
2.15443469e-01 -9.89499829 -9.33999187 -8.11864894 -7.04621432 -6.44553549 
1.66810054e-01 -9.89499829 -9.33999187 -8.11864894 -7.04621432 -6.44553549 
1.29154967e-01 -9.89499829 -9.33999187 -8.11864894 -7.04621432 -6.44553549 
1.00000000e-01 -9.89499829 -9.33999187 -8.11864894 -7.04621432 -6.44553549 
7.74263683e-02 -9.89499829 -9.33999187 -8.11864894 -7.04621432 -6.44553549 
5.99484250e-02 -9.89499829 -9.33999187 -8.11864894 -7.04621432 -6.44553549 
4.64158883e-02 -9.89499829 -9.33999187 -8.11864894 -7.04621432 -6.44553549 
3.59381366e-02 -9.89499829 -9.33999187 -8.11864894 -7.04621432 -6.44553549 
2.78255940e-02 -9.89499829 -9.33999187 -8.11864894 -7.04621432 -6.44553549 
2.15443469e-02 -9.89499829 -9.33999187 -8.11864894 -7.04621432 -6.44553549 
1.66810054e-02 -9.89499829 -9.33999187 -8.11864894 -7.04621432 -6.44553549 
1.29154967e-02 -9.89499829 -9.33999187 -8.11864894 -7.04621432 -6.44553549 
1.00000000e-02 -9.89499829 -9.33999187 -8.11864894 -7.04621432 -6.44553549 
7.74263683e-03 -9.89499829 -9.33999187 -8.11864894 -7.04621432 -6.44553549 
5.99484250e-03 -9.89499829 -9.33999187 -8.11864894 -7.04621432 -6.44553549 
4.64158883e-03 -9.89499829 -9.33999187 -8.11864894 -7.04621432 -6.44553549 
3.59381366e-03 -9.89499829 -9.33999187 -8.11864894 -7.04621432 -6.44553549 
2.78255940e-03 -9.89499829 -9.33999187 -8.11864894 -7.04621432 -6.44553549 
2.15443469e-03 -9.89499829 -9.33999187 -8.11864894 -7.04621432 -6.44553549 
1.66810054e-03 -9.89499829 -9.33999187 -8.11864894 -7.04621432 -6.44553549 
1.29154967e-03 -9.89499829 -9.33999187 -8.11864894 -7.04621432 -6.44553549 
1.00000000e-03 -9.89499829 -9.33999187 -8.11864894 -7.04621432 -6.44553549 
7.74263683e-04 -9.89499829 -9.33999187 -8.11864894 -7.04621432 -6.44553549 
5.99484250e-04 -9.89499829 -9.33999187 -8.11864894 -7.04621432 -6.44553549 
4.64158883e-04 -9.89499829 -9.33999187 -8.11864894 -7.04621432 -6.44553549 
3.59381366e-04 -9.89499829 -9.33999187 -8.11864894 -7.04621432 -6.44553549 
2.78255940e-04 -9.89499829 -9.33999187 -8.11864894 -7.04621432 -6.44553549 
2.15443469e-04 -9.89499829 -9.33999187 -8.11864894 -7.04621432 -6.44553549 
1.66810054e-04 -9.89499829 -9.33999187 -8.11864894 -7.04621432 -6.44553549 
1.29154967e-04 -9.89499829 -9.33999187 -8.11864894 -7.04621432 -6.44553549 
1.00000000e-04 -9.89499829 -9.33999187 -8.11864894 -7.04621432 -6.44553549 
7.74263683e-05 -9.89499829 -9.33999187 -8.11864894 -7.04621432 -6.44553549 
5.99484250e-05 -9.89499829 -9.33999187 -8.11864894 -7.04621432 -6.44553549 
4.64158883e-05 -9.89499829 -9.33999187 -8.11864894 -7.04621432 -6.44553549 
3.59381366e-05 -9.89499829 -9.33999187 -8.11864894 -7.04621432 -6.44553549 
2.78255940e-05 -9.89499829 -9.33999187 -8.11864894 -7.04621432 -6.44553549 
2.15443469e-05 -9.89499829 -9.33999187 -8.11864894 -7.04621432 -6.44553549 
1.66810054e-05 -9.89499829 -9.33999187 -8.11864894 -7.04621432 -6.44553549 
1.29154967e-05 -9.89499829 -9.33999187 -8.11864894 -7.04621432 -6.44553549 
1.00000000e-05 -9.89499829 -9.33999187 -8.11864894 -7.04621432 -6.44553549 
7.74263683e-06 -9.89499829 -9.33999187 -8.11864894 -7.04621432 -6.44553549 
5.99484250e-06 -9.89499829 -9.33999187 -8.11864894 -7.04621432 -6.44553549 
4.64158883e-06 -9.89499829 -9.33999187 -8.11864894 -7.04621432 -6.44553549 
3.59381366e-06 -9.89499829 -9.33999187 -8.11864894 -7.04621432 -6.44553549 
2.78255940e-06 -9.89499829 -9.33999187 -8.11864894 -7.04621432 -6.44553549 
2.15443469e-06 -9.89499829 -9.33999187 -8.11864894 -7.04621432 -6.44553549 
1.66810054e-06 -9.89499829 -9.33999187 -8.11864894 -7.04621432 -6.44553549 
1.29154967e-06 -9.89499829 -9.33999187 -8.11864894 -7.04621432 -6.44553549 
1.00000000e-06 -9.89499829 -9.33999187 -8.11864894 -7.04621432 -6.44553549 
7.74263683e-07 -9.89499829 -9.33999187 -8.11864894 -7.04621432 -6.44553549 
5.99484250e-07 -9.89499829 -9.33999187 -8.11864894 -7.04621432 -6.44553549 
4.64158883e-07 -9.89499829 -9.33999187 -8.11864894 -7.04621432 -6.44553549 
3.59381366e-07 -9.89499829 -9.33999187 -8.11864894 -7.04621432 -6.44553549 
2.78255940e-07 -9.89499829 -9.33999187 -8.11864894 -7.04621432 -6.44553549 
2.15443469e-07 -9.89499829 -9.33999187 -8.11864894 -7.04621432 -6.44553549 
1.66810054e-07 -9.89499829 -9.33999187 -8.11864894 -7.04621432 -6.44553549 
1.29154967e-07 -9.89499829 -9.33999187 -8.11864894 -7.04621432 -6.44553549 
1.00000000e-07 -9.89499829 -9.33999187 -8.11864894 -7.04621432 -6.44553549 
7.74263683e-08 -9.89499829 -9.33999187 -8.11864894 -7.04621432 -6.44553549 
5.99484250e-08 -9.89499829 -9.33999187 -8.11864894 -7.04621432 -6.44553549 
4.64158883e-08 -9.89499829 -9.33999187 -8.11864894 -7.04621432 -6.44553549 
3.59381366e-08 -9.89499829 -9.33999187 -8.11864894 -7.04621432 -6.44553549 
2.78255940e-08 -9.89499829 -9.33999187 -8.11864894 -7.04621432 -6.44553549 
2.15443469e-08 -9.89499829 -9.33999187 -8.11864894 -7.04621432 -6.44553549 
1.66810054e-08 -9.89499829 -9.33999187 -8.11864894 -7.04621432 -6.44553549 
1.29154967e-08 -9.89499829 -9.33999187 -8.11864894 -7.04621432 -6.44553549 
1.00000000e-08 -9.89499829 -9.33999187 -8.11864894 -7.04621432 -6.44553549 
7.74263683e-09 -9.89499829 -9.33999187 -8.11864894 -7.04621432 -6.44553549 
5.99484250e-09 -9.89499829 -9.33999187 -8.11864894 -7.04621432 -6.44553549 
4.64158883e-09 -9.89499829 -9.33999187 -8.11864894 -7.04621432 -6.44553549 
3.59381366e-09 -9.89499829 -9.33999187 -8.11864894 -7.04621432 -6.44553549 
2.78255940e-09 -9.89499829 -9.33999187 -8.11864894 -7.04621432 -6.44553549 
2.15443469e-09 -9.89499829 -9.33999187 -8.11864894 -7.04621432 -6.44553549 
1.66810054e-09 -9.89499829 -9.33999187 -8.11864894 -7.04621432 -6.44553549 
1.29154967e-09 -9.89499829 -9.33999187 -8.11864894 -7.04621432 -6.44553549 
1.00000000e-09 -9.89499829 -9.33999187 -8.11864894 -7.04621432 -6.44553549 
7.74263683e-10 -9.89499829 -9.33999187 -8.11864894 -7.04621432 -6.44553549 
5.99484250e-10 -9.89499829 -9.33999187 -8.11864894 -7.04621432 -6.44553549 
4.64158883e-10 -9.89499829 -9.33999187 -8.11864894 -7.04621432 -6.44553549 
3.59381366e-10 -9.89499829 -9.33999187 -8.11864894 -7.04621432 -6.44553549 
2.78255940e-10 -9.89499829 -9.33999187 -8.11864894 -7.04621432 -6.44553549 
2.15443469e-10 -9.89499829 -9.33999187 -8.11864894 -7.04621432 -6.44553549 
1.66810054e-10 -9.89499829 -9.33999187 -8.11864894 -7.04621432 -6.44553549 
1.29154967e-10 -9.89499829 -9.33999187 -8.11864894 -7.04621432 -6.44553549 
1.00000000e-10 -9.89499829 -9.33999187 -8.11864894 -7.04621432 -6.44553549 
