P (bar) | T: -2σ | T: -1σ  | T: median | T: +1σ | T: +2σ 
1.00000000e+01 2.00850259e+02 2.05155963e+02 2.09584481e+02 2.18292838e+02 2.30266575e+02 
7.74263683e+00 2.00850259e+02 2.05155963e+02 2.09584481e+02 2.18292838e+02 2.30266575e+02 
5.99484250e+00 2.00850259e+02 2.05155963e+02 2.09584481e+02 2.18292838e+02 2.30266575e+02 
4.64158883e+00 2.00850259e+02 2.05155963e+02 2.09584481e+02 2.18292838e+02 2.30266575e+02 
3.59381366e+00 2.00850259e+02 2.05155963e+02 2.09584481e+02 2.18292838e+02 2.30266575e+02 
2.78255940e+00 2.00850259e+02 2.05155963e+02 2.09584481e+02 2.18292838e+02 2.30266575e+02 
2.15443469e+00 2.00850259e+02 2.05155963e+02 2.09584481e+02 2.18292838e+02 2.30266575e+02 
1.66810054e+00 2.00850259e+02 2.05155963e+02 2.09584481e+02 2.18292838e+02 2.30266575e+02 
1.29154967e+00 2.00850259e+02 2.05155963e+02 2.09584481e+02 2.18292838e+02 2.30266575e+02 
1.00000000e+00 2.00850259e+02 2.05155963e+02 2.09584481e+02 2.18292838e+02 2.30266575e+02 
7.74263683e-01 2.00850259e+02 2.05155963e+02 2.09584481e+02 2.18292838e+02 2.30266575e+02 
5.99484250e-01 2.00850259e+02 2.05155963e+02 2.09584481e+02 2.18292838e+02 2.30266575e+02 
4.64158883e-01 2.00850259e+02 2.05155963e+02 2.09584481e+02 2.18292838e+02 2.30266575e+02 
3.59381366e-01 2.00850259e+02 2.05155963e+02 2.09584481e+02 2.18292838e+02 2.30266575e+02 
2.78255940e-01 2.00850259e+02 2.05155963e+02 2.09584481e+02 2.18292838e+02 2.30266575e+02 
2.15443469e-01 2.00850259e+02 2.05155963e+02 2.09584481e+02 2.18292838e+02 2.30266575e+02 
1.66810054e-01 2.00850259e+02 2.05155963e+02 2.09584481e+02 2.18292838e+02 2.30266575e+02 
1.29154967e-01 2.00850259e+02 2.05155963e+02 2.09584481e+02 2.18292838e+02 2.30266575e+02 
1.00000000e-01 2.00850259e+02 2.05155963e+02 2.09584481e+02 2.18292838e+02 2.30266575e+02 
7.74263683e-02 2.00850259e+02 2.05155963e+02 2.09584481e+02 2.18292838e+02 2.30266575e+02 
5.99484250e-02 2.00850259e+02 2.05155963e+02 2.09584481e+02 2.18292838e+02 2.30266575e+02 
4.64158883e-02 2.00850259e+02 2.05155963e+02 2.09584481e+02 2.18292838e+02 2.30266575e+02 
3.59381366e-02 2.00850259e+02 2.05155963e+02 2.09584481e+02 2.18292838e+02 2.30266575e+02 
2.78255940e-02 2.00850259e+02 2.05155963e+02 2.09584481e+02 2.18292838e+02 2.30266575e+02 
2.15443469e-02 2.00850259e+02 2.05155963e+02 2.09584481e+02 2.18292838e+02 2.30266575e+02 
1.66810054e-02 2.00850259e+02 2.05155963e+02 2.09584481e+02 2.18292838e+02 2.30266575e+02 
1.29154967e-02 2.00850259e+02 2.05155963e+02 2.09584481e+02 2.18292838e+02 2.30266575e+02 
1.00000000e-02 2.00850259e+02 2.05155963e+02 2.09584481e+02 2.18292838e+02 2.30266575e+02 
7.74263683e-03 2.00850259e+02 2.05155963e+02 2.09584481e+02 2.18292838e+02 2.30266575e+02 
5.99484250e-03 2.00850259e+02 2.05155963e+02 2.09584481e+02 2.18292838e+02 2.30266575e+02 
4.64158883e-03 2.00850259e+02 2.05155963e+02 2.09584481e+02 2.18292838e+02 2.30266575e+02 
3.59381366e-03 2.00850259e+02 2.05155963e+02 2.09584481e+02 2.18292838e+02 2.30266575e+02 
2.78255940e-03 2.00850259e+02 2.05155963e+02 2.09584481e+02 2.18292838e+02 2.30266575e+02 
2.15443469e-03 2.00850259e+02 2.05155963e+02 2.09584481e+02 2.18292838e+02 2.30266575e+02 
1.66810054e-03 2.00850259e+02 2.05155963e+02 2.09584481e+02 2.18292838e+02 2.30266575e+02 
1.29154967e-03 2.00850259e+02 2.05155963e+02 2.09584481e+02 2.18292838e+02 2.30266575e+02 
1.00000000e-03 2.00850259e+02 2.05155963e+02 2.09584481e+02 2.18292838e+02 2.30266575e+02 
7.74263683e-04 2.00850259e+02 2.05155963e+02 2.09584481e+02 2.18292838e+02 2.30266575e+02 
5.99484250e-04 2.00850259e+02 2.05155963e+02 2.09584481e+02 2.18292838e+02 2.30266575e+02 
4.64158883e-04 2.00850259e+02 2.05155963e+02 2.09584481e+02 2.18292838e+02 2.30266575e+02 
3.59381366e-04 2.00850259e+02 2.05155963e+02 2.09584481e+02 2.18292838e+02 2.30266575e+02 
2.78255940e-04 2.00850259e+02 2.05155963e+02 2.09584481e+02 2.18292838e+02 2.30266575e+02 
2.15443469e-04 2.00850259e+02 2.05155963e+02 2.09584481e+02 2.18292838e+02 2.30266575e+02 
1.66810054e-04 2.00850259e+02 2.05155963e+02 2.09584481e+02 2.18292838e+02 2.30266575e+02 
1.29154967e-04 2.00850259e+02 2.05155963e+02 2.09584481e+02 2.18292838e+02 2.30266575e+02 
1.00000000e-04 2.00850259e+02 2.05155963e+02 2.09584481e+02 2.18292838e+02 2.30266575e+02 
7.74263683e-05 2.00850259e+02 2.05155963e+02 2.09584481e+02 2.18292838e+02 2.30266575e+02 
5.99484250e-05 2.00850259e+02 2.05155963e+02 2.09584481e+02 2.18292838e+02 2.30266575e+02 
4.64158883e-05 2.00850259e+02 2.05155963e+02 2.09584481e+02 2.18292838e+02 2.30266575e+02 
3.59381366e-05 2.00850259e+02 2.05155963e+02 2.09584481e+02 2.18292838e+02 2.30266575e+02 
2.78255940e-05 2.00850259e+02 2.05155963e+02 2.09584481e+02 2.18292838e+02 2.30266575e+02 
2.15443469e-05 2.00850259e+02 2.05155963e+02 2.09584481e+02 2.18292838e+02 2.30266575e+02 
1.66810054e-05 2.00850259e+02 2.05155963e+02 2.09584481e+02 2.18292838e+02 2.30266575e+02 
1.29154967e-05 2.00850259e+02 2.05155963e+02 2.09584481e+02 2.18292838e+02 2.30266575e+02 
1.00000000e-05 2.00850259e+02 2.05155963e+02 2.09584481e+02 2.18292838e+02 2.30266575e+02 
7.74263683e-06 2.00850259e+02 2.05155963e+02 2.09584481e+02 2.18292838e+02 2.30266575e+02 
5.99484250e-06 2.00850259e+02 2.05155963e+02 2.09584481e+02 2.18292838e+02 2.30266575e+02 
4.64158883e-06 2.00850259e+02 2.05155963e+02 2.09584481e+02 2.18292838e+02 2.30266575e+02 
3.59381366e-06 2.00850259e+02 2.05155963e+02 2.09584481e+02 2.18292838e+02 2.30266575e+02 
2.78255940e-06 2.00850259e+02 2.05155963e+02 2.09584481e+02 2.18292838e+02 2.30266575e+02 
2.15443469e-06 2.00850259e+02 2.05155963e+02 2.09584481e+02 2.18292838e+02 2.30266575e+02 
1.66810054e-06 2.00850259e+02 2.05155963e+02 2.09584481e+02 2.18292838e+02 2.30266575e+02 
1.29154967e-06 2.00850259e+02 2.05155963e+02 2.09584481e+02 2.18292838e+02 2.30266575e+02 
1.00000000e-06 2.00850259e+02 2.05155963e+02 2.09584481e+02 2.18292838e+02 2.30266575e+02 
7.74263683e-07 2.00850259e+02 2.05155963e+02 2.09584481e+02 2.18292838e+02 2.30266575e+02 
5.99484250e-07 2.00850259e+02 2.05155963e+02 2.09584481e+02 2.18292838e+02 2.30266575e+02 
4.64158883e-07 2.00850259e+02 2.05155963e+02 2.09584481e+02 2.18292838e+02 2.30266575e+02 
3.59381366e-07 2.00850259e+02 2.05155963e+02 2.09584481e+02 2.18292838e+02 2.30266575e+02 
2.78255940e-07 2.00850259e+02 2.05155963e+02 2.09584481e+02 2.18292838e+02 2.30266575e+02 
2.15443469e-07 2.00850259e+02 2.05155963e+02 2.09584481e+02 2.18292838e+02 2.30266575e+02 
1.66810054e-07 2.00850259e+02 2.05155963e+02 2.09584481e+02 2.18292838e+02 2.30266575e+02 
1.29154967e-07 2.00850259e+02 2.05155963e+02 2.09584481e+02 2.18292838e+02 2.30266575e+02 
1.00000000e-07 2.00850259e+02 2.05155963e+02 2.09584481e+02 2.18292838e+02 2.30266575e+02 
7.74263683e-08 2.00850259e+02 2.05155963e+02 2.09584481e+02 2.18292838e+02 2.30266575e+02 
5.99484250e-08 2.00850259e+02 2.05155963e+02 2.09584481e+02 2.18292838e+02 2.30266575e+02 
4.64158883e-08 2.00850259e+02 2.05155963e+02 2.09584481e+02 2.18292838e+02 2.30266575e+02 
3.59381366e-08 2.00850259e+02 2.05155963e+02 2.09584481e+02 2.18292838e+02 2.30266575e+02 
2.78255940e-08 2.00850259e+02 2.05155963e+02 2.09584481e+02 2.18292838e+02 2.30266575e+02 
2.15443469e-08 2.00850259e+02 2.05155963e+02 2.09584481e+02 2.18292838e+02 2.30266575e+02 
1.66810054e-08 2.00850259e+02 2.05155963e+02 2.09584481e+02 2.18292838e+02 2.30266575e+02 
1.29154967e-08 2.00850259e+02 2.05155963e+02 2.09584481e+02 2.18292838e+02 2.30266575e+02 
1.00000000e-08 2.00850259e+02 2.05155963e+02 2.09584481e+02 2.18292838e+02 2.30266575e+02 
7.74263683e-09 2.00850259e+02 2.05155963e+02 2.09584481e+02 2.18292838e+02 2.30266575e+02 
5.99484250e-09 2.00850259e+02 2.05155963e+02 2.09584481e+02 2.18292838e+02 2.30266575e+02 
4.64158883e-09 2.00850259e+02 2.05155963e+02 2.09584481e+02 2.18292838e+02 2.30266575e+02 
3.59381366e-09 2.00850259e+02 2.05155963e+02 2.09584481e+02 2.18292838e+02 2.30266575e+02 
2.78255940e-09 2.00850259e+02 2.05155963e+02 2.09584481e+02 2.18292838e+02 2.30266575e+02 
2.15443469e-09 2.00850259e+02 2.05155963e+02 2.09584481e+02 2.18292838e+02 2.30266575e+02 
1.66810054e-09 2.00850259e+02 2.05155963e+02 2.09584481e+02 2.18292838e+02 2.30266575e+02 
1.29154967e-09 2.00850259e+02 2.05155963e+02 2.09584481e+02 2.18292838e+02 2.30266575e+02 
1.00000000e-09 2.00850259e+02 2.05155963e+02 2.09584481e+02 2.18292838e+02 2.30266575e+02 
7.74263683e-10 2.00850259e+02 2.05155963e+02 2.09584481e+02 2.18292838e+02 2.30266575e+02 
5.99484250e-10 2.00850259e+02 2.05155963e+02 2.09584481e+02 2.18292838e+02 2.30266575e+02 
4.64158883e-10 2.00850259e+02 2.05155963e+02 2.09584481e+02 2.18292838e+02 2.30266575e+02 
3.59381366e-10 2.00850259e+02 2.05155963e+02 2.09584481e+02 2.18292838e+02 2.30266575e+02 
2.78255940e-10 2.00850259e+02 2.05155963e+02 2.09584481e+02 2.18292838e+02 2.30266575e+02 
2.15443469e-10 2.00850259e+02 2.05155963e+02 2.09584481e+02 2.18292838e+02 2.30266575e+02 
1.66810054e-10 2.00850259e+02 2.05155963e+02 2.09584481e+02 2.18292838e+02 2.30266575e+02 
1.29154967e-10 2.00850259e+02 2.05155963e+02 2.09584481e+02 2.18292838e+02 2.30266575e+02 
1.00000000e-10 2.00850259e+02 2.05155963e+02 2.09584481e+02 2.18292838e+02 2.30266575e+02 
