Chemical species: N2 H2O CO2 CH4 O2 O3 N2O NH3
P (bar) | log_N2: -2σ | log_N2: -1σ | log_N2: median | log_N2: +1σ | log_N2: +2σ 
1.00000000e+01 -1.06350089 -0.51308077 -0.29742382 -0.16502952 -0.08553881 
7.74263683e+00 -1.06350089 -0.51308077 -0.29742382 -0.16502952 -0.08553881 
5.99484250e+00 -1.06350089 -0.51308077 -0.29742382 -0.16502952 -0.08553881 
4.64158883e+00 -1.06350089 -0.51308077 -0.29742382 -0.16502952 -0.08553881 
3.59381366e+00 -1.06350089 -0.51308077 -0.29742382 -0.16502952 -0.08553881 
2.78255940e+00 -1.06350089 -0.51308077 -0.29742382 -0.16502952 -0.08553881 
2.15443469e+00 -1.06350089 -0.51308077 -0.29742382 -0.16502952 -0.08553881 
1.66810054e+00 -1.06350089 -0.51308077 -0.29742382 -0.16502952 -0.08553881 
1.29154967e+00 -1.06350089 -0.51308077 -0.29742382 -0.16502952 -0.08553881 
1.00000000e+00 -1.06350089 -0.51308077 -0.29742382 -0.16502952 -0.08553881 
7.74263683e-01 -1.06350089 -0.51308077 -0.29742382 -0.16502952 -0.08553881 
5.99484250e-01 -1.06350089 -0.51308077 -0.29742382 -0.16502952 -0.08553881 
4.64158883e-01 -1.06350089 -0.51308077 -0.29742382 -0.16502952 -0.08553881 
3.59381366e-01 -1.06350089 -0.51308077 -0.29742382 -0.16502952 -0.08553881 
2.78255940e-01 -1.06350089 -0.51308077 -0.29742382 -0.16502952 -0.08553881 
2.15443469e-01 -1.06350089 -0.51308077 -0.29742382 -0.16502952 -0.08553881 
1.66810054e-01 -1.06350089 -0.51308077 -0.29742382 -0.16502952 -0.08553881 
1.29154967e-01 -1.06350089 -0.51308077 -0.29742382 -0.16502952 -0.08553881 
1.00000000e-01 -1.06350089 -0.51308077 -0.29742382 -0.16502952 -0.08553881 
7.74263683e-02 -1.06350089 -0.51308077 -0.29742382 -0.16502952 -0.08553881 
5.99484250e-02 -1.06350089 -0.51308077 -0.29742382 -0.16502952 -0.08553881 
4.64158883e-02 -1.06350089 -0.51308077 -0.29742382 -0.16502952 -0.08553881 
3.59381366e-02 -1.06350089 -0.51308077 -0.29742382 -0.16502952 -0.08553881 
2.78255940e-02 -1.06350089 -0.51308077 -0.29742382 -0.16502952 -0.08553881 
2.15443469e-02 -1.06350089 -0.51308077 -0.29742382 -0.16502952 -0.08553881 
1.66810054e-02 -1.06350089 -0.51308077 -0.29742382 -0.16502952 -0.08553881 
1.29154967e-02 -1.06350089 -0.51308077 -0.29742382 -0.16502952 -0.08553881 
1.00000000e-02 -1.06350089 -0.51308077 -0.29742382 -0.16502952 -0.08553881 
7.74263683e-03 -1.06350089 -0.51308077 -0.29742382 -0.16502952 -0.08553881 
5.99484250e-03 -1.06350089 -0.51308077 -0.29742382 -0.16502952 -0.08553881 
4.64158883e-03 -1.06350089 -0.51308077 -0.29742382 -0.16502952 -0.08553881 
3.59381366e-03 -1.06350089 -0.51308077 -0.29742382 -0.16502952 -0.08553881 
2.78255940e-03 -1.06350089 -0.51308077 -0.29742382 -0.16502952 -0.08553881 
2.15443469e-03 -1.06350089 -0.51308077 -0.29742382 -0.16502952 -0.08553881 
1.66810054e-03 -1.06350089 -0.51308077 -0.29742382 -0.16502952 -0.08553881 
1.29154967e-03 -1.06350089 -0.51308077 -0.29742382 -0.16502952 -0.08553881 
1.00000000e-03 -1.06350089 -0.51308077 -0.29742382 -0.16502952 -0.08553881 
7.74263683e-04 -1.06350089 -0.51308077 -0.29742382 -0.16502952 -0.08553881 
5.99484250e-04 -1.06350089 -0.51308077 -0.29742382 -0.16502952 -0.08553881 
4.64158883e-04 -1.06350089 -0.51308077 -0.29742382 -0.16502952 -0.08553881 
3.59381366e-04 -1.06350089 -0.51308077 -0.29742382 -0.16502952 -0.08553881 
2.78255940e-04 -1.06350089 -0.51308077 -0.29742382 -0.16502952 -0.08553881 
2.15443469e-04 -1.06350089 -0.51308077 -0.29742382 -0.16502952 -0.08553881 
1.66810054e-04 -1.06350089 -0.51308077 -0.29742382 -0.16502952 -0.08553881 
1.29154967e-04 -1.06350089 -0.51308077 -0.29742382 -0.16502952 -0.08553881 
1.00000000e-04 -1.06350089 -0.51308077 -0.29742382 -0.16502952 -0.08553881 
7.74263683e-05 -1.06350089 -0.51308077 -0.29742382 -0.16502952 -0.08553881 
5.99484250e-05 -1.06350089 -0.51308077 -0.29742382 -0.16502952 -0.08553881 
4.64158883e-05 -1.06350089 -0.51308077 -0.29742382 -0.16502952 -0.08553881 
3.59381366e-05 -1.06350089 -0.51308077 -0.29742382 -0.16502952 -0.08553881 
2.78255940e-05 -1.06350089 -0.51308077 -0.29742382 -0.16502952 -0.08553881 
2.15443469e-05 -1.06350089 -0.51308077 -0.29742382 -0.16502952 -0.08553881 
1.66810054e-05 -1.06350089 -0.51308077 -0.29742382 -0.16502952 -0.08553881 
1.29154967e-05 -1.06350089 -0.51308077 -0.29742382 -0.16502952 -0.08553881 
1.00000000e-05 -1.06350089 -0.51308077 -0.29742382 -0.16502952 -0.08553881 
7.74263683e-06 -1.06350089 -0.51308077 -0.29742382 -0.16502952 -0.08553881 
5.99484250e-06 -1.06350089 -0.51308077 -0.29742382 -0.16502952 -0.08553881 
4.64158883e-06 -1.06350089 -0.51308077 -0.29742382 -0.16502952 -0.08553881 
3.59381366e-06 -1.06350089 -0.51308077 -0.29742382 -0.16502952 -0.08553881 
2.78255940e-06 -1.06350089 -0.51308077 -0.29742382 -0.16502952 -0.08553881 
2.15443469e-06 -1.06350089 -0.51308077 -0.29742382 -0.16502952 -0.08553881 
1.66810054e-06 -1.06350089 -0.51308077 -0.29742382 -0.16502952 -0.08553881 
1.29154967e-06 -1.06350089 -0.51308077 -0.29742382 -0.16502952 -0.08553881 
1.00000000e-06 -1.06350089 -0.51308077 -0.29742382 -0.16502952 -0.08553881 
7.74263683e-07 -1.06350089 -0.51308077 -0.29742382 -0.16502952 -0.08553881 
5.99484250e-07 -1.06350089 -0.51308077 -0.29742382 -0.16502952 -0.08553881 
4.64158883e-07 -1.06350089 -0.51308077 -0.29742382 -0.16502952 -0.08553881 
3.59381366e-07 -1.06350089 -0.51308077 -0.29742382 -0.16502952 -0.08553881 
2.78255940e-07 -1.06350089 -0.51308077 -0.29742382 -0.16502952 -0.08553881 
2.15443469e-07 -1.06350089 -0.51308077 -0.29742382 -0.16502952 -0.08553881 
1.66810054e-07 -1.06350089 -0.51308077 -0.29742382 -0.16502952 -0.08553881 
1.29154967e-07 -1.06350089 -0.51308077 -0.29742382 -0.16502952 -0.08553881 
1.00000000e-07 -1.06350089 -0.51308077 -0.29742382 -0.16502952 -0.08553881 
7.74263683e-08 -1.06350089 -0.51308077 -0.29742382 -0.16502952 -0.08553881 
5.99484250e-08 -1.06350089 -0.51308077 -0.29742382 -0.16502952 -0.08553881 
4.64158883e-08 -1.06350089 -0.51308077 -0.29742382 -0.16502952 -0.08553881 
3.59381366e-08 -1.06350089 -0.51308077 -0.29742382 -0.16502952 -0.08553881 
2.78255940e-08 -1.06350089 -0.51308077 -0.29742382 -0.16502952 -0.08553881 
2.15443469e-08 -1.06350089 -0.51308077 -0.29742382 -0.16502952 -0.08553881 
1.66810054e-08 -1.06350089 -0.51308077 -0.29742382 -0.16502952 -0.08553881 
1.29154967e-08 -1.06350089 -0.51308077 -0.29742382 -0.16502952 -0.08553881 
1.00000000e-08 -1.06350089 -0.51308077 -0.29742382 -0.16502952 -0.08553881 
7.74263683e-09 -1.06350089 -0.51308077 -0.29742382 -0.16502952 -0.08553881 
5.99484250e-09 -1.06350089 -0.51308077 -0.29742382 -0.16502952 -0.08553881 
4.64158883e-09 -1.06350089 -0.51308077 -0.29742382 -0.16502952 -0.08553881 
3.59381366e-09 -1.06350089 -0.51308077 -0.29742382 -0.16502952 -0.08553881 
2.78255940e-09 -1.06350089 -0.51308077 -0.29742382 -0.16502952 -0.08553881 
2.15443469e-09 -1.06350089 -0.51308077 -0.29742382 -0.16502952 -0.08553881 
1.66810054e-09 -1.06350089 -0.51308077 -0.29742382 -0.16502952 -0.08553881 
1.29154967e-09 -1.06350089 -0.51308077 -0.29742382 -0.16502952 -0.08553881 
1.00000000e-09 -1.06350089 -0.51308077 -0.29742382 -0.16502952 -0.08553881 
7.74263683e-10 -1.06350089 -0.51308077 -0.29742382 -0.16502952 -0.08553881 
5.99484250e-10 -1.06350089 -0.51308077 -0.29742382 -0.16502952 -0.08553881 
4.64158883e-10 -1.06350089 -0.51308077 -0.29742382 -0.16502952 -0.08553881 
3.59381366e-10 -1.06350089 -0.51308077 -0.29742382 -0.16502952 -0.08553881 
2.78255940e-10 -1.06350089 -0.51308077 -0.29742382 -0.16502952 -0.08553881 
2.15443469e-10 -1.06350089 -0.51308077 -0.29742382 -0.16502952 -0.08553881 
1.66810054e-10 -1.06350089 -0.51308077 -0.29742382 -0.16502952 -0.08553881 
1.29154967e-10 -1.06350089 -0.51308077 -0.29742382 -0.16502952 -0.08553881 
1.00000000e-10 -1.06350089 -0.51308077 -0.29742382 -0.16502952 -0.08553881 
P (bar) | log_H2O: -2σ | log_H2O: -1σ | log_H2O: median | log_H2O: +1σ | log_H2O: +2σ 
1.00000000e+01 -9.77406123 -8.39809504 -5.61587268 -4.58477085 -3.95916918 
7.74263683e+00 -9.77406123 -8.39809504 -5.61587268 -4.58477085 -3.95916918 
5.99484250e+00 -9.77406123 -8.39809504 -5.61587268 -4.58477085 -3.95916918 
4.64158883e+00 -9.77406123 -8.39809504 -5.61587268 -4.58477085 -3.95916918 
3.59381366e+00 -9.77406123 -8.39809504 -5.61587268 -4.58477085 -3.95916918 
2.78255940e+00 -9.77406123 -8.39809504 -5.61587268 -4.58477085 -3.95916918 
2.15443469e+00 -9.77406123 -8.39809504 -5.61587268 -4.58477085 -3.95916918 
1.66810054e+00 -9.77406123 -8.39809504 -5.61587268 -4.58477085 -3.95916918 
1.29154967e+00 -9.77406123 -8.39809504 -5.61587268 -4.58477085 -3.95916918 
1.00000000e+00 -9.77406123 -8.39809504 -5.61587268 -4.58477085 -3.95916918 
7.74263683e-01 -9.77406123 -8.39809504 -5.61587268 -4.58477085 -3.95916918 
5.99484250e-01 -9.77406123 -8.39809504 -5.61587268 -4.58477085 -3.95916918 
4.64158883e-01 -9.77406123 -8.39809504 -5.61587268 -4.58477085 -3.95916918 
3.59381366e-01 -9.77406123 -8.39809504 -5.61587268 -4.58477085 -3.95916918 
2.78255940e-01 -9.77406123 -8.39809504 -5.61587268 -4.58477085 -3.95916918 
2.15443469e-01 -9.77406123 -8.39809504 -5.61587268 -4.58477085 -3.95916918 
1.66810054e-01 -9.77406123 -8.39809504 -5.61587268 -4.58477085 -3.95916918 
1.29154967e-01 -9.77406123 -8.39809504 -5.61587268 -4.58477085 -3.95916918 
1.00000000e-01 -9.77406123 -8.39809504 -5.61587268 -4.58477085 -3.95916918 
7.74263683e-02 -9.77406123 -8.39809504 -5.61587268 -4.58477085 -3.95916918 
5.99484250e-02 -9.77406123 -8.39809504 -5.61587268 -4.58477085 -3.95916918 
4.64158883e-02 -9.77406123 -8.39809504 -5.61587268 -4.58477085 -3.95916918 
3.59381366e-02 -9.77406123 -8.39809504 -5.61587268 -4.58477085 -3.95916918 
2.78255940e-02 -9.77406123 -8.39809504 -5.61587268 -4.58477085 -3.95916918 
2.15443469e-02 -9.77406123 -8.39809504 -5.61587268 -4.58477085 -3.95916918 
1.66810054e-02 -9.77406123 -8.39809504 -5.61587268 -4.58477085 -3.95916918 
1.29154967e-02 -9.77406123 -8.39809504 -5.61587268 -4.58477085 -3.95916918 
1.00000000e-02 -9.77406123 -8.39809504 -5.61587268 -4.58477085 -3.95916918 
7.74263683e-03 -9.77406123 -8.39809504 -5.61587268 -4.58477085 -3.95916918 
5.99484250e-03 -9.77406123 -8.39809504 -5.61587268 -4.58477085 -3.95916918 
4.64158883e-03 -9.77406123 -8.39809504 -5.61587268 -4.58477085 -3.95916918 
3.59381366e-03 -9.77406123 -8.39809504 -5.61587268 -4.58477085 -3.95916918 
2.78255940e-03 -9.77406123 -8.39809504 -5.61587268 -4.58477085 -3.95916918 
2.15443469e-03 -9.77406123 -8.39809504 -5.61587268 -4.58477085 -3.95916918 
1.66810054e-03 -9.77406123 -8.39809504 -5.61587268 -4.58477085 -3.95916918 
1.29154967e-03 -9.77406123 -8.39809504 -5.61587268 -4.58477085 -3.95916918 
1.00000000e-03 -9.77406123 -8.39809504 -5.61587268 -4.58477085 -3.95916918 
7.74263683e-04 -9.77406123 -8.39809504 -5.61587268 -4.58477085 -3.95916918 
5.99484250e-04 -9.77406123 -8.39809504 -5.61587268 -4.58477085 -3.95916918 
4.64158883e-04 -9.77406123 -8.39809504 -5.61587268 -4.58477085 -3.95916918 
3.59381366e-04 -9.77406123 -8.39809504 -5.61587268 -4.58477085 -3.95916918 
2.78255940e-04 -9.77406123 -8.39809504 -5.61587268 -4.58477085 -3.95916918 
2.15443469e-04 -9.77406123 -8.39809504 -5.61587268 -4.58477085 -3.95916918 
1.66810054e-04 -9.77406123 -8.39809504 -5.61587268 -4.58477085 -3.95916918 
1.29154967e-04 -9.77406123 -8.39809504 -5.61587268 -4.58477085 -3.95916918 
1.00000000e-04 -9.77406123 -8.39809504 -5.61587268 -4.58477085 -3.95916918 
7.74263683e-05 -9.77406123 -8.39809504 -5.61587268 -4.58477085 -3.95916918 
5.99484250e-05 -9.77406123 -8.39809504 -5.61587268 -4.58477085 -3.95916918 
4.64158883e-05 -9.77406123 -8.39809504 -5.61587268 -4.58477085 -3.95916918 
3.59381366e-05 -9.77406123 -8.39809504 -5.61587268 -4.58477085 -3.95916918 
2.78255940e-05 -9.77406123 -8.39809504 -5.61587268 -4.58477085 -3.95916918 
2.15443469e-05 -9.77406123 -8.39809504 -5.61587268 -4.58477085 -3.95916918 
1.66810054e-05 -9.77406123 -8.39809504 -5.61587268 -4.58477085 -3.95916918 
1.29154967e-05 -9.77406123 -8.39809504 -5.61587268 -4.58477085 -3.95916918 
1.00000000e-05 -9.77406123 -8.39809504 -5.61587268 -4.58477085 -3.95916918 
7.74263683e-06 -9.77406123 -8.39809504 -5.61587268 -4.58477085 -3.95916918 
5.99484250e-06 -9.77406123 -8.39809504 -5.61587268 -4.58477085 -3.95916918 
4.64158883e-06 -9.77406123 -8.39809504 -5.61587268 -4.58477085 -3.95916918 
3.59381366e-06 -9.77406123 -8.39809504 -5.61587268 -4.58477085 -3.95916918 
2.78255940e-06 -9.77406123 -8.39809504 -5.61587268 -4.58477085 -3.95916918 
2.15443469e-06 -9.77406123 -8.39809504 -5.61587268 -4.58477085 -3.95916918 
1.66810054e-06 -9.77406123 -8.39809504 -5.61587268 -4.58477085 -3.95916918 
1.29154967e-06 -9.77406123 -8.39809504 -5.61587268 -4.58477085 -3.95916918 
1.00000000e-06 -9.77406123 -8.39809504 -5.61587268 -4.58477085 -3.95916918 
7.74263683e-07 -9.77406123 -8.39809504 -5.61587268 -4.58477085 -3.95916918 
5.99484250e-07 -9.77406123 -8.39809504 -5.61587268 -4.58477085 -3.95916918 
4.64158883e-07 -9.77406123 -8.39809504 -5.61587268 -4.58477085 -3.95916918 
3.59381366e-07 -9.77406123 -8.39809504 -5.61587268 -4.58477085 -3.95916918 
2.78255940e-07 -9.77406123 -8.39809504 -5.61587268 -4.58477085 -3.95916918 
2.15443469e-07 -9.77406123 -8.39809504 -5.61587268 -4.58477085 -3.95916918 
1.66810054e-07 -9.77406123 -8.39809504 -5.61587268 -4.58477085 -3.95916918 
1.29154967e-07 -9.77406123 -8.39809504 -5.61587268 -4.58477085 -3.95916918 
1.00000000e-07 -9.77406123 -8.39809504 -5.61587268 -4.58477085 -3.95916918 
7.74263683e-08 -9.77406123 -8.39809504 -5.61587268 -4.58477085 -3.95916918 
5.99484250e-08 -9.77406123 -8.39809504 -5.61587268 -4.58477085 -3.95916918 
4.64158883e-08 -9.77406123 -8.39809504 -5.61587268 -4.58477085 -3.95916918 
3.59381366e-08 -9.77406123 -8.39809504 -5.61587268 -4.58477085 -3.95916918 
2.78255940e-08 -9.77406123 -8.39809504 -5.61587268 -4.58477085 -3.95916918 
2.15443469e-08 -9.77406123 -8.39809504 -5.61587268 -4.58477085 -3.95916918 
1.66810054e-08 -9.77406123 -8.39809504 -5.61587268 -4.58477085 -3.95916918 
1.29154967e-08 -9.77406123 -8.39809504 -5.61587268 -4.58477085 -3.95916918 
1.00000000e-08 -9.77406123 -8.39809504 -5.61587268 -4.58477085 -3.95916918 
7.74263683e-09 -9.77406123 -8.39809504 -5.61587268 -4.58477085 -3.95916918 
5.99484250e-09 -9.77406123 -8.39809504 -5.61587268 -4.58477085 -3.95916918 
4.64158883e-09 -9.77406123 -8.39809504 -5.61587268 -4.58477085 -3.95916918 
3.59381366e-09 -9.77406123 -8.39809504 -5.61587268 -4.58477085 -3.95916918 
2.78255940e-09 -9.77406123 -8.39809504 -5.61587268 -4.58477085 -3.95916918 
2.15443469e-09 -9.77406123 -8.39809504 -5.61587268 -4.58477085 -3.95916918 
1.66810054e-09 -9.77406123 -8.39809504 -5.61587268 -4.58477085 -3.95916918 
1.29154967e-09 -9.77406123 -8.39809504 -5.61587268 -4.58477085 -3.95916918 
1.00000000e-09 -9.77406123 -8.39809504 -5.61587268 -4.58477085 -3.95916918 
7.74263683e-10 -9.77406123 -8.39809504 -5.61587268 -4.58477085 -3.95916918 
5.99484250e-10 -9.77406123 -8.39809504 -5.61587268 -4.58477085 -3.95916918 
4.64158883e-10 -9.77406123 -8.39809504 -5.61587268 -4.58477085 -3.95916918 
3.59381366e-10 -9.77406123 -8.39809504 -5.61587268 -4.58477085 -3.95916918 
2.78255940e-10 -9.77406123 -8.39809504 -5.61587268 -4.58477085 -3.95916918 
2.15443469e-10 -9.77406123 -8.39809504 -5.61587268 -4.58477085 -3.95916918 
1.66810054e-10 -9.77406123 -8.39809504 -5.61587268 -4.58477085 -3.95916918 
1.29154967e-10 -9.77406123 -8.39809504 -5.61587268 -4.58477085 -3.95916918 
1.00000000e-10 -9.77406123 -8.39809504 -5.61587268 -4.58477085 -3.95916918 
P (bar) | log_CO2: -2σ | log_CO2: -1σ | log_CO2: median | log_CO2: +1σ | log_CO2: +2σ 
1.00000000e+01 -0.76808065 -0.51504850 -0.32101179 -0.16710126 -0.04502756 
7.74263683e+00 -0.76808065 -0.51504850 -0.32101179 -0.16710126 -0.04502756 
5.99484250e+00 -0.76808065 -0.51504850 -0.32101179 -0.16710126 -0.04502756 
4.64158883e+00 -0.76808065 -0.51504850 -0.32101179 -0.16710126 -0.04502756 
3.59381366e+00 -0.76808065 -0.51504850 -0.32101179 -0.16710126 -0.04502756 
2.78255940e+00 -0.76808065 -0.51504850 -0.32101179 -0.16710126 -0.04502756 
2.15443469e+00 -0.76808065 -0.51504850 -0.32101179 -0.16710126 -0.04502756 
1.66810054e+00 -0.76808065 -0.51504850 -0.32101179 -0.16710126 -0.04502756 
1.29154967e+00 -0.76808065 -0.51504850 -0.32101179 -0.16710126 -0.04502756 
1.00000000e+00 -0.76808065 -0.51504850 -0.32101179 -0.16710126 -0.04502756 
7.74263683e-01 -0.76808065 -0.51504850 -0.32101179 -0.16710126 -0.04502756 
5.99484250e-01 -0.76808065 -0.51504850 -0.32101179 -0.16710126 -0.04502756 
4.64158883e-01 -0.76808065 -0.51504850 -0.32101179 -0.16710126 -0.04502756 
3.59381366e-01 -0.76808065 -0.51504850 -0.32101179 -0.16710126 -0.04502756 
2.78255940e-01 -0.76808065 -0.51504850 -0.32101179 -0.16710126 -0.04502756 
2.15443469e-01 -0.76808065 -0.51504850 -0.32101179 -0.16710126 -0.04502756 
1.66810054e-01 -0.76808065 -0.51504850 -0.32101179 -0.16710126 -0.04502756 
1.29154967e-01 -0.76808065 -0.51504850 -0.32101179 -0.16710126 -0.04502756 
1.00000000e-01 -0.76808065 -0.51504850 -0.32101179 -0.16710126 -0.04502756 
7.74263683e-02 -0.76808065 -0.51504850 -0.32101179 -0.16710126 -0.04502756 
5.99484250e-02 -0.76808065 -0.51504850 -0.32101179 -0.16710126 -0.04502756 
4.64158883e-02 -0.76808065 -0.51504850 -0.32101179 -0.16710126 -0.04502756 
3.59381366e-02 -0.76808065 -0.51504850 -0.32101179 -0.16710126 -0.04502756 
2.78255940e-02 -0.76808065 -0.51504850 -0.32101179 -0.16710126 -0.04502756 
2.15443469e-02 -0.76808065 -0.51504850 -0.32101179 -0.16710126 -0.04502756 
1.66810054e-02 -0.76808065 -0.51504850 -0.32101179 -0.16710126 -0.04502756 
1.29154967e-02 -0.76808065 -0.51504850 -0.32101179 -0.16710126 -0.04502756 
1.00000000e-02 -0.76808065 -0.51504850 -0.32101179 -0.16710126 -0.04502756 
7.74263683e-03 -0.76808065 -0.51504850 -0.32101179 -0.16710126 -0.04502756 
5.99484250e-03 -0.76808065 -0.51504850 -0.32101179 -0.16710126 -0.04502756 
4.64158883e-03 -0.76808065 -0.51504850 -0.32101179 -0.16710126 -0.04502756 
3.59381366e-03 -0.76808065 -0.51504850 -0.32101179 -0.16710126 -0.04502756 
2.78255940e-03 -0.76808065 -0.51504850 -0.32101179 -0.16710126 -0.04502756 
2.15443469e-03 -0.76808065 -0.51504850 -0.32101179 -0.16710126 -0.04502756 
1.66810054e-03 -0.76808065 -0.51504850 -0.32101179 -0.16710126 -0.04502756 
1.29154967e-03 -0.76808065 -0.51504850 -0.32101179 -0.16710126 -0.04502756 
1.00000000e-03 -0.76808065 -0.51504850 -0.32101179 -0.16710126 -0.04502756 
7.74263683e-04 -0.76808065 -0.51504850 -0.32101179 -0.16710126 -0.04502756 
5.99484250e-04 -0.76808065 -0.51504850 -0.32101179 -0.16710126 -0.04502756 
4.64158883e-04 -0.76808065 -0.51504850 -0.32101179 -0.16710126 -0.04502756 
3.59381366e-04 -0.76808065 -0.51504850 -0.32101179 -0.16710126 -0.04502756 
2.78255940e-04 -0.76808065 -0.51504850 -0.32101179 -0.16710126 -0.04502756 
2.15443469e-04 -0.76808065 -0.51504850 -0.32101179 -0.16710126 -0.04502756 
1.66810054e-04 -0.76808065 -0.51504850 -0.32101179 -0.16710126 -0.04502756 
1.29154967e-04 -0.76808065 -0.51504850 -0.32101179 -0.16710126 -0.04502756 
1.00000000e-04 -0.76808065 -0.51504850 -0.32101179 -0.16710126 -0.04502756 
7.74263683e-05 -0.76808065 -0.51504850 -0.32101179 -0.16710126 -0.04502756 
5.99484250e-05 -0.76808065 -0.51504850 -0.32101179 -0.16710126 -0.04502756 
4.64158883e-05 -0.76808065 -0.51504850 -0.32101179 -0.16710126 -0.04502756 
3.59381366e-05 -0.76808065 -0.51504850 -0.32101179 -0.16710126 -0.04502756 
2.78255940e-05 -0.76808065 -0.51504850 -0.32101179 -0.16710126 -0.04502756 
2.15443469e-05 -0.76808065 -0.51504850 -0.32101179 -0.16710126 -0.04502756 
1.66810054e-05 -0.76808065 -0.51504850 -0.32101179 -0.16710126 -0.04502756 
1.29154967e-05 -0.76808065 -0.51504850 -0.32101179 -0.16710126 -0.04502756 
1.00000000e-05 -0.76808065 -0.51504850 -0.32101179 -0.16710126 -0.04502756 
7.74263683e-06 -0.76808065 -0.51504850 -0.32101179 -0.16710126 -0.04502756 
5.99484250e-06 -0.76808065 -0.51504850 -0.32101179 -0.16710126 -0.04502756 
4.64158883e-06 -0.76808065 -0.51504850 -0.32101179 -0.16710126 -0.04502756 
3.59381366e-06 -0.76808065 -0.51504850 -0.32101179 -0.16710126 -0.04502756 
2.78255940e-06 -0.76808065 -0.51504850 -0.32101179 -0.16710126 -0.04502756 
2.15443469e-06 -0.76808065 -0.51504850 -0.32101179 -0.16710126 -0.04502756 
1.66810054e-06 -0.76808065 -0.51504850 -0.32101179 -0.16710126 -0.04502756 
1.29154967e-06 -0.76808065 -0.51504850 -0.32101179 -0.16710126 -0.04502756 
1.00000000e-06 -0.76808065 -0.51504850 -0.32101179 -0.16710126 -0.04502756 
7.74263683e-07 -0.76808065 -0.51504850 -0.32101179 -0.16710126 -0.04502756 
5.99484250e-07 -0.76808065 -0.51504850 -0.32101179 -0.16710126 -0.04502756 
4.64158883e-07 -0.76808065 -0.51504850 -0.32101179 -0.16710126 -0.04502756 
3.59381366e-07 -0.76808065 -0.51504850 -0.32101179 -0.16710126 -0.04502756 
2.78255940e-07 -0.76808065 -0.51504850 -0.32101179 -0.16710126 -0.04502756 
2.15443469e-07 -0.76808065 -0.51504850 -0.32101179 -0.16710126 -0.04502756 
1.66810054e-07 -0.76808065 -0.51504850 -0.32101179 -0.16710126 -0.04502756 
1.29154967e-07 -0.76808065 -0.51504850 -0.32101179 -0.16710126 -0.04502756 
1.00000000e-07 -0.76808065 -0.51504850 -0.32101179 -0.16710126 -0.04502756 
7.74263683e-08 -0.76808065 -0.51504850 -0.32101179 -0.16710126 -0.04502756 
5.99484250e-08 -0.76808065 -0.51504850 -0.32101179 -0.16710126 -0.04502756 
4.64158883e-08 -0.76808065 -0.51504850 -0.32101179 -0.16710126 -0.04502756 
3.59381366e-08 -0.76808065 -0.51504850 -0.32101179 -0.16710126 -0.04502756 
2.78255940e-08 -0.76808065 -0.51504850 -0.32101179 -0.16710126 -0.04502756 
2.15443469e-08 -0.76808065 -0.51504850 -0.32101179 -0.16710126 -0.04502756 
1.66810054e-08 -0.76808065 -0.51504850 -0.32101179 -0.16710126 -0.04502756 
1.29154967e-08 -0.76808065 -0.51504850 -0.32101179 -0.16710126 -0.04502756 
1.00000000e-08 -0.76808065 -0.51504850 -0.32101179 -0.16710126 -0.04502756 
7.74263683e-09 -0.76808065 -0.51504850 -0.32101179 -0.16710126 -0.04502756 
5.99484250e-09 -0.76808065 -0.51504850 -0.32101179 -0.16710126 -0.04502756 
4.64158883e-09 -0.76808065 -0.51504850 -0.32101179 -0.16710126 -0.04502756 
3.59381366e-09 -0.76808065 -0.51504850 -0.32101179 -0.16710126 -0.04502756 
2.78255940e-09 -0.76808065 -0.51504850 -0.32101179 -0.16710126 -0.04502756 
2.15443469e-09 -0.76808065 -0.51504850 -0.32101179 -0.16710126 -0.04502756 
1.66810054e-09 -0.76808065 -0.51504850 -0.32101179 -0.16710126 -0.04502756 
1.29154967e-09 -0.76808065 -0.51504850 -0.32101179 -0.16710126 -0.04502756 
1.00000000e-09 -0.76808065 -0.51504850 -0.32101179 -0.16710126 -0.04502756 
7.74263683e-10 -0.76808065 -0.51504850 -0.32101179 -0.16710126 -0.04502756 
5.99484250e-10 -0.76808065 -0.51504850 -0.32101179 -0.16710126 -0.04502756 
4.64158883e-10 -0.76808065 -0.51504850 -0.32101179 -0.16710126 -0.04502756 
3.59381366e-10 -0.76808065 -0.51504850 -0.32101179 -0.16710126 -0.04502756 
2.78255940e-10 -0.76808065 -0.51504850 -0.32101179 -0.16710126 -0.04502756 
2.15443469e-10 -0.76808065 -0.51504850 -0.32101179 -0.16710126 -0.04502756 
1.66810054e-10 -0.76808065 -0.51504850 -0.32101179 -0.16710126 -0.04502756 
1.29154967e-10 -0.76808065 -0.51504850 -0.32101179 -0.16710126 -0.04502756 
1.00000000e-10 -0.76808065 -0.51504850 -0.32101179 -0.16710126 -0.04502756 
P (bar) | log_CH4: -2σ | log_CH4: -1σ | log_CH4: median | log_CH4: +1σ | log_CH4: +2σ 
1.00000000e+01 -3.88822249 -3.75029448 -3.58737705 -3.42269778 -3.23488748 
7.74263683e+00 -3.88822249 -3.75029448 -3.58737705 -3.42269778 -3.23488748 
5.99484250e+00 -3.88822249 -3.75029448 -3.58737705 -3.42269778 -3.23488748 
4.64158883e+00 -3.88822249 -3.75029448 -3.58737705 -3.42269778 -3.23488748 
3.59381366e+00 -3.88822249 -3.75029448 -3.58737705 -3.42269778 -3.23488748 
2.78255940e+00 -3.88822249 -3.75029448 -3.58737705 -3.42269778 -3.23488748 
2.15443469e+00 -3.88822249 -3.75029448 -3.58737705 -3.42269778 -3.23488748 
1.66810054e+00 -3.88822249 -3.75029448 -3.58737705 -3.42269778 -3.23488748 
1.29154967e+00 -3.88822249 -3.75029448 -3.58737705 -3.42269778 -3.23488748 
1.00000000e+00 -3.88822249 -3.75029448 -3.58737705 -3.42269778 -3.23488748 
7.74263683e-01 -3.88822249 -3.75029448 -3.58737705 -3.42269778 -3.23488748 
5.99484250e-01 -3.88822249 -3.75029448 -3.58737705 -3.42269778 -3.23488748 
4.64158883e-01 -3.88822249 -3.75029448 -3.58737705 -3.42269778 -3.23488748 
3.59381366e-01 -3.88822249 -3.75029448 -3.58737705 -3.42269778 -3.23488748 
2.78255940e-01 -3.88822249 -3.75029448 -3.58737705 -3.42269778 -3.23488748 
2.15443469e-01 -3.88822249 -3.75029448 -3.58737705 -3.42269778 -3.23488748 
1.66810054e-01 -3.88822249 -3.75029448 -3.58737705 -3.42269778 -3.23488748 
1.29154967e-01 -3.88822249 -3.75029448 -3.58737705 -3.42269778 -3.23488748 
1.00000000e-01 -3.88822249 -3.75029448 -3.58737705 -3.42269778 -3.23488748 
7.74263683e-02 -3.88822249 -3.75029448 -3.58737705 -3.42269778 -3.23488748 
5.99484250e-02 -3.88822249 -3.75029448 -3.58737705 -3.42269778 -3.23488748 
4.64158883e-02 -3.88822249 -3.75029448 -3.58737705 -3.42269778 -3.23488748 
3.59381366e-02 -3.88822249 -3.75029448 -3.58737705 -3.42269778 -3.23488748 
2.78255940e-02 -3.88822249 -3.75029448 -3.58737705 -3.42269778 -3.23488748 
2.15443469e-02 -3.88822249 -3.75029448 -3.58737705 -3.42269778 -3.23488748 
1.66810054e-02 -3.88822249 -3.75029448 -3.58737705 -3.42269778 -3.23488748 
1.29154967e-02 -3.88822249 -3.75029448 -3.58737705 -3.42269778 -3.23488748 
1.00000000e-02 -3.88822249 -3.75029448 -3.58737705 -3.42269778 -3.23488748 
7.74263683e-03 -3.88822249 -3.75029448 -3.58737705 -3.42269778 -3.23488748 
5.99484250e-03 -3.88822249 -3.75029448 -3.58737705 -3.42269778 -3.23488748 
4.64158883e-03 -3.88822249 -3.75029448 -3.58737705 -3.42269778 -3.23488748 
3.59381366e-03 -3.88822249 -3.75029448 -3.58737705 -3.42269778 -3.23488748 
2.78255940e-03 -3.88822249 -3.75029448 -3.58737705 -3.42269778 -3.23488748 
2.15443469e-03 -3.88822249 -3.75029448 -3.58737705 -3.42269778 -3.23488748 
1.66810054e-03 -3.88822249 -3.75029448 -3.58737705 -3.42269778 -3.23488748 
1.29154967e-03 -3.88822249 -3.75029448 -3.58737705 -3.42269778 -3.23488748 
1.00000000e-03 -3.88822249 -3.75029448 -3.58737705 -3.42269778 -3.23488748 
7.74263683e-04 -3.88822249 -3.75029448 -3.58737705 -3.42269778 -3.23488748 
5.99484250e-04 -3.88822249 -3.75029448 -3.58737705 -3.42269778 -3.23488748 
4.64158883e-04 -3.88822249 -3.75029448 -3.58737705 -3.42269778 -3.23488748 
3.59381366e-04 -3.88822249 -3.75029448 -3.58737705 -3.42269778 -3.23488748 
2.78255940e-04 -3.88822249 -3.75029448 -3.58737705 -3.42269778 -3.23488748 
2.15443469e-04 -3.88822249 -3.75029448 -3.58737705 -3.42269778 -3.23488748 
1.66810054e-04 -3.88822249 -3.75029448 -3.58737705 -3.42269778 -3.23488748 
1.29154967e-04 -3.88822249 -3.75029448 -3.58737705 -3.42269778 -3.23488748 
1.00000000e-04 -3.88822249 -3.75029448 -3.58737705 -3.42269778 -3.23488748 
7.74263683e-05 -3.88822249 -3.75029448 -3.58737705 -3.42269778 -3.23488748 
5.99484250e-05 -3.88822249 -3.75029448 -3.58737705 -3.42269778 -3.23488748 
4.64158883e-05 -3.88822249 -3.75029448 -3.58737705 -3.42269778 -3.23488748 
3.59381366e-05 -3.88822249 -3.75029448 -3.58737705 -3.42269778 -3.23488748 
2.78255940e-05 -3.88822249 -3.75029448 -3.58737705 -3.42269778 -3.23488748 
2.15443469e-05 -3.88822249 -3.75029448 -3.58737705 -3.42269778 -3.23488748 
1.66810054e-05 -3.88822249 -3.75029448 -3.58737705 -3.42269778 -3.23488748 
1.29154967e-05 -3.88822249 -3.75029448 -3.58737705 -3.42269778 -3.23488748 
1.00000000e-05 -3.88822249 -3.75029448 -3.58737705 -3.42269778 -3.23488748 
7.74263683e-06 -3.88822249 -3.75029448 -3.58737705 -3.42269778 -3.23488748 
5.99484250e-06 -3.88822249 -3.75029448 -3.58737705 -3.42269778 -3.23488748 
4.64158883e-06 -3.88822249 -3.75029448 -3.58737705 -3.42269778 -3.23488748 
3.59381366e-06 -3.88822249 -3.75029448 -3.58737705 -3.42269778 -3.23488748 
2.78255940e-06 -3.88822249 -3.75029448 -3.58737705 -3.42269778 -3.23488748 
2.15443469e-06 -3.88822249 -3.75029448 -3.58737705 -3.42269778 -3.23488748 
1.66810054e-06 -3.88822249 -3.75029448 -3.58737705 -3.42269778 -3.23488748 
1.29154967e-06 -3.88822249 -3.75029448 -3.58737705 -3.42269778 -3.23488748 
1.00000000e-06 -3.88822249 -3.75029448 -3.58737705 -3.42269778 -3.23488748 
7.74263683e-07 -3.88822249 -3.75029448 -3.58737705 -3.42269778 -3.23488748 
5.99484250e-07 -3.88822249 -3.75029448 -3.58737705 -3.42269778 -3.23488748 
4.64158883e-07 -3.88822249 -3.75029448 -3.58737705 -3.42269778 -3.23488748 
3.59381366e-07 -3.88822249 -3.75029448 -3.58737705 -3.42269778 -3.23488748 
2.78255940e-07 -3.88822249 -3.75029448 -3.58737705 -3.42269778 -3.23488748 
2.15443469e-07 -3.88822249 -3.75029448 -3.58737705 -3.42269778 -3.23488748 
1.66810054e-07 -3.88822249 -3.75029448 -3.58737705 -3.42269778 -3.23488748 
1.29154967e-07 -3.88822249 -3.75029448 -3.58737705 -3.42269778 -3.23488748 
1.00000000e-07 -3.88822249 -3.75029448 -3.58737705 -3.42269778 -3.23488748 
7.74263683e-08 -3.88822249 -3.75029448 -3.58737705 -3.42269778 -3.23488748 
5.99484250e-08 -3.88822249 -3.75029448 -3.58737705 -3.42269778 -3.23488748 
4.64158883e-08 -3.88822249 -3.75029448 -3.58737705 -3.42269778 -3.23488748 
3.59381366e-08 -3.88822249 -3.75029448 -3.58737705 -3.42269778 -3.23488748 
2.78255940e-08 -3.88822249 -3.75029448 -3.58737705 -3.42269778 -3.23488748 
2.15443469e-08 -3.88822249 -3.75029448 -3.58737705 -3.42269778 -3.23488748 
1.66810054e-08 -3.88822249 -3.75029448 -3.58737705 -3.42269778 -3.23488748 
1.29154967e-08 -3.88822249 -3.75029448 -3.58737705 -3.42269778 -3.23488748 
1.00000000e-08 -3.88822249 -3.75029448 -3.58737705 -3.42269778 -3.23488748 
7.74263683e-09 -3.88822249 -3.75029448 -3.58737705 -3.42269778 -3.23488748 
5.99484250e-09 -3.88822249 -3.75029448 -3.58737705 -3.42269778 -3.23488748 
4.64158883e-09 -3.88822249 -3.75029448 -3.58737705 -3.42269778 -3.23488748 
3.59381366e-09 -3.88822249 -3.75029448 -3.58737705 -3.42269778 -3.23488748 
2.78255940e-09 -3.88822249 -3.75029448 -3.58737705 -3.42269778 -3.23488748 
2.15443469e-09 -3.88822249 -3.75029448 -3.58737705 -3.42269778 -3.23488748 
1.66810054e-09 -3.88822249 -3.75029448 -3.58737705 -3.42269778 -3.23488748 
1.29154967e-09 -3.88822249 -3.75029448 -3.58737705 -3.42269778 -3.23488748 
1.00000000e-09 -3.88822249 -3.75029448 -3.58737705 -3.42269778 -3.23488748 
7.74263683e-10 -3.88822249 -3.75029448 -3.58737705 -3.42269778 -3.23488748 
5.99484250e-10 -3.88822249 -3.75029448 -3.58737705 -3.42269778 -3.23488748 
4.64158883e-10 -3.88822249 -3.75029448 -3.58737705 -3.42269778 -3.23488748 
3.59381366e-10 -3.88822249 -3.75029448 -3.58737705 -3.42269778 -3.23488748 
2.78255940e-10 -3.88822249 -3.75029448 -3.58737705 -3.42269778 -3.23488748 
2.15443469e-10 -3.88822249 -3.75029448 -3.58737705 -3.42269778 -3.23488748 
1.66810054e-10 -3.88822249 -3.75029448 -3.58737705 -3.42269778 -3.23488748 
1.29154967e-10 -3.88822249 -3.75029448 -3.58737705 -3.42269778 -3.23488748 
1.00000000e-10 -3.88822249 -3.75029448 -3.58737705 -3.42269778 -3.23488748 
P (bar) | log_O2: -2σ | log_O2: -1σ | log_O2: median | log_O2: +1σ | log_O2: +2σ 
1.00000000e+01 -9.75903727 -8.33736083 -5.00531194 -1.94594143 -0.75990502 
7.74263683e+00 -9.75903727 -8.33736083 -5.00531194 -1.94594143 -0.75990502 
5.99484250e+00 -9.75903727 -8.33736083 -5.00531194 -1.94594143 -0.75990502 
4.64158883e+00 -9.75903727 -8.33736083 -5.00531194 -1.94594143 -0.75990502 
3.59381366e+00 -9.75903727 -8.33736083 -5.00531194 -1.94594143 -0.75990502 
2.78255940e+00 -9.75903727 -8.33736083 -5.00531194 -1.94594143 -0.75990502 
2.15443469e+00 -9.75903727 -8.33736083 -5.00531194 -1.94594143 -0.75990502 
1.66810054e+00 -9.75903727 -8.33736083 -5.00531194 -1.94594143 -0.75990502 
1.29154967e+00 -9.75903727 -8.33736083 -5.00531194 -1.94594143 -0.75990502 
1.00000000e+00 -9.75903727 -8.33736083 -5.00531194 -1.94594143 -0.75990502 
7.74263683e-01 -9.75903727 -8.33736083 -5.00531194 -1.94594143 -0.75990502 
5.99484250e-01 -9.75903727 -8.33736083 -5.00531194 -1.94594143 -0.75990502 
4.64158883e-01 -9.75903727 -8.33736083 -5.00531194 -1.94594143 -0.75990502 
3.59381366e-01 -9.75903727 -8.33736083 -5.00531194 -1.94594143 -0.75990502 
2.78255940e-01 -9.75903727 -8.33736083 -5.00531194 -1.94594143 -0.75990502 
2.15443469e-01 -9.75903727 -8.33736083 -5.00531194 -1.94594143 -0.75990502 
1.66810054e-01 -9.75903727 -8.33736083 -5.00531194 -1.94594143 -0.75990502 
1.29154967e-01 -9.75903727 -8.33736083 -5.00531194 -1.94594143 -0.75990502 
1.00000000e-01 -9.75903727 -8.33736083 -5.00531194 -1.94594143 -0.75990502 
7.74263683e-02 -9.75903727 -8.33736083 -5.00531194 -1.94594143 -0.75990502 
5.99484250e-02 -9.75903727 -8.33736083 -5.00531194 -1.94594143 -0.75990502 
4.64158883e-02 -9.75903727 -8.33736083 -5.00531194 -1.94594143 -0.75990502 
3.59381366e-02 -9.75903727 -8.33736083 -5.00531194 -1.94594143 -0.75990502 
2.78255940e-02 -9.75903727 -8.33736083 -5.00531194 -1.94594143 -0.75990502 
2.15443469e-02 -9.75903727 -8.33736083 -5.00531194 -1.94594143 -0.75990502 
1.66810054e-02 -9.75903727 -8.33736083 -5.00531194 -1.94594143 -0.75990502 
1.29154967e-02 -9.75903727 -8.33736083 -5.00531194 -1.94594143 -0.75990502 
1.00000000e-02 -9.75903727 -8.33736083 -5.00531194 -1.94594143 -0.75990502 
7.74263683e-03 -9.75903727 -8.33736083 -5.00531194 -1.94594143 -0.75990502 
5.99484250e-03 -9.75903727 -8.33736083 -5.00531194 -1.94594143 -0.75990502 
4.64158883e-03 -9.75903727 -8.33736083 -5.00531194 -1.94594143 -0.75990502 
3.59381366e-03 -9.75903727 -8.33736083 -5.00531194 -1.94594143 -0.75990502 
2.78255940e-03 -9.75903727 -8.33736083 -5.00531194 -1.94594143 -0.75990502 
2.15443469e-03 -9.75903727 -8.33736083 -5.00531194 -1.94594143 -0.75990502 
1.66810054e-03 -9.75903727 -8.33736083 -5.00531194 -1.94594143 -0.75990502 
1.29154967e-03 -9.75903727 -8.33736083 -5.00531194 -1.94594143 -0.75990502 
1.00000000e-03 -9.75903727 -8.33736083 -5.00531194 -1.94594143 -0.75990502 
7.74263683e-04 -9.75903727 -8.33736083 -5.00531194 -1.94594143 -0.75990502 
5.99484250e-04 -9.75903727 -8.33736083 -5.00531194 -1.94594143 -0.75990502 
4.64158883e-04 -9.75903727 -8.33736083 -5.00531194 -1.94594143 -0.75990502 
3.59381366e-04 -9.75903727 -8.33736083 -5.00531194 -1.94594143 -0.75990502 
2.78255940e-04 -9.75903727 -8.33736083 -5.00531194 -1.94594143 -0.75990502 
2.15443469e-04 -9.75903727 -8.33736083 -5.00531194 -1.94594143 -0.75990502 
1.66810054e-04 -9.75903727 -8.33736083 -5.00531194 -1.94594143 -0.75990502 
1.29154967e-04 -9.75903727 -8.33736083 -5.00531194 -1.94594143 -0.75990502 
1.00000000e-04 -9.75903727 -8.33736083 -5.00531194 -1.94594143 -0.75990502 
7.74263683e-05 -9.75903727 -8.33736083 -5.00531194 -1.94594143 -0.75990502 
5.99484250e-05 -9.75903727 -8.33736083 -5.00531194 -1.94594143 -0.75990502 
4.64158883e-05 -9.75903727 -8.33736083 -5.00531194 -1.94594143 -0.75990502 
3.59381366e-05 -9.75903727 -8.33736083 -5.00531194 -1.94594143 -0.75990502 
2.78255940e-05 -9.75903727 -8.33736083 -5.00531194 -1.94594143 -0.75990502 
2.15443469e-05 -9.75903727 -8.33736083 -5.00531194 -1.94594143 -0.75990502 
1.66810054e-05 -9.75903727 -8.33736083 -5.00531194 -1.94594143 -0.75990502 
1.29154967e-05 -9.75903727 -8.33736083 -5.00531194 -1.94594143 -0.75990502 
1.00000000e-05 -9.75903727 -8.33736083 -5.00531194 -1.94594143 -0.75990502 
7.74263683e-06 -9.75903727 -8.33736083 -5.00531194 -1.94594143 -0.75990502 
5.99484250e-06 -9.75903727 -8.33736083 -5.00531194 -1.94594143 -0.75990502 
4.64158883e-06 -9.75903727 -8.33736083 -5.00531194 -1.94594143 -0.75990502 
3.59381366e-06 -9.75903727 -8.33736083 -5.00531194 -1.94594143 -0.75990502 
2.78255940e-06 -9.75903727 -8.33736083 -5.00531194 -1.94594143 -0.75990502 
2.15443469e-06 -9.75903727 -8.33736083 -5.00531194 -1.94594143 -0.75990502 
1.66810054e-06 -9.75903727 -8.33736083 -5.00531194 -1.94594143 -0.75990502 
1.29154967e-06 -9.75903727 -8.33736083 -5.00531194 -1.94594143 -0.75990502 
1.00000000e-06 -9.75903727 -8.33736083 -5.00531194 -1.94594143 -0.75990502 
7.74263683e-07 -9.75903727 -8.33736083 -5.00531194 -1.94594143 -0.75990502 
5.99484250e-07 -9.75903727 -8.33736083 -5.00531194 -1.94594143 -0.75990502 
4.64158883e-07 -9.75903727 -8.33736083 -5.00531194 -1.94594143 -0.75990502 
3.59381366e-07 -9.75903727 -8.33736083 -5.00531194 -1.94594143 -0.75990502 
2.78255940e-07 -9.75903727 -8.33736083 -5.00531194 -1.94594143 -0.75990502 
2.15443469e-07 -9.75903727 -8.33736083 -5.00531194 -1.94594143 -0.75990502 
1.66810054e-07 -9.75903727 -8.33736083 -5.00531194 -1.94594143 -0.75990502 
1.29154967e-07 -9.75903727 -8.33736083 -5.00531194 -1.94594143 -0.75990502 
1.00000000e-07 -9.75903727 -8.33736083 -5.00531194 -1.94594143 -0.75990502 
7.74263683e-08 -9.75903727 -8.33736083 -5.00531194 -1.94594143 -0.75990502 
5.99484250e-08 -9.75903727 -8.33736083 -5.00531194 -1.94594143 -0.75990502 
4.64158883e-08 -9.75903727 -8.33736083 -5.00531194 -1.94594143 -0.75990502 
3.59381366e-08 -9.75903727 -8.33736083 -5.00531194 -1.94594143 -0.75990502 
2.78255940e-08 -9.75903727 -8.33736083 -5.00531194 -1.94594143 -0.75990502 
2.15443469e-08 -9.75903727 -8.33736083 -5.00531194 -1.94594143 -0.75990502 
1.66810054e-08 -9.75903727 -8.33736083 -5.00531194 -1.94594143 -0.75990502 
1.29154967e-08 -9.75903727 -8.33736083 -5.00531194 -1.94594143 -0.75990502 
1.00000000e-08 -9.75903727 -8.33736083 -5.00531194 -1.94594143 -0.75990502 
7.74263683e-09 -9.75903727 -8.33736083 -5.00531194 -1.94594143 -0.75990502 
5.99484250e-09 -9.75903727 -8.33736083 -5.00531194 -1.94594143 -0.75990502 
4.64158883e-09 -9.75903727 -8.33736083 -5.00531194 -1.94594143 -0.75990502 
3.59381366e-09 -9.75903727 -8.33736083 -5.00531194 -1.94594143 -0.75990502 
2.78255940e-09 -9.75903727 -8.33736083 -5.00531194 -1.94594143 -0.75990502 
2.15443469e-09 -9.75903727 -8.33736083 -5.00531194 -1.94594143 -0.75990502 
1.66810054e-09 -9.75903727 -8.33736083 -5.00531194 -1.94594143 -0.75990502 
1.29154967e-09 -9.75903727 -8.33736083 -5.00531194 -1.94594143 -0.75990502 
1.00000000e-09 -9.75903727 -8.33736083 -5.00531194 -1.94594143 -0.75990502 
7.74263683e-10 -9.75903727 -8.33736083 -5.00531194 -1.94594143 -0.75990502 
5.99484250e-10 -9.75903727 -8.33736083 -5.00531194 -1.94594143 -0.75990502 
4.64158883e-10 -9.75903727 -8.33736083 -5.00531194 -1.94594143 -0.75990502 
3.59381366e-10 -9.75903727 -8.33736083 -5.00531194 -1.94594143 -0.75990502 
2.78255940e-10 -9.75903727 -8.33736083 -5.00531194 -1.94594143 -0.75990502 
2.15443469e-10 -9.75903727 -8.33736083 -5.00531194 -1.94594143 -0.75990502 
1.66810054e-10 -9.75903727 -8.33736083 -5.00531194 -1.94594143 -0.75990502 
1.29154967e-10 -9.75903727 -8.33736083 -5.00531194 -1.94594143 -0.75990502 
1.00000000e-10 -9.75903727 -8.33736083 -5.00531194 -1.94594143 -0.75990502 
P (bar) | log_O3: -2σ | log_O3: -1σ | log_O3: median | log_O3: +1σ | log_O3: +2σ 
1.00000000e+01 -9.65026517 -8.06735899 -6.22525465 -5.35143947 -4.86219489 
7.74263683e+00 -9.65026517 -8.06735899 -6.22525465 -5.35143947 -4.86219489 
5.99484250e+00 -9.65026517 -8.06735899 -6.22525465 -5.35143947 -4.86219489 
4.64158883e+00 -9.65026517 -8.06735899 -6.22525465 -5.35143947 -4.86219489 
3.59381366e+00 -9.65026517 -8.06735899 -6.22525465 -5.35143947 -4.86219489 
2.78255940e+00 -9.65026517 -8.06735899 -6.22525465 -5.35143947 -4.86219489 
2.15443469e+00 -9.65026517 -8.06735899 -6.22525465 -5.35143947 -4.86219489 
1.66810054e+00 -9.65026517 -8.06735899 -6.22525465 -5.35143947 -4.86219489 
1.29154967e+00 -9.65026517 -8.06735899 -6.22525465 -5.35143947 -4.86219489 
1.00000000e+00 -9.65026517 -8.06735899 -6.22525465 -5.35143947 -4.86219489 
7.74263683e-01 -9.65026517 -8.06735899 -6.22525465 -5.35143947 -4.86219489 
5.99484250e-01 -9.65026517 -8.06735899 -6.22525465 -5.35143947 -4.86219489 
4.64158883e-01 -9.65026517 -8.06735899 -6.22525465 -5.35143947 -4.86219489 
3.59381366e-01 -9.65026517 -8.06735899 -6.22525465 -5.35143947 -4.86219489 
2.78255940e-01 -9.65026517 -8.06735899 -6.22525465 -5.35143947 -4.86219489 
2.15443469e-01 -9.65026517 -8.06735899 -6.22525465 -5.35143947 -4.86219489 
1.66810054e-01 -9.65026517 -8.06735899 -6.22525465 -5.35143947 -4.86219489 
1.29154967e-01 -9.65026517 -8.06735899 -6.22525465 -5.35143947 -4.86219489 
1.00000000e-01 -9.65026517 -8.06735899 -6.22525465 -5.35143947 -4.86219489 
7.74263683e-02 -9.65026517 -8.06735899 -6.22525465 -5.35143947 -4.86219489 
5.99484250e-02 -9.65026517 -8.06735899 -6.22525465 -5.35143947 -4.86219489 
4.64158883e-02 -9.65026517 -8.06735899 -6.22525465 -5.35143947 -4.86219489 
3.59381366e-02 -9.65026517 -8.06735899 -6.22525465 -5.35143947 -4.86219489 
2.78255940e-02 -9.65026517 -8.06735899 -6.22525465 -5.35143947 -4.86219489 
2.15443469e-02 -9.65026517 -8.06735899 -6.22525465 -5.35143947 -4.86219489 
1.66810054e-02 -9.65026517 -8.06735899 -6.22525465 -5.35143947 -4.86219489 
1.29154967e-02 -9.65026517 -8.06735899 -6.22525465 -5.35143947 -4.86219489 
1.00000000e-02 -9.65026517 -8.06735899 -6.22525465 -5.35143947 -4.86219489 
7.74263683e-03 -9.65026517 -8.06735899 -6.22525465 -5.35143947 -4.86219489 
5.99484250e-03 -9.65026517 -8.06735899 -6.22525465 -5.35143947 -4.86219489 
4.64158883e-03 -9.65026517 -8.06735899 -6.22525465 -5.35143947 -4.86219489 
3.59381366e-03 -9.65026517 -8.06735899 -6.22525465 -5.35143947 -4.86219489 
2.78255940e-03 -9.65026517 -8.06735899 -6.22525465 -5.35143947 -4.86219489 
2.15443469e-03 -9.65026517 -8.06735899 -6.22525465 -5.35143947 -4.86219489 
1.66810054e-03 -9.65026517 -8.06735899 -6.22525465 -5.35143947 -4.86219489 
1.29154967e-03 -9.65026517 -8.06735899 -6.22525465 -5.35143947 -4.86219489 
1.00000000e-03 -9.65026517 -8.06735899 -6.22525465 -5.35143947 -4.86219489 
7.74263683e-04 -9.65026517 -8.06735899 -6.22525465 -5.35143947 -4.86219489 
5.99484250e-04 -9.65026517 -8.06735899 -6.22525465 -5.35143947 -4.86219489 
4.64158883e-04 -9.65026517 -8.06735899 -6.22525465 -5.35143947 -4.86219489 
3.59381366e-04 -9.65026517 -8.06735899 -6.22525465 -5.35143947 -4.86219489 
2.78255940e-04 -9.65026517 -8.06735899 -6.22525465 -5.35143947 -4.86219489 
2.15443469e-04 -9.65026517 -8.06735899 -6.22525465 -5.35143947 -4.86219489 
1.66810054e-04 -9.65026517 -8.06735899 -6.22525465 -5.35143947 -4.86219489 
1.29154967e-04 -9.65026517 -8.06735899 -6.22525465 -5.35143947 -4.86219489 
1.00000000e-04 -9.65026517 -8.06735899 -6.22525465 -5.35143947 -4.86219489 
7.74263683e-05 -9.65026517 -8.06735899 -6.22525465 -5.35143947 -4.86219489 
5.99484250e-05 -9.65026517 -8.06735899 -6.22525465 -5.35143947 -4.86219489 
4.64158883e-05 -9.65026517 -8.06735899 -6.22525465 -5.35143947 -4.86219489 
3.59381366e-05 -9.65026517 -8.06735899 -6.22525465 -5.35143947 -4.86219489 
2.78255940e-05 -9.65026517 -8.06735899 -6.22525465 -5.35143947 -4.86219489 
2.15443469e-05 -9.65026517 -8.06735899 -6.22525465 -5.35143947 -4.86219489 
1.66810054e-05 -9.65026517 -8.06735899 -6.22525465 -5.35143947 -4.86219489 
1.29154967e-05 -9.65026517 -8.06735899 -6.22525465 -5.35143947 -4.86219489 
1.00000000e-05 -9.65026517 -8.06735899 -6.22525465 -5.35143947 -4.86219489 
7.74263683e-06 -9.65026517 -8.06735899 -6.22525465 -5.35143947 -4.86219489 
5.99484250e-06 -9.65026517 -8.06735899 -6.22525465 -5.35143947 -4.86219489 
4.64158883e-06 -9.65026517 -8.06735899 -6.22525465 -5.35143947 -4.86219489 
3.59381366e-06 -9.65026517 -8.06735899 -6.22525465 -5.35143947 -4.86219489 
2.78255940e-06 -9.65026517 -8.06735899 -6.22525465 -5.35143947 -4.86219489 
2.15443469e-06 -9.65026517 -8.06735899 -6.22525465 -5.35143947 -4.86219489 
1.66810054e-06 -9.65026517 -8.06735899 -6.22525465 -5.35143947 -4.86219489 
1.29154967e-06 -9.65026517 -8.06735899 -6.22525465 -5.35143947 -4.86219489 
1.00000000e-06 -9.65026517 -8.06735899 -6.22525465 -5.35143947 -4.86219489 
7.74263683e-07 -9.65026517 -8.06735899 -6.22525465 -5.35143947 -4.86219489 
5.99484250e-07 -9.65026517 -8.06735899 -6.22525465 -5.35143947 -4.86219489 
4.64158883e-07 -9.65026517 -8.06735899 -6.22525465 -5.35143947 -4.86219489 
3.59381366e-07 -9.65026517 -8.06735899 -6.22525465 -5.35143947 -4.86219489 
2.78255940e-07 -9.65026517 -8.06735899 -6.22525465 -5.35143947 -4.86219489 
2.15443469e-07 -9.65026517 -8.06735899 -6.22525465 -5.35143947 -4.86219489 
1.66810054e-07 -9.65026517 -8.06735899 -6.22525465 -5.35143947 -4.86219489 
1.29154967e-07 -9.65026517 -8.06735899 -6.22525465 -5.35143947 -4.86219489 
1.00000000e-07 -9.65026517 -8.06735899 -6.22525465 -5.35143947 -4.86219489 
7.74263683e-08 -9.65026517 -8.06735899 -6.22525465 -5.35143947 -4.86219489 
5.99484250e-08 -9.65026517 -8.06735899 -6.22525465 -5.35143947 -4.86219489 
4.64158883e-08 -9.65026517 -8.06735899 -6.22525465 -5.35143947 -4.86219489 
3.59381366e-08 -9.65026517 -8.06735899 -6.22525465 -5.35143947 -4.86219489 
2.78255940e-08 -9.65026517 -8.06735899 -6.22525465 -5.35143947 -4.86219489 
2.15443469e-08 -9.65026517 -8.06735899 -6.22525465 -5.35143947 -4.86219489 
1.66810054e-08 -9.65026517 -8.06735899 -6.22525465 -5.35143947 -4.86219489 
1.29154967e-08 -9.65026517 -8.06735899 -6.22525465 -5.35143947 -4.86219489 
1.00000000e-08 -9.65026517 -8.06735899 -6.22525465 -5.35143947 -4.86219489 
7.74263683e-09 -9.65026517 -8.06735899 -6.22525465 -5.35143947 -4.86219489 
5.99484250e-09 -9.65026517 -8.06735899 -6.22525465 -5.35143947 -4.86219489 
4.64158883e-09 -9.65026517 -8.06735899 -6.22525465 -5.35143947 -4.86219489 
3.59381366e-09 -9.65026517 -8.06735899 -6.22525465 -5.35143947 -4.86219489 
2.78255940e-09 -9.65026517 -8.06735899 -6.22525465 -5.35143947 -4.86219489 
2.15443469e-09 -9.65026517 -8.06735899 -6.22525465 -5.35143947 -4.86219489 
1.66810054e-09 -9.65026517 -8.06735899 -6.22525465 -5.35143947 -4.86219489 
1.29154967e-09 -9.65026517 -8.06735899 -6.22525465 -5.35143947 -4.86219489 
1.00000000e-09 -9.65026517 -8.06735899 -6.22525465 -5.35143947 -4.86219489 
7.74263683e-10 -9.65026517 -8.06735899 -6.22525465 -5.35143947 -4.86219489 
5.99484250e-10 -9.65026517 -8.06735899 -6.22525465 -5.35143947 -4.86219489 
4.64158883e-10 -9.65026517 -8.06735899 -6.22525465 -5.35143947 -4.86219489 
3.59381366e-10 -9.65026517 -8.06735899 -6.22525465 -5.35143947 -4.86219489 
2.78255940e-10 -9.65026517 -8.06735899 -6.22525465 -5.35143947 -4.86219489 
2.15443469e-10 -9.65026517 -8.06735899 -6.22525465 -5.35143947 -4.86219489 
1.66810054e-10 -9.65026517 -8.06735899 -6.22525465 -5.35143947 -4.86219489 
1.29154967e-10 -9.65026517 -8.06735899 -6.22525465 -5.35143947 -4.86219489 
1.00000000e-10 -9.65026517 -8.06735899 -6.22525465 -5.35143947 -4.86219489 
P (bar) | log_N2O: -2σ | log_N2O: -1σ | log_N2O: median | log_N2O: +1σ | log_N2O: +2σ 
1.00000000e+01 -5.51767203 -5.00775490 -4.59241946 -4.24754478 -3.90652773 
7.74263683e+00 -5.51767203 -5.00775490 -4.59241946 -4.24754478 -3.90652773 
5.99484250e+00 -5.51767203 -5.00775490 -4.59241946 -4.24754478 -3.90652773 
4.64158883e+00 -5.51767203 -5.00775490 -4.59241946 -4.24754478 -3.90652773 
3.59381366e+00 -5.51767203 -5.00775490 -4.59241946 -4.24754478 -3.90652773 
2.78255940e+00 -5.51767203 -5.00775490 -4.59241946 -4.24754478 -3.90652773 
2.15443469e+00 -5.51767203 -5.00775490 -4.59241946 -4.24754478 -3.90652773 
1.66810054e+00 -5.51767203 -5.00775490 -4.59241946 -4.24754478 -3.90652773 
1.29154967e+00 -5.51767203 -5.00775490 -4.59241946 -4.24754478 -3.90652773 
1.00000000e+00 -5.51767203 -5.00775490 -4.59241946 -4.24754478 -3.90652773 
7.74263683e-01 -5.51767203 -5.00775490 -4.59241946 -4.24754478 -3.90652773 
5.99484250e-01 -5.51767203 -5.00775490 -4.59241946 -4.24754478 -3.90652773 
4.64158883e-01 -5.51767203 -5.00775490 -4.59241946 -4.24754478 -3.90652773 
3.59381366e-01 -5.51767203 -5.00775490 -4.59241946 -4.24754478 -3.90652773 
2.78255940e-01 -5.51767203 -5.00775490 -4.59241946 -4.24754478 -3.90652773 
2.15443469e-01 -5.51767203 -5.00775490 -4.59241946 -4.24754478 -3.90652773 
1.66810054e-01 -5.51767203 -5.00775490 -4.59241946 -4.24754478 -3.90652773 
1.29154967e-01 -5.51767203 -5.00775490 -4.59241946 -4.24754478 -3.90652773 
1.00000000e-01 -5.51767203 -5.00775490 -4.59241946 -4.24754478 -3.90652773 
7.74263683e-02 -5.51767203 -5.00775490 -4.59241946 -4.24754478 -3.90652773 
5.99484250e-02 -5.51767203 -5.00775490 -4.59241946 -4.24754478 -3.90652773 
4.64158883e-02 -5.51767203 -5.00775490 -4.59241946 -4.24754478 -3.90652773 
3.59381366e-02 -5.51767203 -5.00775490 -4.59241946 -4.24754478 -3.90652773 
2.78255940e-02 -5.51767203 -5.00775490 -4.59241946 -4.24754478 -3.90652773 
2.15443469e-02 -5.51767203 -5.00775490 -4.59241946 -4.24754478 -3.90652773 
1.66810054e-02 -5.51767203 -5.00775490 -4.59241946 -4.24754478 -3.90652773 
1.29154967e-02 -5.51767203 -5.00775490 -4.59241946 -4.24754478 -3.90652773 
1.00000000e-02 -5.51767203 -5.00775490 -4.59241946 -4.24754478 -3.90652773 
7.74263683e-03 -5.51767203 -5.00775490 -4.59241946 -4.24754478 -3.90652773 
5.99484250e-03 -5.51767203 -5.00775490 -4.59241946 -4.24754478 -3.90652773 
4.64158883e-03 -5.51767203 -5.00775490 -4.59241946 -4.24754478 -3.90652773 
3.59381366e-03 -5.51767203 -5.00775490 -4.59241946 -4.24754478 -3.90652773 
2.78255940e-03 -5.51767203 -5.00775490 -4.59241946 -4.24754478 -3.90652773 
2.15443469e-03 -5.51767203 -5.00775490 -4.59241946 -4.24754478 -3.90652773 
1.66810054e-03 -5.51767203 -5.00775490 -4.59241946 -4.24754478 -3.90652773 
1.29154967e-03 -5.51767203 -5.00775490 -4.59241946 -4.24754478 -3.90652773 
1.00000000e-03 -5.51767203 -5.00775490 -4.59241946 -4.24754478 -3.90652773 
7.74263683e-04 -5.51767203 -5.00775490 -4.59241946 -4.24754478 -3.90652773 
5.99484250e-04 -5.51767203 -5.00775490 -4.59241946 -4.24754478 -3.90652773 
4.64158883e-04 -5.51767203 -5.00775490 -4.59241946 -4.24754478 -3.90652773 
3.59381366e-04 -5.51767203 -5.00775490 -4.59241946 -4.24754478 -3.90652773 
2.78255940e-04 -5.51767203 -5.00775490 -4.59241946 -4.24754478 -3.90652773 
2.15443469e-04 -5.51767203 -5.00775490 -4.59241946 -4.24754478 -3.90652773 
1.66810054e-04 -5.51767203 -5.00775490 -4.59241946 -4.24754478 -3.90652773 
1.29154967e-04 -5.51767203 -5.00775490 -4.59241946 -4.24754478 -3.90652773 
1.00000000e-04 -5.51767203 -5.00775490 -4.59241946 -4.24754478 -3.90652773 
7.74263683e-05 -5.51767203 -5.00775490 -4.59241946 -4.24754478 -3.90652773 
5.99484250e-05 -5.51767203 -5.00775490 -4.59241946 -4.24754478 -3.90652773 
4.64158883e-05 -5.51767203 -5.00775490 -4.59241946 -4.24754478 -3.90652773 
3.59381366e-05 -5.51767203 -5.00775490 -4.59241946 -4.24754478 -3.90652773 
2.78255940e-05 -5.51767203 -5.00775490 -4.59241946 -4.24754478 -3.90652773 
2.15443469e-05 -5.51767203 -5.00775490 -4.59241946 -4.24754478 -3.90652773 
1.66810054e-05 -5.51767203 -5.00775490 -4.59241946 -4.24754478 -3.90652773 
1.29154967e-05 -5.51767203 -5.00775490 -4.59241946 -4.24754478 -3.90652773 
1.00000000e-05 -5.51767203 -5.00775490 -4.59241946 -4.24754478 -3.90652773 
7.74263683e-06 -5.51767203 -5.00775490 -4.59241946 -4.24754478 -3.90652773 
5.99484250e-06 -5.51767203 -5.00775490 -4.59241946 -4.24754478 -3.90652773 
4.64158883e-06 -5.51767203 -5.00775490 -4.59241946 -4.24754478 -3.90652773 
3.59381366e-06 -5.51767203 -5.00775490 -4.59241946 -4.24754478 -3.90652773 
2.78255940e-06 -5.51767203 -5.00775490 -4.59241946 -4.24754478 -3.90652773 
2.15443469e-06 -5.51767203 -5.00775490 -4.59241946 -4.24754478 -3.90652773 
1.66810054e-06 -5.51767203 -5.00775490 -4.59241946 -4.24754478 -3.90652773 
1.29154967e-06 -5.51767203 -5.00775490 -4.59241946 -4.24754478 -3.90652773 
1.00000000e-06 -5.51767203 -5.00775490 -4.59241946 -4.24754478 -3.90652773 
7.74263683e-07 -5.51767203 -5.00775490 -4.59241946 -4.24754478 -3.90652773 
5.99484250e-07 -5.51767203 -5.00775490 -4.59241946 -4.24754478 -3.90652773 
4.64158883e-07 -5.51767203 -5.00775490 -4.59241946 -4.24754478 -3.90652773 
3.59381366e-07 -5.51767203 -5.00775490 -4.59241946 -4.24754478 -3.90652773 
2.78255940e-07 -5.51767203 -5.00775490 -4.59241946 -4.24754478 -3.90652773 
2.15443469e-07 -5.51767203 -5.00775490 -4.59241946 -4.24754478 -3.90652773 
1.66810054e-07 -5.51767203 -5.00775490 -4.59241946 -4.24754478 -3.90652773 
1.29154967e-07 -5.51767203 -5.00775490 -4.59241946 -4.24754478 -3.90652773 
1.00000000e-07 -5.51767203 -5.00775490 -4.59241946 -4.24754478 -3.90652773 
7.74263683e-08 -5.51767203 -5.00775490 -4.59241946 -4.24754478 -3.90652773 
5.99484250e-08 -5.51767203 -5.00775490 -4.59241946 -4.24754478 -3.90652773 
4.64158883e-08 -5.51767203 -5.00775490 -4.59241946 -4.24754478 -3.90652773 
3.59381366e-08 -5.51767203 -5.00775490 -4.59241946 -4.24754478 -3.90652773 
2.78255940e-08 -5.51767203 -5.00775490 -4.59241946 -4.24754478 -3.90652773 
2.15443469e-08 -5.51767203 -5.00775490 -4.59241946 -4.24754478 -3.90652773 
1.66810054e-08 -5.51767203 -5.00775490 -4.59241946 -4.24754478 -3.90652773 
1.29154967e-08 -5.51767203 -5.00775490 -4.59241946 -4.24754478 -3.90652773 
1.00000000e-08 -5.51767203 -5.00775490 -4.59241946 -4.24754478 -3.90652773 
7.74263683e-09 -5.51767203 -5.00775490 -4.59241946 -4.24754478 -3.90652773 
5.99484250e-09 -5.51767203 -5.00775490 -4.59241946 -4.24754478 -3.90652773 
4.64158883e-09 -5.51767203 -5.00775490 -4.59241946 -4.24754478 -3.90652773 
3.59381366e-09 -5.51767203 -5.00775490 -4.59241946 -4.24754478 -3.90652773 
2.78255940e-09 -5.51767203 -5.00775490 -4.59241946 -4.24754478 -3.90652773 
2.15443469e-09 -5.51767203 -5.00775490 -4.59241946 -4.24754478 -3.90652773 
1.66810054e-09 -5.51767203 -5.00775490 -4.59241946 -4.24754478 -3.90652773 
1.29154967e-09 -5.51767203 -5.00775490 -4.59241946 -4.24754478 -3.90652773 
1.00000000e-09 -5.51767203 -5.00775490 -4.59241946 -4.24754478 -3.90652773 
7.74263683e-10 -5.51767203 -5.00775490 -4.59241946 -4.24754478 -3.90652773 
5.99484250e-10 -5.51767203 -5.00775490 -4.59241946 -4.24754478 -3.90652773 
4.64158883e-10 -5.51767203 -5.00775490 -4.59241946 -4.24754478 -3.90652773 
3.59381366e-10 -5.51767203 -5.00775490 -4.59241946 -4.24754478 -3.90652773 
2.78255940e-10 -5.51767203 -5.00775490 -4.59241946 -4.24754478 -3.90652773 
2.15443469e-10 -5.51767203 -5.00775490 -4.59241946 -4.24754478 -3.90652773 
1.66810054e-10 -5.51767203 -5.00775490 -4.59241946 -4.24754478 -3.90652773 
1.29154967e-10 -5.51767203 -5.00775490 -4.59241946 -4.24754478 -3.90652773 
1.00000000e-10 -5.51767203 -5.00775490 -4.59241946 -4.24754478 -3.90652773 
P (bar) | log_NH3: -2σ | log_NH3: -1σ | log_NH3: median | log_NH3: +1σ | log_NH3: +2σ 
1.00000000e+01 -11.87989508 -11.14462939 -9.28009216 -7.30851031 -6.19631463 
7.74263683e+00 -11.87989508 -11.14462939 -9.28009216 -7.30851031 -6.19631463 
5.99484250e+00 -11.87989508 -11.14462939 -9.28009216 -7.30851031 -6.19631463 
4.64158883e+00 -11.87989508 -11.14462939 -9.28009216 -7.30851031 -6.19631463 
3.59381366e+00 -11.87989508 -11.14462939 -9.28009216 -7.30851031 -6.19631463 
2.78255940e+00 -11.87989508 -11.14462939 -9.28009216 -7.30851031 -6.19631463 
2.15443469e+00 -11.87989508 -11.14462939 -9.28009216 -7.30851031 -6.19631463 
1.66810054e+00 -11.87989508 -11.14462939 -9.28009216 -7.30851031 -6.19631463 
1.29154967e+00 -11.87989508 -11.14462939 -9.28009216 -7.30851031 -6.19631463 
1.00000000e+00 -11.87989508 -11.14462939 -9.28009216 -7.30851031 -6.19631463 
7.74263683e-01 -11.87989508 -11.14462939 -9.28009216 -7.30851031 -6.19631463 
5.99484250e-01 -11.87989508 -11.14462939 -9.28009216 -7.30851031 -6.19631463 
4.64158883e-01 -11.87989508 -11.14462939 -9.28009216 -7.30851031 -6.19631463 
3.59381366e-01 -11.87989508 -11.14462939 -9.28009216 -7.30851031 -6.19631463 
2.78255940e-01 -11.87989508 -11.14462939 -9.28009216 -7.30851031 -6.19631463 
2.15443469e-01 -11.87989508 -11.14462939 -9.28009216 -7.30851031 -6.19631463 
1.66810054e-01 -11.87989508 -11.14462939 -9.28009216 -7.30851031 -6.19631463 
1.29154967e-01 -11.87989508 -11.14462939 -9.28009216 -7.30851031 -6.19631463 
1.00000000e-01 -11.87989508 -11.14462939 -9.28009216 -7.30851031 -6.19631463 
7.74263683e-02 -11.87989508 -11.14462939 -9.28009216 -7.30851031 -6.19631463 
5.99484250e-02 -11.87989508 -11.14462939 -9.28009216 -7.30851031 -6.19631463 
4.64158883e-02 -11.87989508 -11.14462939 -9.28009216 -7.30851031 -6.19631463 
3.59381366e-02 -11.87989508 -11.14462939 -9.28009216 -7.30851031 -6.19631463 
2.78255940e-02 -11.87989508 -11.14462939 -9.28009216 -7.30851031 -6.19631463 
2.15443469e-02 -11.87989508 -11.14462939 -9.28009216 -7.30851031 -6.19631463 
1.66810054e-02 -11.87989508 -11.14462939 -9.28009216 -7.30851031 -6.19631463 
1.29154967e-02 -11.87989508 -11.14462939 -9.28009216 -7.30851031 -6.19631463 
1.00000000e-02 -11.87989508 -11.14462939 -9.28009216 -7.30851031 -6.19631463 
7.74263683e-03 -11.87989508 -11.14462939 -9.28009216 -7.30851031 -6.19631463 
5.99484250e-03 -11.87989508 -11.14462939 -9.28009216 -7.30851031 -6.19631463 
4.64158883e-03 -11.87989508 -11.14462939 -9.28009216 -7.30851031 -6.19631463 
3.59381366e-03 -11.87989508 -11.14462939 -9.28009216 -7.30851031 -6.19631463 
2.78255940e-03 -11.87989508 -11.14462939 -9.28009216 -7.30851031 -6.19631463 
2.15443469e-03 -11.87989508 -11.14462939 -9.28009216 -7.30851031 -6.19631463 
1.66810054e-03 -11.87989508 -11.14462939 -9.28009216 -7.30851031 -6.19631463 
1.29154967e-03 -11.87989508 -11.14462939 -9.28009216 -7.30851031 -6.19631463 
1.00000000e-03 -11.87989508 -11.14462939 -9.28009216 -7.30851031 -6.19631463 
7.74263683e-04 -11.87989508 -11.14462939 -9.28009216 -7.30851031 -6.19631463 
5.99484250e-04 -11.87989508 -11.14462939 -9.28009216 -7.30851031 -6.19631463 
4.64158883e-04 -11.87989508 -11.14462939 -9.28009216 -7.30851031 -6.19631463 
3.59381366e-04 -11.87989508 -11.14462939 -9.28009216 -7.30851031 -6.19631463 
2.78255940e-04 -11.87989508 -11.14462939 -9.28009216 -7.30851031 -6.19631463 
2.15443469e-04 -11.87989508 -11.14462939 -9.28009216 -7.30851031 -6.19631463 
1.66810054e-04 -11.87989508 -11.14462939 -9.28009216 -7.30851031 -6.19631463 
1.29154967e-04 -11.87989508 -11.14462939 -9.28009216 -7.30851031 -6.19631463 
1.00000000e-04 -11.87989508 -11.14462939 -9.28009216 -7.30851031 -6.19631463 
7.74263683e-05 -11.87989508 -11.14462939 -9.28009216 -7.30851031 -6.19631463 
5.99484250e-05 -11.87989508 -11.14462939 -9.28009216 -7.30851031 -6.19631463 
4.64158883e-05 -11.87989508 -11.14462939 -9.28009216 -7.30851031 -6.19631463 
3.59381366e-05 -11.87989508 -11.14462939 -9.28009216 -7.30851031 -6.19631463 
2.78255940e-05 -11.87989508 -11.14462939 -9.28009216 -7.30851031 -6.19631463 
2.15443469e-05 -11.87989508 -11.14462939 -9.28009216 -7.30851031 -6.19631463 
1.66810054e-05 -11.87989508 -11.14462939 -9.28009216 -7.30851031 -6.19631463 
1.29154967e-05 -11.87989508 -11.14462939 -9.28009216 -7.30851031 -6.19631463 
1.00000000e-05 -11.87989508 -11.14462939 -9.28009216 -7.30851031 -6.19631463 
7.74263683e-06 -11.87989508 -11.14462939 -9.28009216 -7.30851031 -6.19631463 
5.99484250e-06 -11.87989508 -11.14462939 -9.28009216 -7.30851031 -6.19631463 
4.64158883e-06 -11.87989508 -11.14462939 -9.28009216 -7.30851031 -6.19631463 
3.59381366e-06 -11.87989508 -11.14462939 -9.28009216 -7.30851031 -6.19631463 
2.78255940e-06 -11.87989508 -11.14462939 -9.28009216 -7.30851031 -6.19631463 
2.15443469e-06 -11.87989508 -11.14462939 -9.28009216 -7.30851031 -6.19631463 
1.66810054e-06 -11.87989508 -11.14462939 -9.28009216 -7.30851031 -6.19631463 
1.29154967e-06 -11.87989508 -11.14462939 -9.28009216 -7.30851031 -6.19631463 
1.00000000e-06 -11.87989508 -11.14462939 -9.28009216 -7.30851031 -6.19631463 
7.74263683e-07 -11.87989508 -11.14462939 -9.28009216 -7.30851031 -6.19631463 
5.99484250e-07 -11.87989508 -11.14462939 -9.28009216 -7.30851031 -6.19631463 
4.64158883e-07 -11.87989508 -11.14462939 -9.28009216 -7.30851031 -6.19631463 
3.59381366e-07 -11.87989508 -11.14462939 -9.28009216 -7.30851031 -6.19631463 
2.78255940e-07 -11.87989508 -11.14462939 -9.28009216 -7.30851031 -6.19631463 
2.15443469e-07 -11.87989508 -11.14462939 -9.28009216 -7.30851031 -6.19631463 
1.66810054e-07 -11.87989508 -11.14462939 -9.28009216 -7.30851031 -6.19631463 
1.29154967e-07 -11.87989508 -11.14462939 -9.28009216 -7.30851031 -6.19631463 
1.00000000e-07 -11.87989508 -11.14462939 -9.28009216 -7.30851031 -6.19631463 
7.74263683e-08 -11.87989508 -11.14462939 -9.28009216 -7.30851031 -6.19631463 
5.99484250e-08 -11.87989508 -11.14462939 -9.28009216 -7.30851031 -6.19631463 
4.64158883e-08 -11.87989508 -11.14462939 -9.28009216 -7.30851031 -6.19631463 
3.59381366e-08 -11.87989508 -11.14462939 -9.28009216 -7.30851031 -6.19631463 
2.78255940e-08 -11.87989508 -11.14462939 -9.28009216 -7.30851031 -6.19631463 
2.15443469e-08 -11.87989508 -11.14462939 -9.28009216 -7.30851031 -6.19631463 
1.66810054e-08 -11.87989508 -11.14462939 -9.28009216 -7.30851031 -6.19631463 
1.29154967e-08 -11.87989508 -11.14462939 -9.28009216 -7.30851031 -6.19631463 
1.00000000e-08 -11.87989508 -11.14462939 -9.28009216 -7.30851031 -6.19631463 
7.74263683e-09 -11.87989508 -11.14462939 -9.28009216 -7.30851031 -6.19631463 
5.99484250e-09 -11.87989508 -11.14462939 -9.28009216 -7.30851031 -6.19631463 
4.64158883e-09 -11.87989508 -11.14462939 -9.28009216 -7.30851031 -6.19631463 
3.59381366e-09 -11.87989508 -11.14462939 -9.28009216 -7.30851031 -6.19631463 
2.78255940e-09 -11.87989508 -11.14462939 -9.28009216 -7.30851031 -6.19631463 
2.15443469e-09 -11.87989508 -11.14462939 -9.28009216 -7.30851031 -6.19631463 
1.66810054e-09 -11.87989508 -11.14462939 -9.28009216 -7.30851031 -6.19631463 
1.29154967e-09 -11.87989508 -11.14462939 -9.28009216 -7.30851031 -6.19631463 
1.00000000e-09 -11.87989508 -11.14462939 -9.28009216 -7.30851031 -6.19631463 
7.74263683e-10 -11.87989508 -11.14462939 -9.28009216 -7.30851031 -6.19631463 
5.99484250e-10 -11.87989508 -11.14462939 -9.28009216 -7.30851031 -6.19631463 
4.64158883e-10 -11.87989508 -11.14462939 -9.28009216 -7.30851031 -6.19631463 
3.59381366e-10 -11.87989508 -11.14462939 -9.28009216 -7.30851031 -6.19631463 
2.78255940e-10 -11.87989508 -11.14462939 -9.28009216 -7.30851031 -6.19631463 
2.15443469e-10 -11.87989508 -11.14462939 -9.28009216 -7.30851031 -6.19631463 
1.66810054e-10 -11.87989508 -11.14462939 -9.28009216 -7.30851031 -6.19631463 
1.29154967e-10 -11.87989508 -11.14462939 -9.28009216 -7.30851031 -6.19631463 
1.00000000e-10 -11.87989508 -11.14462939 -9.28009216 -7.30851031 -6.19631463 
