Chemical species: N2 H2O CO2 CH4 O2 O3 N2O NH3
P (bar) | log_N2: -2σ | log_N2: -1σ | log_N2: median | log_N2: +1σ | log_N2: +2σ 
1.00000000e+01 -0.04225959 -0.02224549 -0.00060156 -0.00007326 -0.00003734 
7.74263683e+00 -0.04225959 -0.02224549 -0.00060156 -0.00007326 -0.00003734 
5.99484250e+00 -0.04225959 -0.02224549 -0.00060156 -0.00007326 -0.00003734 
4.64158883e+00 -0.04225959 -0.02224549 -0.00060156 -0.00007326 -0.00003734 
3.59381366e+00 -0.04225959 -0.02224549 -0.00060156 -0.00007326 -0.00003734 
2.78255940e+00 -0.04225959 -0.02224549 -0.00060156 -0.00007326 -0.00003734 
2.15443469e+00 -0.04225959 -0.02224549 -0.00060156 -0.00007326 -0.00003734 
1.66810054e+00 -0.04225959 -0.02224549 -0.00060156 -0.00007326 -0.00003734 
1.29154967e+00 -0.04225959 -0.02224549 -0.00060156 -0.00007326 -0.00003734 
1.00000000e+00 -0.04225959 -0.02224549 -0.00060156 -0.00007326 -0.00003734 
7.74263683e-01 -0.04225959 -0.02224549 -0.00060156 -0.00007326 -0.00003734 
5.99484250e-01 -0.04225959 -0.02224549 -0.00060156 -0.00007326 -0.00003734 
4.64158883e-01 -0.04225959 -0.02224549 -0.00060156 -0.00007326 -0.00003734 
3.59381366e-01 -0.04225959 -0.02224549 -0.00060156 -0.00007326 -0.00003734 
2.78255940e-01 -0.04225959 -0.02224549 -0.00060156 -0.00007326 -0.00003734 
2.15443469e-01 -0.04225959 -0.02224549 -0.00060156 -0.00007326 -0.00003734 
1.66810054e-01 -0.04225959 -0.02224549 -0.00060156 -0.00007326 -0.00003734 
1.29154967e-01 -0.04225959 -0.02224549 -0.00060156 -0.00007326 -0.00003734 
1.00000000e-01 -0.04225959 -0.02224549 -0.00060156 -0.00007326 -0.00003734 
7.74263683e-02 -0.04225959 -0.02224549 -0.00060156 -0.00007326 -0.00003734 
5.99484250e-02 -0.04225959 -0.02224549 -0.00060156 -0.00007326 -0.00003734 
4.64158883e-02 -0.04225959 -0.02224549 -0.00060156 -0.00007326 -0.00003734 
3.59381366e-02 -0.04225959 -0.02224549 -0.00060156 -0.00007326 -0.00003734 
2.78255940e-02 -0.04225959 -0.02224549 -0.00060156 -0.00007326 -0.00003734 
2.15443469e-02 -0.04225959 -0.02224549 -0.00060156 -0.00007326 -0.00003734 
1.66810054e-02 -0.04225959 -0.02224549 -0.00060156 -0.00007326 -0.00003734 
1.29154967e-02 -0.04225959 -0.02224549 -0.00060156 -0.00007326 -0.00003734 
1.00000000e-02 -0.04225959 -0.02224549 -0.00060156 -0.00007326 -0.00003734 
7.74263683e-03 -0.04225959 -0.02224549 -0.00060156 -0.00007326 -0.00003734 
5.99484250e-03 -0.04225959 -0.02224549 -0.00060156 -0.00007326 -0.00003734 
4.64158883e-03 -0.04225959 -0.02224549 -0.00060156 -0.00007326 -0.00003734 
3.59381366e-03 -0.04225959 -0.02224549 -0.00060156 -0.00007326 -0.00003734 
2.78255940e-03 -0.04225959 -0.02224549 -0.00060156 -0.00007326 -0.00003734 
2.15443469e-03 -0.04225959 -0.02224549 -0.00060156 -0.00007326 -0.00003734 
1.66810054e-03 -0.04225959 -0.02224549 -0.00060156 -0.00007326 -0.00003734 
1.29154967e-03 -0.04225959 -0.02224549 -0.00060156 -0.00007326 -0.00003734 
1.00000000e-03 -0.04225959 -0.02224549 -0.00060156 -0.00007326 -0.00003734 
7.74263683e-04 -0.04225959 -0.02224549 -0.00060156 -0.00007326 -0.00003734 
5.99484250e-04 -0.04225959 -0.02224549 -0.00060156 -0.00007326 -0.00003734 
4.64158883e-04 -0.04225959 -0.02224549 -0.00060156 -0.00007326 -0.00003734 
3.59381366e-04 -0.04225959 -0.02224549 -0.00060156 -0.00007326 -0.00003734 
2.78255940e-04 -0.04225959 -0.02224549 -0.00060156 -0.00007326 -0.00003734 
2.15443469e-04 -0.04225959 -0.02224549 -0.00060156 -0.00007326 -0.00003734 
1.66810054e-04 -0.04225959 -0.02224549 -0.00060156 -0.00007326 -0.00003734 
1.29154967e-04 -0.04225959 -0.02224549 -0.00060156 -0.00007326 -0.00003734 
1.00000000e-04 -0.04225959 -0.02224549 -0.00060156 -0.00007326 -0.00003734 
7.74263683e-05 -0.04225959 -0.02224549 -0.00060156 -0.00007326 -0.00003734 
5.99484250e-05 -0.04225959 -0.02224549 -0.00060156 -0.00007326 -0.00003734 
4.64158883e-05 -0.04225959 -0.02224549 -0.00060156 -0.00007326 -0.00003734 
3.59381366e-05 -0.04225959 -0.02224549 -0.00060156 -0.00007326 -0.00003734 
2.78255940e-05 -0.04225959 -0.02224549 -0.00060156 -0.00007326 -0.00003734 
2.15443469e-05 -0.04225959 -0.02224549 -0.00060156 -0.00007326 -0.00003734 
1.66810054e-05 -0.04225959 -0.02224549 -0.00060156 -0.00007326 -0.00003734 
1.29154967e-05 -0.04225959 -0.02224549 -0.00060156 -0.00007326 -0.00003734 
1.00000000e-05 -0.04225959 -0.02224549 -0.00060156 -0.00007326 -0.00003734 
7.74263683e-06 -0.04225959 -0.02224549 -0.00060156 -0.00007326 -0.00003734 
5.99484250e-06 -0.04225959 -0.02224549 -0.00060156 -0.00007326 -0.00003734 
4.64158883e-06 -0.04225959 -0.02224549 -0.00060156 -0.00007326 -0.00003734 
3.59381366e-06 -0.04225959 -0.02224549 -0.00060156 -0.00007326 -0.00003734 
2.78255940e-06 -0.04225959 -0.02224549 -0.00060156 -0.00007326 -0.00003734 
2.15443469e-06 -0.04225959 -0.02224549 -0.00060156 -0.00007326 -0.00003734 
1.66810054e-06 -0.04225959 -0.02224549 -0.00060156 -0.00007326 -0.00003734 
1.29154967e-06 -0.04225959 -0.02224549 -0.00060156 -0.00007326 -0.00003734 
1.00000000e-06 -0.04225959 -0.02224549 -0.00060156 -0.00007326 -0.00003734 
7.74263683e-07 -0.04225959 -0.02224549 -0.00060156 -0.00007326 -0.00003734 
5.99484250e-07 -0.04225959 -0.02224549 -0.00060156 -0.00007326 -0.00003734 
4.64158883e-07 -0.04225959 -0.02224549 -0.00060156 -0.00007326 -0.00003734 
3.59381366e-07 -0.04225959 -0.02224549 -0.00060156 -0.00007326 -0.00003734 
2.78255940e-07 -0.04225959 -0.02224549 -0.00060156 -0.00007326 -0.00003734 
2.15443469e-07 -0.04225959 -0.02224549 -0.00060156 -0.00007326 -0.00003734 
1.66810054e-07 -0.04225959 -0.02224549 -0.00060156 -0.00007326 -0.00003734 
1.29154967e-07 -0.04225959 -0.02224549 -0.00060156 -0.00007326 -0.00003734 
1.00000000e-07 -0.04225959 -0.02224549 -0.00060156 -0.00007326 -0.00003734 
7.74263683e-08 -0.04225959 -0.02224549 -0.00060156 -0.00007326 -0.00003734 
5.99484250e-08 -0.04225959 -0.02224549 -0.00060156 -0.00007326 -0.00003734 
4.64158883e-08 -0.04225959 -0.02224549 -0.00060156 -0.00007326 -0.00003734 
3.59381366e-08 -0.04225959 -0.02224549 -0.00060156 -0.00007326 -0.00003734 
2.78255940e-08 -0.04225959 -0.02224549 -0.00060156 -0.00007326 -0.00003734 
2.15443469e-08 -0.04225959 -0.02224549 -0.00060156 -0.00007326 -0.00003734 
1.66810054e-08 -0.04225959 -0.02224549 -0.00060156 -0.00007326 -0.00003734 
1.29154967e-08 -0.04225959 -0.02224549 -0.00060156 -0.00007326 -0.00003734 
1.00000000e-08 -0.04225959 -0.02224549 -0.00060156 -0.00007326 -0.00003734 
7.74263683e-09 -0.04225959 -0.02224549 -0.00060156 -0.00007326 -0.00003734 
5.99484250e-09 -0.04225959 -0.02224549 -0.00060156 -0.00007326 -0.00003734 
4.64158883e-09 -0.04225959 -0.02224549 -0.00060156 -0.00007326 -0.00003734 
3.59381366e-09 -0.04225959 -0.02224549 -0.00060156 -0.00007326 -0.00003734 
2.78255940e-09 -0.04225959 -0.02224549 -0.00060156 -0.00007326 -0.00003734 
2.15443469e-09 -0.04225959 -0.02224549 -0.00060156 -0.00007326 -0.00003734 
1.66810054e-09 -0.04225959 -0.02224549 -0.00060156 -0.00007326 -0.00003734 
1.29154967e-09 -0.04225959 -0.02224549 -0.00060156 -0.00007326 -0.00003734 
1.00000000e-09 -0.04225959 -0.02224549 -0.00060156 -0.00007326 -0.00003734 
7.74263683e-10 -0.04225959 -0.02224549 -0.00060156 -0.00007326 -0.00003734 
5.99484250e-10 -0.04225959 -0.02224549 -0.00060156 -0.00007326 -0.00003734 
4.64158883e-10 -0.04225959 -0.02224549 -0.00060156 -0.00007326 -0.00003734 
3.59381366e-10 -0.04225959 -0.02224549 -0.00060156 -0.00007326 -0.00003734 
2.78255940e-10 -0.04225959 -0.02224549 -0.00060156 -0.00007326 -0.00003734 
2.15443469e-10 -0.04225959 -0.02224549 -0.00060156 -0.00007326 -0.00003734 
1.66810054e-10 -0.04225959 -0.02224549 -0.00060156 -0.00007326 -0.00003734 
1.29154967e-10 -0.04225959 -0.02224549 -0.00060156 -0.00007326 -0.00003734 
1.00000000e-10 -0.04225959 -0.02224549 -0.00060156 -0.00007326 -0.00003734 
P (bar) | log_H2O: -2σ | log_H2O: -1σ | log_H2O: median | log_H2O: +1σ | log_H2O: +2σ 
1.00000000e+01 -4.72268115 -4.48381605 -4.23490325 -3.93928090 -3.59465653 
7.74263683e+00 -4.72268115 -4.48381605 -4.23490325 -3.93928090 -3.59465653 
5.99484250e+00 -4.72268115 -4.48381605 -4.23490325 -3.93928090 -3.59465653 
4.64158883e+00 -4.72268115 -4.48381605 -4.23490325 -3.93928090 -3.59465653 
3.59381366e+00 -4.72268115 -4.48381605 -4.23490325 -3.93928090 -3.59465653 
2.78255940e+00 -4.72268115 -4.48381605 -4.23490325 -3.93928090 -3.59465653 
2.15443469e+00 -4.72268115 -4.48381605 -4.23490325 -3.93928090 -3.59465653 
1.66810054e+00 -4.72268115 -4.48381605 -4.23490325 -3.93928090 -3.59465653 
1.29154967e+00 -4.72268115 -4.48381605 -4.23490325 -3.93928090 -3.59465653 
1.00000000e+00 -4.72268115 -4.48381605 -4.23490325 -3.93928090 -3.59465653 
7.74263683e-01 -4.72268115 -4.48381605 -4.23490325 -3.93928090 -3.59465653 
5.99484250e-01 -4.72268115 -4.48381605 -4.23490325 -3.93928090 -3.59465653 
4.64158883e-01 -4.72268115 -4.48381605 -4.23490325 -3.93928090 -3.59465653 
3.59381366e-01 -4.72268115 -4.48381605 -4.23490325 -3.93928090 -3.59465653 
2.78255940e-01 -4.72268115 -4.48381605 -4.23490325 -3.93928090 -3.59465653 
2.15443469e-01 -4.72268115 -4.48381605 -4.23490325 -3.93928090 -3.59465653 
1.66810054e-01 -4.72268115 -4.48381605 -4.23490325 -3.93928090 -3.59465653 
1.29154967e-01 -4.72268115 -4.48381605 -4.23490325 -3.93928090 -3.59465653 
1.00000000e-01 -4.72268115 -4.48381605 -4.23490325 -3.93928090 -3.59465653 
7.74263683e-02 -4.72268115 -4.48381605 -4.23490325 -3.93928090 -3.59465653 
5.99484250e-02 -4.72268115 -4.48381605 -4.23490325 -3.93928090 -3.59465653 
4.64158883e-02 -4.72268115 -4.48381605 -4.23490325 -3.93928090 -3.59465653 
3.59381366e-02 -4.72268115 -4.48381605 -4.23490325 -3.93928090 -3.59465653 
2.78255940e-02 -4.72268115 -4.48381605 -4.23490325 -3.93928090 -3.59465653 
2.15443469e-02 -4.72268115 -4.48381605 -4.23490325 -3.93928090 -3.59465653 
1.66810054e-02 -4.72268115 -4.48381605 -4.23490325 -3.93928090 -3.59465653 
1.29154967e-02 -4.72268115 -4.48381605 -4.23490325 -3.93928090 -3.59465653 
1.00000000e-02 -4.72268115 -4.48381605 -4.23490325 -3.93928090 -3.59465653 
7.74263683e-03 -4.72268115 -4.48381605 -4.23490325 -3.93928090 -3.59465653 
5.99484250e-03 -4.72268115 -4.48381605 -4.23490325 -3.93928090 -3.59465653 
4.64158883e-03 -4.72268115 -4.48381605 -4.23490325 -3.93928090 -3.59465653 
3.59381366e-03 -4.72268115 -4.48381605 -4.23490325 -3.93928090 -3.59465653 
2.78255940e-03 -4.72268115 -4.48381605 -4.23490325 -3.93928090 -3.59465653 
2.15443469e-03 -4.72268115 -4.48381605 -4.23490325 -3.93928090 -3.59465653 
1.66810054e-03 -4.72268115 -4.48381605 -4.23490325 -3.93928090 -3.59465653 
1.29154967e-03 -4.72268115 -4.48381605 -4.23490325 -3.93928090 -3.59465653 
1.00000000e-03 -4.72268115 -4.48381605 -4.23490325 -3.93928090 -3.59465653 
7.74263683e-04 -4.72268115 -4.48381605 -4.23490325 -3.93928090 -3.59465653 
5.99484250e-04 -4.72268115 -4.48381605 -4.23490325 -3.93928090 -3.59465653 
4.64158883e-04 -4.72268115 -4.48381605 -4.23490325 -3.93928090 -3.59465653 
3.59381366e-04 -4.72268115 -4.48381605 -4.23490325 -3.93928090 -3.59465653 
2.78255940e-04 -4.72268115 -4.48381605 -4.23490325 -3.93928090 -3.59465653 
2.15443469e-04 -4.72268115 -4.48381605 -4.23490325 -3.93928090 -3.59465653 
1.66810054e-04 -4.72268115 -4.48381605 -4.23490325 -3.93928090 -3.59465653 
1.29154967e-04 -4.72268115 -4.48381605 -4.23490325 -3.93928090 -3.59465653 
1.00000000e-04 -4.72268115 -4.48381605 -4.23490325 -3.93928090 -3.59465653 
7.74263683e-05 -4.72268115 -4.48381605 -4.23490325 -3.93928090 -3.59465653 
5.99484250e-05 -4.72268115 -4.48381605 -4.23490325 -3.93928090 -3.59465653 
4.64158883e-05 -4.72268115 -4.48381605 -4.23490325 -3.93928090 -3.59465653 
3.59381366e-05 -4.72268115 -4.48381605 -4.23490325 -3.93928090 -3.59465653 
2.78255940e-05 -4.72268115 -4.48381605 -4.23490325 -3.93928090 -3.59465653 
2.15443469e-05 -4.72268115 -4.48381605 -4.23490325 -3.93928090 -3.59465653 
1.66810054e-05 -4.72268115 -4.48381605 -4.23490325 -3.93928090 -3.59465653 
1.29154967e-05 -4.72268115 -4.48381605 -4.23490325 -3.93928090 -3.59465653 
1.00000000e-05 -4.72268115 -4.48381605 -4.23490325 -3.93928090 -3.59465653 
7.74263683e-06 -4.72268115 -4.48381605 -4.23490325 -3.93928090 -3.59465653 
5.99484250e-06 -4.72268115 -4.48381605 -4.23490325 -3.93928090 -3.59465653 
4.64158883e-06 -4.72268115 -4.48381605 -4.23490325 -3.93928090 -3.59465653 
3.59381366e-06 -4.72268115 -4.48381605 -4.23490325 -3.93928090 -3.59465653 
2.78255940e-06 -4.72268115 -4.48381605 -4.23490325 -3.93928090 -3.59465653 
2.15443469e-06 -4.72268115 -4.48381605 -4.23490325 -3.93928090 -3.59465653 
1.66810054e-06 -4.72268115 -4.48381605 -4.23490325 -3.93928090 -3.59465653 
1.29154967e-06 -4.72268115 -4.48381605 -4.23490325 -3.93928090 -3.59465653 
1.00000000e-06 -4.72268115 -4.48381605 -4.23490325 -3.93928090 -3.59465653 
7.74263683e-07 -4.72268115 -4.48381605 -4.23490325 -3.93928090 -3.59465653 
5.99484250e-07 -4.72268115 -4.48381605 -4.23490325 -3.93928090 -3.59465653 
4.64158883e-07 -4.72268115 -4.48381605 -4.23490325 -3.93928090 -3.59465653 
3.59381366e-07 -4.72268115 -4.48381605 -4.23490325 -3.93928090 -3.59465653 
2.78255940e-07 -4.72268115 -4.48381605 -4.23490325 -3.93928090 -3.59465653 
2.15443469e-07 -4.72268115 -4.48381605 -4.23490325 -3.93928090 -3.59465653 
1.66810054e-07 -4.72268115 -4.48381605 -4.23490325 -3.93928090 -3.59465653 
1.29154967e-07 -4.72268115 -4.48381605 -4.23490325 -3.93928090 -3.59465653 
1.00000000e-07 -4.72268115 -4.48381605 -4.23490325 -3.93928090 -3.59465653 
7.74263683e-08 -4.72268115 -4.48381605 -4.23490325 -3.93928090 -3.59465653 
5.99484250e-08 -4.72268115 -4.48381605 -4.23490325 -3.93928090 -3.59465653 
4.64158883e-08 -4.72268115 -4.48381605 -4.23490325 -3.93928090 -3.59465653 
3.59381366e-08 -4.72268115 -4.48381605 -4.23490325 -3.93928090 -3.59465653 
2.78255940e-08 -4.72268115 -4.48381605 -4.23490325 -3.93928090 -3.59465653 
2.15443469e-08 -4.72268115 -4.48381605 -4.23490325 -3.93928090 -3.59465653 
1.66810054e-08 -4.72268115 -4.48381605 -4.23490325 -3.93928090 -3.59465653 
1.29154967e-08 -4.72268115 -4.48381605 -4.23490325 -3.93928090 -3.59465653 
1.00000000e-08 -4.72268115 -4.48381605 -4.23490325 -3.93928090 -3.59465653 
7.74263683e-09 -4.72268115 -4.48381605 -4.23490325 -3.93928090 -3.59465653 
5.99484250e-09 -4.72268115 -4.48381605 -4.23490325 -3.93928090 -3.59465653 
4.64158883e-09 -4.72268115 -4.48381605 -4.23490325 -3.93928090 -3.59465653 
3.59381366e-09 -4.72268115 -4.48381605 -4.23490325 -3.93928090 -3.59465653 
2.78255940e-09 -4.72268115 -4.48381605 -4.23490325 -3.93928090 -3.59465653 
2.15443469e-09 -4.72268115 -4.48381605 -4.23490325 -3.93928090 -3.59465653 
1.66810054e-09 -4.72268115 -4.48381605 -4.23490325 -3.93928090 -3.59465653 
1.29154967e-09 -4.72268115 -4.48381605 -4.23490325 -3.93928090 -3.59465653 
1.00000000e-09 -4.72268115 -4.48381605 -4.23490325 -3.93928090 -3.59465653 
7.74263683e-10 -4.72268115 -4.48381605 -4.23490325 -3.93928090 -3.59465653 
5.99484250e-10 -4.72268115 -4.48381605 -4.23490325 -3.93928090 -3.59465653 
4.64158883e-10 -4.72268115 -4.48381605 -4.23490325 -3.93928090 -3.59465653 
3.59381366e-10 -4.72268115 -4.48381605 -4.23490325 -3.93928090 -3.59465653 
2.78255940e-10 -4.72268115 -4.48381605 -4.23490325 -3.93928090 -3.59465653 
2.15443469e-10 -4.72268115 -4.48381605 -4.23490325 -3.93928090 -3.59465653 
1.66810054e-10 -4.72268115 -4.48381605 -4.23490325 -3.93928090 -3.59465653 
1.29154967e-10 -4.72268115 -4.48381605 -4.23490325 -3.93928090 -3.59465653 
1.00000000e-10 -4.72268115 -4.48381605 -4.23490325 -3.93928090 -3.59465653 
P (bar) | log_CO2: -2σ | log_CO2: -1σ | log_CO2: median | log_CO2: +1σ | log_CO2: +2σ 
1.00000000e+01 -4.63125329 -4.23462572 -3.87707055 -3.52288390 -3.15926943 
7.74263683e+00 -4.63125329 -4.23462572 -3.87707055 -3.52288390 -3.15926943 
5.99484250e+00 -4.63125329 -4.23462572 -3.87707055 -3.52288390 -3.15926943 
4.64158883e+00 -4.63125329 -4.23462572 -3.87707055 -3.52288390 -3.15926943 
3.59381366e+00 -4.63125329 -4.23462572 -3.87707055 -3.52288390 -3.15926943 
2.78255940e+00 -4.63125329 -4.23462572 -3.87707055 -3.52288390 -3.15926943 
2.15443469e+00 -4.63125329 -4.23462572 -3.87707055 -3.52288390 -3.15926943 
1.66810054e+00 -4.63125329 -4.23462572 -3.87707055 -3.52288390 -3.15926943 
1.29154967e+00 -4.63125329 -4.23462572 -3.87707055 -3.52288390 -3.15926943 
1.00000000e+00 -4.63125329 -4.23462572 -3.87707055 -3.52288390 -3.15926943 
7.74263683e-01 -4.63125329 -4.23462572 -3.87707055 -3.52288390 -3.15926943 
5.99484250e-01 -4.63125329 -4.23462572 -3.87707055 -3.52288390 -3.15926943 
4.64158883e-01 -4.63125329 -4.23462572 -3.87707055 -3.52288390 -3.15926943 
3.59381366e-01 -4.63125329 -4.23462572 -3.87707055 -3.52288390 -3.15926943 
2.78255940e-01 -4.63125329 -4.23462572 -3.87707055 -3.52288390 -3.15926943 
2.15443469e-01 -4.63125329 -4.23462572 -3.87707055 -3.52288390 -3.15926943 
1.66810054e-01 -4.63125329 -4.23462572 -3.87707055 -3.52288390 -3.15926943 
1.29154967e-01 -4.63125329 -4.23462572 -3.87707055 -3.52288390 -3.15926943 
1.00000000e-01 -4.63125329 -4.23462572 -3.87707055 -3.52288390 -3.15926943 
7.74263683e-02 -4.63125329 -4.23462572 -3.87707055 -3.52288390 -3.15926943 
5.99484250e-02 -4.63125329 -4.23462572 -3.87707055 -3.52288390 -3.15926943 
4.64158883e-02 -4.63125329 -4.23462572 -3.87707055 -3.52288390 -3.15926943 
3.59381366e-02 -4.63125329 -4.23462572 -3.87707055 -3.52288390 -3.15926943 
2.78255940e-02 -4.63125329 -4.23462572 -3.87707055 -3.52288390 -3.15926943 
2.15443469e-02 -4.63125329 -4.23462572 -3.87707055 -3.52288390 -3.15926943 
1.66810054e-02 -4.63125329 -4.23462572 -3.87707055 -3.52288390 -3.15926943 
1.29154967e-02 -4.63125329 -4.23462572 -3.87707055 -3.52288390 -3.15926943 
1.00000000e-02 -4.63125329 -4.23462572 -3.87707055 -3.52288390 -3.15926943 
7.74263683e-03 -4.63125329 -4.23462572 -3.87707055 -3.52288390 -3.15926943 
5.99484250e-03 -4.63125329 -4.23462572 -3.87707055 -3.52288390 -3.15926943 
4.64158883e-03 -4.63125329 -4.23462572 -3.87707055 -3.52288390 -3.15926943 
3.59381366e-03 -4.63125329 -4.23462572 -3.87707055 -3.52288390 -3.15926943 
2.78255940e-03 -4.63125329 -4.23462572 -3.87707055 -3.52288390 -3.15926943 
2.15443469e-03 -4.63125329 -4.23462572 -3.87707055 -3.52288390 -3.15926943 
1.66810054e-03 -4.63125329 -4.23462572 -3.87707055 -3.52288390 -3.15926943 
1.29154967e-03 -4.63125329 -4.23462572 -3.87707055 -3.52288390 -3.15926943 
1.00000000e-03 -4.63125329 -4.23462572 -3.87707055 -3.52288390 -3.15926943 
7.74263683e-04 -4.63125329 -4.23462572 -3.87707055 -3.52288390 -3.15926943 
5.99484250e-04 -4.63125329 -4.23462572 -3.87707055 -3.52288390 -3.15926943 
4.64158883e-04 -4.63125329 -4.23462572 -3.87707055 -3.52288390 -3.15926943 
3.59381366e-04 -4.63125329 -4.23462572 -3.87707055 -3.52288390 -3.15926943 
2.78255940e-04 -4.63125329 -4.23462572 -3.87707055 -3.52288390 -3.15926943 
2.15443469e-04 -4.63125329 -4.23462572 -3.87707055 -3.52288390 -3.15926943 
1.66810054e-04 -4.63125329 -4.23462572 -3.87707055 -3.52288390 -3.15926943 
1.29154967e-04 -4.63125329 -4.23462572 -3.87707055 -3.52288390 -3.15926943 
1.00000000e-04 -4.63125329 -4.23462572 -3.87707055 -3.52288390 -3.15926943 
7.74263683e-05 -4.63125329 -4.23462572 -3.87707055 -3.52288390 -3.15926943 
5.99484250e-05 -4.63125329 -4.23462572 -3.87707055 -3.52288390 -3.15926943 
4.64158883e-05 -4.63125329 -4.23462572 -3.87707055 -3.52288390 -3.15926943 
3.59381366e-05 -4.63125329 -4.23462572 -3.87707055 -3.52288390 -3.15926943 
2.78255940e-05 -4.63125329 -4.23462572 -3.87707055 -3.52288390 -3.15926943 
2.15443469e-05 -4.63125329 -4.23462572 -3.87707055 -3.52288390 -3.15926943 
1.66810054e-05 -4.63125329 -4.23462572 -3.87707055 -3.52288390 -3.15926943 
1.29154967e-05 -4.63125329 -4.23462572 -3.87707055 -3.52288390 -3.15926943 
1.00000000e-05 -4.63125329 -4.23462572 -3.87707055 -3.52288390 -3.15926943 
7.74263683e-06 -4.63125329 -4.23462572 -3.87707055 -3.52288390 -3.15926943 
5.99484250e-06 -4.63125329 -4.23462572 -3.87707055 -3.52288390 -3.15926943 
4.64158883e-06 -4.63125329 -4.23462572 -3.87707055 -3.52288390 -3.15926943 
3.59381366e-06 -4.63125329 -4.23462572 -3.87707055 -3.52288390 -3.15926943 
2.78255940e-06 -4.63125329 -4.23462572 -3.87707055 -3.52288390 -3.15926943 
2.15443469e-06 -4.63125329 -4.23462572 -3.87707055 -3.52288390 -3.15926943 
1.66810054e-06 -4.63125329 -4.23462572 -3.87707055 -3.52288390 -3.15926943 
1.29154967e-06 -4.63125329 -4.23462572 -3.87707055 -3.52288390 -3.15926943 
1.00000000e-06 -4.63125329 -4.23462572 -3.87707055 -3.52288390 -3.15926943 
7.74263683e-07 -4.63125329 -4.23462572 -3.87707055 -3.52288390 -3.15926943 
5.99484250e-07 -4.63125329 -4.23462572 -3.87707055 -3.52288390 -3.15926943 
4.64158883e-07 -4.63125329 -4.23462572 -3.87707055 -3.52288390 -3.15926943 
3.59381366e-07 -4.63125329 -4.23462572 -3.87707055 -3.52288390 -3.15926943 
2.78255940e-07 -4.63125329 -4.23462572 -3.87707055 -3.52288390 -3.15926943 
2.15443469e-07 -4.63125329 -4.23462572 -3.87707055 -3.52288390 -3.15926943 
1.66810054e-07 -4.63125329 -4.23462572 -3.87707055 -3.52288390 -3.15926943 
1.29154967e-07 -4.63125329 -4.23462572 -3.87707055 -3.52288390 -3.15926943 
1.00000000e-07 -4.63125329 -4.23462572 -3.87707055 -3.52288390 -3.15926943 
7.74263683e-08 -4.63125329 -4.23462572 -3.87707055 -3.52288390 -3.15926943 
5.99484250e-08 -4.63125329 -4.23462572 -3.87707055 -3.52288390 -3.15926943 
4.64158883e-08 -4.63125329 -4.23462572 -3.87707055 -3.52288390 -3.15926943 
3.59381366e-08 -4.63125329 -4.23462572 -3.87707055 -3.52288390 -3.15926943 
2.78255940e-08 -4.63125329 -4.23462572 -3.87707055 -3.52288390 -3.15926943 
2.15443469e-08 -4.63125329 -4.23462572 -3.87707055 -3.52288390 -3.15926943 
1.66810054e-08 -4.63125329 -4.23462572 -3.87707055 -3.52288390 -3.15926943 
1.29154967e-08 -4.63125329 -4.23462572 -3.87707055 -3.52288390 -3.15926943 
1.00000000e-08 -4.63125329 -4.23462572 -3.87707055 -3.52288390 -3.15926943 
7.74263683e-09 -4.63125329 -4.23462572 -3.87707055 -3.52288390 -3.15926943 
5.99484250e-09 -4.63125329 -4.23462572 -3.87707055 -3.52288390 -3.15926943 
4.64158883e-09 -4.63125329 -4.23462572 -3.87707055 -3.52288390 -3.15926943 
3.59381366e-09 -4.63125329 -4.23462572 -3.87707055 -3.52288390 -3.15926943 
2.78255940e-09 -4.63125329 -4.23462572 -3.87707055 -3.52288390 -3.15926943 
2.15443469e-09 -4.63125329 -4.23462572 -3.87707055 -3.52288390 -3.15926943 
1.66810054e-09 -4.63125329 -4.23462572 -3.87707055 -3.52288390 -3.15926943 
1.29154967e-09 -4.63125329 -4.23462572 -3.87707055 -3.52288390 -3.15926943 
1.00000000e-09 -4.63125329 -4.23462572 -3.87707055 -3.52288390 -3.15926943 
7.74263683e-10 -4.63125329 -4.23462572 -3.87707055 -3.52288390 -3.15926943 
5.99484250e-10 -4.63125329 -4.23462572 -3.87707055 -3.52288390 -3.15926943 
4.64158883e-10 -4.63125329 -4.23462572 -3.87707055 -3.52288390 -3.15926943 
3.59381366e-10 -4.63125329 -4.23462572 -3.87707055 -3.52288390 -3.15926943 
2.78255940e-10 -4.63125329 -4.23462572 -3.87707055 -3.52288390 -3.15926943 
2.15443469e-10 -4.63125329 -4.23462572 -3.87707055 -3.52288390 -3.15926943 
1.66810054e-10 -4.63125329 -4.23462572 -3.87707055 -3.52288390 -3.15926943 
1.29154967e-10 -4.63125329 -4.23462572 -3.87707055 -3.52288390 -3.15926943 
1.00000000e-10 -4.63125329 -4.23462572 -3.87707055 -3.52288390 -3.15926943 
P (bar) | log_CH4: -2σ | log_CH4: -1σ | log_CH4: median | log_CH4: +1σ | log_CH4: +2σ 
1.00000000e+01 -5.00347053 -4.81657903 -4.61904115 -4.42431340 -4.23626503 
7.74263683e+00 -5.00347053 -4.81657903 -4.61904115 -4.42431340 -4.23626503 
5.99484250e+00 -5.00347053 -4.81657903 -4.61904115 -4.42431340 -4.23626503 
4.64158883e+00 -5.00347053 -4.81657903 -4.61904115 -4.42431340 -4.23626503 
3.59381366e+00 -5.00347053 -4.81657903 -4.61904115 -4.42431340 -4.23626503 
2.78255940e+00 -5.00347053 -4.81657903 -4.61904115 -4.42431340 -4.23626503 
2.15443469e+00 -5.00347053 -4.81657903 -4.61904115 -4.42431340 -4.23626503 
1.66810054e+00 -5.00347053 -4.81657903 -4.61904115 -4.42431340 -4.23626503 
1.29154967e+00 -5.00347053 -4.81657903 -4.61904115 -4.42431340 -4.23626503 
1.00000000e+00 -5.00347053 -4.81657903 -4.61904115 -4.42431340 -4.23626503 
7.74263683e-01 -5.00347053 -4.81657903 -4.61904115 -4.42431340 -4.23626503 
5.99484250e-01 -5.00347053 -4.81657903 -4.61904115 -4.42431340 -4.23626503 
4.64158883e-01 -5.00347053 -4.81657903 -4.61904115 -4.42431340 -4.23626503 
3.59381366e-01 -5.00347053 -4.81657903 -4.61904115 -4.42431340 -4.23626503 
2.78255940e-01 -5.00347053 -4.81657903 -4.61904115 -4.42431340 -4.23626503 
2.15443469e-01 -5.00347053 -4.81657903 -4.61904115 -4.42431340 -4.23626503 
1.66810054e-01 -5.00347053 -4.81657903 -4.61904115 -4.42431340 -4.23626503 
1.29154967e-01 -5.00347053 -4.81657903 -4.61904115 -4.42431340 -4.23626503 
1.00000000e-01 -5.00347053 -4.81657903 -4.61904115 -4.42431340 -4.23626503 
7.74263683e-02 -5.00347053 -4.81657903 -4.61904115 -4.42431340 -4.23626503 
5.99484250e-02 -5.00347053 -4.81657903 -4.61904115 -4.42431340 -4.23626503 
4.64158883e-02 -5.00347053 -4.81657903 -4.61904115 -4.42431340 -4.23626503 
3.59381366e-02 -5.00347053 -4.81657903 -4.61904115 -4.42431340 -4.23626503 
2.78255940e-02 -5.00347053 -4.81657903 -4.61904115 -4.42431340 -4.23626503 
2.15443469e-02 -5.00347053 -4.81657903 -4.61904115 -4.42431340 -4.23626503 
1.66810054e-02 -5.00347053 -4.81657903 -4.61904115 -4.42431340 -4.23626503 
1.29154967e-02 -5.00347053 -4.81657903 -4.61904115 -4.42431340 -4.23626503 
1.00000000e-02 -5.00347053 -4.81657903 -4.61904115 -4.42431340 -4.23626503 
7.74263683e-03 -5.00347053 -4.81657903 -4.61904115 -4.42431340 -4.23626503 
5.99484250e-03 -5.00347053 -4.81657903 -4.61904115 -4.42431340 -4.23626503 
4.64158883e-03 -5.00347053 -4.81657903 -4.61904115 -4.42431340 -4.23626503 
3.59381366e-03 -5.00347053 -4.81657903 -4.61904115 -4.42431340 -4.23626503 
2.78255940e-03 -5.00347053 -4.81657903 -4.61904115 -4.42431340 -4.23626503 
2.15443469e-03 -5.00347053 -4.81657903 -4.61904115 -4.42431340 -4.23626503 
1.66810054e-03 -5.00347053 -4.81657903 -4.61904115 -4.42431340 -4.23626503 
1.29154967e-03 -5.00347053 -4.81657903 -4.61904115 -4.42431340 -4.23626503 
1.00000000e-03 -5.00347053 -4.81657903 -4.61904115 -4.42431340 -4.23626503 
7.74263683e-04 -5.00347053 -4.81657903 -4.61904115 -4.42431340 -4.23626503 
5.99484250e-04 -5.00347053 -4.81657903 -4.61904115 -4.42431340 -4.23626503 
4.64158883e-04 -5.00347053 -4.81657903 -4.61904115 -4.42431340 -4.23626503 
3.59381366e-04 -5.00347053 -4.81657903 -4.61904115 -4.42431340 -4.23626503 
2.78255940e-04 -5.00347053 -4.81657903 -4.61904115 -4.42431340 -4.23626503 
2.15443469e-04 -5.00347053 -4.81657903 -4.61904115 -4.42431340 -4.23626503 
1.66810054e-04 -5.00347053 -4.81657903 -4.61904115 -4.42431340 -4.23626503 
1.29154967e-04 -5.00347053 -4.81657903 -4.61904115 -4.42431340 -4.23626503 
1.00000000e-04 -5.00347053 -4.81657903 -4.61904115 -4.42431340 -4.23626503 
7.74263683e-05 -5.00347053 -4.81657903 -4.61904115 -4.42431340 -4.23626503 
5.99484250e-05 -5.00347053 -4.81657903 -4.61904115 -4.42431340 -4.23626503 
4.64158883e-05 -5.00347053 -4.81657903 -4.61904115 -4.42431340 -4.23626503 
3.59381366e-05 -5.00347053 -4.81657903 -4.61904115 -4.42431340 -4.23626503 
2.78255940e-05 -5.00347053 -4.81657903 -4.61904115 -4.42431340 -4.23626503 
2.15443469e-05 -5.00347053 -4.81657903 -4.61904115 -4.42431340 -4.23626503 
1.66810054e-05 -5.00347053 -4.81657903 -4.61904115 -4.42431340 -4.23626503 
1.29154967e-05 -5.00347053 -4.81657903 -4.61904115 -4.42431340 -4.23626503 
1.00000000e-05 -5.00347053 -4.81657903 -4.61904115 -4.42431340 -4.23626503 
7.74263683e-06 -5.00347053 -4.81657903 -4.61904115 -4.42431340 -4.23626503 
5.99484250e-06 -5.00347053 -4.81657903 -4.61904115 -4.42431340 -4.23626503 
4.64158883e-06 -5.00347053 -4.81657903 -4.61904115 -4.42431340 -4.23626503 
3.59381366e-06 -5.00347053 -4.81657903 -4.61904115 -4.42431340 -4.23626503 
2.78255940e-06 -5.00347053 -4.81657903 -4.61904115 -4.42431340 -4.23626503 
2.15443469e-06 -5.00347053 -4.81657903 -4.61904115 -4.42431340 -4.23626503 
1.66810054e-06 -5.00347053 -4.81657903 -4.61904115 -4.42431340 -4.23626503 
1.29154967e-06 -5.00347053 -4.81657903 -4.61904115 -4.42431340 -4.23626503 
1.00000000e-06 -5.00347053 -4.81657903 -4.61904115 -4.42431340 -4.23626503 
7.74263683e-07 -5.00347053 -4.81657903 -4.61904115 -4.42431340 -4.23626503 
5.99484250e-07 -5.00347053 -4.81657903 -4.61904115 -4.42431340 -4.23626503 
4.64158883e-07 -5.00347053 -4.81657903 -4.61904115 -4.42431340 -4.23626503 
3.59381366e-07 -5.00347053 -4.81657903 -4.61904115 -4.42431340 -4.23626503 
2.78255940e-07 -5.00347053 -4.81657903 -4.61904115 -4.42431340 -4.23626503 
2.15443469e-07 -5.00347053 -4.81657903 -4.61904115 -4.42431340 -4.23626503 
1.66810054e-07 -5.00347053 -4.81657903 -4.61904115 -4.42431340 -4.23626503 
1.29154967e-07 -5.00347053 -4.81657903 -4.61904115 -4.42431340 -4.23626503 
1.00000000e-07 -5.00347053 -4.81657903 -4.61904115 -4.42431340 -4.23626503 
7.74263683e-08 -5.00347053 -4.81657903 -4.61904115 -4.42431340 -4.23626503 
5.99484250e-08 -5.00347053 -4.81657903 -4.61904115 -4.42431340 -4.23626503 
4.64158883e-08 -5.00347053 -4.81657903 -4.61904115 -4.42431340 -4.23626503 
3.59381366e-08 -5.00347053 -4.81657903 -4.61904115 -4.42431340 -4.23626503 
2.78255940e-08 -5.00347053 -4.81657903 -4.61904115 -4.42431340 -4.23626503 
2.15443469e-08 -5.00347053 -4.81657903 -4.61904115 -4.42431340 -4.23626503 
1.66810054e-08 -5.00347053 -4.81657903 -4.61904115 -4.42431340 -4.23626503 
1.29154967e-08 -5.00347053 -4.81657903 -4.61904115 -4.42431340 -4.23626503 
1.00000000e-08 -5.00347053 -4.81657903 -4.61904115 -4.42431340 -4.23626503 
7.74263683e-09 -5.00347053 -4.81657903 -4.61904115 -4.42431340 -4.23626503 
5.99484250e-09 -5.00347053 -4.81657903 -4.61904115 -4.42431340 -4.23626503 
4.64158883e-09 -5.00347053 -4.81657903 -4.61904115 -4.42431340 -4.23626503 
3.59381366e-09 -5.00347053 -4.81657903 -4.61904115 -4.42431340 -4.23626503 
2.78255940e-09 -5.00347053 -4.81657903 -4.61904115 -4.42431340 -4.23626503 
2.15443469e-09 -5.00347053 -4.81657903 -4.61904115 -4.42431340 -4.23626503 
1.66810054e-09 -5.00347053 -4.81657903 -4.61904115 -4.42431340 -4.23626503 
1.29154967e-09 -5.00347053 -4.81657903 -4.61904115 -4.42431340 -4.23626503 
1.00000000e-09 -5.00347053 -4.81657903 -4.61904115 -4.42431340 -4.23626503 
7.74263683e-10 -5.00347053 -4.81657903 -4.61904115 -4.42431340 -4.23626503 
5.99484250e-10 -5.00347053 -4.81657903 -4.61904115 -4.42431340 -4.23626503 
4.64158883e-10 -5.00347053 -4.81657903 -4.61904115 -4.42431340 -4.23626503 
3.59381366e-10 -5.00347053 -4.81657903 -4.61904115 -4.42431340 -4.23626503 
2.78255940e-10 -5.00347053 -4.81657903 -4.61904115 -4.42431340 -4.23626503 
2.15443469e-10 -5.00347053 -4.81657903 -4.61904115 -4.42431340 -4.23626503 
1.66810054e-10 -5.00347053 -4.81657903 -4.61904115 -4.42431340 -4.23626503 
1.29154967e-10 -5.00347053 -4.81657903 -4.61904115 -4.42431340 -4.23626503 
1.00000000e-10 -5.00347053 -4.81657903 -4.61904115 -4.42431340 -4.23626503 
P (bar) | log_O2: -2σ | log_O2: -1σ | log_O2: median | log_O2: +1σ | log_O2: +2σ 
1.00000000e+01 -9.74531827 -8.09970990 -2.96297396 -1.30826046 -1.03480765 
7.74263683e+00 -9.74531827 -8.09970990 -2.96297396 -1.30826046 -1.03480765 
5.99484250e+00 -9.74531827 -8.09970990 -2.96297396 -1.30826046 -1.03480765 
4.64158883e+00 -9.74531827 -8.09970990 -2.96297396 -1.30826046 -1.03480765 
3.59381366e+00 -9.74531827 -8.09970990 -2.96297396 -1.30826046 -1.03480765 
2.78255940e+00 -9.74531827 -8.09970990 -2.96297396 -1.30826046 -1.03480765 
2.15443469e+00 -9.74531827 -8.09970990 -2.96297396 -1.30826046 -1.03480765 
1.66810054e+00 -9.74531827 -8.09970990 -2.96297396 -1.30826046 -1.03480765 
1.29154967e+00 -9.74531827 -8.09970990 -2.96297396 -1.30826046 -1.03480765 
1.00000000e+00 -9.74531827 -8.09970990 -2.96297396 -1.30826046 -1.03480765 
7.74263683e-01 -9.74531827 -8.09970990 -2.96297396 -1.30826046 -1.03480765 
5.99484250e-01 -9.74531827 -8.09970990 -2.96297396 -1.30826046 -1.03480765 
4.64158883e-01 -9.74531827 -8.09970990 -2.96297396 -1.30826046 -1.03480765 
3.59381366e-01 -9.74531827 -8.09970990 -2.96297396 -1.30826046 -1.03480765 
2.78255940e-01 -9.74531827 -8.09970990 -2.96297396 -1.30826046 -1.03480765 
2.15443469e-01 -9.74531827 -8.09970990 -2.96297396 -1.30826046 -1.03480765 
1.66810054e-01 -9.74531827 -8.09970990 -2.96297396 -1.30826046 -1.03480765 
1.29154967e-01 -9.74531827 -8.09970990 -2.96297396 -1.30826046 -1.03480765 
1.00000000e-01 -9.74531827 -8.09970990 -2.96297396 -1.30826046 -1.03480765 
7.74263683e-02 -9.74531827 -8.09970990 -2.96297396 -1.30826046 -1.03480765 
5.99484250e-02 -9.74531827 -8.09970990 -2.96297396 -1.30826046 -1.03480765 
4.64158883e-02 -9.74531827 -8.09970990 -2.96297396 -1.30826046 -1.03480765 
3.59381366e-02 -9.74531827 -8.09970990 -2.96297396 -1.30826046 -1.03480765 
2.78255940e-02 -9.74531827 -8.09970990 -2.96297396 -1.30826046 -1.03480765 
2.15443469e-02 -9.74531827 -8.09970990 -2.96297396 -1.30826046 -1.03480765 
1.66810054e-02 -9.74531827 -8.09970990 -2.96297396 -1.30826046 -1.03480765 
1.29154967e-02 -9.74531827 -8.09970990 -2.96297396 -1.30826046 -1.03480765 
1.00000000e-02 -9.74531827 -8.09970990 -2.96297396 -1.30826046 -1.03480765 
7.74263683e-03 -9.74531827 -8.09970990 -2.96297396 -1.30826046 -1.03480765 
5.99484250e-03 -9.74531827 -8.09970990 -2.96297396 -1.30826046 -1.03480765 
4.64158883e-03 -9.74531827 -8.09970990 -2.96297396 -1.30826046 -1.03480765 
3.59381366e-03 -9.74531827 -8.09970990 -2.96297396 -1.30826046 -1.03480765 
2.78255940e-03 -9.74531827 -8.09970990 -2.96297396 -1.30826046 -1.03480765 
2.15443469e-03 -9.74531827 -8.09970990 -2.96297396 -1.30826046 -1.03480765 
1.66810054e-03 -9.74531827 -8.09970990 -2.96297396 -1.30826046 -1.03480765 
1.29154967e-03 -9.74531827 -8.09970990 -2.96297396 -1.30826046 -1.03480765 
1.00000000e-03 -9.74531827 -8.09970990 -2.96297396 -1.30826046 -1.03480765 
7.74263683e-04 -9.74531827 -8.09970990 -2.96297396 -1.30826046 -1.03480765 
5.99484250e-04 -9.74531827 -8.09970990 -2.96297396 -1.30826046 -1.03480765 
4.64158883e-04 -9.74531827 -8.09970990 -2.96297396 -1.30826046 -1.03480765 
3.59381366e-04 -9.74531827 -8.09970990 -2.96297396 -1.30826046 -1.03480765 
2.78255940e-04 -9.74531827 -8.09970990 -2.96297396 -1.30826046 -1.03480765 
2.15443469e-04 -9.74531827 -8.09970990 -2.96297396 -1.30826046 -1.03480765 
1.66810054e-04 -9.74531827 -8.09970990 -2.96297396 -1.30826046 -1.03480765 
1.29154967e-04 -9.74531827 -8.09970990 -2.96297396 -1.30826046 -1.03480765 
1.00000000e-04 -9.74531827 -8.09970990 -2.96297396 -1.30826046 -1.03480765 
7.74263683e-05 -9.74531827 -8.09970990 -2.96297396 -1.30826046 -1.03480765 
5.99484250e-05 -9.74531827 -8.09970990 -2.96297396 -1.30826046 -1.03480765 
4.64158883e-05 -9.74531827 -8.09970990 -2.96297396 -1.30826046 -1.03480765 
3.59381366e-05 -9.74531827 -8.09970990 -2.96297396 -1.30826046 -1.03480765 
2.78255940e-05 -9.74531827 -8.09970990 -2.96297396 -1.30826046 -1.03480765 
2.15443469e-05 -9.74531827 -8.09970990 -2.96297396 -1.30826046 -1.03480765 
1.66810054e-05 -9.74531827 -8.09970990 -2.96297396 -1.30826046 -1.03480765 
1.29154967e-05 -9.74531827 -8.09970990 -2.96297396 -1.30826046 -1.03480765 
1.00000000e-05 -9.74531827 -8.09970990 -2.96297396 -1.30826046 -1.03480765 
7.74263683e-06 -9.74531827 -8.09970990 -2.96297396 -1.30826046 -1.03480765 
5.99484250e-06 -9.74531827 -8.09970990 -2.96297396 -1.30826046 -1.03480765 
4.64158883e-06 -9.74531827 -8.09970990 -2.96297396 -1.30826046 -1.03480765 
3.59381366e-06 -9.74531827 -8.09970990 -2.96297396 -1.30826046 -1.03480765 
2.78255940e-06 -9.74531827 -8.09970990 -2.96297396 -1.30826046 -1.03480765 
2.15443469e-06 -9.74531827 -8.09970990 -2.96297396 -1.30826046 -1.03480765 
1.66810054e-06 -9.74531827 -8.09970990 -2.96297396 -1.30826046 -1.03480765 
1.29154967e-06 -9.74531827 -8.09970990 -2.96297396 -1.30826046 -1.03480765 
1.00000000e-06 -9.74531827 -8.09970990 -2.96297396 -1.30826046 -1.03480765 
7.74263683e-07 -9.74531827 -8.09970990 -2.96297396 -1.30826046 -1.03480765 
5.99484250e-07 -9.74531827 -8.09970990 -2.96297396 -1.30826046 -1.03480765 
4.64158883e-07 -9.74531827 -8.09970990 -2.96297396 -1.30826046 -1.03480765 
3.59381366e-07 -9.74531827 -8.09970990 -2.96297396 -1.30826046 -1.03480765 
2.78255940e-07 -9.74531827 -8.09970990 -2.96297396 -1.30826046 -1.03480765 
2.15443469e-07 -9.74531827 -8.09970990 -2.96297396 -1.30826046 -1.03480765 
1.66810054e-07 -9.74531827 -8.09970990 -2.96297396 -1.30826046 -1.03480765 
1.29154967e-07 -9.74531827 -8.09970990 -2.96297396 -1.30826046 -1.03480765 
1.00000000e-07 -9.74531827 -8.09970990 -2.96297396 -1.30826046 -1.03480765 
7.74263683e-08 -9.74531827 -8.09970990 -2.96297396 -1.30826046 -1.03480765 
5.99484250e-08 -9.74531827 -8.09970990 -2.96297396 -1.30826046 -1.03480765 
4.64158883e-08 -9.74531827 -8.09970990 -2.96297396 -1.30826046 -1.03480765 
3.59381366e-08 -9.74531827 -8.09970990 -2.96297396 -1.30826046 -1.03480765 
2.78255940e-08 -9.74531827 -8.09970990 -2.96297396 -1.30826046 -1.03480765 
2.15443469e-08 -9.74531827 -8.09970990 -2.96297396 -1.30826046 -1.03480765 
1.66810054e-08 -9.74531827 -8.09970990 -2.96297396 -1.30826046 -1.03480765 
1.29154967e-08 -9.74531827 -8.09970990 -2.96297396 -1.30826046 -1.03480765 
1.00000000e-08 -9.74531827 -8.09970990 -2.96297396 -1.30826046 -1.03480765 
7.74263683e-09 -9.74531827 -8.09970990 -2.96297396 -1.30826046 -1.03480765 
5.99484250e-09 -9.74531827 -8.09970990 -2.96297396 -1.30826046 -1.03480765 
4.64158883e-09 -9.74531827 -8.09970990 -2.96297396 -1.30826046 -1.03480765 
3.59381366e-09 -9.74531827 -8.09970990 -2.96297396 -1.30826046 -1.03480765 
2.78255940e-09 -9.74531827 -8.09970990 -2.96297396 -1.30826046 -1.03480765 
2.15443469e-09 -9.74531827 -8.09970990 -2.96297396 -1.30826046 -1.03480765 
1.66810054e-09 -9.74531827 -8.09970990 -2.96297396 -1.30826046 -1.03480765 
1.29154967e-09 -9.74531827 -8.09970990 -2.96297396 -1.30826046 -1.03480765 
1.00000000e-09 -9.74531827 -8.09970990 -2.96297396 -1.30826046 -1.03480765 
7.74263683e-10 -9.74531827 -8.09970990 -2.96297396 -1.30826046 -1.03480765 
5.99484250e-10 -9.74531827 -8.09970990 -2.96297396 -1.30826046 -1.03480765 
4.64158883e-10 -9.74531827 -8.09970990 -2.96297396 -1.30826046 -1.03480765 
3.59381366e-10 -9.74531827 -8.09970990 -2.96297396 -1.30826046 -1.03480765 
2.78255940e-10 -9.74531827 -8.09970990 -2.96297396 -1.30826046 -1.03480765 
2.15443469e-10 -9.74531827 -8.09970990 -2.96297396 -1.30826046 -1.03480765 
1.66810054e-10 -9.74531827 -8.09970990 -2.96297396 -1.30826046 -1.03480765 
1.29154967e-10 -9.74531827 -8.09970990 -2.96297396 -1.30826046 -1.03480765 
1.00000000e-10 -9.74531827 -8.09970990 -2.96297396 -1.30826046 -1.03480765 
P (bar) | log_O3: -2σ | log_O3: -1σ | log_O3: median | log_O3: +1σ | log_O3: +2σ 
1.00000000e+01 -9.97937921 -9.81926581 -9.35331234 -8.64172956 -7.83208514 
7.74263683e+00 -9.97937921 -9.81926581 -9.35331234 -8.64172956 -7.83208514 
5.99484250e+00 -9.97937921 -9.81926581 -9.35331234 -8.64172956 -7.83208514 
4.64158883e+00 -9.97937921 -9.81926581 -9.35331234 -8.64172956 -7.83208514 
3.59381366e+00 -9.97937921 -9.81926581 -9.35331234 -8.64172956 -7.83208514 
2.78255940e+00 -9.97937921 -9.81926581 -9.35331234 -8.64172956 -7.83208514 
2.15443469e+00 -9.97937921 -9.81926581 -9.35331234 -8.64172956 -7.83208514 
1.66810054e+00 -9.97937921 -9.81926581 -9.35331234 -8.64172956 -7.83208514 
1.29154967e+00 -9.97937921 -9.81926581 -9.35331234 -8.64172956 -7.83208514 
1.00000000e+00 -9.97937921 -9.81926581 -9.35331234 -8.64172956 -7.83208514 
7.74263683e-01 -9.97937921 -9.81926581 -9.35331234 -8.64172956 -7.83208514 
5.99484250e-01 -9.97937921 -9.81926581 -9.35331234 -8.64172956 -7.83208514 
4.64158883e-01 -9.97937921 -9.81926581 -9.35331234 -8.64172956 -7.83208514 
3.59381366e-01 -9.97937921 -9.81926581 -9.35331234 -8.64172956 -7.83208514 
2.78255940e-01 -9.97937921 -9.81926581 -9.35331234 -8.64172956 -7.83208514 
2.15443469e-01 -9.97937921 -9.81926581 -9.35331234 -8.64172956 -7.83208514 
1.66810054e-01 -9.97937921 -9.81926581 -9.35331234 -8.64172956 -7.83208514 
1.29154967e-01 -9.97937921 -9.81926581 -9.35331234 -8.64172956 -7.83208514 
1.00000000e-01 -9.97937921 -9.81926581 -9.35331234 -8.64172956 -7.83208514 
7.74263683e-02 -9.97937921 -9.81926581 -9.35331234 -8.64172956 -7.83208514 
5.99484250e-02 -9.97937921 -9.81926581 -9.35331234 -8.64172956 -7.83208514 
4.64158883e-02 -9.97937921 -9.81926581 -9.35331234 -8.64172956 -7.83208514 
3.59381366e-02 -9.97937921 -9.81926581 -9.35331234 -8.64172956 -7.83208514 
2.78255940e-02 -9.97937921 -9.81926581 -9.35331234 -8.64172956 -7.83208514 
2.15443469e-02 -9.97937921 -9.81926581 -9.35331234 -8.64172956 -7.83208514 
1.66810054e-02 -9.97937921 -9.81926581 -9.35331234 -8.64172956 -7.83208514 
1.29154967e-02 -9.97937921 -9.81926581 -9.35331234 -8.64172956 -7.83208514 
1.00000000e-02 -9.97937921 -9.81926581 -9.35331234 -8.64172956 -7.83208514 
7.74263683e-03 -9.97937921 -9.81926581 -9.35331234 -8.64172956 -7.83208514 
5.99484250e-03 -9.97937921 -9.81926581 -9.35331234 -8.64172956 -7.83208514 
4.64158883e-03 -9.97937921 -9.81926581 -9.35331234 -8.64172956 -7.83208514 
3.59381366e-03 -9.97937921 -9.81926581 -9.35331234 -8.64172956 -7.83208514 
2.78255940e-03 -9.97937921 -9.81926581 -9.35331234 -8.64172956 -7.83208514 
2.15443469e-03 -9.97937921 -9.81926581 -9.35331234 -8.64172956 -7.83208514 
1.66810054e-03 -9.97937921 -9.81926581 -9.35331234 -8.64172956 -7.83208514 
1.29154967e-03 -9.97937921 -9.81926581 -9.35331234 -8.64172956 -7.83208514 
1.00000000e-03 -9.97937921 -9.81926581 -9.35331234 -8.64172956 -7.83208514 
7.74263683e-04 -9.97937921 -9.81926581 -9.35331234 -8.64172956 -7.83208514 
5.99484250e-04 -9.97937921 -9.81926581 -9.35331234 -8.64172956 -7.83208514 
4.64158883e-04 -9.97937921 -9.81926581 -9.35331234 -8.64172956 -7.83208514 
3.59381366e-04 -9.97937921 -9.81926581 -9.35331234 -8.64172956 -7.83208514 
2.78255940e-04 -9.97937921 -9.81926581 -9.35331234 -8.64172956 -7.83208514 
2.15443469e-04 -9.97937921 -9.81926581 -9.35331234 -8.64172956 -7.83208514 
1.66810054e-04 -9.97937921 -9.81926581 -9.35331234 -8.64172956 -7.83208514 
1.29154967e-04 -9.97937921 -9.81926581 -9.35331234 -8.64172956 -7.83208514 
1.00000000e-04 -9.97937921 -9.81926581 -9.35331234 -8.64172956 -7.83208514 
7.74263683e-05 -9.97937921 -9.81926581 -9.35331234 -8.64172956 -7.83208514 
5.99484250e-05 -9.97937921 -9.81926581 -9.35331234 -8.64172956 -7.83208514 
4.64158883e-05 -9.97937921 -9.81926581 -9.35331234 -8.64172956 -7.83208514 
3.59381366e-05 -9.97937921 -9.81926581 -9.35331234 -8.64172956 -7.83208514 
2.78255940e-05 -9.97937921 -9.81926581 -9.35331234 -8.64172956 -7.83208514 
2.15443469e-05 -9.97937921 -9.81926581 -9.35331234 -8.64172956 -7.83208514 
1.66810054e-05 -9.97937921 -9.81926581 -9.35331234 -8.64172956 -7.83208514 
1.29154967e-05 -9.97937921 -9.81926581 -9.35331234 -8.64172956 -7.83208514 
1.00000000e-05 -9.97937921 -9.81926581 -9.35331234 -8.64172956 -7.83208514 
7.74263683e-06 -9.97937921 -9.81926581 -9.35331234 -8.64172956 -7.83208514 
5.99484250e-06 -9.97937921 -9.81926581 -9.35331234 -8.64172956 -7.83208514 
4.64158883e-06 -9.97937921 -9.81926581 -9.35331234 -8.64172956 -7.83208514 
3.59381366e-06 -9.97937921 -9.81926581 -9.35331234 -8.64172956 -7.83208514 
2.78255940e-06 -9.97937921 -9.81926581 -9.35331234 -8.64172956 -7.83208514 
2.15443469e-06 -9.97937921 -9.81926581 -9.35331234 -8.64172956 -7.83208514 
1.66810054e-06 -9.97937921 -9.81926581 -9.35331234 -8.64172956 -7.83208514 
1.29154967e-06 -9.97937921 -9.81926581 -9.35331234 -8.64172956 -7.83208514 
1.00000000e-06 -9.97937921 -9.81926581 -9.35331234 -8.64172956 -7.83208514 
7.74263683e-07 -9.97937921 -9.81926581 -9.35331234 -8.64172956 -7.83208514 
5.99484250e-07 -9.97937921 -9.81926581 -9.35331234 -8.64172956 -7.83208514 
4.64158883e-07 -9.97937921 -9.81926581 -9.35331234 -8.64172956 -7.83208514 
3.59381366e-07 -9.97937921 -9.81926581 -9.35331234 -8.64172956 -7.83208514 
2.78255940e-07 -9.97937921 -9.81926581 -9.35331234 -8.64172956 -7.83208514 
2.15443469e-07 -9.97937921 -9.81926581 -9.35331234 -8.64172956 -7.83208514 
1.66810054e-07 -9.97937921 -9.81926581 -9.35331234 -8.64172956 -7.83208514 
1.29154967e-07 -9.97937921 -9.81926581 -9.35331234 -8.64172956 -7.83208514 
1.00000000e-07 -9.97937921 -9.81926581 -9.35331234 -8.64172956 -7.83208514 
7.74263683e-08 -9.97937921 -9.81926581 -9.35331234 -8.64172956 -7.83208514 
5.99484250e-08 -9.97937921 -9.81926581 -9.35331234 -8.64172956 -7.83208514 
4.64158883e-08 -9.97937921 -9.81926581 -9.35331234 -8.64172956 -7.83208514 
3.59381366e-08 -9.97937921 -9.81926581 -9.35331234 -8.64172956 -7.83208514 
2.78255940e-08 -9.97937921 -9.81926581 -9.35331234 -8.64172956 -7.83208514 
2.15443469e-08 -9.97937921 -9.81926581 -9.35331234 -8.64172956 -7.83208514 
1.66810054e-08 -9.97937921 -9.81926581 -9.35331234 -8.64172956 -7.83208514 
1.29154967e-08 -9.97937921 -9.81926581 -9.35331234 -8.64172956 -7.83208514 
1.00000000e-08 -9.97937921 -9.81926581 -9.35331234 -8.64172956 -7.83208514 
7.74263683e-09 -9.97937921 -9.81926581 -9.35331234 -8.64172956 -7.83208514 
5.99484250e-09 -9.97937921 -9.81926581 -9.35331234 -8.64172956 -7.83208514 
4.64158883e-09 -9.97937921 -9.81926581 -9.35331234 -8.64172956 -7.83208514 
3.59381366e-09 -9.97937921 -9.81926581 -9.35331234 -8.64172956 -7.83208514 
2.78255940e-09 -9.97937921 -9.81926581 -9.35331234 -8.64172956 -7.83208514 
2.15443469e-09 -9.97937921 -9.81926581 -9.35331234 -8.64172956 -7.83208514 
1.66810054e-09 -9.97937921 -9.81926581 -9.35331234 -8.64172956 -7.83208514 
1.29154967e-09 -9.97937921 -9.81926581 -9.35331234 -8.64172956 -7.83208514 
1.00000000e-09 -9.97937921 -9.81926581 -9.35331234 -8.64172956 -7.83208514 
7.74263683e-10 -9.97937921 -9.81926581 -9.35331234 -8.64172956 -7.83208514 
5.99484250e-10 -9.97937921 -9.81926581 -9.35331234 -8.64172956 -7.83208514 
4.64158883e-10 -9.97937921 -9.81926581 -9.35331234 -8.64172956 -7.83208514 
3.59381366e-10 -9.97937921 -9.81926581 -9.35331234 -8.64172956 -7.83208514 
2.78255940e-10 -9.97937921 -9.81926581 -9.35331234 -8.64172956 -7.83208514 
2.15443469e-10 -9.97937921 -9.81926581 -9.35331234 -8.64172956 -7.83208514 
1.66810054e-10 -9.97937921 -9.81926581 -9.35331234 -8.64172956 -7.83208514 
1.29154967e-10 -9.97937921 -9.81926581 -9.35331234 -8.64172956 -7.83208514 
1.00000000e-10 -9.97937921 -9.81926581 -9.35331234 -8.64172956 -7.83208514 
P (bar) | log_N2O: -2σ | log_N2O: -1σ | log_N2O: median | log_N2O: +1σ | log_N2O: +2σ 
1.00000000e+01 -9.60417941 -8.17236699 -6.72989740 -5.97863757 -5.50509053 
7.74263683e+00 -9.60417941 -8.17236699 -6.72989740 -5.97863757 -5.50509053 
5.99484250e+00 -9.60417941 -8.17236699 -6.72989740 -5.97863757 -5.50509053 
4.64158883e+00 -9.60417941 -8.17236699 -6.72989740 -5.97863757 -5.50509053 
3.59381366e+00 -9.60417941 -8.17236699 -6.72989740 -5.97863757 -5.50509053 
2.78255940e+00 -9.60417941 -8.17236699 -6.72989740 -5.97863757 -5.50509053 
2.15443469e+00 -9.60417941 -8.17236699 -6.72989740 -5.97863757 -5.50509053 
1.66810054e+00 -9.60417941 -8.17236699 -6.72989740 -5.97863757 -5.50509053 
1.29154967e+00 -9.60417941 -8.17236699 -6.72989740 -5.97863757 -5.50509053 
1.00000000e+00 -9.60417941 -8.17236699 -6.72989740 -5.97863757 -5.50509053 
7.74263683e-01 -9.60417941 -8.17236699 -6.72989740 -5.97863757 -5.50509053 
5.99484250e-01 -9.60417941 -8.17236699 -6.72989740 -5.97863757 -5.50509053 
4.64158883e-01 -9.60417941 -8.17236699 -6.72989740 -5.97863757 -5.50509053 
3.59381366e-01 -9.60417941 -8.17236699 -6.72989740 -5.97863757 -5.50509053 
2.78255940e-01 -9.60417941 -8.17236699 -6.72989740 -5.97863757 -5.50509053 
2.15443469e-01 -9.60417941 -8.17236699 -6.72989740 -5.97863757 -5.50509053 
1.66810054e-01 -9.60417941 -8.17236699 -6.72989740 -5.97863757 -5.50509053 
1.29154967e-01 -9.60417941 -8.17236699 -6.72989740 -5.97863757 -5.50509053 
1.00000000e-01 -9.60417941 -8.17236699 -6.72989740 -5.97863757 -5.50509053 
7.74263683e-02 -9.60417941 -8.17236699 -6.72989740 -5.97863757 -5.50509053 
5.99484250e-02 -9.60417941 -8.17236699 -6.72989740 -5.97863757 -5.50509053 
4.64158883e-02 -9.60417941 -8.17236699 -6.72989740 -5.97863757 -5.50509053 
3.59381366e-02 -9.60417941 -8.17236699 -6.72989740 -5.97863757 -5.50509053 
2.78255940e-02 -9.60417941 -8.17236699 -6.72989740 -5.97863757 -5.50509053 
2.15443469e-02 -9.60417941 -8.17236699 -6.72989740 -5.97863757 -5.50509053 
1.66810054e-02 -9.60417941 -8.17236699 -6.72989740 -5.97863757 -5.50509053 
1.29154967e-02 -9.60417941 -8.17236699 -6.72989740 -5.97863757 -5.50509053 
1.00000000e-02 -9.60417941 -8.17236699 -6.72989740 -5.97863757 -5.50509053 
7.74263683e-03 -9.60417941 -8.17236699 -6.72989740 -5.97863757 -5.50509053 
5.99484250e-03 -9.60417941 -8.17236699 -6.72989740 -5.97863757 -5.50509053 
4.64158883e-03 -9.60417941 -8.17236699 -6.72989740 -5.97863757 -5.50509053 
3.59381366e-03 -9.60417941 -8.17236699 -6.72989740 -5.97863757 -5.50509053 
2.78255940e-03 -9.60417941 -8.17236699 -6.72989740 -5.97863757 -5.50509053 
2.15443469e-03 -9.60417941 -8.17236699 -6.72989740 -5.97863757 -5.50509053 
1.66810054e-03 -9.60417941 -8.17236699 -6.72989740 -5.97863757 -5.50509053 
1.29154967e-03 -9.60417941 -8.17236699 -6.72989740 -5.97863757 -5.50509053 
1.00000000e-03 -9.60417941 -8.17236699 -6.72989740 -5.97863757 -5.50509053 
7.74263683e-04 -9.60417941 -8.17236699 -6.72989740 -5.97863757 -5.50509053 
5.99484250e-04 -9.60417941 -8.17236699 -6.72989740 -5.97863757 -5.50509053 
4.64158883e-04 -9.60417941 -8.17236699 -6.72989740 -5.97863757 -5.50509053 
3.59381366e-04 -9.60417941 -8.17236699 -6.72989740 -5.97863757 -5.50509053 
2.78255940e-04 -9.60417941 -8.17236699 -6.72989740 -5.97863757 -5.50509053 
2.15443469e-04 -9.60417941 -8.17236699 -6.72989740 -5.97863757 -5.50509053 
1.66810054e-04 -9.60417941 -8.17236699 -6.72989740 -5.97863757 -5.50509053 
1.29154967e-04 -9.60417941 -8.17236699 -6.72989740 -5.97863757 -5.50509053 
1.00000000e-04 -9.60417941 -8.17236699 -6.72989740 -5.97863757 -5.50509053 
7.74263683e-05 -9.60417941 -8.17236699 -6.72989740 -5.97863757 -5.50509053 
5.99484250e-05 -9.60417941 -8.17236699 -6.72989740 -5.97863757 -5.50509053 
4.64158883e-05 -9.60417941 -8.17236699 -6.72989740 -5.97863757 -5.50509053 
3.59381366e-05 -9.60417941 -8.17236699 -6.72989740 -5.97863757 -5.50509053 
2.78255940e-05 -9.60417941 -8.17236699 -6.72989740 -5.97863757 -5.50509053 
2.15443469e-05 -9.60417941 -8.17236699 -6.72989740 -5.97863757 -5.50509053 
1.66810054e-05 -9.60417941 -8.17236699 -6.72989740 -5.97863757 -5.50509053 
1.29154967e-05 -9.60417941 -8.17236699 -6.72989740 -5.97863757 -5.50509053 
1.00000000e-05 -9.60417941 -8.17236699 -6.72989740 -5.97863757 -5.50509053 
7.74263683e-06 -9.60417941 -8.17236699 -6.72989740 -5.97863757 -5.50509053 
5.99484250e-06 -9.60417941 -8.17236699 -6.72989740 -5.97863757 -5.50509053 
4.64158883e-06 -9.60417941 -8.17236699 -6.72989740 -5.97863757 -5.50509053 
3.59381366e-06 -9.60417941 -8.17236699 -6.72989740 -5.97863757 -5.50509053 
2.78255940e-06 -9.60417941 -8.17236699 -6.72989740 -5.97863757 -5.50509053 
2.15443469e-06 -9.60417941 -8.17236699 -6.72989740 -5.97863757 -5.50509053 
1.66810054e-06 -9.60417941 -8.17236699 -6.72989740 -5.97863757 -5.50509053 
1.29154967e-06 -9.60417941 -8.17236699 -6.72989740 -5.97863757 -5.50509053 
1.00000000e-06 -9.60417941 -8.17236699 -6.72989740 -5.97863757 -5.50509053 
7.74263683e-07 -9.60417941 -8.17236699 -6.72989740 -5.97863757 -5.50509053 
5.99484250e-07 -9.60417941 -8.17236699 -6.72989740 -5.97863757 -5.50509053 
4.64158883e-07 -9.60417941 -8.17236699 -6.72989740 -5.97863757 -5.50509053 
3.59381366e-07 -9.60417941 -8.17236699 -6.72989740 -5.97863757 -5.50509053 
2.78255940e-07 -9.60417941 -8.17236699 -6.72989740 -5.97863757 -5.50509053 
2.15443469e-07 -9.60417941 -8.17236699 -6.72989740 -5.97863757 -5.50509053 
1.66810054e-07 -9.60417941 -8.17236699 -6.72989740 -5.97863757 -5.50509053 
1.29154967e-07 -9.60417941 -8.17236699 -6.72989740 -5.97863757 -5.50509053 
1.00000000e-07 -9.60417941 -8.17236699 -6.72989740 -5.97863757 -5.50509053 
7.74263683e-08 -9.60417941 -8.17236699 -6.72989740 -5.97863757 -5.50509053 
5.99484250e-08 -9.60417941 -8.17236699 -6.72989740 -5.97863757 -5.50509053 
4.64158883e-08 -9.60417941 -8.17236699 -6.72989740 -5.97863757 -5.50509053 
3.59381366e-08 -9.60417941 -8.17236699 -6.72989740 -5.97863757 -5.50509053 
2.78255940e-08 -9.60417941 -8.17236699 -6.72989740 -5.97863757 -5.50509053 
2.15443469e-08 -9.60417941 -8.17236699 -6.72989740 -5.97863757 -5.50509053 
1.66810054e-08 -9.60417941 -8.17236699 -6.72989740 -5.97863757 -5.50509053 
1.29154967e-08 -9.60417941 -8.17236699 -6.72989740 -5.97863757 -5.50509053 
1.00000000e-08 -9.60417941 -8.17236699 -6.72989740 -5.97863757 -5.50509053 
7.74263683e-09 -9.60417941 -8.17236699 -6.72989740 -5.97863757 -5.50509053 
5.99484250e-09 -9.60417941 -8.17236699 -6.72989740 -5.97863757 -5.50509053 
4.64158883e-09 -9.60417941 -8.17236699 -6.72989740 -5.97863757 -5.50509053 
3.59381366e-09 -9.60417941 -8.17236699 -6.72989740 -5.97863757 -5.50509053 
2.78255940e-09 -9.60417941 -8.17236699 -6.72989740 -5.97863757 -5.50509053 
2.15443469e-09 -9.60417941 -8.17236699 -6.72989740 -5.97863757 -5.50509053 
1.66810054e-09 -9.60417941 -8.17236699 -6.72989740 -5.97863757 -5.50509053 
1.29154967e-09 -9.60417941 -8.17236699 -6.72989740 -5.97863757 -5.50509053 
1.00000000e-09 -9.60417941 -8.17236699 -6.72989740 -5.97863757 -5.50509053 
7.74263683e-10 -9.60417941 -8.17236699 -6.72989740 -5.97863757 -5.50509053 
5.99484250e-10 -9.60417941 -8.17236699 -6.72989740 -5.97863757 -5.50509053 
4.64158883e-10 -9.60417941 -8.17236699 -6.72989740 -5.97863757 -5.50509053 
3.59381366e-10 -9.60417941 -8.17236699 -6.72989740 -5.97863757 -5.50509053 
2.78255940e-10 -9.60417941 -8.17236699 -6.72989740 -5.97863757 -5.50509053 
2.15443469e-10 -9.60417941 -8.17236699 -6.72989740 -5.97863757 -5.50509053 
1.66810054e-10 -9.60417941 -8.17236699 -6.72989740 -5.97863757 -5.50509053 
1.29154967e-10 -9.60417941 -8.17236699 -6.72989740 -5.97863757 -5.50509053 
1.00000000e-10 -9.60417941 -8.17236699 -6.72989740 -5.97863757 -5.50509053 
P (bar) | log_NH3: -2σ | log_NH3: -1σ | log_NH3: median | log_NH3: +1σ | log_NH3: +2σ 
1.00000000e+01 -9.95653801 -9.69826706 -8.99095012 -8.05254259 -7.19286631 
7.74263683e+00 -9.95653801 -9.69826706 -8.99095012 -8.05254259 -7.19286631 
5.99484250e+00 -9.95653801 -9.69826706 -8.99095012 -8.05254259 -7.19286631 
4.64158883e+00 -9.95653801 -9.69826706 -8.99095012 -8.05254259 -7.19286631 
3.59381366e+00 -9.95653801 -9.69826706 -8.99095012 -8.05254259 -7.19286631 
2.78255940e+00 -9.95653801 -9.69826706 -8.99095012 -8.05254259 -7.19286631 
2.15443469e+00 -9.95653801 -9.69826706 -8.99095012 -8.05254259 -7.19286631 
1.66810054e+00 -9.95653801 -9.69826706 -8.99095012 -8.05254259 -7.19286631 
1.29154967e+00 -9.95653801 -9.69826706 -8.99095012 -8.05254259 -7.19286631 
1.00000000e+00 -9.95653801 -9.69826706 -8.99095012 -8.05254259 -7.19286631 
7.74263683e-01 -9.95653801 -9.69826706 -8.99095012 -8.05254259 -7.19286631 
5.99484250e-01 -9.95653801 -9.69826706 -8.99095012 -8.05254259 -7.19286631 
4.64158883e-01 -9.95653801 -9.69826706 -8.99095012 -8.05254259 -7.19286631 
3.59381366e-01 -9.95653801 -9.69826706 -8.99095012 -8.05254259 -7.19286631 
2.78255940e-01 -9.95653801 -9.69826706 -8.99095012 -8.05254259 -7.19286631 
2.15443469e-01 -9.95653801 -9.69826706 -8.99095012 -8.05254259 -7.19286631 
1.66810054e-01 -9.95653801 -9.69826706 -8.99095012 -8.05254259 -7.19286631 
1.29154967e-01 -9.95653801 -9.69826706 -8.99095012 -8.05254259 -7.19286631 
1.00000000e-01 -9.95653801 -9.69826706 -8.99095012 -8.05254259 -7.19286631 
7.74263683e-02 -9.95653801 -9.69826706 -8.99095012 -8.05254259 -7.19286631 
5.99484250e-02 -9.95653801 -9.69826706 -8.99095012 -8.05254259 -7.19286631 
4.64158883e-02 -9.95653801 -9.69826706 -8.99095012 -8.05254259 -7.19286631 
3.59381366e-02 -9.95653801 -9.69826706 -8.99095012 -8.05254259 -7.19286631 
2.78255940e-02 -9.95653801 -9.69826706 -8.99095012 -8.05254259 -7.19286631 
2.15443469e-02 -9.95653801 -9.69826706 -8.99095012 -8.05254259 -7.19286631 
1.66810054e-02 -9.95653801 -9.69826706 -8.99095012 -8.05254259 -7.19286631 
1.29154967e-02 -9.95653801 -9.69826706 -8.99095012 -8.05254259 -7.19286631 
1.00000000e-02 -9.95653801 -9.69826706 -8.99095012 -8.05254259 -7.19286631 
7.74263683e-03 -9.95653801 -9.69826706 -8.99095012 -8.05254259 -7.19286631 
5.99484250e-03 -9.95653801 -9.69826706 -8.99095012 -8.05254259 -7.19286631 
4.64158883e-03 -9.95653801 -9.69826706 -8.99095012 -8.05254259 -7.19286631 
3.59381366e-03 -9.95653801 -9.69826706 -8.99095012 -8.05254259 -7.19286631 
2.78255940e-03 -9.95653801 -9.69826706 -8.99095012 -8.05254259 -7.19286631 
2.15443469e-03 -9.95653801 -9.69826706 -8.99095012 -8.05254259 -7.19286631 
1.66810054e-03 -9.95653801 -9.69826706 -8.99095012 -8.05254259 -7.19286631 
1.29154967e-03 -9.95653801 -9.69826706 -8.99095012 -8.05254259 -7.19286631 
1.00000000e-03 -9.95653801 -9.69826706 -8.99095012 -8.05254259 -7.19286631 
7.74263683e-04 -9.95653801 -9.69826706 -8.99095012 -8.05254259 -7.19286631 
5.99484250e-04 -9.95653801 -9.69826706 -8.99095012 -8.05254259 -7.19286631 
4.64158883e-04 -9.95653801 -9.69826706 -8.99095012 -8.05254259 -7.19286631 
3.59381366e-04 -9.95653801 -9.69826706 -8.99095012 -8.05254259 -7.19286631 
2.78255940e-04 -9.95653801 -9.69826706 -8.99095012 -8.05254259 -7.19286631 
2.15443469e-04 -9.95653801 -9.69826706 -8.99095012 -8.05254259 -7.19286631 
1.66810054e-04 -9.95653801 -9.69826706 -8.99095012 -8.05254259 -7.19286631 
1.29154967e-04 -9.95653801 -9.69826706 -8.99095012 -8.05254259 -7.19286631 
1.00000000e-04 -9.95653801 -9.69826706 -8.99095012 -8.05254259 -7.19286631 
7.74263683e-05 -9.95653801 -9.69826706 -8.99095012 -8.05254259 -7.19286631 
5.99484250e-05 -9.95653801 -9.69826706 -8.99095012 -8.05254259 -7.19286631 
4.64158883e-05 -9.95653801 -9.69826706 -8.99095012 -8.05254259 -7.19286631 
3.59381366e-05 -9.95653801 -9.69826706 -8.99095012 -8.05254259 -7.19286631 
2.78255940e-05 -9.95653801 -9.69826706 -8.99095012 -8.05254259 -7.19286631 
2.15443469e-05 -9.95653801 -9.69826706 -8.99095012 -8.05254259 -7.19286631 
1.66810054e-05 -9.95653801 -9.69826706 -8.99095012 -8.05254259 -7.19286631 
1.29154967e-05 -9.95653801 -9.69826706 -8.99095012 -8.05254259 -7.19286631 
1.00000000e-05 -9.95653801 -9.69826706 -8.99095012 -8.05254259 -7.19286631 
7.74263683e-06 -9.95653801 -9.69826706 -8.99095012 -8.05254259 -7.19286631 
5.99484250e-06 -9.95653801 -9.69826706 -8.99095012 -8.05254259 -7.19286631 
4.64158883e-06 -9.95653801 -9.69826706 -8.99095012 -8.05254259 -7.19286631 
3.59381366e-06 -9.95653801 -9.69826706 -8.99095012 -8.05254259 -7.19286631 
2.78255940e-06 -9.95653801 -9.69826706 -8.99095012 -8.05254259 -7.19286631 
2.15443469e-06 -9.95653801 -9.69826706 -8.99095012 -8.05254259 -7.19286631 
1.66810054e-06 -9.95653801 -9.69826706 -8.99095012 -8.05254259 -7.19286631 
1.29154967e-06 -9.95653801 -9.69826706 -8.99095012 -8.05254259 -7.19286631 
1.00000000e-06 -9.95653801 -9.69826706 -8.99095012 -8.05254259 -7.19286631 
7.74263683e-07 -9.95653801 -9.69826706 -8.99095012 -8.05254259 -7.19286631 
5.99484250e-07 -9.95653801 -9.69826706 -8.99095012 -8.05254259 -7.19286631 
4.64158883e-07 -9.95653801 -9.69826706 -8.99095012 -8.05254259 -7.19286631 
3.59381366e-07 -9.95653801 -9.69826706 -8.99095012 -8.05254259 -7.19286631 
2.78255940e-07 -9.95653801 -9.69826706 -8.99095012 -8.05254259 -7.19286631 
2.15443469e-07 -9.95653801 -9.69826706 -8.99095012 -8.05254259 -7.19286631 
1.66810054e-07 -9.95653801 -9.69826706 -8.99095012 -8.05254259 -7.19286631 
1.29154967e-07 -9.95653801 -9.69826706 -8.99095012 -8.05254259 -7.19286631 
1.00000000e-07 -9.95653801 -9.69826706 -8.99095012 -8.05254259 -7.19286631 
7.74263683e-08 -9.95653801 -9.69826706 -8.99095012 -8.05254259 -7.19286631 
5.99484250e-08 -9.95653801 -9.69826706 -8.99095012 -8.05254259 -7.19286631 
4.64158883e-08 -9.95653801 -9.69826706 -8.99095012 -8.05254259 -7.19286631 
3.59381366e-08 -9.95653801 -9.69826706 -8.99095012 -8.05254259 -7.19286631 
2.78255940e-08 -9.95653801 -9.69826706 -8.99095012 -8.05254259 -7.19286631 
2.15443469e-08 -9.95653801 -9.69826706 -8.99095012 -8.05254259 -7.19286631 
1.66810054e-08 -9.95653801 -9.69826706 -8.99095012 -8.05254259 -7.19286631 
1.29154967e-08 -9.95653801 -9.69826706 -8.99095012 -8.05254259 -7.19286631 
1.00000000e-08 -9.95653801 -9.69826706 -8.99095012 -8.05254259 -7.19286631 
7.74263683e-09 -9.95653801 -9.69826706 -8.99095012 -8.05254259 -7.19286631 
5.99484250e-09 -9.95653801 -9.69826706 -8.99095012 -8.05254259 -7.19286631 
4.64158883e-09 -9.95653801 -9.69826706 -8.99095012 -8.05254259 -7.19286631 
3.59381366e-09 -9.95653801 -9.69826706 -8.99095012 -8.05254259 -7.19286631 
2.78255940e-09 -9.95653801 -9.69826706 -8.99095012 -8.05254259 -7.19286631 
2.15443469e-09 -9.95653801 -9.69826706 -8.99095012 -8.05254259 -7.19286631 
1.66810054e-09 -9.95653801 -9.69826706 -8.99095012 -8.05254259 -7.19286631 
1.29154967e-09 -9.95653801 -9.69826706 -8.99095012 -8.05254259 -7.19286631 
1.00000000e-09 -9.95653801 -9.69826706 -8.99095012 -8.05254259 -7.19286631 
7.74263683e-10 -9.95653801 -9.69826706 -8.99095012 -8.05254259 -7.19286631 
5.99484250e-10 -9.95653801 -9.69826706 -8.99095012 -8.05254259 -7.19286631 
4.64158883e-10 -9.95653801 -9.69826706 -8.99095012 -8.05254259 -7.19286631 
3.59381366e-10 -9.95653801 -9.69826706 -8.99095012 -8.05254259 -7.19286631 
2.78255940e-10 -9.95653801 -9.69826706 -8.99095012 -8.05254259 -7.19286631 
2.15443469e-10 -9.95653801 -9.69826706 -8.99095012 -8.05254259 -7.19286631 
1.66810054e-10 -9.95653801 -9.69826706 -8.99095012 -8.05254259 -7.19286631 
1.29154967e-10 -9.95653801 -9.69826706 -8.99095012 -8.05254259 -7.19286631 
1.00000000e-10 -9.95653801 -9.69826706 -8.99095012 -8.05254259 -7.19286631 
