Chemical species: N2 H2O CO2 CH4 O2 O3 N2O NH3
P (bar) | log_N2: -2σ | log_N2: -1σ | log_N2: median | log_N2: +1σ | log_N2: +2σ 
1.00000000e+01 -0.05527267 -0.02845158 -0.00671113 -0.00063058 -0.00002245 
7.74263683e+00 -0.05527267 -0.02845158 -0.00671113 -0.00063058 -0.00002245 
5.99484250e+00 -0.05527267 -0.02845158 -0.00671113 -0.00063058 -0.00002245 
4.64158883e+00 -0.05527267 -0.02845158 -0.00671113 -0.00063058 -0.00002245 
3.59381366e+00 -0.05527267 -0.02845158 -0.00671113 -0.00063058 -0.00002245 
2.78255940e+00 -0.05527267 -0.02845158 -0.00671113 -0.00063058 -0.00002245 
2.15443469e+00 -0.05527267 -0.02845158 -0.00671113 -0.00063058 -0.00002245 
1.66810054e+00 -0.05527267 -0.02845158 -0.00671113 -0.00063058 -0.00002245 
1.29154967e+00 -0.05527267 -0.02845158 -0.00671113 -0.00063058 -0.00002245 
1.00000000e+00 -0.05527267 -0.02845158 -0.00671113 -0.00063058 -0.00002245 
7.74263683e-01 -0.05527267 -0.02845158 -0.00671113 -0.00063058 -0.00002245 
5.99484250e-01 -0.05527267 -0.02845158 -0.00671113 -0.00063058 -0.00002245 
4.64158883e-01 -0.05527267 -0.02845158 -0.00671113 -0.00063058 -0.00002245 
3.59381366e-01 -0.05527267 -0.02845158 -0.00671113 -0.00063058 -0.00002245 
2.78255940e-01 -0.05527267 -0.02845158 -0.00671113 -0.00063058 -0.00002245 
2.15443469e-01 -0.05527267 -0.02845158 -0.00671113 -0.00063058 -0.00002245 
1.66810054e-01 -0.05527267 -0.02845158 -0.00671113 -0.00063058 -0.00002245 
1.29154967e-01 -0.05527267 -0.02845158 -0.00671113 -0.00063058 -0.00002245 
1.00000000e-01 -0.05527267 -0.02845158 -0.00671113 -0.00063058 -0.00002245 
7.74263683e-02 -0.05527267 -0.02845158 -0.00671113 -0.00063058 -0.00002245 
5.99484250e-02 -0.05527267 -0.02845158 -0.00671113 -0.00063058 -0.00002245 
4.64158883e-02 -0.05527267 -0.02845158 -0.00671113 -0.00063058 -0.00002245 
3.59381366e-02 -0.05527267 -0.02845158 -0.00671113 -0.00063058 -0.00002245 
2.78255940e-02 -0.05527267 -0.02845158 -0.00671113 -0.00063058 -0.00002245 
2.15443469e-02 -0.05527267 -0.02845158 -0.00671113 -0.00063058 -0.00002245 
1.66810054e-02 -0.05527267 -0.02845158 -0.00671113 -0.00063058 -0.00002245 
1.29154967e-02 -0.05527267 -0.02845158 -0.00671113 -0.00063058 -0.00002245 
1.00000000e-02 -0.05527267 -0.02845158 -0.00671113 -0.00063058 -0.00002245 
7.74263683e-03 -0.05527267 -0.02845158 -0.00671113 -0.00063058 -0.00002245 
5.99484250e-03 -0.05527267 -0.02845158 -0.00671113 -0.00063058 -0.00002245 
4.64158883e-03 -0.05527267 -0.02845158 -0.00671113 -0.00063058 -0.00002245 
3.59381366e-03 -0.05527267 -0.02845158 -0.00671113 -0.00063058 -0.00002245 
2.78255940e-03 -0.05527267 -0.02845158 -0.00671113 -0.00063058 -0.00002245 
2.15443469e-03 -0.05527267 -0.02845158 -0.00671113 -0.00063058 -0.00002245 
1.66810054e-03 -0.05527267 -0.02845158 -0.00671113 -0.00063058 -0.00002245 
1.29154967e-03 -0.05527267 -0.02845158 -0.00671113 -0.00063058 -0.00002245 
1.00000000e-03 -0.05527267 -0.02845158 -0.00671113 -0.00063058 -0.00002245 
7.74263683e-04 -0.05527267 -0.02845158 -0.00671113 -0.00063058 -0.00002245 
5.99484250e-04 -0.05527267 -0.02845158 -0.00671113 -0.00063058 -0.00002245 
4.64158883e-04 -0.05527267 -0.02845158 -0.00671113 -0.00063058 -0.00002245 
3.59381366e-04 -0.05527267 -0.02845158 -0.00671113 -0.00063058 -0.00002245 
2.78255940e-04 -0.05527267 -0.02845158 -0.00671113 -0.00063058 -0.00002245 
2.15443469e-04 -0.05527267 -0.02845158 -0.00671113 -0.00063058 -0.00002245 
1.66810054e-04 -0.05527267 -0.02845158 -0.00671113 -0.00063058 -0.00002245 
1.29154967e-04 -0.05527267 -0.02845158 -0.00671113 -0.00063058 -0.00002245 
1.00000000e-04 -0.05527267 -0.02845158 -0.00671113 -0.00063058 -0.00002245 
7.74263683e-05 -0.05527267 -0.02845158 -0.00671113 -0.00063058 -0.00002245 
5.99484250e-05 -0.05527267 -0.02845158 -0.00671113 -0.00063058 -0.00002245 
4.64158883e-05 -0.05527267 -0.02845158 -0.00671113 -0.00063058 -0.00002245 
3.59381366e-05 -0.05527267 -0.02845158 -0.00671113 -0.00063058 -0.00002245 
2.78255940e-05 -0.05527267 -0.02845158 -0.00671113 -0.00063058 -0.00002245 
2.15443469e-05 -0.05527267 -0.02845158 -0.00671113 -0.00063058 -0.00002245 
1.66810054e-05 -0.05527267 -0.02845158 -0.00671113 -0.00063058 -0.00002245 
1.29154967e-05 -0.05527267 -0.02845158 -0.00671113 -0.00063058 -0.00002245 
1.00000000e-05 -0.05527267 -0.02845158 -0.00671113 -0.00063058 -0.00002245 
7.74263683e-06 -0.05527267 -0.02845158 -0.00671113 -0.00063058 -0.00002245 
5.99484250e-06 -0.05527267 -0.02845158 -0.00671113 -0.00063058 -0.00002245 
4.64158883e-06 -0.05527267 -0.02845158 -0.00671113 -0.00063058 -0.00002245 
3.59381366e-06 -0.05527267 -0.02845158 -0.00671113 -0.00063058 -0.00002245 
2.78255940e-06 -0.05527267 -0.02845158 -0.00671113 -0.00063058 -0.00002245 
2.15443469e-06 -0.05527267 -0.02845158 -0.00671113 -0.00063058 -0.00002245 
1.66810054e-06 -0.05527267 -0.02845158 -0.00671113 -0.00063058 -0.00002245 
1.29154967e-06 -0.05527267 -0.02845158 -0.00671113 -0.00063058 -0.00002245 
1.00000000e-06 -0.05527267 -0.02845158 -0.00671113 -0.00063058 -0.00002245 
7.74263683e-07 -0.05527267 -0.02845158 -0.00671113 -0.00063058 -0.00002245 
5.99484250e-07 -0.05527267 -0.02845158 -0.00671113 -0.00063058 -0.00002245 
4.64158883e-07 -0.05527267 -0.02845158 -0.00671113 -0.00063058 -0.00002245 
3.59381366e-07 -0.05527267 -0.02845158 -0.00671113 -0.00063058 -0.00002245 
2.78255940e-07 -0.05527267 -0.02845158 -0.00671113 -0.00063058 -0.00002245 
2.15443469e-07 -0.05527267 -0.02845158 -0.00671113 -0.00063058 -0.00002245 
1.66810054e-07 -0.05527267 -0.02845158 -0.00671113 -0.00063058 -0.00002245 
1.29154967e-07 -0.05527267 -0.02845158 -0.00671113 -0.00063058 -0.00002245 
1.00000000e-07 -0.05527267 -0.02845158 -0.00671113 -0.00063058 -0.00002245 
7.74263683e-08 -0.05527267 -0.02845158 -0.00671113 -0.00063058 -0.00002245 
5.99484250e-08 -0.05527267 -0.02845158 -0.00671113 -0.00063058 -0.00002245 
4.64158883e-08 -0.05527267 -0.02845158 -0.00671113 -0.00063058 -0.00002245 
3.59381366e-08 -0.05527267 -0.02845158 -0.00671113 -0.00063058 -0.00002245 
2.78255940e-08 -0.05527267 -0.02845158 -0.00671113 -0.00063058 -0.00002245 
2.15443469e-08 -0.05527267 -0.02845158 -0.00671113 -0.00063058 -0.00002245 
1.66810054e-08 -0.05527267 -0.02845158 -0.00671113 -0.00063058 -0.00002245 
1.29154967e-08 -0.05527267 -0.02845158 -0.00671113 -0.00063058 -0.00002245 
1.00000000e-08 -0.05527267 -0.02845158 -0.00671113 -0.00063058 -0.00002245 
7.74263683e-09 -0.05527267 -0.02845158 -0.00671113 -0.00063058 -0.00002245 
5.99484250e-09 -0.05527267 -0.02845158 -0.00671113 -0.00063058 -0.00002245 
4.64158883e-09 -0.05527267 -0.02845158 -0.00671113 -0.00063058 -0.00002245 
3.59381366e-09 -0.05527267 -0.02845158 -0.00671113 -0.00063058 -0.00002245 
2.78255940e-09 -0.05527267 -0.02845158 -0.00671113 -0.00063058 -0.00002245 
2.15443469e-09 -0.05527267 -0.02845158 -0.00671113 -0.00063058 -0.00002245 
1.66810054e-09 -0.05527267 -0.02845158 -0.00671113 -0.00063058 -0.00002245 
1.29154967e-09 -0.05527267 -0.02845158 -0.00671113 -0.00063058 -0.00002245 
1.00000000e-09 -0.05527267 -0.02845158 -0.00671113 -0.00063058 -0.00002245 
7.74263683e-10 -0.05527267 -0.02845158 -0.00671113 -0.00063058 -0.00002245 
5.99484250e-10 -0.05527267 -0.02845158 -0.00671113 -0.00063058 -0.00002245 
4.64158883e-10 -0.05527267 -0.02845158 -0.00671113 -0.00063058 -0.00002245 
3.59381366e-10 -0.05527267 -0.02845158 -0.00671113 -0.00063058 -0.00002245 
2.78255940e-10 -0.05527267 -0.02845158 -0.00671113 -0.00063058 -0.00002245 
2.15443469e-10 -0.05527267 -0.02845158 -0.00671113 -0.00063058 -0.00002245 
1.66810054e-10 -0.05527267 -0.02845158 -0.00671113 -0.00063058 -0.00002245 
1.29154967e-10 -0.05527267 -0.02845158 -0.00671113 -0.00063058 -0.00002245 
1.00000000e-10 -0.05527267 -0.02845158 -0.00671113 -0.00063058 -0.00002245 
P (bar) | log_H2O: -2σ | log_H2O: -1σ | log_H2O: median | log_H2O: +1σ | log_H2O: +2σ 
1.00000000e+01 -8.69794857 -5.72526554 -3.09085574 -1.72113737 -1.14035075 
7.74263683e+00 -8.69794857 -5.72526554 -3.09085574 -1.72113737 -1.14035075 
5.99484250e+00 -8.69794857 -5.72526554 -3.09085574 -1.72113737 -1.14035075 
4.64158883e+00 -8.69794857 -5.72526554 -3.09085574 -1.72113737 -1.14035075 
3.59381366e+00 -8.69794857 -5.72526554 -3.09085574 -1.72113737 -1.14035075 
2.78255940e+00 -8.69794857 -5.72526554 -3.09085574 -1.72113737 -1.14035075 
2.15443469e+00 -8.69794857 -5.72526554 -3.09085574 -1.72113737 -1.14035075 
1.66810054e+00 -8.69794857 -5.72526554 -3.09085574 -1.72113737 -1.14035075 
1.29154967e+00 -8.69794857 -5.72526554 -3.09085574 -1.72113737 -1.14035075 
1.00000000e+00 -8.69794857 -5.72526554 -3.09085574 -1.72113737 -1.14035075 
7.74263683e-01 -8.69794857 -5.72526554 -3.09085574 -1.72113737 -1.14035075 
5.99484250e-01 -8.69794857 -5.72526554 -3.09085574 -1.72113737 -1.14035075 
4.64158883e-01 -8.69794857 -5.72526554 -3.09085574 -1.72113737 -1.14035075 
3.59381366e-01 -8.69794857 -5.72526554 -3.09085574 -1.72113737 -1.14035075 
2.78255940e-01 -8.69794857 -5.72526554 -3.09085574 -1.72113737 -1.14035075 
2.15443469e-01 -8.69794857 -5.72526554 -3.09085574 -1.72113737 -1.14035075 
1.66810054e-01 -8.69794857 -5.72526554 -3.09085574 -1.72113737 -1.14035075 
1.29154967e-01 -8.69794857 -5.72526554 -3.09085574 -1.72113737 -1.14035075 
1.00000000e-01 -8.69794857 -5.72526554 -3.09085574 -1.72113737 -1.14035075 
7.74263683e-02 -8.69794857 -5.72526554 -3.09085574 -1.72113737 -1.14035075 
5.99484250e-02 -8.69794857 -5.72526554 -3.09085574 -1.72113737 -1.14035075 
4.64158883e-02 -8.69794857 -5.72526554 -3.09085574 -1.72113737 -1.14035075 
3.59381366e-02 -8.69794857 -5.72526554 -3.09085574 -1.72113737 -1.14035075 
2.78255940e-02 -8.69794857 -5.72526554 -3.09085574 -1.72113737 -1.14035075 
2.15443469e-02 -8.69794857 -5.72526554 -3.09085574 -1.72113737 -1.14035075 
1.66810054e-02 -8.69794857 -5.72526554 -3.09085574 -1.72113737 -1.14035075 
1.29154967e-02 -8.69794857 -5.72526554 -3.09085574 -1.72113737 -1.14035075 
1.00000000e-02 -8.69794857 -5.72526554 -3.09085574 -1.72113737 -1.14035075 
7.74263683e-03 -8.69794857 -5.72526554 -3.09085574 -1.72113737 -1.14035075 
5.99484250e-03 -8.69794857 -5.72526554 -3.09085574 -1.72113737 -1.14035075 
4.64158883e-03 -8.69794857 -5.72526554 -3.09085574 -1.72113737 -1.14035075 
3.59381366e-03 -8.69794857 -5.72526554 -3.09085574 -1.72113737 -1.14035075 
2.78255940e-03 -8.69794857 -5.72526554 -3.09085574 -1.72113737 -1.14035075 
2.15443469e-03 -8.69794857 -5.72526554 -3.09085574 -1.72113737 -1.14035075 
1.66810054e-03 -8.69794857 -5.72526554 -3.09085574 -1.72113737 -1.14035075 
1.29154967e-03 -8.69794857 -5.72526554 -3.09085574 -1.72113737 -1.14035075 
1.00000000e-03 -8.69794857 -5.72526554 -3.09085574 -1.72113737 -1.14035075 
7.74263683e-04 -8.69794857 -5.72526554 -3.09085574 -1.72113737 -1.14035075 
5.99484250e-04 -8.69794857 -5.72526554 -3.09085574 -1.72113737 -1.14035075 
4.64158883e-04 -8.69794857 -5.72526554 -3.09085574 -1.72113737 -1.14035075 
3.59381366e-04 -8.69794857 -5.72526554 -3.09085574 -1.72113737 -1.14035075 
2.78255940e-04 -8.69794857 -5.72526554 -3.09085574 -1.72113737 -1.14035075 
2.15443469e-04 -8.69794857 -5.72526554 -3.09085574 -1.72113737 -1.14035075 
1.66810054e-04 -8.69794857 -5.72526554 -3.09085574 -1.72113737 -1.14035075 
1.29154967e-04 -8.69794857 -5.72526554 -3.09085574 -1.72113737 -1.14035075 
1.00000000e-04 -8.69794857 -5.72526554 -3.09085574 -1.72113737 -1.14035075 
7.74263683e-05 -8.69794857 -5.72526554 -3.09085574 -1.72113737 -1.14035075 
5.99484250e-05 -8.69794857 -5.72526554 -3.09085574 -1.72113737 -1.14035075 
4.64158883e-05 -8.69794857 -5.72526554 -3.09085574 -1.72113737 -1.14035075 
3.59381366e-05 -8.69794857 -5.72526554 -3.09085574 -1.72113737 -1.14035075 
2.78255940e-05 -8.69794857 -5.72526554 -3.09085574 -1.72113737 -1.14035075 
2.15443469e-05 -8.69794857 -5.72526554 -3.09085574 -1.72113737 -1.14035075 
1.66810054e-05 -8.69794857 -5.72526554 -3.09085574 -1.72113737 -1.14035075 
1.29154967e-05 -8.69794857 -5.72526554 -3.09085574 -1.72113737 -1.14035075 
1.00000000e-05 -8.69794857 -5.72526554 -3.09085574 -1.72113737 -1.14035075 
7.74263683e-06 -8.69794857 -5.72526554 -3.09085574 -1.72113737 -1.14035075 
5.99484250e-06 -8.69794857 -5.72526554 -3.09085574 -1.72113737 -1.14035075 
4.64158883e-06 -8.69794857 -5.72526554 -3.09085574 -1.72113737 -1.14035075 
3.59381366e-06 -8.69794857 -5.72526554 -3.09085574 -1.72113737 -1.14035075 
2.78255940e-06 -8.69794857 -5.72526554 -3.09085574 -1.72113737 -1.14035075 
2.15443469e-06 -8.69794857 -5.72526554 -3.09085574 -1.72113737 -1.14035075 
1.66810054e-06 -8.69794857 -5.72526554 -3.09085574 -1.72113737 -1.14035075 
1.29154967e-06 -8.69794857 -5.72526554 -3.09085574 -1.72113737 -1.14035075 
1.00000000e-06 -8.69794857 -5.72526554 -3.09085574 -1.72113737 -1.14035075 
7.74263683e-07 -8.69794857 -5.72526554 -3.09085574 -1.72113737 -1.14035075 
5.99484250e-07 -8.69794857 -5.72526554 -3.09085574 -1.72113737 -1.14035075 
4.64158883e-07 -8.69794857 -5.72526554 -3.09085574 -1.72113737 -1.14035075 
3.59381366e-07 -8.69794857 -5.72526554 -3.09085574 -1.72113737 -1.14035075 
2.78255940e-07 -8.69794857 -5.72526554 -3.09085574 -1.72113737 -1.14035075 
2.15443469e-07 -8.69794857 -5.72526554 -3.09085574 -1.72113737 -1.14035075 
1.66810054e-07 -8.69794857 -5.72526554 -3.09085574 -1.72113737 -1.14035075 
1.29154967e-07 -8.69794857 -5.72526554 -3.09085574 -1.72113737 -1.14035075 
1.00000000e-07 -8.69794857 -5.72526554 -3.09085574 -1.72113737 -1.14035075 
7.74263683e-08 -8.69794857 -5.72526554 -3.09085574 -1.72113737 -1.14035075 
5.99484250e-08 -8.69794857 -5.72526554 -3.09085574 -1.72113737 -1.14035075 
4.64158883e-08 -8.69794857 -5.72526554 -3.09085574 -1.72113737 -1.14035075 
3.59381366e-08 -8.69794857 -5.72526554 -3.09085574 -1.72113737 -1.14035075 
2.78255940e-08 -8.69794857 -5.72526554 -3.09085574 -1.72113737 -1.14035075 
2.15443469e-08 -8.69794857 -5.72526554 -3.09085574 -1.72113737 -1.14035075 
1.66810054e-08 -8.69794857 -5.72526554 -3.09085574 -1.72113737 -1.14035075 
1.29154967e-08 -8.69794857 -5.72526554 -3.09085574 -1.72113737 -1.14035075 
1.00000000e-08 -8.69794857 -5.72526554 -3.09085574 -1.72113737 -1.14035075 
7.74263683e-09 -8.69794857 -5.72526554 -3.09085574 -1.72113737 -1.14035075 
5.99484250e-09 -8.69794857 -5.72526554 -3.09085574 -1.72113737 -1.14035075 
4.64158883e-09 -8.69794857 -5.72526554 -3.09085574 -1.72113737 -1.14035075 
3.59381366e-09 -8.69794857 -5.72526554 -3.09085574 -1.72113737 -1.14035075 
2.78255940e-09 -8.69794857 -5.72526554 -3.09085574 -1.72113737 -1.14035075 
2.15443469e-09 -8.69794857 -5.72526554 -3.09085574 -1.72113737 -1.14035075 
1.66810054e-09 -8.69794857 -5.72526554 -3.09085574 -1.72113737 -1.14035075 
1.29154967e-09 -8.69794857 -5.72526554 -3.09085574 -1.72113737 -1.14035075 
1.00000000e-09 -8.69794857 -5.72526554 -3.09085574 -1.72113737 -1.14035075 
7.74263683e-10 -8.69794857 -5.72526554 -3.09085574 -1.72113737 -1.14035075 
5.99484250e-10 -8.69794857 -5.72526554 -3.09085574 -1.72113737 -1.14035075 
4.64158883e-10 -8.69794857 -5.72526554 -3.09085574 -1.72113737 -1.14035075 
3.59381366e-10 -8.69794857 -5.72526554 -3.09085574 -1.72113737 -1.14035075 
2.78255940e-10 -8.69794857 -5.72526554 -3.09085574 -1.72113737 -1.14035075 
2.15443469e-10 -8.69794857 -5.72526554 -3.09085574 -1.72113737 -1.14035075 
1.66810054e-10 -8.69794857 -5.72526554 -3.09085574 -1.72113737 -1.14035075 
1.29154967e-10 -8.69794857 -5.72526554 -3.09085574 -1.72113737 -1.14035075 
1.00000000e-10 -8.69794857 -5.72526554 -3.09085574 -1.72113737 -1.14035075 
P (bar) | log_CO2: -2σ | log_CO2: -1σ | log_CO2: median | log_CO2: +1σ | log_CO2: +2σ 
1.00000000e+01 -9.56295394 -7.93342475 -5.14927828 -2.50775026 -1.31157642 
7.74263683e+00 -9.56295394 -7.93342475 -5.14927828 -2.50775026 -1.31157642 
5.99484250e+00 -9.56295394 -7.93342475 -5.14927828 -2.50775026 -1.31157642 
4.64158883e+00 -9.56295394 -7.93342475 -5.14927828 -2.50775026 -1.31157642 
3.59381366e+00 -9.56295394 -7.93342475 -5.14927828 -2.50775026 -1.31157642 
2.78255940e+00 -9.56295394 -7.93342475 -5.14927828 -2.50775026 -1.31157642 
2.15443469e+00 -9.56295394 -7.93342475 -5.14927828 -2.50775026 -1.31157642 
1.66810054e+00 -9.56295394 -7.93342475 -5.14927828 -2.50775026 -1.31157642 
1.29154967e+00 -9.56295394 -7.93342475 -5.14927828 -2.50775026 -1.31157642 
1.00000000e+00 -9.56295394 -7.93342475 -5.14927828 -2.50775026 -1.31157642 
7.74263683e-01 -9.56295394 -7.93342475 -5.14927828 -2.50775026 -1.31157642 
5.99484250e-01 -9.56295394 -7.93342475 -5.14927828 -2.50775026 -1.31157642 
4.64158883e-01 -9.56295394 -7.93342475 -5.14927828 -2.50775026 -1.31157642 
3.59381366e-01 -9.56295394 -7.93342475 -5.14927828 -2.50775026 -1.31157642 
2.78255940e-01 -9.56295394 -7.93342475 -5.14927828 -2.50775026 -1.31157642 
2.15443469e-01 -9.56295394 -7.93342475 -5.14927828 -2.50775026 -1.31157642 
1.66810054e-01 -9.56295394 -7.93342475 -5.14927828 -2.50775026 -1.31157642 
1.29154967e-01 -9.56295394 -7.93342475 -5.14927828 -2.50775026 -1.31157642 
1.00000000e-01 -9.56295394 -7.93342475 -5.14927828 -2.50775026 -1.31157642 
7.74263683e-02 -9.56295394 -7.93342475 -5.14927828 -2.50775026 -1.31157642 
5.99484250e-02 -9.56295394 -7.93342475 -5.14927828 -2.50775026 -1.31157642 
4.64158883e-02 -9.56295394 -7.93342475 -5.14927828 -2.50775026 -1.31157642 
3.59381366e-02 -9.56295394 -7.93342475 -5.14927828 -2.50775026 -1.31157642 
2.78255940e-02 -9.56295394 -7.93342475 -5.14927828 -2.50775026 -1.31157642 
2.15443469e-02 -9.56295394 -7.93342475 -5.14927828 -2.50775026 -1.31157642 
1.66810054e-02 -9.56295394 -7.93342475 -5.14927828 -2.50775026 -1.31157642 
1.29154967e-02 -9.56295394 -7.93342475 -5.14927828 -2.50775026 -1.31157642 
1.00000000e-02 -9.56295394 -7.93342475 -5.14927828 -2.50775026 -1.31157642 
7.74263683e-03 -9.56295394 -7.93342475 -5.14927828 -2.50775026 -1.31157642 
5.99484250e-03 -9.56295394 -7.93342475 -5.14927828 -2.50775026 -1.31157642 
4.64158883e-03 -9.56295394 -7.93342475 -5.14927828 -2.50775026 -1.31157642 
3.59381366e-03 -9.56295394 -7.93342475 -5.14927828 -2.50775026 -1.31157642 
2.78255940e-03 -9.56295394 -7.93342475 -5.14927828 -2.50775026 -1.31157642 
2.15443469e-03 -9.56295394 -7.93342475 -5.14927828 -2.50775026 -1.31157642 
1.66810054e-03 -9.56295394 -7.93342475 -5.14927828 -2.50775026 -1.31157642 
1.29154967e-03 -9.56295394 -7.93342475 -5.14927828 -2.50775026 -1.31157642 
1.00000000e-03 -9.56295394 -7.93342475 -5.14927828 -2.50775026 -1.31157642 
7.74263683e-04 -9.56295394 -7.93342475 -5.14927828 -2.50775026 -1.31157642 
5.99484250e-04 -9.56295394 -7.93342475 -5.14927828 -2.50775026 -1.31157642 
4.64158883e-04 -9.56295394 -7.93342475 -5.14927828 -2.50775026 -1.31157642 
3.59381366e-04 -9.56295394 -7.93342475 -5.14927828 -2.50775026 -1.31157642 
2.78255940e-04 -9.56295394 -7.93342475 -5.14927828 -2.50775026 -1.31157642 
2.15443469e-04 -9.56295394 -7.93342475 -5.14927828 -2.50775026 -1.31157642 
1.66810054e-04 -9.56295394 -7.93342475 -5.14927828 -2.50775026 -1.31157642 
1.29154967e-04 -9.56295394 -7.93342475 -5.14927828 -2.50775026 -1.31157642 
1.00000000e-04 -9.56295394 -7.93342475 -5.14927828 -2.50775026 -1.31157642 
7.74263683e-05 -9.56295394 -7.93342475 -5.14927828 -2.50775026 -1.31157642 
5.99484250e-05 -9.56295394 -7.93342475 -5.14927828 -2.50775026 -1.31157642 
4.64158883e-05 -9.56295394 -7.93342475 -5.14927828 -2.50775026 -1.31157642 
3.59381366e-05 -9.56295394 -7.93342475 -5.14927828 -2.50775026 -1.31157642 
2.78255940e-05 -9.56295394 -7.93342475 -5.14927828 -2.50775026 -1.31157642 
2.15443469e-05 -9.56295394 -7.93342475 -5.14927828 -2.50775026 -1.31157642 
1.66810054e-05 -9.56295394 -7.93342475 -5.14927828 -2.50775026 -1.31157642 
1.29154967e-05 -9.56295394 -7.93342475 -5.14927828 -2.50775026 -1.31157642 
1.00000000e-05 -9.56295394 -7.93342475 -5.14927828 -2.50775026 -1.31157642 
7.74263683e-06 -9.56295394 -7.93342475 -5.14927828 -2.50775026 -1.31157642 
5.99484250e-06 -9.56295394 -7.93342475 -5.14927828 -2.50775026 -1.31157642 
4.64158883e-06 -9.56295394 -7.93342475 -5.14927828 -2.50775026 -1.31157642 
3.59381366e-06 -9.56295394 -7.93342475 -5.14927828 -2.50775026 -1.31157642 
2.78255940e-06 -9.56295394 -7.93342475 -5.14927828 -2.50775026 -1.31157642 
2.15443469e-06 -9.56295394 -7.93342475 -5.14927828 -2.50775026 -1.31157642 
1.66810054e-06 -9.56295394 -7.93342475 -5.14927828 -2.50775026 -1.31157642 
1.29154967e-06 -9.56295394 -7.93342475 -5.14927828 -2.50775026 -1.31157642 
1.00000000e-06 -9.56295394 -7.93342475 -5.14927828 -2.50775026 -1.31157642 
7.74263683e-07 -9.56295394 -7.93342475 -5.14927828 -2.50775026 -1.31157642 
5.99484250e-07 -9.56295394 -7.93342475 -5.14927828 -2.50775026 -1.31157642 
4.64158883e-07 -9.56295394 -7.93342475 -5.14927828 -2.50775026 -1.31157642 
3.59381366e-07 -9.56295394 -7.93342475 -5.14927828 -2.50775026 -1.31157642 
2.78255940e-07 -9.56295394 -7.93342475 -5.14927828 -2.50775026 -1.31157642 
2.15443469e-07 -9.56295394 -7.93342475 -5.14927828 -2.50775026 -1.31157642 
1.66810054e-07 -9.56295394 -7.93342475 -5.14927828 -2.50775026 -1.31157642 
1.29154967e-07 -9.56295394 -7.93342475 -5.14927828 -2.50775026 -1.31157642 
1.00000000e-07 -9.56295394 -7.93342475 -5.14927828 -2.50775026 -1.31157642 
7.74263683e-08 -9.56295394 -7.93342475 -5.14927828 -2.50775026 -1.31157642 
5.99484250e-08 -9.56295394 -7.93342475 -5.14927828 -2.50775026 -1.31157642 
4.64158883e-08 -9.56295394 -7.93342475 -5.14927828 -2.50775026 -1.31157642 
3.59381366e-08 -9.56295394 -7.93342475 -5.14927828 -2.50775026 -1.31157642 
2.78255940e-08 -9.56295394 -7.93342475 -5.14927828 -2.50775026 -1.31157642 
2.15443469e-08 -9.56295394 -7.93342475 -5.14927828 -2.50775026 -1.31157642 
1.66810054e-08 -9.56295394 -7.93342475 -5.14927828 -2.50775026 -1.31157642 
1.29154967e-08 -9.56295394 -7.93342475 -5.14927828 -2.50775026 -1.31157642 
1.00000000e-08 -9.56295394 -7.93342475 -5.14927828 -2.50775026 -1.31157642 
7.74263683e-09 -9.56295394 -7.93342475 -5.14927828 -2.50775026 -1.31157642 
5.99484250e-09 -9.56295394 -7.93342475 -5.14927828 -2.50775026 -1.31157642 
4.64158883e-09 -9.56295394 -7.93342475 -5.14927828 -2.50775026 -1.31157642 
3.59381366e-09 -9.56295394 -7.93342475 -5.14927828 -2.50775026 -1.31157642 
2.78255940e-09 -9.56295394 -7.93342475 -5.14927828 -2.50775026 -1.31157642 
2.15443469e-09 -9.56295394 -7.93342475 -5.14927828 -2.50775026 -1.31157642 
1.66810054e-09 -9.56295394 -7.93342475 -5.14927828 -2.50775026 -1.31157642 
1.29154967e-09 -9.56295394 -7.93342475 -5.14927828 -2.50775026 -1.31157642 
1.00000000e-09 -9.56295394 -7.93342475 -5.14927828 -2.50775026 -1.31157642 
7.74263683e-10 -9.56295394 -7.93342475 -5.14927828 -2.50775026 -1.31157642 
5.99484250e-10 -9.56295394 -7.93342475 -5.14927828 -2.50775026 -1.31157642 
4.64158883e-10 -9.56295394 -7.93342475 -5.14927828 -2.50775026 -1.31157642 
3.59381366e-10 -9.56295394 -7.93342475 -5.14927828 -2.50775026 -1.31157642 
2.78255940e-10 -9.56295394 -7.93342475 -5.14927828 -2.50775026 -1.31157642 
2.15443469e-10 -9.56295394 -7.93342475 -5.14927828 -2.50775026 -1.31157642 
1.66810054e-10 -9.56295394 -7.93342475 -5.14927828 -2.50775026 -1.31157642 
1.29154967e-10 -9.56295394 -7.93342475 -5.14927828 -2.50775026 -1.31157642 
1.00000000e-10 -9.56295394 -7.93342475 -5.14927828 -2.50775026 -1.31157642 
P (bar) | log_CH4: -2σ | log_CH4: -1σ | log_CH4: median | log_CH4: +1σ | log_CH4: +2σ 
1.00000000e+01 -9.48444728 -7.81743156 -4.51606165 -2.48039907 -1.35604286 
7.74263683e+00 -9.48444728 -7.81743156 -4.51606165 -2.48039907 -1.35604286 
5.99484250e+00 -9.48444728 -7.81743156 -4.51606165 -2.48039907 -1.35604286 
4.64158883e+00 -9.48444728 -7.81743156 -4.51606165 -2.48039907 -1.35604286 
3.59381366e+00 -9.48444728 -7.81743156 -4.51606165 -2.48039907 -1.35604286 
2.78255940e+00 -9.48444728 -7.81743156 -4.51606165 -2.48039907 -1.35604286 
2.15443469e+00 -9.48444728 -7.81743156 -4.51606165 -2.48039907 -1.35604286 
1.66810054e+00 -9.48444728 -7.81743156 -4.51606165 -2.48039907 -1.35604286 
1.29154967e+00 -9.48444728 -7.81743156 -4.51606165 -2.48039907 -1.35604286 
1.00000000e+00 -9.48444728 -7.81743156 -4.51606165 -2.48039907 -1.35604286 
7.74263683e-01 -9.48444728 -7.81743156 -4.51606165 -2.48039907 -1.35604286 
5.99484250e-01 -9.48444728 -7.81743156 -4.51606165 -2.48039907 -1.35604286 
4.64158883e-01 -9.48444728 -7.81743156 -4.51606165 -2.48039907 -1.35604286 
3.59381366e-01 -9.48444728 -7.81743156 -4.51606165 -2.48039907 -1.35604286 
2.78255940e-01 -9.48444728 -7.81743156 -4.51606165 -2.48039907 -1.35604286 
2.15443469e-01 -9.48444728 -7.81743156 -4.51606165 -2.48039907 -1.35604286 
1.66810054e-01 -9.48444728 -7.81743156 -4.51606165 -2.48039907 -1.35604286 
1.29154967e-01 -9.48444728 -7.81743156 -4.51606165 -2.48039907 -1.35604286 
1.00000000e-01 -9.48444728 -7.81743156 -4.51606165 -2.48039907 -1.35604286 
7.74263683e-02 -9.48444728 -7.81743156 -4.51606165 -2.48039907 -1.35604286 
5.99484250e-02 -9.48444728 -7.81743156 -4.51606165 -2.48039907 -1.35604286 
4.64158883e-02 -9.48444728 -7.81743156 -4.51606165 -2.48039907 -1.35604286 
3.59381366e-02 -9.48444728 -7.81743156 -4.51606165 -2.48039907 -1.35604286 
2.78255940e-02 -9.48444728 -7.81743156 -4.51606165 -2.48039907 -1.35604286 
2.15443469e-02 -9.48444728 -7.81743156 -4.51606165 -2.48039907 -1.35604286 
1.66810054e-02 -9.48444728 -7.81743156 -4.51606165 -2.48039907 -1.35604286 
1.29154967e-02 -9.48444728 -7.81743156 -4.51606165 -2.48039907 -1.35604286 
1.00000000e-02 -9.48444728 -7.81743156 -4.51606165 -2.48039907 -1.35604286 
7.74263683e-03 -9.48444728 -7.81743156 -4.51606165 -2.48039907 -1.35604286 
5.99484250e-03 -9.48444728 -7.81743156 -4.51606165 -2.48039907 -1.35604286 
4.64158883e-03 -9.48444728 -7.81743156 -4.51606165 -2.48039907 -1.35604286 
3.59381366e-03 -9.48444728 -7.81743156 -4.51606165 -2.48039907 -1.35604286 
2.78255940e-03 -9.48444728 -7.81743156 -4.51606165 -2.48039907 -1.35604286 
2.15443469e-03 -9.48444728 -7.81743156 -4.51606165 -2.48039907 -1.35604286 
1.66810054e-03 -9.48444728 -7.81743156 -4.51606165 -2.48039907 -1.35604286 
1.29154967e-03 -9.48444728 -7.81743156 -4.51606165 -2.48039907 -1.35604286 
1.00000000e-03 -9.48444728 -7.81743156 -4.51606165 -2.48039907 -1.35604286 
7.74263683e-04 -9.48444728 -7.81743156 -4.51606165 -2.48039907 -1.35604286 
5.99484250e-04 -9.48444728 -7.81743156 -4.51606165 -2.48039907 -1.35604286 
4.64158883e-04 -9.48444728 -7.81743156 -4.51606165 -2.48039907 -1.35604286 
3.59381366e-04 -9.48444728 -7.81743156 -4.51606165 -2.48039907 -1.35604286 
2.78255940e-04 -9.48444728 -7.81743156 -4.51606165 -2.48039907 -1.35604286 
2.15443469e-04 -9.48444728 -7.81743156 -4.51606165 -2.48039907 -1.35604286 
1.66810054e-04 -9.48444728 -7.81743156 -4.51606165 -2.48039907 -1.35604286 
1.29154967e-04 -9.48444728 -7.81743156 -4.51606165 -2.48039907 -1.35604286 
1.00000000e-04 -9.48444728 -7.81743156 -4.51606165 -2.48039907 -1.35604286 
7.74263683e-05 -9.48444728 -7.81743156 -4.51606165 -2.48039907 -1.35604286 
5.99484250e-05 -9.48444728 -7.81743156 -4.51606165 -2.48039907 -1.35604286 
4.64158883e-05 -9.48444728 -7.81743156 -4.51606165 -2.48039907 -1.35604286 
3.59381366e-05 -9.48444728 -7.81743156 -4.51606165 -2.48039907 -1.35604286 
2.78255940e-05 -9.48444728 -7.81743156 -4.51606165 -2.48039907 -1.35604286 
2.15443469e-05 -9.48444728 -7.81743156 -4.51606165 -2.48039907 -1.35604286 
1.66810054e-05 -9.48444728 -7.81743156 -4.51606165 -2.48039907 -1.35604286 
1.29154967e-05 -9.48444728 -7.81743156 -4.51606165 -2.48039907 -1.35604286 
1.00000000e-05 -9.48444728 -7.81743156 -4.51606165 -2.48039907 -1.35604286 
7.74263683e-06 -9.48444728 -7.81743156 -4.51606165 -2.48039907 -1.35604286 
5.99484250e-06 -9.48444728 -7.81743156 -4.51606165 -2.48039907 -1.35604286 
4.64158883e-06 -9.48444728 -7.81743156 -4.51606165 -2.48039907 -1.35604286 
3.59381366e-06 -9.48444728 -7.81743156 -4.51606165 -2.48039907 -1.35604286 
2.78255940e-06 -9.48444728 -7.81743156 -4.51606165 -2.48039907 -1.35604286 
2.15443469e-06 -9.48444728 -7.81743156 -4.51606165 -2.48039907 -1.35604286 
1.66810054e-06 -9.48444728 -7.81743156 -4.51606165 -2.48039907 -1.35604286 
1.29154967e-06 -9.48444728 -7.81743156 -4.51606165 -2.48039907 -1.35604286 
1.00000000e-06 -9.48444728 -7.81743156 -4.51606165 -2.48039907 -1.35604286 
7.74263683e-07 -9.48444728 -7.81743156 -4.51606165 -2.48039907 -1.35604286 
5.99484250e-07 -9.48444728 -7.81743156 -4.51606165 -2.48039907 -1.35604286 
4.64158883e-07 -9.48444728 -7.81743156 -4.51606165 -2.48039907 -1.35604286 
3.59381366e-07 -9.48444728 -7.81743156 -4.51606165 -2.48039907 -1.35604286 
2.78255940e-07 -9.48444728 -7.81743156 -4.51606165 -2.48039907 -1.35604286 
2.15443469e-07 -9.48444728 -7.81743156 -4.51606165 -2.48039907 -1.35604286 
1.66810054e-07 -9.48444728 -7.81743156 -4.51606165 -2.48039907 -1.35604286 
1.29154967e-07 -9.48444728 -7.81743156 -4.51606165 -2.48039907 -1.35604286 
1.00000000e-07 -9.48444728 -7.81743156 -4.51606165 -2.48039907 -1.35604286 
7.74263683e-08 -9.48444728 -7.81743156 -4.51606165 -2.48039907 -1.35604286 
5.99484250e-08 -9.48444728 -7.81743156 -4.51606165 -2.48039907 -1.35604286 
4.64158883e-08 -9.48444728 -7.81743156 -4.51606165 -2.48039907 -1.35604286 
3.59381366e-08 -9.48444728 -7.81743156 -4.51606165 -2.48039907 -1.35604286 
2.78255940e-08 -9.48444728 -7.81743156 -4.51606165 -2.48039907 -1.35604286 
2.15443469e-08 -9.48444728 -7.81743156 -4.51606165 -2.48039907 -1.35604286 
1.66810054e-08 -9.48444728 -7.81743156 -4.51606165 -2.48039907 -1.35604286 
1.29154967e-08 -9.48444728 -7.81743156 -4.51606165 -2.48039907 -1.35604286 
1.00000000e-08 -9.48444728 -7.81743156 -4.51606165 -2.48039907 -1.35604286 
7.74263683e-09 -9.48444728 -7.81743156 -4.51606165 -2.48039907 -1.35604286 
5.99484250e-09 -9.48444728 -7.81743156 -4.51606165 -2.48039907 -1.35604286 
4.64158883e-09 -9.48444728 -7.81743156 -4.51606165 -2.48039907 -1.35604286 
3.59381366e-09 -9.48444728 -7.81743156 -4.51606165 -2.48039907 -1.35604286 
2.78255940e-09 -9.48444728 -7.81743156 -4.51606165 -2.48039907 -1.35604286 
2.15443469e-09 -9.48444728 -7.81743156 -4.51606165 -2.48039907 -1.35604286 
1.66810054e-09 -9.48444728 -7.81743156 -4.51606165 -2.48039907 -1.35604286 
1.29154967e-09 -9.48444728 -7.81743156 -4.51606165 -2.48039907 -1.35604286 
1.00000000e-09 -9.48444728 -7.81743156 -4.51606165 -2.48039907 -1.35604286 
7.74263683e-10 -9.48444728 -7.81743156 -4.51606165 -2.48039907 -1.35604286 
5.99484250e-10 -9.48444728 -7.81743156 -4.51606165 -2.48039907 -1.35604286 
4.64158883e-10 -9.48444728 -7.81743156 -4.51606165 -2.48039907 -1.35604286 
3.59381366e-10 -9.48444728 -7.81743156 -4.51606165 -2.48039907 -1.35604286 
2.78255940e-10 -9.48444728 -7.81743156 -4.51606165 -2.48039907 -1.35604286 
2.15443469e-10 -9.48444728 -7.81743156 -4.51606165 -2.48039907 -1.35604286 
1.66810054e-10 -9.48444728 -7.81743156 -4.51606165 -2.48039907 -1.35604286 
1.29154967e-10 -9.48444728 -7.81743156 -4.51606165 -2.48039907 -1.35604286 
1.00000000e-10 -9.48444728 -7.81743156 -4.51606165 -2.48039907 -1.35604286 
P (bar) | log_O2: -2σ | log_O2: -1σ | log_O2: median | log_O2: +1σ | log_O2: +2σ 
1.00000000e+01 -9.62431431 -8.14689049 -5.38766107 -2.60550100 -1.32658103 
7.74263683e+00 -9.62431431 -8.14689049 -5.38766107 -2.60550100 -1.32658103 
5.99484250e+00 -9.62431431 -8.14689049 -5.38766107 -2.60550100 -1.32658103 
4.64158883e+00 -9.62431431 -8.14689049 -5.38766107 -2.60550100 -1.32658103 
3.59381366e+00 -9.62431431 -8.14689049 -5.38766107 -2.60550100 -1.32658103 
2.78255940e+00 -9.62431431 -8.14689049 -5.38766107 -2.60550100 -1.32658103 
2.15443469e+00 -9.62431431 -8.14689049 -5.38766107 -2.60550100 -1.32658103 
1.66810054e+00 -9.62431431 -8.14689049 -5.38766107 -2.60550100 -1.32658103 
1.29154967e+00 -9.62431431 -8.14689049 -5.38766107 -2.60550100 -1.32658103 
1.00000000e+00 -9.62431431 -8.14689049 -5.38766107 -2.60550100 -1.32658103 
7.74263683e-01 -9.62431431 -8.14689049 -5.38766107 -2.60550100 -1.32658103 
5.99484250e-01 -9.62431431 -8.14689049 -5.38766107 -2.60550100 -1.32658103 
4.64158883e-01 -9.62431431 -8.14689049 -5.38766107 -2.60550100 -1.32658103 
3.59381366e-01 -9.62431431 -8.14689049 -5.38766107 -2.60550100 -1.32658103 
2.78255940e-01 -9.62431431 -8.14689049 -5.38766107 -2.60550100 -1.32658103 
2.15443469e-01 -9.62431431 -8.14689049 -5.38766107 -2.60550100 -1.32658103 
1.66810054e-01 -9.62431431 -8.14689049 -5.38766107 -2.60550100 -1.32658103 
1.29154967e-01 -9.62431431 -8.14689049 -5.38766107 -2.60550100 -1.32658103 
1.00000000e-01 -9.62431431 -8.14689049 -5.38766107 -2.60550100 -1.32658103 
7.74263683e-02 -9.62431431 -8.14689049 -5.38766107 -2.60550100 -1.32658103 
5.99484250e-02 -9.62431431 -8.14689049 -5.38766107 -2.60550100 -1.32658103 
4.64158883e-02 -9.62431431 -8.14689049 -5.38766107 -2.60550100 -1.32658103 
3.59381366e-02 -9.62431431 -8.14689049 -5.38766107 -2.60550100 -1.32658103 
2.78255940e-02 -9.62431431 -8.14689049 -5.38766107 -2.60550100 -1.32658103 
2.15443469e-02 -9.62431431 -8.14689049 -5.38766107 -2.60550100 -1.32658103 
1.66810054e-02 -9.62431431 -8.14689049 -5.38766107 -2.60550100 -1.32658103 
1.29154967e-02 -9.62431431 -8.14689049 -5.38766107 -2.60550100 -1.32658103 
1.00000000e-02 -9.62431431 -8.14689049 -5.38766107 -2.60550100 -1.32658103 
7.74263683e-03 -9.62431431 -8.14689049 -5.38766107 -2.60550100 -1.32658103 
5.99484250e-03 -9.62431431 -8.14689049 -5.38766107 -2.60550100 -1.32658103 
4.64158883e-03 -9.62431431 -8.14689049 -5.38766107 -2.60550100 -1.32658103 
3.59381366e-03 -9.62431431 -8.14689049 -5.38766107 -2.60550100 -1.32658103 
2.78255940e-03 -9.62431431 -8.14689049 -5.38766107 -2.60550100 -1.32658103 
2.15443469e-03 -9.62431431 -8.14689049 -5.38766107 -2.60550100 -1.32658103 
1.66810054e-03 -9.62431431 -8.14689049 -5.38766107 -2.60550100 -1.32658103 
1.29154967e-03 -9.62431431 -8.14689049 -5.38766107 -2.60550100 -1.32658103 
1.00000000e-03 -9.62431431 -8.14689049 -5.38766107 -2.60550100 -1.32658103 
7.74263683e-04 -9.62431431 -8.14689049 -5.38766107 -2.60550100 -1.32658103 
5.99484250e-04 -9.62431431 -8.14689049 -5.38766107 -2.60550100 -1.32658103 
4.64158883e-04 -9.62431431 -8.14689049 -5.38766107 -2.60550100 -1.32658103 
3.59381366e-04 -9.62431431 -8.14689049 -5.38766107 -2.60550100 -1.32658103 
2.78255940e-04 -9.62431431 -8.14689049 -5.38766107 -2.60550100 -1.32658103 
2.15443469e-04 -9.62431431 -8.14689049 -5.38766107 -2.60550100 -1.32658103 
1.66810054e-04 -9.62431431 -8.14689049 -5.38766107 -2.60550100 -1.32658103 
1.29154967e-04 -9.62431431 -8.14689049 -5.38766107 -2.60550100 -1.32658103 
1.00000000e-04 -9.62431431 -8.14689049 -5.38766107 -2.60550100 -1.32658103 
7.74263683e-05 -9.62431431 -8.14689049 -5.38766107 -2.60550100 -1.32658103 
5.99484250e-05 -9.62431431 -8.14689049 -5.38766107 -2.60550100 -1.32658103 
4.64158883e-05 -9.62431431 -8.14689049 -5.38766107 -2.60550100 -1.32658103 
3.59381366e-05 -9.62431431 -8.14689049 -5.38766107 -2.60550100 -1.32658103 
2.78255940e-05 -9.62431431 -8.14689049 -5.38766107 -2.60550100 -1.32658103 
2.15443469e-05 -9.62431431 -8.14689049 -5.38766107 -2.60550100 -1.32658103 
1.66810054e-05 -9.62431431 -8.14689049 -5.38766107 -2.60550100 -1.32658103 
1.29154967e-05 -9.62431431 -8.14689049 -5.38766107 -2.60550100 -1.32658103 
1.00000000e-05 -9.62431431 -8.14689049 -5.38766107 -2.60550100 -1.32658103 
7.74263683e-06 -9.62431431 -8.14689049 -5.38766107 -2.60550100 -1.32658103 
5.99484250e-06 -9.62431431 -8.14689049 -5.38766107 -2.60550100 -1.32658103 
4.64158883e-06 -9.62431431 -8.14689049 -5.38766107 -2.60550100 -1.32658103 
3.59381366e-06 -9.62431431 -8.14689049 -5.38766107 -2.60550100 -1.32658103 
2.78255940e-06 -9.62431431 -8.14689049 -5.38766107 -2.60550100 -1.32658103 
2.15443469e-06 -9.62431431 -8.14689049 -5.38766107 -2.60550100 -1.32658103 
1.66810054e-06 -9.62431431 -8.14689049 -5.38766107 -2.60550100 -1.32658103 
1.29154967e-06 -9.62431431 -8.14689049 -5.38766107 -2.60550100 -1.32658103 
1.00000000e-06 -9.62431431 -8.14689049 -5.38766107 -2.60550100 -1.32658103 
7.74263683e-07 -9.62431431 -8.14689049 -5.38766107 -2.60550100 -1.32658103 
5.99484250e-07 -9.62431431 -8.14689049 -5.38766107 -2.60550100 -1.32658103 
4.64158883e-07 -9.62431431 -8.14689049 -5.38766107 -2.60550100 -1.32658103 
3.59381366e-07 -9.62431431 -8.14689049 -5.38766107 -2.60550100 -1.32658103 
2.78255940e-07 -9.62431431 -8.14689049 -5.38766107 -2.60550100 -1.32658103 
2.15443469e-07 -9.62431431 -8.14689049 -5.38766107 -2.60550100 -1.32658103 
1.66810054e-07 -9.62431431 -8.14689049 -5.38766107 -2.60550100 -1.32658103 
1.29154967e-07 -9.62431431 -8.14689049 -5.38766107 -2.60550100 -1.32658103 
1.00000000e-07 -9.62431431 -8.14689049 -5.38766107 -2.60550100 -1.32658103 
7.74263683e-08 -9.62431431 -8.14689049 -5.38766107 -2.60550100 -1.32658103 
5.99484250e-08 -9.62431431 -8.14689049 -5.38766107 -2.60550100 -1.32658103 
4.64158883e-08 -9.62431431 -8.14689049 -5.38766107 -2.60550100 -1.32658103 
3.59381366e-08 -9.62431431 -8.14689049 -5.38766107 -2.60550100 -1.32658103 
2.78255940e-08 -9.62431431 -8.14689049 -5.38766107 -2.60550100 -1.32658103 
2.15443469e-08 -9.62431431 -8.14689049 -5.38766107 -2.60550100 -1.32658103 
1.66810054e-08 -9.62431431 -8.14689049 -5.38766107 -2.60550100 -1.32658103 
1.29154967e-08 -9.62431431 -8.14689049 -5.38766107 -2.60550100 -1.32658103 
1.00000000e-08 -9.62431431 -8.14689049 -5.38766107 -2.60550100 -1.32658103 
7.74263683e-09 -9.62431431 -8.14689049 -5.38766107 -2.60550100 -1.32658103 
5.99484250e-09 -9.62431431 -8.14689049 -5.38766107 -2.60550100 -1.32658103 
4.64158883e-09 -9.62431431 -8.14689049 -5.38766107 -2.60550100 -1.32658103 
3.59381366e-09 -9.62431431 -8.14689049 -5.38766107 -2.60550100 -1.32658103 
2.78255940e-09 -9.62431431 -8.14689049 -5.38766107 -2.60550100 -1.32658103 
2.15443469e-09 -9.62431431 -8.14689049 -5.38766107 -2.60550100 -1.32658103 
1.66810054e-09 -9.62431431 -8.14689049 -5.38766107 -2.60550100 -1.32658103 
1.29154967e-09 -9.62431431 -8.14689049 -5.38766107 -2.60550100 -1.32658103 
1.00000000e-09 -9.62431431 -8.14689049 -5.38766107 -2.60550100 -1.32658103 
7.74263683e-10 -9.62431431 -8.14689049 -5.38766107 -2.60550100 -1.32658103 
5.99484250e-10 -9.62431431 -8.14689049 -5.38766107 -2.60550100 -1.32658103 
4.64158883e-10 -9.62431431 -8.14689049 -5.38766107 -2.60550100 -1.32658103 
3.59381366e-10 -9.62431431 -8.14689049 -5.38766107 -2.60550100 -1.32658103 
2.78255940e-10 -9.62431431 -8.14689049 -5.38766107 -2.60550100 -1.32658103 
2.15443469e-10 -9.62431431 -8.14689049 -5.38766107 -2.60550100 -1.32658103 
1.66810054e-10 -9.62431431 -8.14689049 -5.38766107 -2.60550100 -1.32658103 
1.29154967e-10 -9.62431431 -8.14689049 -5.38766107 -2.60550100 -1.32658103 
1.00000000e-10 -9.62431431 -8.14689049 -5.38766107 -2.60550100 -1.32658103 
P (bar) | log_O3: -2σ | log_O3: -1σ | log_O3: median | log_O3: +1σ | log_O3: +2σ 
1.00000000e+01 -9.88597294 -9.22579236 -7.92848477 -6.31237165 -4.57132232 
7.74263683e+00 -9.88597294 -9.22579236 -7.92848477 -6.31237165 -4.57132232 
5.99484250e+00 -9.88597294 -9.22579236 -7.92848477 -6.31237165 -4.57132232 
4.64158883e+00 -9.88597294 -9.22579236 -7.92848477 -6.31237165 -4.57132232 
3.59381366e+00 -9.88597294 -9.22579236 -7.92848477 -6.31237165 -4.57132232 
2.78255940e+00 -9.88597294 -9.22579236 -7.92848477 -6.31237165 -4.57132232 
2.15443469e+00 -9.88597294 -9.22579236 -7.92848477 -6.31237165 -4.57132232 
1.66810054e+00 -9.88597294 -9.22579236 -7.92848477 -6.31237165 -4.57132232 
1.29154967e+00 -9.88597294 -9.22579236 -7.92848477 -6.31237165 -4.57132232 
1.00000000e+00 -9.88597294 -9.22579236 -7.92848477 -6.31237165 -4.57132232 
7.74263683e-01 -9.88597294 -9.22579236 -7.92848477 -6.31237165 -4.57132232 
5.99484250e-01 -9.88597294 -9.22579236 -7.92848477 -6.31237165 -4.57132232 
4.64158883e-01 -9.88597294 -9.22579236 -7.92848477 -6.31237165 -4.57132232 
3.59381366e-01 -9.88597294 -9.22579236 -7.92848477 -6.31237165 -4.57132232 
2.78255940e-01 -9.88597294 -9.22579236 -7.92848477 -6.31237165 -4.57132232 
2.15443469e-01 -9.88597294 -9.22579236 -7.92848477 -6.31237165 -4.57132232 
1.66810054e-01 -9.88597294 -9.22579236 -7.92848477 -6.31237165 -4.57132232 
1.29154967e-01 -9.88597294 -9.22579236 -7.92848477 -6.31237165 -4.57132232 
1.00000000e-01 -9.88597294 -9.22579236 -7.92848477 -6.31237165 -4.57132232 
7.74263683e-02 -9.88597294 -9.22579236 -7.92848477 -6.31237165 -4.57132232 
5.99484250e-02 -9.88597294 -9.22579236 -7.92848477 -6.31237165 -4.57132232 
4.64158883e-02 -9.88597294 -9.22579236 -7.92848477 -6.31237165 -4.57132232 
3.59381366e-02 -9.88597294 -9.22579236 -7.92848477 -6.31237165 -4.57132232 
2.78255940e-02 -9.88597294 -9.22579236 -7.92848477 -6.31237165 -4.57132232 
2.15443469e-02 -9.88597294 -9.22579236 -7.92848477 -6.31237165 -4.57132232 
1.66810054e-02 -9.88597294 -9.22579236 -7.92848477 -6.31237165 -4.57132232 
1.29154967e-02 -9.88597294 -9.22579236 -7.92848477 -6.31237165 -4.57132232 
1.00000000e-02 -9.88597294 -9.22579236 -7.92848477 -6.31237165 -4.57132232 
7.74263683e-03 -9.88597294 -9.22579236 -7.92848477 -6.31237165 -4.57132232 
5.99484250e-03 -9.88597294 -9.22579236 -7.92848477 -6.31237165 -4.57132232 
4.64158883e-03 -9.88597294 -9.22579236 -7.92848477 -6.31237165 -4.57132232 
3.59381366e-03 -9.88597294 -9.22579236 -7.92848477 -6.31237165 -4.57132232 
2.78255940e-03 -9.88597294 -9.22579236 -7.92848477 -6.31237165 -4.57132232 
2.15443469e-03 -9.88597294 -9.22579236 -7.92848477 -6.31237165 -4.57132232 
1.66810054e-03 -9.88597294 -9.22579236 -7.92848477 -6.31237165 -4.57132232 
1.29154967e-03 -9.88597294 -9.22579236 -7.92848477 -6.31237165 -4.57132232 
1.00000000e-03 -9.88597294 -9.22579236 -7.92848477 -6.31237165 -4.57132232 
7.74263683e-04 -9.88597294 -9.22579236 -7.92848477 -6.31237165 -4.57132232 
5.99484250e-04 -9.88597294 -9.22579236 -7.92848477 -6.31237165 -4.57132232 
4.64158883e-04 -9.88597294 -9.22579236 -7.92848477 -6.31237165 -4.57132232 
3.59381366e-04 -9.88597294 -9.22579236 -7.92848477 -6.31237165 -4.57132232 
2.78255940e-04 -9.88597294 -9.22579236 -7.92848477 -6.31237165 -4.57132232 
2.15443469e-04 -9.88597294 -9.22579236 -7.92848477 -6.31237165 -4.57132232 
1.66810054e-04 -9.88597294 -9.22579236 -7.92848477 -6.31237165 -4.57132232 
1.29154967e-04 -9.88597294 -9.22579236 -7.92848477 -6.31237165 -4.57132232 
1.00000000e-04 -9.88597294 -9.22579236 -7.92848477 -6.31237165 -4.57132232 
7.74263683e-05 -9.88597294 -9.22579236 -7.92848477 -6.31237165 -4.57132232 
5.99484250e-05 -9.88597294 -9.22579236 -7.92848477 -6.31237165 -4.57132232 
4.64158883e-05 -9.88597294 -9.22579236 -7.92848477 -6.31237165 -4.57132232 
3.59381366e-05 -9.88597294 -9.22579236 -7.92848477 -6.31237165 -4.57132232 
2.78255940e-05 -9.88597294 -9.22579236 -7.92848477 -6.31237165 -4.57132232 
2.15443469e-05 -9.88597294 -9.22579236 -7.92848477 -6.31237165 -4.57132232 
1.66810054e-05 -9.88597294 -9.22579236 -7.92848477 -6.31237165 -4.57132232 
1.29154967e-05 -9.88597294 -9.22579236 -7.92848477 -6.31237165 -4.57132232 
1.00000000e-05 -9.88597294 -9.22579236 -7.92848477 -6.31237165 -4.57132232 
7.74263683e-06 -9.88597294 -9.22579236 -7.92848477 -6.31237165 -4.57132232 
5.99484250e-06 -9.88597294 -9.22579236 -7.92848477 -6.31237165 -4.57132232 
4.64158883e-06 -9.88597294 -9.22579236 -7.92848477 -6.31237165 -4.57132232 
3.59381366e-06 -9.88597294 -9.22579236 -7.92848477 -6.31237165 -4.57132232 
2.78255940e-06 -9.88597294 -9.22579236 -7.92848477 -6.31237165 -4.57132232 
2.15443469e-06 -9.88597294 -9.22579236 -7.92848477 -6.31237165 -4.57132232 
1.66810054e-06 -9.88597294 -9.22579236 -7.92848477 -6.31237165 -4.57132232 
1.29154967e-06 -9.88597294 -9.22579236 -7.92848477 -6.31237165 -4.57132232 
1.00000000e-06 -9.88597294 -9.22579236 -7.92848477 -6.31237165 -4.57132232 
7.74263683e-07 -9.88597294 -9.22579236 -7.92848477 -6.31237165 -4.57132232 
5.99484250e-07 -9.88597294 -9.22579236 -7.92848477 -6.31237165 -4.57132232 
4.64158883e-07 -9.88597294 -9.22579236 -7.92848477 -6.31237165 -4.57132232 
3.59381366e-07 -9.88597294 -9.22579236 -7.92848477 -6.31237165 -4.57132232 
2.78255940e-07 -9.88597294 -9.22579236 -7.92848477 -6.31237165 -4.57132232 
2.15443469e-07 -9.88597294 -9.22579236 -7.92848477 -6.31237165 -4.57132232 
1.66810054e-07 -9.88597294 -9.22579236 -7.92848477 -6.31237165 -4.57132232 
1.29154967e-07 -9.88597294 -9.22579236 -7.92848477 -6.31237165 -4.57132232 
1.00000000e-07 -9.88597294 -9.22579236 -7.92848477 -6.31237165 -4.57132232 
7.74263683e-08 -9.88597294 -9.22579236 -7.92848477 -6.31237165 -4.57132232 
5.99484250e-08 -9.88597294 -9.22579236 -7.92848477 -6.31237165 -4.57132232 
4.64158883e-08 -9.88597294 -9.22579236 -7.92848477 -6.31237165 -4.57132232 
3.59381366e-08 -9.88597294 -9.22579236 -7.92848477 -6.31237165 -4.57132232 
2.78255940e-08 -9.88597294 -9.22579236 -7.92848477 -6.31237165 -4.57132232 
2.15443469e-08 -9.88597294 -9.22579236 -7.92848477 -6.31237165 -4.57132232 
1.66810054e-08 -9.88597294 -9.22579236 -7.92848477 -6.31237165 -4.57132232 
1.29154967e-08 -9.88597294 -9.22579236 -7.92848477 -6.31237165 -4.57132232 
1.00000000e-08 -9.88597294 -9.22579236 -7.92848477 -6.31237165 -4.57132232 
7.74263683e-09 -9.88597294 -9.22579236 -7.92848477 -6.31237165 -4.57132232 
5.99484250e-09 -9.88597294 -9.22579236 -7.92848477 -6.31237165 -4.57132232 
4.64158883e-09 -9.88597294 -9.22579236 -7.92848477 -6.31237165 -4.57132232 
3.59381366e-09 -9.88597294 -9.22579236 -7.92848477 -6.31237165 -4.57132232 
2.78255940e-09 -9.88597294 -9.22579236 -7.92848477 -6.31237165 -4.57132232 
2.15443469e-09 -9.88597294 -9.22579236 -7.92848477 -6.31237165 -4.57132232 
1.66810054e-09 -9.88597294 -9.22579236 -7.92848477 -6.31237165 -4.57132232 
1.29154967e-09 -9.88597294 -9.22579236 -7.92848477 -6.31237165 -4.57132232 
1.00000000e-09 -9.88597294 -9.22579236 -7.92848477 -6.31237165 -4.57132232 
7.74263683e-10 -9.88597294 -9.22579236 -7.92848477 -6.31237165 -4.57132232 
5.99484250e-10 -9.88597294 -9.22579236 -7.92848477 -6.31237165 -4.57132232 
4.64158883e-10 -9.88597294 -9.22579236 -7.92848477 -6.31237165 -4.57132232 
3.59381366e-10 -9.88597294 -9.22579236 -7.92848477 -6.31237165 -4.57132232 
2.78255940e-10 -9.88597294 -9.22579236 -7.92848477 -6.31237165 -4.57132232 
2.15443469e-10 -9.88597294 -9.22579236 -7.92848477 -6.31237165 -4.57132232 
1.66810054e-10 -9.88597294 -9.22579236 -7.92848477 -6.31237165 -4.57132232 
1.29154967e-10 -9.88597294 -9.22579236 -7.92848477 -6.31237165 -4.57132232 
1.00000000e-10 -9.88597294 -9.22579236 -7.92848477 -6.31237165 -4.57132232 
P (bar) | log_N2O: -2σ | log_N2O: -1σ | log_N2O: median | log_N2O: +1σ | log_N2O: +2σ 
1.00000000e+01 -9.03269512 -6.27461594 -3.14708731 -1.81145894 -1.12505885 
7.74263683e+00 -9.03269512 -6.27461594 -3.14708731 -1.81145894 -1.12505885 
5.99484250e+00 -9.03269512 -6.27461594 -3.14708731 -1.81145894 -1.12505885 
4.64158883e+00 -9.03269512 -6.27461594 -3.14708731 -1.81145894 -1.12505885 
3.59381366e+00 -9.03269512 -6.27461594 -3.14708731 -1.81145894 -1.12505885 
2.78255940e+00 -9.03269512 -6.27461594 -3.14708731 -1.81145894 -1.12505885 
2.15443469e+00 -9.03269512 -6.27461594 -3.14708731 -1.81145894 -1.12505885 
1.66810054e+00 -9.03269512 -6.27461594 -3.14708731 -1.81145894 -1.12505885 
1.29154967e+00 -9.03269512 -6.27461594 -3.14708731 -1.81145894 -1.12505885 
1.00000000e+00 -9.03269512 -6.27461594 -3.14708731 -1.81145894 -1.12505885 
7.74263683e-01 -9.03269512 -6.27461594 -3.14708731 -1.81145894 -1.12505885 
5.99484250e-01 -9.03269512 -6.27461594 -3.14708731 -1.81145894 -1.12505885 
4.64158883e-01 -9.03269512 -6.27461594 -3.14708731 -1.81145894 -1.12505885 
3.59381366e-01 -9.03269512 -6.27461594 -3.14708731 -1.81145894 -1.12505885 
2.78255940e-01 -9.03269512 -6.27461594 -3.14708731 -1.81145894 -1.12505885 
2.15443469e-01 -9.03269512 -6.27461594 -3.14708731 -1.81145894 -1.12505885 
1.66810054e-01 -9.03269512 -6.27461594 -3.14708731 -1.81145894 -1.12505885 
1.29154967e-01 -9.03269512 -6.27461594 -3.14708731 -1.81145894 -1.12505885 
1.00000000e-01 -9.03269512 -6.27461594 -3.14708731 -1.81145894 -1.12505885 
7.74263683e-02 -9.03269512 -6.27461594 -3.14708731 -1.81145894 -1.12505885 
5.99484250e-02 -9.03269512 -6.27461594 -3.14708731 -1.81145894 -1.12505885 
4.64158883e-02 -9.03269512 -6.27461594 -3.14708731 -1.81145894 -1.12505885 
3.59381366e-02 -9.03269512 -6.27461594 -3.14708731 -1.81145894 -1.12505885 
2.78255940e-02 -9.03269512 -6.27461594 -3.14708731 -1.81145894 -1.12505885 
2.15443469e-02 -9.03269512 -6.27461594 -3.14708731 -1.81145894 -1.12505885 
1.66810054e-02 -9.03269512 -6.27461594 -3.14708731 -1.81145894 -1.12505885 
1.29154967e-02 -9.03269512 -6.27461594 -3.14708731 -1.81145894 -1.12505885 
1.00000000e-02 -9.03269512 -6.27461594 -3.14708731 -1.81145894 -1.12505885 
7.74263683e-03 -9.03269512 -6.27461594 -3.14708731 -1.81145894 -1.12505885 
5.99484250e-03 -9.03269512 -6.27461594 -3.14708731 -1.81145894 -1.12505885 
4.64158883e-03 -9.03269512 -6.27461594 -3.14708731 -1.81145894 -1.12505885 
3.59381366e-03 -9.03269512 -6.27461594 -3.14708731 -1.81145894 -1.12505885 
2.78255940e-03 -9.03269512 -6.27461594 -3.14708731 -1.81145894 -1.12505885 
2.15443469e-03 -9.03269512 -6.27461594 -3.14708731 -1.81145894 -1.12505885 
1.66810054e-03 -9.03269512 -6.27461594 -3.14708731 -1.81145894 -1.12505885 
1.29154967e-03 -9.03269512 -6.27461594 -3.14708731 -1.81145894 -1.12505885 
1.00000000e-03 -9.03269512 -6.27461594 -3.14708731 -1.81145894 -1.12505885 
7.74263683e-04 -9.03269512 -6.27461594 -3.14708731 -1.81145894 -1.12505885 
5.99484250e-04 -9.03269512 -6.27461594 -3.14708731 -1.81145894 -1.12505885 
4.64158883e-04 -9.03269512 -6.27461594 -3.14708731 -1.81145894 -1.12505885 
3.59381366e-04 -9.03269512 -6.27461594 -3.14708731 -1.81145894 -1.12505885 
2.78255940e-04 -9.03269512 -6.27461594 -3.14708731 -1.81145894 -1.12505885 
2.15443469e-04 -9.03269512 -6.27461594 -3.14708731 -1.81145894 -1.12505885 
1.66810054e-04 -9.03269512 -6.27461594 -3.14708731 -1.81145894 -1.12505885 
1.29154967e-04 -9.03269512 -6.27461594 -3.14708731 -1.81145894 -1.12505885 
1.00000000e-04 -9.03269512 -6.27461594 -3.14708731 -1.81145894 -1.12505885 
7.74263683e-05 -9.03269512 -6.27461594 -3.14708731 -1.81145894 -1.12505885 
5.99484250e-05 -9.03269512 -6.27461594 -3.14708731 -1.81145894 -1.12505885 
4.64158883e-05 -9.03269512 -6.27461594 -3.14708731 -1.81145894 -1.12505885 
3.59381366e-05 -9.03269512 -6.27461594 -3.14708731 -1.81145894 -1.12505885 
2.78255940e-05 -9.03269512 -6.27461594 -3.14708731 -1.81145894 -1.12505885 
2.15443469e-05 -9.03269512 -6.27461594 -3.14708731 -1.81145894 -1.12505885 
1.66810054e-05 -9.03269512 -6.27461594 -3.14708731 -1.81145894 -1.12505885 
1.29154967e-05 -9.03269512 -6.27461594 -3.14708731 -1.81145894 -1.12505885 
1.00000000e-05 -9.03269512 -6.27461594 -3.14708731 -1.81145894 -1.12505885 
7.74263683e-06 -9.03269512 -6.27461594 -3.14708731 -1.81145894 -1.12505885 
5.99484250e-06 -9.03269512 -6.27461594 -3.14708731 -1.81145894 -1.12505885 
4.64158883e-06 -9.03269512 -6.27461594 -3.14708731 -1.81145894 -1.12505885 
3.59381366e-06 -9.03269512 -6.27461594 -3.14708731 -1.81145894 -1.12505885 
2.78255940e-06 -9.03269512 -6.27461594 -3.14708731 -1.81145894 -1.12505885 
2.15443469e-06 -9.03269512 -6.27461594 -3.14708731 -1.81145894 -1.12505885 
1.66810054e-06 -9.03269512 -6.27461594 -3.14708731 -1.81145894 -1.12505885 
1.29154967e-06 -9.03269512 -6.27461594 -3.14708731 -1.81145894 -1.12505885 
1.00000000e-06 -9.03269512 -6.27461594 -3.14708731 -1.81145894 -1.12505885 
7.74263683e-07 -9.03269512 -6.27461594 -3.14708731 -1.81145894 -1.12505885 
5.99484250e-07 -9.03269512 -6.27461594 -3.14708731 -1.81145894 -1.12505885 
4.64158883e-07 -9.03269512 -6.27461594 -3.14708731 -1.81145894 -1.12505885 
3.59381366e-07 -9.03269512 -6.27461594 -3.14708731 -1.81145894 -1.12505885 
2.78255940e-07 -9.03269512 -6.27461594 -3.14708731 -1.81145894 -1.12505885 
2.15443469e-07 -9.03269512 -6.27461594 -3.14708731 -1.81145894 -1.12505885 
1.66810054e-07 -9.03269512 -6.27461594 -3.14708731 -1.81145894 -1.12505885 
1.29154967e-07 -9.03269512 -6.27461594 -3.14708731 -1.81145894 -1.12505885 
1.00000000e-07 -9.03269512 -6.27461594 -3.14708731 -1.81145894 -1.12505885 
7.74263683e-08 -9.03269512 -6.27461594 -3.14708731 -1.81145894 -1.12505885 
5.99484250e-08 -9.03269512 -6.27461594 -3.14708731 -1.81145894 -1.12505885 
4.64158883e-08 -9.03269512 -6.27461594 -3.14708731 -1.81145894 -1.12505885 
3.59381366e-08 -9.03269512 -6.27461594 -3.14708731 -1.81145894 -1.12505885 
2.78255940e-08 -9.03269512 -6.27461594 -3.14708731 -1.81145894 -1.12505885 
2.15443469e-08 -9.03269512 -6.27461594 -3.14708731 -1.81145894 -1.12505885 
1.66810054e-08 -9.03269512 -6.27461594 -3.14708731 -1.81145894 -1.12505885 
1.29154967e-08 -9.03269512 -6.27461594 -3.14708731 -1.81145894 -1.12505885 
1.00000000e-08 -9.03269512 -6.27461594 -3.14708731 -1.81145894 -1.12505885 
7.74263683e-09 -9.03269512 -6.27461594 -3.14708731 -1.81145894 -1.12505885 
5.99484250e-09 -9.03269512 -6.27461594 -3.14708731 -1.81145894 -1.12505885 
4.64158883e-09 -9.03269512 -6.27461594 -3.14708731 -1.81145894 -1.12505885 
3.59381366e-09 -9.03269512 -6.27461594 -3.14708731 -1.81145894 -1.12505885 
2.78255940e-09 -9.03269512 -6.27461594 -3.14708731 -1.81145894 -1.12505885 
2.15443469e-09 -9.03269512 -6.27461594 -3.14708731 -1.81145894 -1.12505885 
1.66810054e-09 -9.03269512 -6.27461594 -3.14708731 -1.81145894 -1.12505885 
1.29154967e-09 -9.03269512 -6.27461594 -3.14708731 -1.81145894 -1.12505885 
1.00000000e-09 -9.03269512 -6.27461594 -3.14708731 -1.81145894 -1.12505885 
7.74263683e-10 -9.03269512 -6.27461594 -3.14708731 -1.81145894 -1.12505885 
5.99484250e-10 -9.03269512 -6.27461594 -3.14708731 -1.81145894 -1.12505885 
4.64158883e-10 -9.03269512 -6.27461594 -3.14708731 -1.81145894 -1.12505885 
3.59381366e-10 -9.03269512 -6.27461594 -3.14708731 -1.81145894 -1.12505885 
2.78255940e-10 -9.03269512 -6.27461594 -3.14708731 -1.81145894 -1.12505885 
2.15443469e-10 -9.03269512 -6.27461594 -3.14708731 -1.81145894 -1.12505885 
1.66810054e-10 -9.03269512 -6.27461594 -3.14708731 -1.81145894 -1.12505885 
1.29154967e-10 -9.03269512 -6.27461594 -3.14708731 -1.81145894 -1.12505885 
1.00000000e-10 -9.03269512 -6.27461594 -3.14708731 -1.81145894 -1.12505885 
P (bar) | log_NH3: -2σ | log_NH3: -1σ | log_NH3: median | log_NH3: +1σ | log_NH3: +2σ 
1.00000000e+01 -9.79418787 -8.95668383 -6.95640023 -4.64843783 -2.53658214 
7.74263683e+00 -9.79418787 -8.95668383 -6.95640023 -4.64843783 -2.53658214 
5.99484250e+00 -9.79418787 -8.95668383 -6.95640023 -4.64843783 -2.53658214 
4.64158883e+00 -9.79418787 -8.95668383 -6.95640023 -4.64843783 -2.53658214 
3.59381366e+00 -9.79418787 -8.95668383 -6.95640023 -4.64843783 -2.53658214 
2.78255940e+00 -9.79418787 -8.95668383 -6.95640023 -4.64843783 -2.53658214 
2.15443469e+00 -9.79418787 -8.95668383 -6.95640023 -4.64843783 -2.53658214 
1.66810054e+00 -9.79418787 -8.95668383 -6.95640023 -4.64843783 -2.53658214 
1.29154967e+00 -9.79418787 -8.95668383 -6.95640023 -4.64843783 -2.53658214 
1.00000000e+00 -9.79418787 -8.95668383 -6.95640023 -4.64843783 -2.53658214 
7.74263683e-01 -9.79418787 -8.95668383 -6.95640023 -4.64843783 -2.53658214 
5.99484250e-01 -9.79418787 -8.95668383 -6.95640023 -4.64843783 -2.53658214 
4.64158883e-01 -9.79418787 -8.95668383 -6.95640023 -4.64843783 -2.53658214 
3.59381366e-01 -9.79418787 -8.95668383 -6.95640023 -4.64843783 -2.53658214 
2.78255940e-01 -9.79418787 -8.95668383 -6.95640023 -4.64843783 -2.53658214 
2.15443469e-01 -9.79418787 -8.95668383 -6.95640023 -4.64843783 -2.53658214 
1.66810054e-01 -9.79418787 -8.95668383 -6.95640023 -4.64843783 -2.53658214 
1.29154967e-01 -9.79418787 -8.95668383 -6.95640023 -4.64843783 -2.53658214 
1.00000000e-01 -9.79418787 -8.95668383 -6.95640023 -4.64843783 -2.53658214 
7.74263683e-02 -9.79418787 -8.95668383 -6.95640023 -4.64843783 -2.53658214 
5.99484250e-02 -9.79418787 -8.95668383 -6.95640023 -4.64843783 -2.53658214 
4.64158883e-02 -9.79418787 -8.95668383 -6.95640023 -4.64843783 -2.53658214 
3.59381366e-02 -9.79418787 -8.95668383 -6.95640023 -4.64843783 -2.53658214 
2.78255940e-02 -9.79418787 -8.95668383 -6.95640023 -4.64843783 -2.53658214 
2.15443469e-02 -9.79418787 -8.95668383 -6.95640023 -4.64843783 -2.53658214 
1.66810054e-02 -9.79418787 -8.95668383 -6.95640023 -4.64843783 -2.53658214 
1.29154967e-02 -9.79418787 -8.95668383 -6.95640023 -4.64843783 -2.53658214 
1.00000000e-02 -9.79418787 -8.95668383 -6.95640023 -4.64843783 -2.53658214 
7.74263683e-03 -9.79418787 -8.95668383 -6.95640023 -4.64843783 -2.53658214 
5.99484250e-03 -9.79418787 -8.95668383 -6.95640023 -4.64843783 -2.53658214 
4.64158883e-03 -9.79418787 -8.95668383 -6.95640023 -4.64843783 -2.53658214 
3.59381366e-03 -9.79418787 -8.95668383 -6.95640023 -4.64843783 -2.53658214 
2.78255940e-03 -9.79418787 -8.95668383 -6.95640023 -4.64843783 -2.53658214 
2.15443469e-03 -9.79418787 -8.95668383 -6.95640023 -4.64843783 -2.53658214 
1.66810054e-03 -9.79418787 -8.95668383 -6.95640023 -4.64843783 -2.53658214 
1.29154967e-03 -9.79418787 -8.95668383 -6.95640023 -4.64843783 -2.53658214 
1.00000000e-03 -9.79418787 -8.95668383 -6.95640023 -4.64843783 -2.53658214 
7.74263683e-04 -9.79418787 -8.95668383 -6.95640023 -4.64843783 -2.53658214 
5.99484250e-04 -9.79418787 -8.95668383 -6.95640023 -4.64843783 -2.53658214 
4.64158883e-04 -9.79418787 -8.95668383 -6.95640023 -4.64843783 -2.53658214 
3.59381366e-04 -9.79418787 -8.95668383 -6.95640023 -4.64843783 -2.53658214 
2.78255940e-04 -9.79418787 -8.95668383 -6.95640023 -4.64843783 -2.53658214 
2.15443469e-04 -9.79418787 -8.95668383 -6.95640023 -4.64843783 -2.53658214 
1.66810054e-04 -9.79418787 -8.95668383 -6.95640023 -4.64843783 -2.53658214 
1.29154967e-04 -9.79418787 -8.95668383 -6.95640023 -4.64843783 -2.53658214 
1.00000000e-04 -9.79418787 -8.95668383 -6.95640023 -4.64843783 -2.53658214 
7.74263683e-05 -9.79418787 -8.95668383 -6.95640023 -4.64843783 -2.53658214 
5.99484250e-05 -9.79418787 -8.95668383 -6.95640023 -4.64843783 -2.53658214 
4.64158883e-05 -9.79418787 -8.95668383 -6.95640023 -4.64843783 -2.53658214 
3.59381366e-05 -9.79418787 -8.95668383 -6.95640023 -4.64843783 -2.53658214 
2.78255940e-05 -9.79418787 -8.95668383 -6.95640023 -4.64843783 -2.53658214 
2.15443469e-05 -9.79418787 -8.95668383 -6.95640023 -4.64843783 -2.53658214 
1.66810054e-05 -9.79418787 -8.95668383 -6.95640023 -4.64843783 -2.53658214 
1.29154967e-05 -9.79418787 -8.95668383 -6.95640023 -4.64843783 -2.53658214 
1.00000000e-05 -9.79418787 -8.95668383 -6.95640023 -4.64843783 -2.53658214 
7.74263683e-06 -9.79418787 -8.95668383 -6.95640023 -4.64843783 -2.53658214 
5.99484250e-06 -9.79418787 -8.95668383 -6.95640023 -4.64843783 -2.53658214 
4.64158883e-06 -9.79418787 -8.95668383 -6.95640023 -4.64843783 -2.53658214 
3.59381366e-06 -9.79418787 -8.95668383 -6.95640023 -4.64843783 -2.53658214 
2.78255940e-06 -9.79418787 -8.95668383 -6.95640023 -4.64843783 -2.53658214 
2.15443469e-06 -9.79418787 -8.95668383 -6.95640023 -4.64843783 -2.53658214 
1.66810054e-06 -9.79418787 -8.95668383 -6.95640023 -4.64843783 -2.53658214 
1.29154967e-06 -9.79418787 -8.95668383 -6.95640023 -4.64843783 -2.53658214 
1.00000000e-06 -9.79418787 -8.95668383 -6.95640023 -4.64843783 -2.53658214 
7.74263683e-07 -9.79418787 -8.95668383 -6.95640023 -4.64843783 -2.53658214 
5.99484250e-07 -9.79418787 -8.95668383 -6.95640023 -4.64843783 -2.53658214 
4.64158883e-07 -9.79418787 -8.95668383 -6.95640023 -4.64843783 -2.53658214 
3.59381366e-07 -9.79418787 -8.95668383 -6.95640023 -4.64843783 -2.53658214 
2.78255940e-07 -9.79418787 -8.95668383 -6.95640023 -4.64843783 -2.53658214 
2.15443469e-07 -9.79418787 -8.95668383 -6.95640023 -4.64843783 -2.53658214 
1.66810054e-07 -9.79418787 -8.95668383 -6.95640023 -4.64843783 -2.53658214 
1.29154967e-07 -9.79418787 -8.95668383 -6.95640023 -4.64843783 -2.53658214 
1.00000000e-07 -9.79418787 -8.95668383 -6.95640023 -4.64843783 -2.53658214 
7.74263683e-08 -9.79418787 -8.95668383 -6.95640023 -4.64843783 -2.53658214 
5.99484250e-08 -9.79418787 -8.95668383 -6.95640023 -4.64843783 -2.53658214 
4.64158883e-08 -9.79418787 -8.95668383 -6.95640023 -4.64843783 -2.53658214 
3.59381366e-08 -9.79418787 -8.95668383 -6.95640023 -4.64843783 -2.53658214 
2.78255940e-08 -9.79418787 -8.95668383 -6.95640023 -4.64843783 -2.53658214 
2.15443469e-08 -9.79418787 -8.95668383 -6.95640023 -4.64843783 -2.53658214 
1.66810054e-08 -9.79418787 -8.95668383 -6.95640023 -4.64843783 -2.53658214 
1.29154967e-08 -9.79418787 -8.95668383 -6.95640023 -4.64843783 -2.53658214 
1.00000000e-08 -9.79418787 -8.95668383 -6.95640023 -4.64843783 -2.53658214 
7.74263683e-09 -9.79418787 -8.95668383 -6.95640023 -4.64843783 -2.53658214 
5.99484250e-09 -9.79418787 -8.95668383 -6.95640023 -4.64843783 -2.53658214 
4.64158883e-09 -9.79418787 -8.95668383 -6.95640023 -4.64843783 -2.53658214 
3.59381366e-09 -9.79418787 -8.95668383 -6.95640023 -4.64843783 -2.53658214 
2.78255940e-09 -9.79418787 -8.95668383 -6.95640023 -4.64843783 -2.53658214 
2.15443469e-09 -9.79418787 -8.95668383 -6.95640023 -4.64843783 -2.53658214 
1.66810054e-09 -9.79418787 -8.95668383 -6.95640023 -4.64843783 -2.53658214 
1.29154967e-09 -9.79418787 -8.95668383 -6.95640023 -4.64843783 -2.53658214 
1.00000000e-09 -9.79418787 -8.95668383 -6.95640023 -4.64843783 -2.53658214 
7.74263683e-10 -9.79418787 -8.95668383 -6.95640023 -4.64843783 -2.53658214 
5.99484250e-10 -9.79418787 -8.95668383 -6.95640023 -4.64843783 -2.53658214 
4.64158883e-10 -9.79418787 -8.95668383 -6.95640023 -4.64843783 -2.53658214 
3.59381366e-10 -9.79418787 -8.95668383 -6.95640023 -4.64843783 -2.53658214 
2.78255940e-10 -9.79418787 -8.95668383 -6.95640023 -4.64843783 -2.53658214 
2.15443469e-10 -9.79418787 -8.95668383 -6.95640023 -4.64843783 -2.53658214 
1.66810054e-10 -9.79418787 -8.95668383 -6.95640023 -4.64843783 -2.53658214 
1.29154967e-10 -9.79418787 -8.95668383 -6.95640023 -4.64843783 -2.53658214 
1.00000000e-10 -9.79418787 -8.95668383 -6.95640023 -4.64843783 -2.53658214 
