Chemical species: N2 H2O CO2 CH4 O2 O3 N2O NH3
P (bar) | log_N2: -2σ | log_N2: -1σ | log_N2: median | log_N2: +1σ | log_N2: +2σ 
1.00000000e+01 -0.57106697 -0.11282196 -0.02016957 -0.00873053 -0.00388217 
7.74263683e+00 -0.57106697 -0.11282196 -0.02016957 -0.00873053 -0.00388217 
5.99484250e+00 -0.57106697 -0.11282196 -0.02016957 -0.00873053 -0.00388217 
4.64158883e+00 -0.57106697 -0.11282196 -0.02016957 -0.00873053 -0.00388217 
3.59381366e+00 -0.57106697 -0.11282196 -0.02016957 -0.00873053 -0.00388217 
2.78255940e+00 -0.57106697 -0.11282196 -0.02016957 -0.00873053 -0.00388217 
2.15443469e+00 -0.57106697 -0.11282196 -0.02016957 -0.00873053 -0.00388217 
1.66810054e+00 -0.57106697 -0.11282196 -0.02016957 -0.00873053 -0.00388217 
1.29154967e+00 -0.57106697 -0.11282196 -0.02016957 -0.00873053 -0.00388217 
1.00000000e+00 -0.57106697 -0.11282196 -0.02016957 -0.00873053 -0.00388217 
7.74263683e-01 -0.57106697 -0.11282196 -0.02016957 -0.00873053 -0.00388217 
5.99484250e-01 -0.57106697 -0.11282196 -0.02016957 -0.00873053 -0.00388217 
4.64158883e-01 -0.57106697 -0.11282196 -0.02016957 -0.00873053 -0.00388217 
3.59381366e-01 -0.57106697 -0.11282196 -0.02016957 -0.00873053 -0.00388217 
2.78255940e-01 -0.57106697 -0.11282196 -0.02016957 -0.00873053 -0.00388217 
2.15443469e-01 -0.57106697 -0.11282196 -0.02016957 -0.00873053 -0.00388217 
1.66810054e-01 -0.57106697 -0.11282196 -0.02016957 -0.00873053 -0.00388217 
1.29154967e-01 -0.57106697 -0.11282196 -0.02016957 -0.00873053 -0.00388217 
1.00000000e-01 -0.57106697 -0.11282196 -0.02016957 -0.00873053 -0.00388217 
7.74263683e-02 -0.57106697 -0.11282196 -0.02016957 -0.00873053 -0.00388217 
5.99484250e-02 -0.57106697 -0.11282196 -0.02016957 -0.00873053 -0.00388217 
4.64158883e-02 -0.57106697 -0.11282196 -0.02016957 -0.00873053 -0.00388217 
3.59381366e-02 -0.57106697 -0.11282196 -0.02016957 -0.00873053 -0.00388217 
2.78255940e-02 -0.57106697 -0.11282196 -0.02016957 -0.00873053 -0.00388217 
2.15443469e-02 -0.57106697 -0.11282196 -0.02016957 -0.00873053 -0.00388217 
1.66810054e-02 -0.57106697 -0.11282196 -0.02016957 -0.00873053 -0.00388217 
1.29154967e-02 -0.57106697 -0.11282196 -0.02016957 -0.00873053 -0.00388217 
1.00000000e-02 -0.57106697 -0.11282196 -0.02016957 -0.00873053 -0.00388217 
7.74263683e-03 -0.57106697 -0.11282196 -0.02016957 -0.00873053 -0.00388217 
5.99484250e-03 -0.57106697 -0.11282196 -0.02016957 -0.00873053 -0.00388217 
4.64158883e-03 -0.57106697 -0.11282196 -0.02016957 -0.00873053 -0.00388217 
3.59381366e-03 -0.57106697 -0.11282196 -0.02016957 -0.00873053 -0.00388217 
2.78255940e-03 -0.57106697 -0.11282196 -0.02016957 -0.00873053 -0.00388217 
2.15443469e-03 -0.57106697 -0.11282196 -0.02016957 -0.00873053 -0.00388217 
1.66810054e-03 -0.57106697 -0.11282196 -0.02016957 -0.00873053 -0.00388217 
1.29154967e-03 -0.57106697 -0.11282196 -0.02016957 -0.00873053 -0.00388217 
1.00000000e-03 -0.57106697 -0.11282196 -0.02016957 -0.00873053 -0.00388217 
7.74263683e-04 -0.57106697 -0.11282196 -0.02016957 -0.00873053 -0.00388217 
5.99484250e-04 -0.57106697 -0.11282196 -0.02016957 -0.00873053 -0.00388217 
4.64158883e-04 -0.57106697 -0.11282196 -0.02016957 -0.00873053 -0.00388217 
3.59381366e-04 -0.57106697 -0.11282196 -0.02016957 -0.00873053 -0.00388217 
2.78255940e-04 -0.57106697 -0.11282196 -0.02016957 -0.00873053 -0.00388217 
2.15443469e-04 -0.57106697 -0.11282196 -0.02016957 -0.00873053 -0.00388217 
1.66810054e-04 -0.57106697 -0.11282196 -0.02016957 -0.00873053 -0.00388217 
1.29154967e-04 -0.57106697 -0.11282196 -0.02016957 -0.00873053 -0.00388217 
1.00000000e-04 -0.57106697 -0.11282196 -0.02016957 -0.00873053 -0.00388217 
7.74263683e-05 -0.57106697 -0.11282196 -0.02016957 -0.00873053 -0.00388217 
5.99484250e-05 -0.57106697 -0.11282196 -0.02016957 -0.00873053 -0.00388217 
4.64158883e-05 -0.57106697 -0.11282196 -0.02016957 -0.00873053 -0.00388217 
3.59381366e-05 -0.57106697 -0.11282196 -0.02016957 -0.00873053 -0.00388217 
2.78255940e-05 -0.57106697 -0.11282196 -0.02016957 -0.00873053 -0.00388217 
2.15443469e-05 -0.57106697 -0.11282196 -0.02016957 -0.00873053 -0.00388217 
1.66810054e-05 -0.57106697 -0.11282196 -0.02016957 -0.00873053 -0.00388217 
1.29154967e-05 -0.57106697 -0.11282196 -0.02016957 -0.00873053 -0.00388217 
1.00000000e-05 -0.57106697 -0.11282196 -0.02016957 -0.00873053 -0.00388217 
7.74263683e-06 -0.57106697 -0.11282196 -0.02016957 -0.00873053 -0.00388217 
5.99484250e-06 -0.57106697 -0.11282196 -0.02016957 -0.00873053 -0.00388217 
4.64158883e-06 -0.57106697 -0.11282196 -0.02016957 -0.00873053 -0.00388217 
3.59381366e-06 -0.57106697 -0.11282196 -0.02016957 -0.00873053 -0.00388217 
2.78255940e-06 -0.57106697 -0.11282196 -0.02016957 -0.00873053 -0.00388217 
2.15443469e-06 -0.57106697 -0.11282196 -0.02016957 -0.00873053 -0.00388217 
1.66810054e-06 -0.57106697 -0.11282196 -0.02016957 -0.00873053 -0.00388217 
1.29154967e-06 -0.57106697 -0.11282196 -0.02016957 -0.00873053 -0.00388217 
1.00000000e-06 -0.57106697 -0.11282196 -0.02016957 -0.00873053 -0.00388217 
7.74263683e-07 -0.57106697 -0.11282196 -0.02016957 -0.00873053 -0.00388217 
5.99484250e-07 -0.57106697 -0.11282196 -0.02016957 -0.00873053 -0.00388217 
4.64158883e-07 -0.57106697 -0.11282196 -0.02016957 -0.00873053 -0.00388217 
3.59381366e-07 -0.57106697 -0.11282196 -0.02016957 -0.00873053 -0.00388217 
2.78255940e-07 -0.57106697 -0.11282196 -0.02016957 -0.00873053 -0.00388217 
2.15443469e-07 -0.57106697 -0.11282196 -0.02016957 -0.00873053 -0.00388217 
1.66810054e-07 -0.57106697 -0.11282196 -0.02016957 -0.00873053 -0.00388217 
1.29154967e-07 -0.57106697 -0.11282196 -0.02016957 -0.00873053 -0.00388217 
1.00000000e-07 -0.57106697 -0.11282196 -0.02016957 -0.00873053 -0.00388217 
7.74263683e-08 -0.57106697 -0.11282196 -0.02016957 -0.00873053 -0.00388217 
5.99484250e-08 -0.57106697 -0.11282196 -0.02016957 -0.00873053 -0.00388217 
4.64158883e-08 -0.57106697 -0.11282196 -0.02016957 -0.00873053 -0.00388217 
3.59381366e-08 -0.57106697 -0.11282196 -0.02016957 -0.00873053 -0.00388217 
2.78255940e-08 -0.57106697 -0.11282196 -0.02016957 -0.00873053 -0.00388217 
2.15443469e-08 -0.57106697 -0.11282196 -0.02016957 -0.00873053 -0.00388217 
1.66810054e-08 -0.57106697 -0.11282196 -0.02016957 -0.00873053 -0.00388217 
1.29154967e-08 -0.57106697 -0.11282196 -0.02016957 -0.00873053 -0.00388217 
1.00000000e-08 -0.57106697 -0.11282196 -0.02016957 -0.00873053 -0.00388217 
7.74263683e-09 -0.57106697 -0.11282196 -0.02016957 -0.00873053 -0.00388217 
5.99484250e-09 -0.57106697 -0.11282196 -0.02016957 -0.00873053 -0.00388217 
4.64158883e-09 -0.57106697 -0.11282196 -0.02016957 -0.00873053 -0.00388217 
3.59381366e-09 -0.57106697 -0.11282196 -0.02016957 -0.00873053 -0.00388217 
2.78255940e-09 -0.57106697 -0.11282196 -0.02016957 -0.00873053 -0.00388217 
2.15443469e-09 -0.57106697 -0.11282196 -0.02016957 -0.00873053 -0.00388217 
1.66810054e-09 -0.57106697 -0.11282196 -0.02016957 -0.00873053 -0.00388217 
1.29154967e-09 -0.57106697 -0.11282196 -0.02016957 -0.00873053 -0.00388217 
1.00000000e-09 -0.57106697 -0.11282196 -0.02016957 -0.00873053 -0.00388217 
7.74263683e-10 -0.57106697 -0.11282196 -0.02016957 -0.00873053 -0.00388217 
5.99484250e-10 -0.57106697 -0.11282196 -0.02016957 -0.00873053 -0.00388217 
4.64158883e-10 -0.57106697 -0.11282196 -0.02016957 -0.00873053 -0.00388217 
3.59381366e-10 -0.57106697 -0.11282196 -0.02016957 -0.00873053 -0.00388217 
2.78255940e-10 -0.57106697 -0.11282196 -0.02016957 -0.00873053 -0.00388217 
2.15443469e-10 -0.57106697 -0.11282196 -0.02016957 -0.00873053 -0.00388217 
1.66810054e-10 -0.57106697 -0.11282196 -0.02016957 -0.00873053 -0.00388217 
1.29154967e-10 -0.57106697 -0.11282196 -0.02016957 -0.00873053 -0.00388217 
1.00000000e-10 -0.57106697 -0.11282196 -0.02016957 -0.00873053 -0.00388217 
P (bar) | log_H2O: -2σ | log_H2O: -1σ | log_H2O: median | log_H2O: +1σ | log_H2O: +2σ 
1.00000000e+01 -6.47796718 -5.75187169 -5.27088656 -4.83786924 -4.29289061 
7.74263683e+00 -6.47796718 -5.75187169 -5.27088656 -4.83786924 -4.29289061 
5.99484250e+00 -6.47796718 -5.75187169 -5.27088656 -4.83786924 -4.29289061 
4.64158883e+00 -6.47796718 -5.75187169 -5.27088656 -4.83786924 -4.29289061 
3.59381366e+00 -6.47796718 -5.75187169 -5.27088656 -4.83786924 -4.29289061 
2.78255940e+00 -6.47796718 -5.75187169 -5.27088656 -4.83786924 -4.29289061 
2.15443469e+00 -6.47796718 -5.75187169 -5.27088656 -4.83786924 -4.29289061 
1.66810054e+00 -6.47796718 -5.75187169 -5.27088656 -4.83786924 -4.29289061 
1.29154967e+00 -6.47796718 -5.75187169 -5.27088656 -4.83786924 -4.29289061 
1.00000000e+00 -6.47796718 -5.75187169 -5.27088656 -4.83786924 -4.29289061 
7.74263683e-01 -6.47796718 -5.75187169 -5.27088656 -4.83786924 -4.29289061 
5.99484250e-01 -6.47796718 -5.75187169 -5.27088656 -4.83786924 -4.29289061 
4.64158883e-01 -6.47796718 -5.75187169 -5.27088656 -4.83786924 -4.29289061 
3.59381366e-01 -6.47796718 -5.75187169 -5.27088656 -4.83786924 -4.29289061 
2.78255940e-01 -6.47796718 -5.75187169 -5.27088656 -4.83786924 -4.29289061 
2.15443469e-01 -6.47796718 -5.75187169 -5.27088656 -4.83786924 -4.29289061 
1.66810054e-01 -6.47796718 -5.75187169 -5.27088656 -4.83786924 -4.29289061 
1.29154967e-01 -6.47796718 -5.75187169 -5.27088656 -4.83786924 -4.29289061 
1.00000000e-01 -6.47796718 -5.75187169 -5.27088656 -4.83786924 -4.29289061 
7.74263683e-02 -6.47796718 -5.75187169 -5.27088656 -4.83786924 -4.29289061 
5.99484250e-02 -6.47796718 -5.75187169 -5.27088656 -4.83786924 -4.29289061 
4.64158883e-02 -6.47796718 -5.75187169 -5.27088656 -4.83786924 -4.29289061 
3.59381366e-02 -6.47796718 -5.75187169 -5.27088656 -4.83786924 -4.29289061 
2.78255940e-02 -6.47796718 -5.75187169 -5.27088656 -4.83786924 -4.29289061 
2.15443469e-02 -6.47796718 -5.75187169 -5.27088656 -4.83786924 -4.29289061 
1.66810054e-02 -6.47796718 -5.75187169 -5.27088656 -4.83786924 -4.29289061 
1.29154967e-02 -6.47796718 -5.75187169 -5.27088656 -4.83786924 -4.29289061 
1.00000000e-02 -6.47796718 -5.75187169 -5.27088656 -4.83786924 -4.29289061 
7.74263683e-03 -6.47796718 -5.75187169 -5.27088656 -4.83786924 -4.29289061 
5.99484250e-03 -6.47796718 -5.75187169 -5.27088656 -4.83786924 -4.29289061 
4.64158883e-03 -6.47796718 -5.75187169 -5.27088656 -4.83786924 -4.29289061 
3.59381366e-03 -6.47796718 -5.75187169 -5.27088656 -4.83786924 -4.29289061 
2.78255940e-03 -6.47796718 -5.75187169 -5.27088656 -4.83786924 -4.29289061 
2.15443469e-03 -6.47796718 -5.75187169 -5.27088656 -4.83786924 -4.29289061 
1.66810054e-03 -6.47796718 -5.75187169 -5.27088656 -4.83786924 -4.29289061 
1.29154967e-03 -6.47796718 -5.75187169 -5.27088656 -4.83786924 -4.29289061 
1.00000000e-03 -6.47796718 -5.75187169 -5.27088656 -4.83786924 -4.29289061 
7.74263683e-04 -6.47796718 -5.75187169 -5.27088656 -4.83786924 -4.29289061 
5.99484250e-04 -6.47796718 -5.75187169 -5.27088656 -4.83786924 -4.29289061 
4.64158883e-04 -6.47796718 -5.75187169 -5.27088656 -4.83786924 -4.29289061 
3.59381366e-04 -6.47796718 -5.75187169 -5.27088656 -4.83786924 -4.29289061 
2.78255940e-04 -6.47796718 -5.75187169 -5.27088656 -4.83786924 -4.29289061 
2.15443469e-04 -6.47796718 -5.75187169 -5.27088656 -4.83786924 -4.29289061 
1.66810054e-04 -6.47796718 -5.75187169 -5.27088656 -4.83786924 -4.29289061 
1.29154967e-04 -6.47796718 -5.75187169 -5.27088656 -4.83786924 -4.29289061 
1.00000000e-04 -6.47796718 -5.75187169 -5.27088656 -4.83786924 -4.29289061 
7.74263683e-05 -6.47796718 -5.75187169 -5.27088656 -4.83786924 -4.29289061 
5.99484250e-05 -6.47796718 -5.75187169 -5.27088656 -4.83786924 -4.29289061 
4.64158883e-05 -6.47796718 -5.75187169 -5.27088656 -4.83786924 -4.29289061 
3.59381366e-05 -6.47796718 -5.75187169 -5.27088656 -4.83786924 -4.29289061 
2.78255940e-05 -6.47796718 -5.75187169 -5.27088656 -4.83786924 -4.29289061 
2.15443469e-05 -6.47796718 -5.75187169 -5.27088656 -4.83786924 -4.29289061 
1.66810054e-05 -6.47796718 -5.75187169 -5.27088656 -4.83786924 -4.29289061 
1.29154967e-05 -6.47796718 -5.75187169 -5.27088656 -4.83786924 -4.29289061 
1.00000000e-05 -6.47796718 -5.75187169 -5.27088656 -4.83786924 -4.29289061 
7.74263683e-06 -6.47796718 -5.75187169 -5.27088656 -4.83786924 -4.29289061 
5.99484250e-06 -6.47796718 -5.75187169 -5.27088656 -4.83786924 -4.29289061 
4.64158883e-06 -6.47796718 -5.75187169 -5.27088656 -4.83786924 -4.29289061 
3.59381366e-06 -6.47796718 -5.75187169 -5.27088656 -4.83786924 -4.29289061 
2.78255940e-06 -6.47796718 -5.75187169 -5.27088656 -4.83786924 -4.29289061 
2.15443469e-06 -6.47796718 -5.75187169 -5.27088656 -4.83786924 -4.29289061 
1.66810054e-06 -6.47796718 -5.75187169 -5.27088656 -4.83786924 -4.29289061 
1.29154967e-06 -6.47796718 -5.75187169 -5.27088656 -4.83786924 -4.29289061 
1.00000000e-06 -6.47796718 -5.75187169 -5.27088656 -4.83786924 -4.29289061 
7.74263683e-07 -6.47796718 -5.75187169 -5.27088656 -4.83786924 -4.29289061 
5.99484250e-07 -6.47796718 -5.75187169 -5.27088656 -4.83786924 -4.29289061 
4.64158883e-07 -6.47796718 -5.75187169 -5.27088656 -4.83786924 -4.29289061 
3.59381366e-07 -6.47796718 -5.75187169 -5.27088656 -4.83786924 -4.29289061 
2.78255940e-07 -6.47796718 -5.75187169 -5.27088656 -4.83786924 -4.29289061 
2.15443469e-07 -6.47796718 -5.75187169 -5.27088656 -4.83786924 -4.29289061 
1.66810054e-07 -6.47796718 -5.75187169 -5.27088656 -4.83786924 -4.29289061 
1.29154967e-07 -6.47796718 -5.75187169 -5.27088656 -4.83786924 -4.29289061 
1.00000000e-07 -6.47796718 -5.75187169 -5.27088656 -4.83786924 -4.29289061 
7.74263683e-08 -6.47796718 -5.75187169 -5.27088656 -4.83786924 -4.29289061 
5.99484250e-08 -6.47796718 -5.75187169 -5.27088656 -4.83786924 -4.29289061 
4.64158883e-08 -6.47796718 -5.75187169 -5.27088656 -4.83786924 -4.29289061 
3.59381366e-08 -6.47796718 -5.75187169 -5.27088656 -4.83786924 -4.29289061 
2.78255940e-08 -6.47796718 -5.75187169 -5.27088656 -4.83786924 -4.29289061 
2.15443469e-08 -6.47796718 -5.75187169 -5.27088656 -4.83786924 -4.29289061 
1.66810054e-08 -6.47796718 -5.75187169 -5.27088656 -4.83786924 -4.29289061 
1.29154967e-08 -6.47796718 -5.75187169 -5.27088656 -4.83786924 -4.29289061 
1.00000000e-08 -6.47796718 -5.75187169 -5.27088656 -4.83786924 -4.29289061 
7.74263683e-09 -6.47796718 -5.75187169 -5.27088656 -4.83786924 -4.29289061 
5.99484250e-09 -6.47796718 -5.75187169 -5.27088656 -4.83786924 -4.29289061 
4.64158883e-09 -6.47796718 -5.75187169 -5.27088656 -4.83786924 -4.29289061 
3.59381366e-09 -6.47796718 -5.75187169 -5.27088656 -4.83786924 -4.29289061 
2.78255940e-09 -6.47796718 -5.75187169 -5.27088656 -4.83786924 -4.29289061 
2.15443469e-09 -6.47796718 -5.75187169 -5.27088656 -4.83786924 -4.29289061 
1.66810054e-09 -6.47796718 -5.75187169 -5.27088656 -4.83786924 -4.29289061 
1.29154967e-09 -6.47796718 -5.75187169 -5.27088656 -4.83786924 -4.29289061 
1.00000000e-09 -6.47796718 -5.75187169 -5.27088656 -4.83786924 -4.29289061 
7.74263683e-10 -6.47796718 -5.75187169 -5.27088656 -4.83786924 -4.29289061 
5.99484250e-10 -6.47796718 -5.75187169 -5.27088656 -4.83786924 -4.29289061 
4.64158883e-10 -6.47796718 -5.75187169 -5.27088656 -4.83786924 -4.29289061 
3.59381366e-10 -6.47796718 -5.75187169 -5.27088656 -4.83786924 -4.29289061 
2.78255940e-10 -6.47796718 -5.75187169 -5.27088656 -4.83786924 -4.29289061 
2.15443469e-10 -6.47796718 -5.75187169 -5.27088656 -4.83786924 -4.29289061 
1.66810054e-10 -6.47796718 -5.75187169 -5.27088656 -4.83786924 -4.29289061 
1.29154967e-10 -6.47796718 -5.75187169 -5.27088656 -4.83786924 -4.29289061 
1.00000000e-10 -6.47796718 -5.75187169 -5.27088656 -4.83786924 -4.29289061 
P (bar) | log_CO2: -2σ | log_CO2: -1σ | log_CO2: median | log_CO2: +1σ | log_CO2: +2σ 
1.00000000e+01 -2.06555675 -1.76826157 -1.41288959 -0.71421830 -0.15963623 
7.74263683e+00 -2.06555675 -1.76826157 -1.41288959 -0.71421830 -0.15963623 
5.99484250e+00 -2.06555675 -1.76826157 -1.41288959 -0.71421830 -0.15963623 
4.64158883e+00 -2.06555675 -1.76826157 -1.41288959 -0.71421830 -0.15963623 
3.59381366e+00 -2.06555675 -1.76826157 -1.41288959 -0.71421830 -0.15963623 
2.78255940e+00 -2.06555675 -1.76826157 -1.41288959 -0.71421830 -0.15963623 
2.15443469e+00 -2.06555675 -1.76826157 -1.41288959 -0.71421830 -0.15963623 
1.66810054e+00 -2.06555675 -1.76826157 -1.41288959 -0.71421830 -0.15963623 
1.29154967e+00 -2.06555675 -1.76826157 -1.41288959 -0.71421830 -0.15963623 
1.00000000e+00 -2.06555675 -1.76826157 -1.41288959 -0.71421830 -0.15963623 
7.74263683e-01 -2.06555675 -1.76826157 -1.41288959 -0.71421830 -0.15963623 
5.99484250e-01 -2.06555675 -1.76826157 -1.41288959 -0.71421830 -0.15963623 
4.64158883e-01 -2.06555675 -1.76826157 -1.41288959 -0.71421830 -0.15963623 
3.59381366e-01 -2.06555675 -1.76826157 -1.41288959 -0.71421830 -0.15963623 
2.78255940e-01 -2.06555675 -1.76826157 -1.41288959 -0.71421830 -0.15963623 
2.15443469e-01 -2.06555675 -1.76826157 -1.41288959 -0.71421830 -0.15963623 
1.66810054e-01 -2.06555675 -1.76826157 -1.41288959 -0.71421830 -0.15963623 
1.29154967e-01 -2.06555675 -1.76826157 -1.41288959 -0.71421830 -0.15963623 
1.00000000e-01 -2.06555675 -1.76826157 -1.41288959 -0.71421830 -0.15963623 
7.74263683e-02 -2.06555675 -1.76826157 -1.41288959 -0.71421830 -0.15963623 
5.99484250e-02 -2.06555675 -1.76826157 -1.41288959 -0.71421830 -0.15963623 
4.64158883e-02 -2.06555675 -1.76826157 -1.41288959 -0.71421830 -0.15963623 
3.59381366e-02 -2.06555675 -1.76826157 -1.41288959 -0.71421830 -0.15963623 
2.78255940e-02 -2.06555675 -1.76826157 -1.41288959 -0.71421830 -0.15963623 
2.15443469e-02 -2.06555675 -1.76826157 -1.41288959 -0.71421830 -0.15963623 
1.66810054e-02 -2.06555675 -1.76826157 -1.41288959 -0.71421830 -0.15963623 
1.29154967e-02 -2.06555675 -1.76826157 -1.41288959 -0.71421830 -0.15963623 
1.00000000e-02 -2.06555675 -1.76826157 -1.41288959 -0.71421830 -0.15963623 
7.74263683e-03 -2.06555675 -1.76826157 -1.41288959 -0.71421830 -0.15963623 
5.99484250e-03 -2.06555675 -1.76826157 -1.41288959 -0.71421830 -0.15963623 
4.64158883e-03 -2.06555675 -1.76826157 -1.41288959 -0.71421830 -0.15963623 
3.59381366e-03 -2.06555675 -1.76826157 -1.41288959 -0.71421830 -0.15963623 
2.78255940e-03 -2.06555675 -1.76826157 -1.41288959 -0.71421830 -0.15963623 
2.15443469e-03 -2.06555675 -1.76826157 -1.41288959 -0.71421830 -0.15963623 
1.66810054e-03 -2.06555675 -1.76826157 -1.41288959 -0.71421830 -0.15963623 
1.29154967e-03 -2.06555675 -1.76826157 -1.41288959 -0.71421830 -0.15963623 
1.00000000e-03 -2.06555675 -1.76826157 -1.41288959 -0.71421830 -0.15963623 
7.74263683e-04 -2.06555675 -1.76826157 -1.41288959 -0.71421830 -0.15963623 
5.99484250e-04 -2.06555675 -1.76826157 -1.41288959 -0.71421830 -0.15963623 
4.64158883e-04 -2.06555675 -1.76826157 -1.41288959 -0.71421830 -0.15963623 
3.59381366e-04 -2.06555675 -1.76826157 -1.41288959 -0.71421830 -0.15963623 
2.78255940e-04 -2.06555675 -1.76826157 -1.41288959 -0.71421830 -0.15963623 
2.15443469e-04 -2.06555675 -1.76826157 -1.41288959 -0.71421830 -0.15963623 
1.66810054e-04 -2.06555675 -1.76826157 -1.41288959 -0.71421830 -0.15963623 
1.29154967e-04 -2.06555675 -1.76826157 -1.41288959 -0.71421830 -0.15963623 
1.00000000e-04 -2.06555675 -1.76826157 -1.41288959 -0.71421830 -0.15963623 
7.74263683e-05 -2.06555675 -1.76826157 -1.41288959 -0.71421830 -0.15963623 
5.99484250e-05 -2.06555675 -1.76826157 -1.41288959 -0.71421830 -0.15963623 
4.64158883e-05 -2.06555675 -1.76826157 -1.41288959 -0.71421830 -0.15963623 
3.59381366e-05 -2.06555675 -1.76826157 -1.41288959 -0.71421830 -0.15963623 
2.78255940e-05 -2.06555675 -1.76826157 -1.41288959 -0.71421830 -0.15963623 
2.15443469e-05 -2.06555675 -1.76826157 -1.41288959 -0.71421830 -0.15963623 
1.66810054e-05 -2.06555675 -1.76826157 -1.41288959 -0.71421830 -0.15963623 
1.29154967e-05 -2.06555675 -1.76826157 -1.41288959 -0.71421830 -0.15963623 
1.00000000e-05 -2.06555675 -1.76826157 -1.41288959 -0.71421830 -0.15963623 
7.74263683e-06 -2.06555675 -1.76826157 -1.41288959 -0.71421830 -0.15963623 
5.99484250e-06 -2.06555675 -1.76826157 -1.41288959 -0.71421830 -0.15963623 
4.64158883e-06 -2.06555675 -1.76826157 -1.41288959 -0.71421830 -0.15963623 
3.59381366e-06 -2.06555675 -1.76826157 -1.41288959 -0.71421830 -0.15963623 
2.78255940e-06 -2.06555675 -1.76826157 -1.41288959 -0.71421830 -0.15963623 
2.15443469e-06 -2.06555675 -1.76826157 -1.41288959 -0.71421830 -0.15963623 
1.66810054e-06 -2.06555675 -1.76826157 -1.41288959 -0.71421830 -0.15963623 
1.29154967e-06 -2.06555675 -1.76826157 -1.41288959 -0.71421830 -0.15963623 
1.00000000e-06 -2.06555675 -1.76826157 -1.41288959 -0.71421830 -0.15963623 
7.74263683e-07 -2.06555675 -1.76826157 -1.41288959 -0.71421830 -0.15963623 
5.99484250e-07 -2.06555675 -1.76826157 -1.41288959 -0.71421830 -0.15963623 
4.64158883e-07 -2.06555675 -1.76826157 -1.41288959 -0.71421830 -0.15963623 
3.59381366e-07 -2.06555675 -1.76826157 -1.41288959 -0.71421830 -0.15963623 
2.78255940e-07 -2.06555675 -1.76826157 -1.41288959 -0.71421830 -0.15963623 
2.15443469e-07 -2.06555675 -1.76826157 -1.41288959 -0.71421830 -0.15963623 
1.66810054e-07 -2.06555675 -1.76826157 -1.41288959 -0.71421830 -0.15963623 
1.29154967e-07 -2.06555675 -1.76826157 -1.41288959 -0.71421830 -0.15963623 
1.00000000e-07 -2.06555675 -1.76826157 -1.41288959 -0.71421830 -0.15963623 
7.74263683e-08 -2.06555675 -1.76826157 -1.41288959 -0.71421830 -0.15963623 
5.99484250e-08 -2.06555675 -1.76826157 -1.41288959 -0.71421830 -0.15963623 
4.64158883e-08 -2.06555675 -1.76826157 -1.41288959 -0.71421830 -0.15963623 
3.59381366e-08 -2.06555675 -1.76826157 -1.41288959 -0.71421830 -0.15963623 
2.78255940e-08 -2.06555675 -1.76826157 -1.41288959 -0.71421830 -0.15963623 
2.15443469e-08 -2.06555675 -1.76826157 -1.41288959 -0.71421830 -0.15963623 
1.66810054e-08 -2.06555675 -1.76826157 -1.41288959 -0.71421830 -0.15963623 
1.29154967e-08 -2.06555675 -1.76826157 -1.41288959 -0.71421830 -0.15963623 
1.00000000e-08 -2.06555675 -1.76826157 -1.41288959 -0.71421830 -0.15963623 
7.74263683e-09 -2.06555675 -1.76826157 -1.41288959 -0.71421830 -0.15963623 
5.99484250e-09 -2.06555675 -1.76826157 -1.41288959 -0.71421830 -0.15963623 
4.64158883e-09 -2.06555675 -1.76826157 -1.41288959 -0.71421830 -0.15963623 
3.59381366e-09 -2.06555675 -1.76826157 -1.41288959 -0.71421830 -0.15963623 
2.78255940e-09 -2.06555675 -1.76826157 -1.41288959 -0.71421830 -0.15963623 
2.15443469e-09 -2.06555675 -1.76826157 -1.41288959 -0.71421830 -0.15963623 
1.66810054e-09 -2.06555675 -1.76826157 -1.41288959 -0.71421830 -0.15963623 
1.29154967e-09 -2.06555675 -1.76826157 -1.41288959 -0.71421830 -0.15963623 
1.00000000e-09 -2.06555675 -1.76826157 -1.41288959 -0.71421830 -0.15963623 
7.74263683e-10 -2.06555675 -1.76826157 -1.41288959 -0.71421830 -0.15963623 
5.99484250e-10 -2.06555675 -1.76826157 -1.41288959 -0.71421830 -0.15963623 
4.64158883e-10 -2.06555675 -1.76826157 -1.41288959 -0.71421830 -0.15963623 
3.59381366e-10 -2.06555675 -1.76826157 -1.41288959 -0.71421830 -0.15963623 
2.78255940e-10 -2.06555675 -1.76826157 -1.41288959 -0.71421830 -0.15963623 
2.15443469e-10 -2.06555675 -1.76826157 -1.41288959 -0.71421830 -0.15963623 
1.66810054e-10 -2.06555675 -1.76826157 -1.41288959 -0.71421830 -0.15963623 
1.29154967e-10 -2.06555675 -1.76826157 -1.41288959 -0.71421830 -0.15963623 
1.00000000e-10 -2.06555675 -1.76826157 -1.41288959 -0.71421830 -0.15963623 
P (bar) | log_CH4: -2σ | log_CH4: -1σ | log_CH4: median | log_CH4: +1σ | log_CH4: +2σ 
1.00000000e+01 -4.70232888 -4.51672219 -4.27946516 -3.87780290 -3.44492336 
7.74263683e+00 -4.70232888 -4.51672219 -4.27946516 -3.87780290 -3.44492336 
5.99484250e+00 -4.70232888 -4.51672219 -4.27946516 -3.87780290 -3.44492336 
4.64158883e+00 -4.70232888 -4.51672219 -4.27946516 -3.87780290 -3.44492336 
3.59381366e+00 -4.70232888 -4.51672219 -4.27946516 -3.87780290 -3.44492336 
2.78255940e+00 -4.70232888 -4.51672219 -4.27946516 -3.87780290 -3.44492336 
2.15443469e+00 -4.70232888 -4.51672219 -4.27946516 -3.87780290 -3.44492336 
1.66810054e+00 -4.70232888 -4.51672219 -4.27946516 -3.87780290 -3.44492336 
1.29154967e+00 -4.70232888 -4.51672219 -4.27946516 -3.87780290 -3.44492336 
1.00000000e+00 -4.70232888 -4.51672219 -4.27946516 -3.87780290 -3.44492336 
7.74263683e-01 -4.70232888 -4.51672219 -4.27946516 -3.87780290 -3.44492336 
5.99484250e-01 -4.70232888 -4.51672219 -4.27946516 -3.87780290 -3.44492336 
4.64158883e-01 -4.70232888 -4.51672219 -4.27946516 -3.87780290 -3.44492336 
3.59381366e-01 -4.70232888 -4.51672219 -4.27946516 -3.87780290 -3.44492336 
2.78255940e-01 -4.70232888 -4.51672219 -4.27946516 -3.87780290 -3.44492336 
2.15443469e-01 -4.70232888 -4.51672219 -4.27946516 -3.87780290 -3.44492336 
1.66810054e-01 -4.70232888 -4.51672219 -4.27946516 -3.87780290 -3.44492336 
1.29154967e-01 -4.70232888 -4.51672219 -4.27946516 -3.87780290 -3.44492336 
1.00000000e-01 -4.70232888 -4.51672219 -4.27946516 -3.87780290 -3.44492336 
7.74263683e-02 -4.70232888 -4.51672219 -4.27946516 -3.87780290 -3.44492336 
5.99484250e-02 -4.70232888 -4.51672219 -4.27946516 -3.87780290 -3.44492336 
4.64158883e-02 -4.70232888 -4.51672219 -4.27946516 -3.87780290 -3.44492336 
3.59381366e-02 -4.70232888 -4.51672219 -4.27946516 -3.87780290 -3.44492336 
2.78255940e-02 -4.70232888 -4.51672219 -4.27946516 -3.87780290 -3.44492336 
2.15443469e-02 -4.70232888 -4.51672219 -4.27946516 -3.87780290 -3.44492336 
1.66810054e-02 -4.70232888 -4.51672219 -4.27946516 -3.87780290 -3.44492336 
1.29154967e-02 -4.70232888 -4.51672219 -4.27946516 -3.87780290 -3.44492336 
1.00000000e-02 -4.70232888 -4.51672219 -4.27946516 -3.87780290 -3.44492336 
7.74263683e-03 -4.70232888 -4.51672219 -4.27946516 -3.87780290 -3.44492336 
5.99484250e-03 -4.70232888 -4.51672219 -4.27946516 -3.87780290 -3.44492336 
4.64158883e-03 -4.70232888 -4.51672219 -4.27946516 -3.87780290 -3.44492336 
3.59381366e-03 -4.70232888 -4.51672219 -4.27946516 -3.87780290 -3.44492336 
2.78255940e-03 -4.70232888 -4.51672219 -4.27946516 -3.87780290 -3.44492336 
2.15443469e-03 -4.70232888 -4.51672219 -4.27946516 -3.87780290 -3.44492336 
1.66810054e-03 -4.70232888 -4.51672219 -4.27946516 -3.87780290 -3.44492336 
1.29154967e-03 -4.70232888 -4.51672219 -4.27946516 -3.87780290 -3.44492336 
1.00000000e-03 -4.70232888 -4.51672219 -4.27946516 -3.87780290 -3.44492336 
7.74263683e-04 -4.70232888 -4.51672219 -4.27946516 -3.87780290 -3.44492336 
5.99484250e-04 -4.70232888 -4.51672219 -4.27946516 -3.87780290 -3.44492336 
4.64158883e-04 -4.70232888 -4.51672219 -4.27946516 -3.87780290 -3.44492336 
3.59381366e-04 -4.70232888 -4.51672219 -4.27946516 -3.87780290 -3.44492336 
2.78255940e-04 -4.70232888 -4.51672219 -4.27946516 -3.87780290 -3.44492336 
2.15443469e-04 -4.70232888 -4.51672219 -4.27946516 -3.87780290 -3.44492336 
1.66810054e-04 -4.70232888 -4.51672219 -4.27946516 -3.87780290 -3.44492336 
1.29154967e-04 -4.70232888 -4.51672219 -4.27946516 -3.87780290 -3.44492336 
1.00000000e-04 -4.70232888 -4.51672219 -4.27946516 -3.87780290 -3.44492336 
7.74263683e-05 -4.70232888 -4.51672219 -4.27946516 -3.87780290 -3.44492336 
5.99484250e-05 -4.70232888 -4.51672219 -4.27946516 -3.87780290 -3.44492336 
4.64158883e-05 -4.70232888 -4.51672219 -4.27946516 -3.87780290 -3.44492336 
3.59381366e-05 -4.70232888 -4.51672219 -4.27946516 -3.87780290 -3.44492336 
2.78255940e-05 -4.70232888 -4.51672219 -4.27946516 -3.87780290 -3.44492336 
2.15443469e-05 -4.70232888 -4.51672219 -4.27946516 -3.87780290 -3.44492336 
1.66810054e-05 -4.70232888 -4.51672219 -4.27946516 -3.87780290 -3.44492336 
1.29154967e-05 -4.70232888 -4.51672219 -4.27946516 -3.87780290 -3.44492336 
1.00000000e-05 -4.70232888 -4.51672219 -4.27946516 -3.87780290 -3.44492336 
7.74263683e-06 -4.70232888 -4.51672219 -4.27946516 -3.87780290 -3.44492336 
5.99484250e-06 -4.70232888 -4.51672219 -4.27946516 -3.87780290 -3.44492336 
4.64158883e-06 -4.70232888 -4.51672219 -4.27946516 -3.87780290 -3.44492336 
3.59381366e-06 -4.70232888 -4.51672219 -4.27946516 -3.87780290 -3.44492336 
2.78255940e-06 -4.70232888 -4.51672219 -4.27946516 -3.87780290 -3.44492336 
2.15443469e-06 -4.70232888 -4.51672219 -4.27946516 -3.87780290 -3.44492336 
1.66810054e-06 -4.70232888 -4.51672219 -4.27946516 -3.87780290 -3.44492336 
1.29154967e-06 -4.70232888 -4.51672219 -4.27946516 -3.87780290 -3.44492336 
1.00000000e-06 -4.70232888 -4.51672219 -4.27946516 -3.87780290 -3.44492336 
7.74263683e-07 -4.70232888 -4.51672219 -4.27946516 -3.87780290 -3.44492336 
5.99484250e-07 -4.70232888 -4.51672219 -4.27946516 -3.87780290 -3.44492336 
4.64158883e-07 -4.70232888 -4.51672219 -4.27946516 -3.87780290 -3.44492336 
3.59381366e-07 -4.70232888 -4.51672219 -4.27946516 -3.87780290 -3.44492336 
2.78255940e-07 -4.70232888 -4.51672219 -4.27946516 -3.87780290 -3.44492336 
2.15443469e-07 -4.70232888 -4.51672219 -4.27946516 -3.87780290 -3.44492336 
1.66810054e-07 -4.70232888 -4.51672219 -4.27946516 -3.87780290 -3.44492336 
1.29154967e-07 -4.70232888 -4.51672219 -4.27946516 -3.87780290 -3.44492336 
1.00000000e-07 -4.70232888 -4.51672219 -4.27946516 -3.87780290 -3.44492336 
7.74263683e-08 -4.70232888 -4.51672219 -4.27946516 -3.87780290 -3.44492336 
5.99484250e-08 -4.70232888 -4.51672219 -4.27946516 -3.87780290 -3.44492336 
4.64158883e-08 -4.70232888 -4.51672219 -4.27946516 -3.87780290 -3.44492336 
3.59381366e-08 -4.70232888 -4.51672219 -4.27946516 -3.87780290 -3.44492336 
2.78255940e-08 -4.70232888 -4.51672219 -4.27946516 -3.87780290 -3.44492336 
2.15443469e-08 -4.70232888 -4.51672219 -4.27946516 -3.87780290 -3.44492336 
1.66810054e-08 -4.70232888 -4.51672219 -4.27946516 -3.87780290 -3.44492336 
1.29154967e-08 -4.70232888 -4.51672219 -4.27946516 -3.87780290 -3.44492336 
1.00000000e-08 -4.70232888 -4.51672219 -4.27946516 -3.87780290 -3.44492336 
7.74263683e-09 -4.70232888 -4.51672219 -4.27946516 -3.87780290 -3.44492336 
5.99484250e-09 -4.70232888 -4.51672219 -4.27946516 -3.87780290 -3.44492336 
4.64158883e-09 -4.70232888 -4.51672219 -4.27946516 -3.87780290 -3.44492336 
3.59381366e-09 -4.70232888 -4.51672219 -4.27946516 -3.87780290 -3.44492336 
2.78255940e-09 -4.70232888 -4.51672219 -4.27946516 -3.87780290 -3.44492336 
2.15443469e-09 -4.70232888 -4.51672219 -4.27946516 -3.87780290 -3.44492336 
1.66810054e-09 -4.70232888 -4.51672219 -4.27946516 -3.87780290 -3.44492336 
1.29154967e-09 -4.70232888 -4.51672219 -4.27946516 -3.87780290 -3.44492336 
1.00000000e-09 -4.70232888 -4.51672219 -4.27946516 -3.87780290 -3.44492336 
7.74263683e-10 -4.70232888 -4.51672219 -4.27946516 -3.87780290 -3.44492336 
5.99484250e-10 -4.70232888 -4.51672219 -4.27946516 -3.87780290 -3.44492336 
4.64158883e-10 -4.70232888 -4.51672219 -4.27946516 -3.87780290 -3.44492336 
3.59381366e-10 -4.70232888 -4.51672219 -4.27946516 -3.87780290 -3.44492336 
2.78255940e-10 -4.70232888 -4.51672219 -4.27946516 -3.87780290 -3.44492336 
2.15443469e-10 -4.70232888 -4.51672219 -4.27946516 -3.87780290 -3.44492336 
1.66810054e-10 -4.70232888 -4.51672219 -4.27946516 -3.87780290 -3.44492336 
1.29154967e-10 -4.70232888 -4.51672219 -4.27946516 -3.87780290 -3.44492336 
1.00000000e-10 -4.70232888 -4.51672219 -4.27946516 -3.87780290 -3.44492336 
P (bar) | log_O2: -2σ | log_O2: -1σ | log_O2: median | log_O2: +1σ | log_O2: +2σ 
1.00000000e+01 -9.69653091 -8.37249416 -5.04842088 -1.86839655 -0.79681912 
7.74263683e+00 -9.69653091 -8.37249416 -5.04842088 -1.86839655 -0.79681912 
5.99484250e+00 -9.69653091 -8.37249416 -5.04842088 -1.86839655 -0.79681912 
4.64158883e+00 -9.69653091 -8.37249416 -5.04842088 -1.86839655 -0.79681912 
3.59381366e+00 -9.69653091 -8.37249416 -5.04842088 -1.86839655 -0.79681912 
2.78255940e+00 -9.69653091 -8.37249416 -5.04842088 -1.86839655 -0.79681912 
2.15443469e+00 -9.69653091 -8.37249416 -5.04842088 -1.86839655 -0.79681912 
1.66810054e+00 -9.69653091 -8.37249416 -5.04842088 -1.86839655 -0.79681912 
1.29154967e+00 -9.69653091 -8.37249416 -5.04842088 -1.86839655 -0.79681912 
1.00000000e+00 -9.69653091 -8.37249416 -5.04842088 -1.86839655 -0.79681912 
7.74263683e-01 -9.69653091 -8.37249416 -5.04842088 -1.86839655 -0.79681912 
5.99484250e-01 -9.69653091 -8.37249416 -5.04842088 -1.86839655 -0.79681912 
4.64158883e-01 -9.69653091 -8.37249416 -5.04842088 -1.86839655 -0.79681912 
3.59381366e-01 -9.69653091 -8.37249416 -5.04842088 -1.86839655 -0.79681912 
2.78255940e-01 -9.69653091 -8.37249416 -5.04842088 -1.86839655 -0.79681912 
2.15443469e-01 -9.69653091 -8.37249416 -5.04842088 -1.86839655 -0.79681912 
1.66810054e-01 -9.69653091 -8.37249416 -5.04842088 -1.86839655 -0.79681912 
1.29154967e-01 -9.69653091 -8.37249416 -5.04842088 -1.86839655 -0.79681912 
1.00000000e-01 -9.69653091 -8.37249416 -5.04842088 -1.86839655 -0.79681912 
7.74263683e-02 -9.69653091 -8.37249416 -5.04842088 -1.86839655 -0.79681912 
5.99484250e-02 -9.69653091 -8.37249416 -5.04842088 -1.86839655 -0.79681912 
4.64158883e-02 -9.69653091 -8.37249416 -5.04842088 -1.86839655 -0.79681912 
3.59381366e-02 -9.69653091 -8.37249416 -5.04842088 -1.86839655 -0.79681912 
2.78255940e-02 -9.69653091 -8.37249416 -5.04842088 -1.86839655 -0.79681912 
2.15443469e-02 -9.69653091 -8.37249416 -5.04842088 -1.86839655 -0.79681912 
1.66810054e-02 -9.69653091 -8.37249416 -5.04842088 -1.86839655 -0.79681912 
1.29154967e-02 -9.69653091 -8.37249416 -5.04842088 -1.86839655 -0.79681912 
1.00000000e-02 -9.69653091 -8.37249416 -5.04842088 -1.86839655 -0.79681912 
7.74263683e-03 -9.69653091 -8.37249416 -5.04842088 -1.86839655 -0.79681912 
5.99484250e-03 -9.69653091 -8.37249416 -5.04842088 -1.86839655 -0.79681912 
4.64158883e-03 -9.69653091 -8.37249416 -5.04842088 -1.86839655 -0.79681912 
3.59381366e-03 -9.69653091 -8.37249416 -5.04842088 -1.86839655 -0.79681912 
2.78255940e-03 -9.69653091 -8.37249416 -5.04842088 -1.86839655 -0.79681912 
2.15443469e-03 -9.69653091 -8.37249416 -5.04842088 -1.86839655 -0.79681912 
1.66810054e-03 -9.69653091 -8.37249416 -5.04842088 -1.86839655 -0.79681912 
1.29154967e-03 -9.69653091 -8.37249416 -5.04842088 -1.86839655 -0.79681912 
1.00000000e-03 -9.69653091 -8.37249416 -5.04842088 -1.86839655 -0.79681912 
7.74263683e-04 -9.69653091 -8.37249416 -5.04842088 -1.86839655 -0.79681912 
5.99484250e-04 -9.69653091 -8.37249416 -5.04842088 -1.86839655 -0.79681912 
4.64158883e-04 -9.69653091 -8.37249416 -5.04842088 -1.86839655 -0.79681912 
3.59381366e-04 -9.69653091 -8.37249416 -5.04842088 -1.86839655 -0.79681912 
2.78255940e-04 -9.69653091 -8.37249416 -5.04842088 -1.86839655 -0.79681912 
2.15443469e-04 -9.69653091 -8.37249416 -5.04842088 -1.86839655 -0.79681912 
1.66810054e-04 -9.69653091 -8.37249416 -5.04842088 -1.86839655 -0.79681912 
1.29154967e-04 -9.69653091 -8.37249416 -5.04842088 -1.86839655 -0.79681912 
1.00000000e-04 -9.69653091 -8.37249416 -5.04842088 -1.86839655 -0.79681912 
7.74263683e-05 -9.69653091 -8.37249416 -5.04842088 -1.86839655 -0.79681912 
5.99484250e-05 -9.69653091 -8.37249416 -5.04842088 -1.86839655 -0.79681912 
4.64158883e-05 -9.69653091 -8.37249416 -5.04842088 -1.86839655 -0.79681912 
3.59381366e-05 -9.69653091 -8.37249416 -5.04842088 -1.86839655 -0.79681912 
2.78255940e-05 -9.69653091 -8.37249416 -5.04842088 -1.86839655 -0.79681912 
2.15443469e-05 -9.69653091 -8.37249416 -5.04842088 -1.86839655 -0.79681912 
1.66810054e-05 -9.69653091 -8.37249416 -5.04842088 -1.86839655 -0.79681912 
1.29154967e-05 -9.69653091 -8.37249416 -5.04842088 -1.86839655 -0.79681912 
1.00000000e-05 -9.69653091 -8.37249416 -5.04842088 -1.86839655 -0.79681912 
7.74263683e-06 -9.69653091 -8.37249416 -5.04842088 -1.86839655 -0.79681912 
5.99484250e-06 -9.69653091 -8.37249416 -5.04842088 -1.86839655 -0.79681912 
4.64158883e-06 -9.69653091 -8.37249416 -5.04842088 -1.86839655 -0.79681912 
3.59381366e-06 -9.69653091 -8.37249416 -5.04842088 -1.86839655 -0.79681912 
2.78255940e-06 -9.69653091 -8.37249416 -5.04842088 -1.86839655 -0.79681912 
2.15443469e-06 -9.69653091 -8.37249416 -5.04842088 -1.86839655 -0.79681912 
1.66810054e-06 -9.69653091 -8.37249416 -5.04842088 -1.86839655 -0.79681912 
1.29154967e-06 -9.69653091 -8.37249416 -5.04842088 -1.86839655 -0.79681912 
1.00000000e-06 -9.69653091 -8.37249416 -5.04842088 -1.86839655 -0.79681912 
7.74263683e-07 -9.69653091 -8.37249416 -5.04842088 -1.86839655 -0.79681912 
5.99484250e-07 -9.69653091 -8.37249416 -5.04842088 -1.86839655 -0.79681912 
4.64158883e-07 -9.69653091 -8.37249416 -5.04842088 -1.86839655 -0.79681912 
3.59381366e-07 -9.69653091 -8.37249416 -5.04842088 -1.86839655 -0.79681912 
2.78255940e-07 -9.69653091 -8.37249416 -5.04842088 -1.86839655 -0.79681912 
2.15443469e-07 -9.69653091 -8.37249416 -5.04842088 -1.86839655 -0.79681912 
1.66810054e-07 -9.69653091 -8.37249416 -5.04842088 -1.86839655 -0.79681912 
1.29154967e-07 -9.69653091 -8.37249416 -5.04842088 -1.86839655 -0.79681912 
1.00000000e-07 -9.69653091 -8.37249416 -5.04842088 -1.86839655 -0.79681912 
7.74263683e-08 -9.69653091 -8.37249416 -5.04842088 -1.86839655 -0.79681912 
5.99484250e-08 -9.69653091 -8.37249416 -5.04842088 -1.86839655 -0.79681912 
4.64158883e-08 -9.69653091 -8.37249416 -5.04842088 -1.86839655 -0.79681912 
3.59381366e-08 -9.69653091 -8.37249416 -5.04842088 -1.86839655 -0.79681912 
2.78255940e-08 -9.69653091 -8.37249416 -5.04842088 -1.86839655 -0.79681912 
2.15443469e-08 -9.69653091 -8.37249416 -5.04842088 -1.86839655 -0.79681912 
1.66810054e-08 -9.69653091 -8.37249416 -5.04842088 -1.86839655 -0.79681912 
1.29154967e-08 -9.69653091 -8.37249416 -5.04842088 -1.86839655 -0.79681912 
1.00000000e-08 -9.69653091 -8.37249416 -5.04842088 -1.86839655 -0.79681912 
7.74263683e-09 -9.69653091 -8.37249416 -5.04842088 -1.86839655 -0.79681912 
5.99484250e-09 -9.69653091 -8.37249416 -5.04842088 -1.86839655 -0.79681912 
4.64158883e-09 -9.69653091 -8.37249416 -5.04842088 -1.86839655 -0.79681912 
3.59381366e-09 -9.69653091 -8.37249416 -5.04842088 -1.86839655 -0.79681912 
2.78255940e-09 -9.69653091 -8.37249416 -5.04842088 -1.86839655 -0.79681912 
2.15443469e-09 -9.69653091 -8.37249416 -5.04842088 -1.86839655 -0.79681912 
1.66810054e-09 -9.69653091 -8.37249416 -5.04842088 -1.86839655 -0.79681912 
1.29154967e-09 -9.69653091 -8.37249416 -5.04842088 -1.86839655 -0.79681912 
1.00000000e-09 -9.69653091 -8.37249416 -5.04842088 -1.86839655 -0.79681912 
7.74263683e-10 -9.69653091 -8.37249416 -5.04842088 -1.86839655 -0.79681912 
5.99484250e-10 -9.69653091 -8.37249416 -5.04842088 -1.86839655 -0.79681912 
4.64158883e-10 -9.69653091 -8.37249416 -5.04842088 -1.86839655 -0.79681912 
3.59381366e-10 -9.69653091 -8.37249416 -5.04842088 -1.86839655 -0.79681912 
2.78255940e-10 -9.69653091 -8.37249416 -5.04842088 -1.86839655 -0.79681912 
2.15443469e-10 -9.69653091 -8.37249416 -5.04842088 -1.86839655 -0.79681912 
1.66810054e-10 -9.69653091 -8.37249416 -5.04842088 -1.86839655 -0.79681912 
1.29154967e-10 -9.69653091 -8.37249416 -5.04842088 -1.86839655 -0.79681912 
1.00000000e-10 -9.69653091 -8.37249416 -5.04842088 -1.86839655 -0.79681912 
P (bar) | log_O3: -2σ | log_O3: -1σ | log_O3: median | log_O3: +1σ | log_O3: +2σ 
1.00000000e+01 -9.94232859 -9.55921593 -8.59128880 -7.24064422 -6.11107833 
7.74263683e+00 -9.94232859 -9.55921593 -8.59128880 -7.24064422 -6.11107833 
5.99484250e+00 -9.94232859 -9.55921593 -8.59128880 -7.24064422 -6.11107833 
4.64158883e+00 -9.94232859 -9.55921593 -8.59128880 -7.24064422 -6.11107833 
3.59381366e+00 -9.94232859 -9.55921593 -8.59128880 -7.24064422 -6.11107833 
2.78255940e+00 -9.94232859 -9.55921593 -8.59128880 -7.24064422 -6.11107833 
2.15443469e+00 -9.94232859 -9.55921593 -8.59128880 -7.24064422 -6.11107833 
1.66810054e+00 -9.94232859 -9.55921593 -8.59128880 -7.24064422 -6.11107833 
1.29154967e+00 -9.94232859 -9.55921593 -8.59128880 -7.24064422 -6.11107833 
1.00000000e+00 -9.94232859 -9.55921593 -8.59128880 -7.24064422 -6.11107833 
7.74263683e-01 -9.94232859 -9.55921593 -8.59128880 -7.24064422 -6.11107833 
5.99484250e-01 -9.94232859 -9.55921593 -8.59128880 -7.24064422 -6.11107833 
4.64158883e-01 -9.94232859 -9.55921593 -8.59128880 -7.24064422 -6.11107833 
3.59381366e-01 -9.94232859 -9.55921593 -8.59128880 -7.24064422 -6.11107833 
2.78255940e-01 -9.94232859 -9.55921593 -8.59128880 -7.24064422 -6.11107833 
2.15443469e-01 -9.94232859 -9.55921593 -8.59128880 -7.24064422 -6.11107833 
1.66810054e-01 -9.94232859 -9.55921593 -8.59128880 -7.24064422 -6.11107833 
1.29154967e-01 -9.94232859 -9.55921593 -8.59128880 -7.24064422 -6.11107833 
1.00000000e-01 -9.94232859 -9.55921593 -8.59128880 -7.24064422 -6.11107833 
7.74263683e-02 -9.94232859 -9.55921593 -8.59128880 -7.24064422 -6.11107833 
5.99484250e-02 -9.94232859 -9.55921593 -8.59128880 -7.24064422 -6.11107833 
4.64158883e-02 -9.94232859 -9.55921593 -8.59128880 -7.24064422 -6.11107833 
3.59381366e-02 -9.94232859 -9.55921593 -8.59128880 -7.24064422 -6.11107833 
2.78255940e-02 -9.94232859 -9.55921593 -8.59128880 -7.24064422 -6.11107833 
2.15443469e-02 -9.94232859 -9.55921593 -8.59128880 -7.24064422 -6.11107833 
1.66810054e-02 -9.94232859 -9.55921593 -8.59128880 -7.24064422 -6.11107833 
1.29154967e-02 -9.94232859 -9.55921593 -8.59128880 -7.24064422 -6.11107833 
1.00000000e-02 -9.94232859 -9.55921593 -8.59128880 -7.24064422 -6.11107833 
7.74263683e-03 -9.94232859 -9.55921593 -8.59128880 -7.24064422 -6.11107833 
5.99484250e-03 -9.94232859 -9.55921593 -8.59128880 -7.24064422 -6.11107833 
4.64158883e-03 -9.94232859 -9.55921593 -8.59128880 -7.24064422 -6.11107833 
3.59381366e-03 -9.94232859 -9.55921593 -8.59128880 -7.24064422 -6.11107833 
2.78255940e-03 -9.94232859 -9.55921593 -8.59128880 -7.24064422 -6.11107833 
2.15443469e-03 -9.94232859 -9.55921593 -8.59128880 -7.24064422 -6.11107833 
1.66810054e-03 -9.94232859 -9.55921593 -8.59128880 -7.24064422 -6.11107833 
1.29154967e-03 -9.94232859 -9.55921593 -8.59128880 -7.24064422 -6.11107833 
1.00000000e-03 -9.94232859 -9.55921593 -8.59128880 -7.24064422 -6.11107833 
7.74263683e-04 -9.94232859 -9.55921593 -8.59128880 -7.24064422 -6.11107833 
5.99484250e-04 -9.94232859 -9.55921593 -8.59128880 -7.24064422 -6.11107833 
4.64158883e-04 -9.94232859 -9.55921593 -8.59128880 -7.24064422 -6.11107833 
3.59381366e-04 -9.94232859 -9.55921593 -8.59128880 -7.24064422 -6.11107833 
2.78255940e-04 -9.94232859 -9.55921593 -8.59128880 -7.24064422 -6.11107833 
2.15443469e-04 -9.94232859 -9.55921593 -8.59128880 -7.24064422 -6.11107833 
1.66810054e-04 -9.94232859 -9.55921593 -8.59128880 -7.24064422 -6.11107833 
1.29154967e-04 -9.94232859 -9.55921593 -8.59128880 -7.24064422 -6.11107833 
1.00000000e-04 -9.94232859 -9.55921593 -8.59128880 -7.24064422 -6.11107833 
7.74263683e-05 -9.94232859 -9.55921593 -8.59128880 -7.24064422 -6.11107833 
5.99484250e-05 -9.94232859 -9.55921593 -8.59128880 -7.24064422 -6.11107833 
4.64158883e-05 -9.94232859 -9.55921593 -8.59128880 -7.24064422 -6.11107833 
3.59381366e-05 -9.94232859 -9.55921593 -8.59128880 -7.24064422 -6.11107833 
2.78255940e-05 -9.94232859 -9.55921593 -8.59128880 -7.24064422 -6.11107833 
2.15443469e-05 -9.94232859 -9.55921593 -8.59128880 -7.24064422 -6.11107833 
1.66810054e-05 -9.94232859 -9.55921593 -8.59128880 -7.24064422 -6.11107833 
1.29154967e-05 -9.94232859 -9.55921593 -8.59128880 -7.24064422 -6.11107833 
1.00000000e-05 -9.94232859 -9.55921593 -8.59128880 -7.24064422 -6.11107833 
7.74263683e-06 -9.94232859 -9.55921593 -8.59128880 -7.24064422 -6.11107833 
5.99484250e-06 -9.94232859 -9.55921593 -8.59128880 -7.24064422 -6.11107833 
4.64158883e-06 -9.94232859 -9.55921593 -8.59128880 -7.24064422 -6.11107833 
3.59381366e-06 -9.94232859 -9.55921593 -8.59128880 -7.24064422 -6.11107833 
2.78255940e-06 -9.94232859 -9.55921593 -8.59128880 -7.24064422 -6.11107833 
2.15443469e-06 -9.94232859 -9.55921593 -8.59128880 -7.24064422 -6.11107833 
1.66810054e-06 -9.94232859 -9.55921593 -8.59128880 -7.24064422 -6.11107833 
1.29154967e-06 -9.94232859 -9.55921593 -8.59128880 -7.24064422 -6.11107833 
1.00000000e-06 -9.94232859 -9.55921593 -8.59128880 -7.24064422 -6.11107833 
7.74263683e-07 -9.94232859 -9.55921593 -8.59128880 -7.24064422 -6.11107833 
5.99484250e-07 -9.94232859 -9.55921593 -8.59128880 -7.24064422 -6.11107833 
4.64158883e-07 -9.94232859 -9.55921593 -8.59128880 -7.24064422 -6.11107833 
3.59381366e-07 -9.94232859 -9.55921593 -8.59128880 -7.24064422 -6.11107833 
2.78255940e-07 -9.94232859 -9.55921593 -8.59128880 -7.24064422 -6.11107833 
2.15443469e-07 -9.94232859 -9.55921593 -8.59128880 -7.24064422 -6.11107833 
1.66810054e-07 -9.94232859 -9.55921593 -8.59128880 -7.24064422 -6.11107833 
1.29154967e-07 -9.94232859 -9.55921593 -8.59128880 -7.24064422 -6.11107833 
1.00000000e-07 -9.94232859 -9.55921593 -8.59128880 -7.24064422 -6.11107833 
7.74263683e-08 -9.94232859 -9.55921593 -8.59128880 -7.24064422 -6.11107833 
5.99484250e-08 -9.94232859 -9.55921593 -8.59128880 -7.24064422 -6.11107833 
4.64158883e-08 -9.94232859 -9.55921593 -8.59128880 -7.24064422 -6.11107833 
3.59381366e-08 -9.94232859 -9.55921593 -8.59128880 -7.24064422 -6.11107833 
2.78255940e-08 -9.94232859 -9.55921593 -8.59128880 -7.24064422 -6.11107833 
2.15443469e-08 -9.94232859 -9.55921593 -8.59128880 -7.24064422 -6.11107833 
1.66810054e-08 -9.94232859 -9.55921593 -8.59128880 -7.24064422 -6.11107833 
1.29154967e-08 -9.94232859 -9.55921593 -8.59128880 -7.24064422 -6.11107833 
1.00000000e-08 -9.94232859 -9.55921593 -8.59128880 -7.24064422 -6.11107833 
7.74263683e-09 -9.94232859 -9.55921593 -8.59128880 -7.24064422 -6.11107833 
5.99484250e-09 -9.94232859 -9.55921593 -8.59128880 -7.24064422 -6.11107833 
4.64158883e-09 -9.94232859 -9.55921593 -8.59128880 -7.24064422 -6.11107833 
3.59381366e-09 -9.94232859 -9.55921593 -8.59128880 -7.24064422 -6.11107833 
2.78255940e-09 -9.94232859 -9.55921593 -8.59128880 -7.24064422 -6.11107833 
2.15443469e-09 -9.94232859 -9.55921593 -8.59128880 -7.24064422 -6.11107833 
1.66810054e-09 -9.94232859 -9.55921593 -8.59128880 -7.24064422 -6.11107833 
1.29154967e-09 -9.94232859 -9.55921593 -8.59128880 -7.24064422 -6.11107833 
1.00000000e-09 -9.94232859 -9.55921593 -8.59128880 -7.24064422 -6.11107833 
7.74263683e-10 -9.94232859 -9.55921593 -8.59128880 -7.24064422 -6.11107833 
5.99484250e-10 -9.94232859 -9.55921593 -8.59128880 -7.24064422 -6.11107833 
4.64158883e-10 -9.94232859 -9.55921593 -8.59128880 -7.24064422 -6.11107833 
3.59381366e-10 -9.94232859 -9.55921593 -8.59128880 -7.24064422 -6.11107833 
2.78255940e-10 -9.94232859 -9.55921593 -8.59128880 -7.24064422 -6.11107833 
2.15443469e-10 -9.94232859 -9.55921593 -8.59128880 -7.24064422 -6.11107833 
1.66810054e-10 -9.94232859 -9.55921593 -8.59128880 -7.24064422 -6.11107833 
1.29154967e-10 -9.94232859 -9.55921593 -8.59128880 -7.24064422 -6.11107833 
1.00000000e-10 -9.94232859 -9.55921593 -8.59128880 -7.24064422 -6.11107833 
P (bar) | log_N2O: -2σ | log_N2O: -1σ | log_N2O: median | log_N2O: +1σ | log_N2O: +2σ 
1.00000000e+01 -9.89537600 -9.44979558 -8.28723818 -7.04581667 -5.82258326 
7.74263683e+00 -9.89537600 -9.44979558 -8.28723818 -7.04581667 -5.82258326 
5.99484250e+00 -9.89537600 -9.44979558 -8.28723818 -7.04581667 -5.82258326 
4.64158883e+00 -9.89537600 -9.44979558 -8.28723818 -7.04581667 -5.82258326 
3.59381366e+00 -9.89537600 -9.44979558 -8.28723818 -7.04581667 -5.82258326 
2.78255940e+00 -9.89537600 -9.44979558 -8.28723818 -7.04581667 -5.82258326 
2.15443469e+00 -9.89537600 -9.44979558 -8.28723818 -7.04581667 -5.82258326 
1.66810054e+00 -9.89537600 -9.44979558 -8.28723818 -7.04581667 -5.82258326 
1.29154967e+00 -9.89537600 -9.44979558 -8.28723818 -7.04581667 -5.82258326 
1.00000000e+00 -9.89537600 -9.44979558 -8.28723818 -7.04581667 -5.82258326 
7.74263683e-01 -9.89537600 -9.44979558 -8.28723818 -7.04581667 -5.82258326 
5.99484250e-01 -9.89537600 -9.44979558 -8.28723818 -7.04581667 -5.82258326 
4.64158883e-01 -9.89537600 -9.44979558 -8.28723818 -7.04581667 -5.82258326 
3.59381366e-01 -9.89537600 -9.44979558 -8.28723818 -7.04581667 -5.82258326 
2.78255940e-01 -9.89537600 -9.44979558 -8.28723818 -7.04581667 -5.82258326 
2.15443469e-01 -9.89537600 -9.44979558 -8.28723818 -7.04581667 -5.82258326 
1.66810054e-01 -9.89537600 -9.44979558 -8.28723818 -7.04581667 -5.82258326 
1.29154967e-01 -9.89537600 -9.44979558 -8.28723818 -7.04581667 -5.82258326 
1.00000000e-01 -9.89537600 -9.44979558 -8.28723818 -7.04581667 -5.82258326 
7.74263683e-02 -9.89537600 -9.44979558 -8.28723818 -7.04581667 -5.82258326 
5.99484250e-02 -9.89537600 -9.44979558 -8.28723818 -7.04581667 -5.82258326 
4.64158883e-02 -9.89537600 -9.44979558 -8.28723818 -7.04581667 -5.82258326 
3.59381366e-02 -9.89537600 -9.44979558 -8.28723818 -7.04581667 -5.82258326 
2.78255940e-02 -9.89537600 -9.44979558 -8.28723818 -7.04581667 -5.82258326 
2.15443469e-02 -9.89537600 -9.44979558 -8.28723818 -7.04581667 -5.82258326 
1.66810054e-02 -9.89537600 -9.44979558 -8.28723818 -7.04581667 -5.82258326 
1.29154967e-02 -9.89537600 -9.44979558 -8.28723818 -7.04581667 -5.82258326 
1.00000000e-02 -9.89537600 -9.44979558 -8.28723818 -7.04581667 -5.82258326 
7.74263683e-03 -9.89537600 -9.44979558 -8.28723818 -7.04581667 -5.82258326 
5.99484250e-03 -9.89537600 -9.44979558 -8.28723818 -7.04581667 -5.82258326 
4.64158883e-03 -9.89537600 -9.44979558 -8.28723818 -7.04581667 -5.82258326 
3.59381366e-03 -9.89537600 -9.44979558 -8.28723818 -7.04581667 -5.82258326 
2.78255940e-03 -9.89537600 -9.44979558 -8.28723818 -7.04581667 -5.82258326 
2.15443469e-03 -9.89537600 -9.44979558 -8.28723818 -7.04581667 -5.82258326 
1.66810054e-03 -9.89537600 -9.44979558 -8.28723818 -7.04581667 -5.82258326 
1.29154967e-03 -9.89537600 -9.44979558 -8.28723818 -7.04581667 -5.82258326 
1.00000000e-03 -9.89537600 -9.44979558 -8.28723818 -7.04581667 -5.82258326 
7.74263683e-04 -9.89537600 -9.44979558 -8.28723818 -7.04581667 -5.82258326 
5.99484250e-04 -9.89537600 -9.44979558 -8.28723818 -7.04581667 -5.82258326 
4.64158883e-04 -9.89537600 -9.44979558 -8.28723818 -7.04581667 -5.82258326 
3.59381366e-04 -9.89537600 -9.44979558 -8.28723818 -7.04581667 -5.82258326 
2.78255940e-04 -9.89537600 -9.44979558 -8.28723818 -7.04581667 -5.82258326 
2.15443469e-04 -9.89537600 -9.44979558 -8.28723818 -7.04581667 -5.82258326 
1.66810054e-04 -9.89537600 -9.44979558 -8.28723818 -7.04581667 -5.82258326 
1.29154967e-04 -9.89537600 -9.44979558 -8.28723818 -7.04581667 -5.82258326 
1.00000000e-04 -9.89537600 -9.44979558 -8.28723818 -7.04581667 -5.82258326 
7.74263683e-05 -9.89537600 -9.44979558 -8.28723818 -7.04581667 -5.82258326 
5.99484250e-05 -9.89537600 -9.44979558 -8.28723818 -7.04581667 -5.82258326 
4.64158883e-05 -9.89537600 -9.44979558 -8.28723818 -7.04581667 -5.82258326 
3.59381366e-05 -9.89537600 -9.44979558 -8.28723818 -7.04581667 -5.82258326 
2.78255940e-05 -9.89537600 -9.44979558 -8.28723818 -7.04581667 -5.82258326 
2.15443469e-05 -9.89537600 -9.44979558 -8.28723818 -7.04581667 -5.82258326 
1.66810054e-05 -9.89537600 -9.44979558 -8.28723818 -7.04581667 -5.82258326 
1.29154967e-05 -9.89537600 -9.44979558 -8.28723818 -7.04581667 -5.82258326 
1.00000000e-05 -9.89537600 -9.44979558 -8.28723818 -7.04581667 -5.82258326 
7.74263683e-06 -9.89537600 -9.44979558 -8.28723818 -7.04581667 -5.82258326 
5.99484250e-06 -9.89537600 -9.44979558 -8.28723818 -7.04581667 -5.82258326 
4.64158883e-06 -9.89537600 -9.44979558 -8.28723818 -7.04581667 -5.82258326 
3.59381366e-06 -9.89537600 -9.44979558 -8.28723818 -7.04581667 -5.82258326 
2.78255940e-06 -9.89537600 -9.44979558 -8.28723818 -7.04581667 -5.82258326 
2.15443469e-06 -9.89537600 -9.44979558 -8.28723818 -7.04581667 -5.82258326 
1.66810054e-06 -9.89537600 -9.44979558 -8.28723818 -7.04581667 -5.82258326 
1.29154967e-06 -9.89537600 -9.44979558 -8.28723818 -7.04581667 -5.82258326 
1.00000000e-06 -9.89537600 -9.44979558 -8.28723818 -7.04581667 -5.82258326 
7.74263683e-07 -9.89537600 -9.44979558 -8.28723818 -7.04581667 -5.82258326 
5.99484250e-07 -9.89537600 -9.44979558 -8.28723818 -7.04581667 -5.82258326 
4.64158883e-07 -9.89537600 -9.44979558 -8.28723818 -7.04581667 -5.82258326 
3.59381366e-07 -9.89537600 -9.44979558 -8.28723818 -7.04581667 -5.82258326 
2.78255940e-07 -9.89537600 -9.44979558 -8.28723818 -7.04581667 -5.82258326 
2.15443469e-07 -9.89537600 -9.44979558 -8.28723818 -7.04581667 -5.82258326 
1.66810054e-07 -9.89537600 -9.44979558 -8.28723818 -7.04581667 -5.82258326 
1.29154967e-07 -9.89537600 -9.44979558 -8.28723818 -7.04581667 -5.82258326 
1.00000000e-07 -9.89537600 -9.44979558 -8.28723818 -7.04581667 -5.82258326 
7.74263683e-08 -9.89537600 -9.44979558 -8.28723818 -7.04581667 -5.82258326 
5.99484250e-08 -9.89537600 -9.44979558 -8.28723818 -7.04581667 -5.82258326 
4.64158883e-08 -9.89537600 -9.44979558 -8.28723818 -7.04581667 -5.82258326 
3.59381366e-08 -9.89537600 -9.44979558 -8.28723818 -7.04581667 -5.82258326 
2.78255940e-08 -9.89537600 -9.44979558 -8.28723818 -7.04581667 -5.82258326 
2.15443469e-08 -9.89537600 -9.44979558 -8.28723818 -7.04581667 -5.82258326 
1.66810054e-08 -9.89537600 -9.44979558 -8.28723818 -7.04581667 -5.82258326 
1.29154967e-08 -9.89537600 -9.44979558 -8.28723818 -7.04581667 -5.82258326 
1.00000000e-08 -9.89537600 -9.44979558 -8.28723818 -7.04581667 -5.82258326 
7.74263683e-09 -9.89537600 -9.44979558 -8.28723818 -7.04581667 -5.82258326 
5.99484250e-09 -9.89537600 -9.44979558 -8.28723818 -7.04581667 -5.82258326 
4.64158883e-09 -9.89537600 -9.44979558 -8.28723818 -7.04581667 -5.82258326 
3.59381366e-09 -9.89537600 -9.44979558 -8.28723818 -7.04581667 -5.82258326 
2.78255940e-09 -9.89537600 -9.44979558 -8.28723818 -7.04581667 -5.82258326 
2.15443469e-09 -9.89537600 -9.44979558 -8.28723818 -7.04581667 -5.82258326 
1.66810054e-09 -9.89537600 -9.44979558 -8.28723818 -7.04581667 -5.82258326 
1.29154967e-09 -9.89537600 -9.44979558 -8.28723818 -7.04581667 -5.82258326 
1.00000000e-09 -9.89537600 -9.44979558 -8.28723818 -7.04581667 -5.82258326 
7.74263683e-10 -9.89537600 -9.44979558 -8.28723818 -7.04581667 -5.82258326 
5.99484250e-10 -9.89537600 -9.44979558 -8.28723818 -7.04581667 -5.82258326 
4.64158883e-10 -9.89537600 -9.44979558 -8.28723818 -7.04581667 -5.82258326 
3.59381366e-10 -9.89537600 -9.44979558 -8.28723818 -7.04581667 -5.82258326 
2.78255940e-10 -9.89537600 -9.44979558 -8.28723818 -7.04581667 -5.82258326 
2.15443469e-10 -9.89537600 -9.44979558 -8.28723818 -7.04581667 -5.82258326 
1.66810054e-10 -9.89537600 -9.44979558 -8.28723818 -7.04581667 -5.82258326 
1.29154967e-10 -9.89537600 -9.44979558 -8.28723818 -7.04581667 -5.82258326 
1.00000000e-10 -9.89537600 -9.44979558 -8.28723818 -7.04581667 -5.82258326 
P (bar) | log_NH3: -2σ | log_NH3: -1σ | log_NH3: median | log_NH3: +1σ | log_NH3: +2σ 
1.00000000e+01 -11.88782197 -11.17499641 -9.71141604 -7.90620959 -6.81616718 
7.74263683e+00 -11.88782197 -11.17499641 -9.71141604 -7.90620959 -6.81616718 
5.99484250e+00 -11.88782197 -11.17499641 -9.71141604 -7.90620959 -6.81616718 
4.64158883e+00 -11.88782197 -11.17499641 -9.71141604 -7.90620959 -6.81616718 
3.59381366e+00 -11.88782197 -11.17499641 -9.71141604 -7.90620959 -6.81616718 
2.78255940e+00 -11.88782197 -11.17499641 -9.71141604 -7.90620959 -6.81616718 
2.15443469e+00 -11.88782197 -11.17499641 -9.71141604 -7.90620959 -6.81616718 
1.66810054e+00 -11.88782197 -11.17499641 -9.71141604 -7.90620959 -6.81616718 
1.29154967e+00 -11.88782197 -11.17499641 -9.71141604 -7.90620959 -6.81616718 
1.00000000e+00 -11.88782197 -11.17499641 -9.71141604 -7.90620959 -6.81616718 
7.74263683e-01 -11.88782197 -11.17499641 -9.71141604 -7.90620959 -6.81616718 
5.99484250e-01 -11.88782197 -11.17499641 -9.71141604 -7.90620959 -6.81616718 
4.64158883e-01 -11.88782197 -11.17499641 -9.71141604 -7.90620959 -6.81616718 
3.59381366e-01 -11.88782197 -11.17499641 -9.71141604 -7.90620959 -6.81616718 
2.78255940e-01 -11.88782197 -11.17499641 -9.71141604 -7.90620959 -6.81616718 
2.15443469e-01 -11.88782197 -11.17499641 -9.71141604 -7.90620959 -6.81616718 
1.66810054e-01 -11.88782197 -11.17499641 -9.71141604 -7.90620959 -6.81616718 
1.29154967e-01 -11.88782197 -11.17499641 -9.71141604 -7.90620959 -6.81616718 
1.00000000e-01 -11.88782197 -11.17499641 -9.71141604 -7.90620959 -6.81616718 
7.74263683e-02 -11.88782197 -11.17499641 -9.71141604 -7.90620959 -6.81616718 
5.99484250e-02 -11.88782197 -11.17499641 -9.71141604 -7.90620959 -6.81616718 
4.64158883e-02 -11.88782197 -11.17499641 -9.71141604 -7.90620959 -6.81616718 
3.59381366e-02 -11.88782197 -11.17499641 -9.71141604 -7.90620959 -6.81616718 
2.78255940e-02 -11.88782197 -11.17499641 -9.71141604 -7.90620959 -6.81616718 
2.15443469e-02 -11.88782197 -11.17499641 -9.71141604 -7.90620959 -6.81616718 
1.66810054e-02 -11.88782197 -11.17499641 -9.71141604 -7.90620959 -6.81616718 
1.29154967e-02 -11.88782197 -11.17499641 -9.71141604 -7.90620959 -6.81616718 
1.00000000e-02 -11.88782197 -11.17499641 -9.71141604 -7.90620959 -6.81616718 
7.74263683e-03 -11.88782197 -11.17499641 -9.71141604 -7.90620959 -6.81616718 
5.99484250e-03 -11.88782197 -11.17499641 -9.71141604 -7.90620959 -6.81616718 
4.64158883e-03 -11.88782197 -11.17499641 -9.71141604 -7.90620959 -6.81616718 
3.59381366e-03 -11.88782197 -11.17499641 -9.71141604 -7.90620959 -6.81616718 
2.78255940e-03 -11.88782197 -11.17499641 -9.71141604 -7.90620959 -6.81616718 
2.15443469e-03 -11.88782197 -11.17499641 -9.71141604 -7.90620959 -6.81616718 
1.66810054e-03 -11.88782197 -11.17499641 -9.71141604 -7.90620959 -6.81616718 
1.29154967e-03 -11.88782197 -11.17499641 -9.71141604 -7.90620959 -6.81616718 
1.00000000e-03 -11.88782197 -11.17499641 -9.71141604 -7.90620959 -6.81616718 
7.74263683e-04 -11.88782197 -11.17499641 -9.71141604 -7.90620959 -6.81616718 
5.99484250e-04 -11.88782197 -11.17499641 -9.71141604 -7.90620959 -6.81616718 
4.64158883e-04 -11.88782197 -11.17499641 -9.71141604 -7.90620959 -6.81616718 
3.59381366e-04 -11.88782197 -11.17499641 -9.71141604 -7.90620959 -6.81616718 
2.78255940e-04 -11.88782197 -11.17499641 -9.71141604 -7.90620959 -6.81616718 
2.15443469e-04 -11.88782197 -11.17499641 -9.71141604 -7.90620959 -6.81616718 
1.66810054e-04 -11.88782197 -11.17499641 -9.71141604 -7.90620959 -6.81616718 
1.29154967e-04 -11.88782197 -11.17499641 -9.71141604 -7.90620959 -6.81616718 
1.00000000e-04 -11.88782197 -11.17499641 -9.71141604 -7.90620959 -6.81616718 
7.74263683e-05 -11.88782197 -11.17499641 -9.71141604 -7.90620959 -6.81616718 
5.99484250e-05 -11.88782197 -11.17499641 -9.71141604 -7.90620959 -6.81616718 
4.64158883e-05 -11.88782197 -11.17499641 -9.71141604 -7.90620959 -6.81616718 
3.59381366e-05 -11.88782197 -11.17499641 -9.71141604 -7.90620959 -6.81616718 
2.78255940e-05 -11.88782197 -11.17499641 -9.71141604 -7.90620959 -6.81616718 
2.15443469e-05 -11.88782197 -11.17499641 -9.71141604 -7.90620959 -6.81616718 
1.66810054e-05 -11.88782197 -11.17499641 -9.71141604 -7.90620959 -6.81616718 
1.29154967e-05 -11.88782197 -11.17499641 -9.71141604 -7.90620959 -6.81616718 
1.00000000e-05 -11.88782197 -11.17499641 -9.71141604 -7.90620959 -6.81616718 
7.74263683e-06 -11.88782197 -11.17499641 -9.71141604 -7.90620959 -6.81616718 
5.99484250e-06 -11.88782197 -11.17499641 -9.71141604 -7.90620959 -6.81616718 
4.64158883e-06 -11.88782197 -11.17499641 -9.71141604 -7.90620959 -6.81616718 
3.59381366e-06 -11.88782197 -11.17499641 -9.71141604 -7.90620959 -6.81616718 
2.78255940e-06 -11.88782197 -11.17499641 -9.71141604 -7.90620959 -6.81616718 
2.15443469e-06 -11.88782197 -11.17499641 -9.71141604 -7.90620959 -6.81616718 
1.66810054e-06 -11.88782197 -11.17499641 -9.71141604 -7.90620959 -6.81616718 
1.29154967e-06 -11.88782197 -11.17499641 -9.71141604 -7.90620959 -6.81616718 
1.00000000e-06 -11.88782197 -11.17499641 -9.71141604 -7.90620959 -6.81616718 
7.74263683e-07 -11.88782197 -11.17499641 -9.71141604 -7.90620959 -6.81616718 
5.99484250e-07 -11.88782197 -11.17499641 -9.71141604 -7.90620959 -6.81616718 
4.64158883e-07 -11.88782197 -11.17499641 -9.71141604 -7.90620959 -6.81616718 
3.59381366e-07 -11.88782197 -11.17499641 -9.71141604 -7.90620959 -6.81616718 
2.78255940e-07 -11.88782197 -11.17499641 -9.71141604 -7.90620959 -6.81616718 
2.15443469e-07 -11.88782197 -11.17499641 -9.71141604 -7.90620959 -6.81616718 
1.66810054e-07 -11.88782197 -11.17499641 -9.71141604 -7.90620959 -6.81616718 
1.29154967e-07 -11.88782197 -11.17499641 -9.71141604 -7.90620959 -6.81616718 
1.00000000e-07 -11.88782197 -11.17499641 -9.71141604 -7.90620959 -6.81616718 
7.74263683e-08 -11.88782197 -11.17499641 -9.71141604 -7.90620959 -6.81616718 
5.99484250e-08 -11.88782197 -11.17499641 -9.71141604 -7.90620959 -6.81616718 
4.64158883e-08 -11.88782197 -11.17499641 -9.71141604 -7.90620959 -6.81616718 
3.59381366e-08 -11.88782197 -11.17499641 -9.71141604 -7.90620959 -6.81616718 
2.78255940e-08 -11.88782197 -11.17499641 -9.71141604 -7.90620959 -6.81616718 
2.15443469e-08 -11.88782197 -11.17499641 -9.71141604 -7.90620959 -6.81616718 
1.66810054e-08 -11.88782197 -11.17499641 -9.71141604 -7.90620959 -6.81616718 
1.29154967e-08 -11.88782197 -11.17499641 -9.71141604 -7.90620959 -6.81616718 
1.00000000e-08 -11.88782197 -11.17499641 -9.71141604 -7.90620959 -6.81616718 
7.74263683e-09 -11.88782197 -11.17499641 -9.71141604 -7.90620959 -6.81616718 
5.99484250e-09 -11.88782197 -11.17499641 -9.71141604 -7.90620959 -6.81616718 
4.64158883e-09 -11.88782197 -11.17499641 -9.71141604 -7.90620959 -6.81616718 
3.59381366e-09 -11.88782197 -11.17499641 -9.71141604 -7.90620959 -6.81616718 
2.78255940e-09 -11.88782197 -11.17499641 -9.71141604 -7.90620959 -6.81616718 
2.15443469e-09 -11.88782197 -11.17499641 -9.71141604 -7.90620959 -6.81616718 
1.66810054e-09 -11.88782197 -11.17499641 -9.71141604 -7.90620959 -6.81616718 
1.29154967e-09 -11.88782197 -11.17499641 -9.71141604 -7.90620959 -6.81616718 
1.00000000e-09 -11.88782197 -11.17499641 -9.71141604 -7.90620959 -6.81616718 
7.74263683e-10 -11.88782197 -11.17499641 -9.71141604 -7.90620959 -6.81616718 
5.99484250e-10 -11.88782197 -11.17499641 -9.71141604 -7.90620959 -6.81616718 
4.64158883e-10 -11.88782197 -11.17499641 -9.71141604 -7.90620959 -6.81616718 
3.59381366e-10 -11.88782197 -11.17499641 -9.71141604 -7.90620959 -6.81616718 
2.78255940e-10 -11.88782197 -11.17499641 -9.71141604 -7.90620959 -6.81616718 
2.15443469e-10 -11.88782197 -11.17499641 -9.71141604 -7.90620959 -6.81616718 
1.66810054e-10 -11.88782197 -11.17499641 -9.71141604 -7.90620959 -6.81616718 
1.29154967e-10 -11.88782197 -11.17499641 -9.71141604 -7.90620959 -6.81616718 
1.00000000e-10 -11.88782197 -11.17499641 -9.71141604 -7.90620959 -6.81616718 
