Chemical species: N2 H2O CO2 CH4 O2 O3 N2O NH3
P (bar) | log_N2: -2σ | log_N2: -1σ | log_N2: median | log_N2: +1σ | log_N2: +2σ 
1.00000000e+01 -0.04574348 -0.04431518 -0.03986740 -0.03233616 -0.02329823 
7.74263683e+00 -0.04574348 -0.04431518 -0.03986740 -0.03233616 -0.02329823 
5.99484250e+00 -0.04574348 -0.04431518 -0.03986740 -0.03233616 -0.02329823 
4.64158883e+00 -0.04574348 -0.04431518 -0.03986740 -0.03233616 -0.02329823 
3.59381366e+00 -0.04574348 -0.04431518 -0.03986740 -0.03233616 -0.02329823 
2.78255940e+00 -0.04574348 -0.04431518 -0.03986740 -0.03233616 -0.02329823 
2.15443469e+00 -0.04574348 -0.04431518 -0.03986740 -0.03233616 -0.02329823 
1.66810054e+00 -0.04574348 -0.04431518 -0.03986740 -0.03233616 -0.02329823 
1.29154967e+00 -0.04574348 -0.04431518 -0.03986740 -0.03233616 -0.02329823 
1.00000000e+00 -0.04574348 -0.04431518 -0.03986740 -0.03233616 -0.02329823 
7.74263683e-01 -0.04574348 -0.04431518 -0.03986740 -0.03233616 -0.02329823 
5.99484250e-01 -0.04574348 -0.04431518 -0.03986740 -0.03233616 -0.02329823 
4.64158883e-01 -0.04574348 -0.04431518 -0.03986740 -0.03233616 -0.02329823 
3.59381366e-01 -0.04574348 -0.04431518 -0.03986740 -0.03233616 -0.02329823 
2.78255940e-01 -0.04574348 -0.04431518 -0.03986740 -0.03233616 -0.02329823 
2.15443469e-01 -0.04574348 -0.04431518 -0.03986740 -0.03233616 -0.02329823 
1.66810054e-01 -0.04574348 -0.04431518 -0.03986740 -0.03233616 -0.02329823 
1.29154967e-01 -0.04574348 -0.04431518 -0.03986740 -0.03233616 -0.02329823 
1.00000000e-01 -0.04574348 -0.04431518 -0.03986740 -0.03233616 -0.02329823 
7.74263683e-02 -0.04574348 -0.04431518 -0.03986740 -0.03233616 -0.02329823 
5.99484250e-02 -0.04574348 -0.04431518 -0.03986740 -0.03233616 -0.02329823 
4.64158883e-02 -0.04574348 -0.04431518 -0.03986740 -0.03233616 -0.02329823 
3.59381366e-02 -0.04574348 -0.04431518 -0.03986740 -0.03233616 -0.02329823 
2.78255940e-02 -0.04574348 -0.04431518 -0.03986740 -0.03233616 -0.02329823 
2.15443469e-02 -0.04574348 -0.04431518 -0.03986740 -0.03233616 -0.02329823 
1.66810054e-02 -0.04574348 -0.04431518 -0.03986740 -0.03233616 -0.02329823 
1.29154967e-02 -0.04574348 -0.04431518 -0.03986740 -0.03233616 -0.02329823 
1.00000000e-02 -0.04574348 -0.04431518 -0.03986740 -0.03233616 -0.02329823 
7.74263683e-03 -0.04574348 -0.04431518 -0.03986740 -0.03233616 -0.02329823 
5.99484250e-03 -0.04574348 -0.04431518 -0.03986740 -0.03233616 -0.02329823 
4.64158883e-03 -0.04574348 -0.04431518 -0.03986740 -0.03233616 -0.02329823 
3.59381366e-03 -0.04574348 -0.04431518 -0.03986740 -0.03233616 -0.02329823 
2.78255940e-03 -0.04574348 -0.04431518 -0.03986740 -0.03233616 -0.02329823 
2.15443469e-03 -0.04574348 -0.04431518 -0.03986740 -0.03233616 -0.02329823 
1.66810054e-03 -0.04574348 -0.04431518 -0.03986740 -0.03233616 -0.02329823 
1.29154967e-03 -0.04574348 -0.04431518 -0.03986740 -0.03233616 -0.02329823 
1.00000000e-03 -0.04574348 -0.04431518 -0.03986740 -0.03233616 -0.02329823 
7.74263683e-04 -0.04574348 -0.04431518 -0.03986740 -0.03233616 -0.02329823 
5.99484250e-04 -0.04574348 -0.04431518 -0.03986740 -0.03233616 -0.02329823 
4.64158883e-04 -0.04574348 -0.04431518 -0.03986740 -0.03233616 -0.02329823 
3.59381366e-04 -0.04574348 -0.04431518 -0.03986740 -0.03233616 -0.02329823 
2.78255940e-04 -0.04574348 -0.04431518 -0.03986740 -0.03233616 -0.02329823 
2.15443469e-04 -0.04574348 -0.04431518 -0.03986740 -0.03233616 -0.02329823 
1.66810054e-04 -0.04574348 -0.04431518 -0.03986740 -0.03233616 -0.02329823 
1.29154967e-04 -0.04574348 -0.04431518 -0.03986740 -0.03233616 -0.02329823 
1.00000000e-04 -0.04574348 -0.04431518 -0.03986740 -0.03233616 -0.02329823 
7.74263683e-05 -0.04574348 -0.04431518 -0.03986740 -0.03233616 -0.02329823 
5.99484250e-05 -0.04574348 -0.04431518 -0.03986740 -0.03233616 -0.02329823 
4.64158883e-05 -0.04574348 -0.04431518 -0.03986740 -0.03233616 -0.02329823 
3.59381366e-05 -0.04574348 -0.04431518 -0.03986740 -0.03233616 -0.02329823 
2.78255940e-05 -0.04574348 -0.04431518 -0.03986740 -0.03233616 -0.02329823 
2.15443469e-05 -0.04574348 -0.04431518 -0.03986740 -0.03233616 -0.02329823 
1.66810054e-05 -0.04574348 -0.04431518 -0.03986740 -0.03233616 -0.02329823 
1.29154967e-05 -0.04574348 -0.04431518 -0.03986740 -0.03233616 -0.02329823 
1.00000000e-05 -0.04574348 -0.04431518 -0.03986740 -0.03233616 -0.02329823 
7.74263683e-06 -0.04574348 -0.04431518 -0.03986740 -0.03233616 -0.02329823 
5.99484250e-06 -0.04574348 -0.04431518 -0.03986740 -0.03233616 -0.02329823 
4.64158883e-06 -0.04574348 -0.04431518 -0.03986740 -0.03233616 -0.02329823 
3.59381366e-06 -0.04574348 -0.04431518 -0.03986740 -0.03233616 -0.02329823 
2.78255940e-06 -0.04574348 -0.04431518 -0.03986740 -0.03233616 -0.02329823 
2.15443469e-06 -0.04574348 -0.04431518 -0.03986740 -0.03233616 -0.02329823 
1.66810054e-06 -0.04574348 -0.04431518 -0.03986740 -0.03233616 -0.02329823 
1.29154967e-06 -0.04574348 -0.04431518 -0.03986740 -0.03233616 -0.02329823 
1.00000000e-06 -0.04574348 -0.04431518 -0.03986740 -0.03233616 -0.02329823 
7.74263683e-07 -0.04574348 -0.04431518 -0.03986740 -0.03233616 -0.02329823 
5.99484250e-07 -0.04574348 -0.04431518 -0.03986740 -0.03233616 -0.02329823 
4.64158883e-07 -0.04574348 -0.04431518 -0.03986740 -0.03233616 -0.02329823 
3.59381366e-07 -0.04574348 -0.04431518 -0.03986740 -0.03233616 -0.02329823 
2.78255940e-07 -0.04574348 -0.04431518 -0.03986740 -0.03233616 -0.02329823 
2.15443469e-07 -0.04574348 -0.04431518 -0.03986740 -0.03233616 -0.02329823 
1.66810054e-07 -0.04574348 -0.04431518 -0.03986740 -0.03233616 -0.02329823 
1.29154967e-07 -0.04574348 -0.04431518 -0.03986740 -0.03233616 -0.02329823 
1.00000000e-07 -0.04574348 -0.04431518 -0.03986740 -0.03233616 -0.02329823 
7.74263683e-08 -0.04574348 -0.04431518 -0.03986740 -0.03233616 -0.02329823 
5.99484250e-08 -0.04574348 -0.04431518 -0.03986740 -0.03233616 -0.02329823 
4.64158883e-08 -0.04574348 -0.04431518 -0.03986740 -0.03233616 -0.02329823 
3.59381366e-08 -0.04574348 -0.04431518 -0.03986740 -0.03233616 -0.02329823 
2.78255940e-08 -0.04574348 -0.04431518 -0.03986740 -0.03233616 -0.02329823 
2.15443469e-08 -0.04574348 -0.04431518 -0.03986740 -0.03233616 -0.02329823 
1.66810054e-08 -0.04574348 -0.04431518 -0.03986740 -0.03233616 -0.02329823 
1.29154967e-08 -0.04574348 -0.04431518 -0.03986740 -0.03233616 -0.02329823 
1.00000000e-08 -0.04574348 -0.04431518 -0.03986740 -0.03233616 -0.02329823 
7.74263683e-09 -0.04574348 -0.04431518 -0.03986740 -0.03233616 -0.02329823 
5.99484250e-09 -0.04574348 -0.04431518 -0.03986740 -0.03233616 -0.02329823 
4.64158883e-09 -0.04574348 -0.04431518 -0.03986740 -0.03233616 -0.02329823 
3.59381366e-09 -0.04574348 -0.04431518 -0.03986740 -0.03233616 -0.02329823 
2.78255940e-09 -0.04574348 -0.04431518 -0.03986740 -0.03233616 -0.02329823 
2.15443469e-09 -0.04574348 -0.04431518 -0.03986740 -0.03233616 -0.02329823 
1.66810054e-09 -0.04574348 -0.04431518 -0.03986740 -0.03233616 -0.02329823 
1.29154967e-09 -0.04574348 -0.04431518 -0.03986740 -0.03233616 -0.02329823 
1.00000000e-09 -0.04574348 -0.04431518 -0.03986740 -0.03233616 -0.02329823 
7.74263683e-10 -0.04574348 -0.04431518 -0.03986740 -0.03233616 -0.02329823 
5.99484250e-10 -0.04574348 -0.04431518 -0.03986740 -0.03233616 -0.02329823 
4.64158883e-10 -0.04574348 -0.04431518 -0.03986740 -0.03233616 -0.02329823 
3.59381366e-10 -0.04574348 -0.04431518 -0.03986740 -0.03233616 -0.02329823 
2.78255940e-10 -0.04574348 -0.04431518 -0.03986740 -0.03233616 -0.02329823 
2.15443469e-10 -0.04574348 -0.04431518 -0.03986740 -0.03233616 -0.02329823 
1.66810054e-10 -0.04574348 -0.04431518 -0.03986740 -0.03233616 -0.02329823 
1.29154967e-10 -0.04574348 -0.04431518 -0.03986740 -0.03233616 -0.02329823 
1.00000000e-10 -0.04574348 -0.04431518 -0.03986740 -0.03233616 -0.02329823 
P (bar) | log_H2O: -2σ | log_H2O: -1σ | log_H2O: median | log_H2O: +1σ | log_H2O: +2σ 
1.00000000e+01 -4.77936693 -4.62859894 -4.46394597 -4.31620007 -4.17938309 
7.74263683e+00 -4.77936693 -4.62859894 -4.46394597 -4.31620007 -4.17938309 
5.99484250e+00 -4.77936693 -4.62859894 -4.46394597 -4.31620007 -4.17938309 
4.64158883e+00 -4.77936693 -4.62859894 -4.46394597 -4.31620007 -4.17938309 
3.59381366e+00 -4.77936693 -4.62859894 -4.46394597 -4.31620007 -4.17938309 
2.78255940e+00 -4.77936693 -4.62859894 -4.46394597 -4.31620007 -4.17938309 
2.15443469e+00 -4.77936693 -4.62859894 -4.46394597 -4.31620007 -4.17938309 
1.66810054e+00 -4.77936693 -4.62859894 -4.46394597 -4.31620007 -4.17938309 
1.29154967e+00 -4.77936693 -4.62859894 -4.46394597 -4.31620007 -4.17938309 
1.00000000e+00 -4.77936693 -4.62859894 -4.46394597 -4.31620007 -4.17938309 
7.74263683e-01 -4.77936693 -4.62859894 -4.46394597 -4.31620007 -4.17938309 
5.99484250e-01 -4.77936693 -4.62859894 -4.46394597 -4.31620007 -4.17938309 
4.64158883e-01 -4.77936693 -4.62859894 -4.46394597 -4.31620007 -4.17938309 
3.59381366e-01 -4.77936693 -4.62859894 -4.46394597 -4.31620007 -4.17938309 
2.78255940e-01 -4.77936693 -4.62859894 -4.46394597 -4.31620007 -4.17938309 
2.15443469e-01 -4.77936693 -4.62859894 -4.46394597 -4.31620007 -4.17938309 
1.66810054e-01 -4.77936693 -4.62859894 -4.46394597 -4.31620007 -4.17938309 
1.29154967e-01 -4.77936693 -4.62859894 -4.46394597 -4.31620007 -4.17938309 
1.00000000e-01 -4.77936693 -4.62859894 -4.46394597 -4.31620007 -4.17938309 
7.74263683e-02 -4.77936693 -4.62859894 -4.46394597 -4.31620007 -4.17938309 
5.99484250e-02 -4.77936693 -4.62859894 -4.46394597 -4.31620007 -4.17938309 
4.64158883e-02 -4.77936693 -4.62859894 -4.46394597 -4.31620007 -4.17938309 
3.59381366e-02 -4.77936693 -4.62859894 -4.46394597 -4.31620007 -4.17938309 
2.78255940e-02 -4.77936693 -4.62859894 -4.46394597 -4.31620007 -4.17938309 
2.15443469e-02 -4.77936693 -4.62859894 -4.46394597 -4.31620007 -4.17938309 
1.66810054e-02 -4.77936693 -4.62859894 -4.46394597 -4.31620007 -4.17938309 
1.29154967e-02 -4.77936693 -4.62859894 -4.46394597 -4.31620007 -4.17938309 
1.00000000e-02 -4.77936693 -4.62859894 -4.46394597 -4.31620007 -4.17938309 
7.74263683e-03 -4.77936693 -4.62859894 -4.46394597 -4.31620007 -4.17938309 
5.99484250e-03 -4.77936693 -4.62859894 -4.46394597 -4.31620007 -4.17938309 
4.64158883e-03 -4.77936693 -4.62859894 -4.46394597 -4.31620007 -4.17938309 
3.59381366e-03 -4.77936693 -4.62859894 -4.46394597 -4.31620007 -4.17938309 
2.78255940e-03 -4.77936693 -4.62859894 -4.46394597 -4.31620007 -4.17938309 
2.15443469e-03 -4.77936693 -4.62859894 -4.46394597 -4.31620007 -4.17938309 
1.66810054e-03 -4.77936693 -4.62859894 -4.46394597 -4.31620007 -4.17938309 
1.29154967e-03 -4.77936693 -4.62859894 -4.46394597 -4.31620007 -4.17938309 
1.00000000e-03 -4.77936693 -4.62859894 -4.46394597 -4.31620007 -4.17938309 
7.74263683e-04 -4.77936693 -4.62859894 -4.46394597 -4.31620007 -4.17938309 
5.99484250e-04 -4.77936693 -4.62859894 -4.46394597 -4.31620007 -4.17938309 
4.64158883e-04 -4.77936693 -4.62859894 -4.46394597 -4.31620007 -4.17938309 
3.59381366e-04 -4.77936693 -4.62859894 -4.46394597 -4.31620007 -4.17938309 
2.78255940e-04 -4.77936693 -4.62859894 -4.46394597 -4.31620007 -4.17938309 
2.15443469e-04 -4.77936693 -4.62859894 -4.46394597 -4.31620007 -4.17938309 
1.66810054e-04 -4.77936693 -4.62859894 -4.46394597 -4.31620007 -4.17938309 
1.29154967e-04 -4.77936693 -4.62859894 -4.46394597 -4.31620007 -4.17938309 
1.00000000e-04 -4.77936693 -4.62859894 -4.46394597 -4.31620007 -4.17938309 
7.74263683e-05 -4.77936693 -4.62859894 -4.46394597 -4.31620007 -4.17938309 
5.99484250e-05 -4.77936693 -4.62859894 -4.46394597 -4.31620007 -4.17938309 
4.64158883e-05 -4.77936693 -4.62859894 -4.46394597 -4.31620007 -4.17938309 
3.59381366e-05 -4.77936693 -4.62859894 -4.46394597 -4.31620007 -4.17938309 
2.78255940e-05 -4.77936693 -4.62859894 -4.46394597 -4.31620007 -4.17938309 
2.15443469e-05 -4.77936693 -4.62859894 -4.46394597 -4.31620007 -4.17938309 
1.66810054e-05 -4.77936693 -4.62859894 -4.46394597 -4.31620007 -4.17938309 
1.29154967e-05 -4.77936693 -4.62859894 -4.46394597 -4.31620007 -4.17938309 
1.00000000e-05 -4.77936693 -4.62859894 -4.46394597 -4.31620007 -4.17938309 
7.74263683e-06 -4.77936693 -4.62859894 -4.46394597 -4.31620007 -4.17938309 
5.99484250e-06 -4.77936693 -4.62859894 -4.46394597 -4.31620007 -4.17938309 
4.64158883e-06 -4.77936693 -4.62859894 -4.46394597 -4.31620007 -4.17938309 
3.59381366e-06 -4.77936693 -4.62859894 -4.46394597 -4.31620007 -4.17938309 
2.78255940e-06 -4.77936693 -4.62859894 -4.46394597 -4.31620007 -4.17938309 
2.15443469e-06 -4.77936693 -4.62859894 -4.46394597 -4.31620007 -4.17938309 
1.66810054e-06 -4.77936693 -4.62859894 -4.46394597 -4.31620007 -4.17938309 
1.29154967e-06 -4.77936693 -4.62859894 -4.46394597 -4.31620007 -4.17938309 
1.00000000e-06 -4.77936693 -4.62859894 -4.46394597 -4.31620007 -4.17938309 
7.74263683e-07 -4.77936693 -4.62859894 -4.46394597 -4.31620007 -4.17938309 
5.99484250e-07 -4.77936693 -4.62859894 -4.46394597 -4.31620007 -4.17938309 
4.64158883e-07 -4.77936693 -4.62859894 -4.46394597 -4.31620007 -4.17938309 
3.59381366e-07 -4.77936693 -4.62859894 -4.46394597 -4.31620007 -4.17938309 
2.78255940e-07 -4.77936693 -4.62859894 -4.46394597 -4.31620007 -4.17938309 
2.15443469e-07 -4.77936693 -4.62859894 -4.46394597 -4.31620007 -4.17938309 
1.66810054e-07 -4.77936693 -4.62859894 -4.46394597 -4.31620007 -4.17938309 
1.29154967e-07 -4.77936693 -4.62859894 -4.46394597 -4.31620007 -4.17938309 
1.00000000e-07 -4.77936693 -4.62859894 -4.46394597 -4.31620007 -4.17938309 
7.74263683e-08 -4.77936693 -4.62859894 -4.46394597 -4.31620007 -4.17938309 
5.99484250e-08 -4.77936693 -4.62859894 -4.46394597 -4.31620007 -4.17938309 
4.64158883e-08 -4.77936693 -4.62859894 -4.46394597 -4.31620007 -4.17938309 
3.59381366e-08 -4.77936693 -4.62859894 -4.46394597 -4.31620007 -4.17938309 
2.78255940e-08 -4.77936693 -4.62859894 -4.46394597 -4.31620007 -4.17938309 
2.15443469e-08 -4.77936693 -4.62859894 -4.46394597 -4.31620007 -4.17938309 
1.66810054e-08 -4.77936693 -4.62859894 -4.46394597 -4.31620007 -4.17938309 
1.29154967e-08 -4.77936693 -4.62859894 -4.46394597 -4.31620007 -4.17938309 
1.00000000e-08 -4.77936693 -4.62859894 -4.46394597 -4.31620007 -4.17938309 
7.74263683e-09 -4.77936693 -4.62859894 -4.46394597 -4.31620007 -4.17938309 
5.99484250e-09 -4.77936693 -4.62859894 -4.46394597 -4.31620007 -4.17938309 
4.64158883e-09 -4.77936693 -4.62859894 -4.46394597 -4.31620007 -4.17938309 
3.59381366e-09 -4.77936693 -4.62859894 -4.46394597 -4.31620007 -4.17938309 
2.78255940e-09 -4.77936693 -4.62859894 -4.46394597 -4.31620007 -4.17938309 
2.15443469e-09 -4.77936693 -4.62859894 -4.46394597 -4.31620007 -4.17938309 
1.66810054e-09 -4.77936693 -4.62859894 -4.46394597 -4.31620007 -4.17938309 
1.29154967e-09 -4.77936693 -4.62859894 -4.46394597 -4.31620007 -4.17938309 
1.00000000e-09 -4.77936693 -4.62859894 -4.46394597 -4.31620007 -4.17938309 
7.74263683e-10 -4.77936693 -4.62859894 -4.46394597 -4.31620007 -4.17938309 
5.99484250e-10 -4.77936693 -4.62859894 -4.46394597 -4.31620007 -4.17938309 
4.64158883e-10 -4.77936693 -4.62859894 -4.46394597 -4.31620007 -4.17938309 
3.59381366e-10 -4.77936693 -4.62859894 -4.46394597 -4.31620007 -4.17938309 
2.78255940e-10 -4.77936693 -4.62859894 -4.46394597 -4.31620007 -4.17938309 
2.15443469e-10 -4.77936693 -4.62859894 -4.46394597 -4.31620007 -4.17938309 
1.66810054e-10 -4.77936693 -4.62859894 -4.46394597 -4.31620007 -4.17938309 
1.29154967e-10 -4.77936693 -4.62859894 -4.46394597 -4.31620007 -4.17938309 
1.00000000e-10 -4.77936693 -4.62859894 -4.46394597 -4.31620007 -4.17938309 
P (bar) | log_CO2: -2σ | log_CO2: -1σ | log_CO2: median | log_CO2: +1σ | log_CO2: +2σ 
1.00000000e+01 -3.83726213 -3.65375297 -3.47330997 -3.29408654 -3.12122426 
7.74263683e+00 -3.83726213 -3.65375297 -3.47330997 -3.29408654 -3.12122426 
5.99484250e+00 -3.83726213 -3.65375297 -3.47330997 -3.29408654 -3.12122426 
4.64158883e+00 -3.83726213 -3.65375297 -3.47330997 -3.29408654 -3.12122426 
3.59381366e+00 -3.83726213 -3.65375297 -3.47330997 -3.29408654 -3.12122426 
2.78255940e+00 -3.83726213 -3.65375297 -3.47330997 -3.29408654 -3.12122426 
2.15443469e+00 -3.83726213 -3.65375297 -3.47330997 -3.29408654 -3.12122426 
1.66810054e+00 -3.83726213 -3.65375297 -3.47330997 -3.29408654 -3.12122426 
1.29154967e+00 -3.83726213 -3.65375297 -3.47330997 -3.29408654 -3.12122426 
1.00000000e+00 -3.83726213 -3.65375297 -3.47330997 -3.29408654 -3.12122426 
7.74263683e-01 -3.83726213 -3.65375297 -3.47330997 -3.29408654 -3.12122426 
5.99484250e-01 -3.83726213 -3.65375297 -3.47330997 -3.29408654 -3.12122426 
4.64158883e-01 -3.83726213 -3.65375297 -3.47330997 -3.29408654 -3.12122426 
3.59381366e-01 -3.83726213 -3.65375297 -3.47330997 -3.29408654 -3.12122426 
2.78255940e-01 -3.83726213 -3.65375297 -3.47330997 -3.29408654 -3.12122426 
2.15443469e-01 -3.83726213 -3.65375297 -3.47330997 -3.29408654 -3.12122426 
1.66810054e-01 -3.83726213 -3.65375297 -3.47330997 -3.29408654 -3.12122426 
1.29154967e-01 -3.83726213 -3.65375297 -3.47330997 -3.29408654 -3.12122426 
1.00000000e-01 -3.83726213 -3.65375297 -3.47330997 -3.29408654 -3.12122426 
7.74263683e-02 -3.83726213 -3.65375297 -3.47330997 -3.29408654 -3.12122426 
5.99484250e-02 -3.83726213 -3.65375297 -3.47330997 -3.29408654 -3.12122426 
4.64158883e-02 -3.83726213 -3.65375297 -3.47330997 -3.29408654 -3.12122426 
3.59381366e-02 -3.83726213 -3.65375297 -3.47330997 -3.29408654 -3.12122426 
2.78255940e-02 -3.83726213 -3.65375297 -3.47330997 -3.29408654 -3.12122426 
2.15443469e-02 -3.83726213 -3.65375297 -3.47330997 -3.29408654 -3.12122426 
1.66810054e-02 -3.83726213 -3.65375297 -3.47330997 -3.29408654 -3.12122426 
1.29154967e-02 -3.83726213 -3.65375297 -3.47330997 -3.29408654 -3.12122426 
1.00000000e-02 -3.83726213 -3.65375297 -3.47330997 -3.29408654 -3.12122426 
7.74263683e-03 -3.83726213 -3.65375297 -3.47330997 -3.29408654 -3.12122426 
5.99484250e-03 -3.83726213 -3.65375297 -3.47330997 -3.29408654 -3.12122426 
4.64158883e-03 -3.83726213 -3.65375297 -3.47330997 -3.29408654 -3.12122426 
3.59381366e-03 -3.83726213 -3.65375297 -3.47330997 -3.29408654 -3.12122426 
2.78255940e-03 -3.83726213 -3.65375297 -3.47330997 -3.29408654 -3.12122426 
2.15443469e-03 -3.83726213 -3.65375297 -3.47330997 -3.29408654 -3.12122426 
1.66810054e-03 -3.83726213 -3.65375297 -3.47330997 -3.29408654 -3.12122426 
1.29154967e-03 -3.83726213 -3.65375297 -3.47330997 -3.29408654 -3.12122426 
1.00000000e-03 -3.83726213 -3.65375297 -3.47330997 -3.29408654 -3.12122426 
7.74263683e-04 -3.83726213 -3.65375297 -3.47330997 -3.29408654 -3.12122426 
5.99484250e-04 -3.83726213 -3.65375297 -3.47330997 -3.29408654 -3.12122426 
4.64158883e-04 -3.83726213 -3.65375297 -3.47330997 -3.29408654 -3.12122426 
3.59381366e-04 -3.83726213 -3.65375297 -3.47330997 -3.29408654 -3.12122426 
2.78255940e-04 -3.83726213 -3.65375297 -3.47330997 -3.29408654 -3.12122426 
2.15443469e-04 -3.83726213 -3.65375297 -3.47330997 -3.29408654 -3.12122426 
1.66810054e-04 -3.83726213 -3.65375297 -3.47330997 -3.29408654 -3.12122426 
1.29154967e-04 -3.83726213 -3.65375297 -3.47330997 -3.29408654 -3.12122426 
1.00000000e-04 -3.83726213 -3.65375297 -3.47330997 -3.29408654 -3.12122426 
7.74263683e-05 -3.83726213 -3.65375297 -3.47330997 -3.29408654 -3.12122426 
5.99484250e-05 -3.83726213 -3.65375297 -3.47330997 -3.29408654 -3.12122426 
4.64158883e-05 -3.83726213 -3.65375297 -3.47330997 -3.29408654 -3.12122426 
3.59381366e-05 -3.83726213 -3.65375297 -3.47330997 -3.29408654 -3.12122426 
2.78255940e-05 -3.83726213 -3.65375297 -3.47330997 -3.29408654 -3.12122426 
2.15443469e-05 -3.83726213 -3.65375297 -3.47330997 -3.29408654 -3.12122426 
1.66810054e-05 -3.83726213 -3.65375297 -3.47330997 -3.29408654 -3.12122426 
1.29154967e-05 -3.83726213 -3.65375297 -3.47330997 -3.29408654 -3.12122426 
1.00000000e-05 -3.83726213 -3.65375297 -3.47330997 -3.29408654 -3.12122426 
7.74263683e-06 -3.83726213 -3.65375297 -3.47330997 -3.29408654 -3.12122426 
5.99484250e-06 -3.83726213 -3.65375297 -3.47330997 -3.29408654 -3.12122426 
4.64158883e-06 -3.83726213 -3.65375297 -3.47330997 -3.29408654 -3.12122426 
3.59381366e-06 -3.83726213 -3.65375297 -3.47330997 -3.29408654 -3.12122426 
2.78255940e-06 -3.83726213 -3.65375297 -3.47330997 -3.29408654 -3.12122426 
2.15443469e-06 -3.83726213 -3.65375297 -3.47330997 -3.29408654 -3.12122426 
1.66810054e-06 -3.83726213 -3.65375297 -3.47330997 -3.29408654 -3.12122426 
1.29154967e-06 -3.83726213 -3.65375297 -3.47330997 -3.29408654 -3.12122426 
1.00000000e-06 -3.83726213 -3.65375297 -3.47330997 -3.29408654 -3.12122426 
7.74263683e-07 -3.83726213 -3.65375297 -3.47330997 -3.29408654 -3.12122426 
5.99484250e-07 -3.83726213 -3.65375297 -3.47330997 -3.29408654 -3.12122426 
4.64158883e-07 -3.83726213 -3.65375297 -3.47330997 -3.29408654 -3.12122426 
3.59381366e-07 -3.83726213 -3.65375297 -3.47330997 -3.29408654 -3.12122426 
2.78255940e-07 -3.83726213 -3.65375297 -3.47330997 -3.29408654 -3.12122426 
2.15443469e-07 -3.83726213 -3.65375297 -3.47330997 -3.29408654 -3.12122426 
1.66810054e-07 -3.83726213 -3.65375297 -3.47330997 -3.29408654 -3.12122426 
1.29154967e-07 -3.83726213 -3.65375297 -3.47330997 -3.29408654 -3.12122426 
1.00000000e-07 -3.83726213 -3.65375297 -3.47330997 -3.29408654 -3.12122426 
7.74263683e-08 -3.83726213 -3.65375297 -3.47330997 -3.29408654 -3.12122426 
5.99484250e-08 -3.83726213 -3.65375297 -3.47330997 -3.29408654 -3.12122426 
4.64158883e-08 -3.83726213 -3.65375297 -3.47330997 -3.29408654 -3.12122426 
3.59381366e-08 -3.83726213 -3.65375297 -3.47330997 -3.29408654 -3.12122426 
2.78255940e-08 -3.83726213 -3.65375297 -3.47330997 -3.29408654 -3.12122426 
2.15443469e-08 -3.83726213 -3.65375297 -3.47330997 -3.29408654 -3.12122426 
1.66810054e-08 -3.83726213 -3.65375297 -3.47330997 -3.29408654 -3.12122426 
1.29154967e-08 -3.83726213 -3.65375297 -3.47330997 -3.29408654 -3.12122426 
1.00000000e-08 -3.83726213 -3.65375297 -3.47330997 -3.29408654 -3.12122426 
7.74263683e-09 -3.83726213 -3.65375297 -3.47330997 -3.29408654 -3.12122426 
5.99484250e-09 -3.83726213 -3.65375297 -3.47330997 -3.29408654 -3.12122426 
4.64158883e-09 -3.83726213 -3.65375297 -3.47330997 -3.29408654 -3.12122426 
3.59381366e-09 -3.83726213 -3.65375297 -3.47330997 -3.29408654 -3.12122426 
2.78255940e-09 -3.83726213 -3.65375297 -3.47330997 -3.29408654 -3.12122426 
2.15443469e-09 -3.83726213 -3.65375297 -3.47330997 -3.29408654 -3.12122426 
1.66810054e-09 -3.83726213 -3.65375297 -3.47330997 -3.29408654 -3.12122426 
1.29154967e-09 -3.83726213 -3.65375297 -3.47330997 -3.29408654 -3.12122426 
1.00000000e-09 -3.83726213 -3.65375297 -3.47330997 -3.29408654 -3.12122426 
7.74263683e-10 -3.83726213 -3.65375297 -3.47330997 -3.29408654 -3.12122426 
5.99484250e-10 -3.83726213 -3.65375297 -3.47330997 -3.29408654 -3.12122426 
4.64158883e-10 -3.83726213 -3.65375297 -3.47330997 -3.29408654 -3.12122426 
3.59381366e-10 -3.83726213 -3.65375297 -3.47330997 -3.29408654 -3.12122426 
2.78255940e-10 -3.83726213 -3.65375297 -3.47330997 -3.29408654 -3.12122426 
2.15443469e-10 -3.83726213 -3.65375297 -3.47330997 -3.29408654 -3.12122426 
1.66810054e-10 -3.83726213 -3.65375297 -3.47330997 -3.29408654 -3.12122426 
1.29154967e-10 -3.83726213 -3.65375297 -3.47330997 -3.29408654 -3.12122426 
1.00000000e-10 -3.83726213 -3.65375297 -3.47330997 -3.29408654 -3.12122426 
P (bar) | log_CH4: -2σ | log_CH4: -1σ | log_CH4: median | log_CH4: +1σ | log_CH4: +2σ 
1.00000000e+01 -4.68865252 -4.59974007 -4.50151515 -4.40626122 -4.30545363 
7.74263683e+00 -4.68865252 -4.59974007 -4.50151515 -4.40626122 -4.30545363 
5.99484250e+00 -4.68865252 -4.59974007 -4.50151515 -4.40626122 -4.30545363 
4.64158883e+00 -4.68865252 -4.59974007 -4.50151515 -4.40626122 -4.30545363 
3.59381366e+00 -4.68865252 -4.59974007 -4.50151515 -4.40626122 -4.30545363 
2.78255940e+00 -4.68865252 -4.59974007 -4.50151515 -4.40626122 -4.30545363 
2.15443469e+00 -4.68865252 -4.59974007 -4.50151515 -4.40626122 -4.30545363 
1.66810054e+00 -4.68865252 -4.59974007 -4.50151515 -4.40626122 -4.30545363 
1.29154967e+00 -4.68865252 -4.59974007 -4.50151515 -4.40626122 -4.30545363 
1.00000000e+00 -4.68865252 -4.59974007 -4.50151515 -4.40626122 -4.30545363 
7.74263683e-01 -4.68865252 -4.59974007 -4.50151515 -4.40626122 -4.30545363 
5.99484250e-01 -4.68865252 -4.59974007 -4.50151515 -4.40626122 -4.30545363 
4.64158883e-01 -4.68865252 -4.59974007 -4.50151515 -4.40626122 -4.30545363 
3.59381366e-01 -4.68865252 -4.59974007 -4.50151515 -4.40626122 -4.30545363 
2.78255940e-01 -4.68865252 -4.59974007 -4.50151515 -4.40626122 -4.30545363 
2.15443469e-01 -4.68865252 -4.59974007 -4.50151515 -4.40626122 -4.30545363 
1.66810054e-01 -4.68865252 -4.59974007 -4.50151515 -4.40626122 -4.30545363 
1.29154967e-01 -4.68865252 -4.59974007 -4.50151515 -4.40626122 -4.30545363 
1.00000000e-01 -4.68865252 -4.59974007 -4.50151515 -4.40626122 -4.30545363 
7.74263683e-02 -4.68865252 -4.59974007 -4.50151515 -4.40626122 -4.30545363 
5.99484250e-02 -4.68865252 -4.59974007 -4.50151515 -4.40626122 -4.30545363 
4.64158883e-02 -4.68865252 -4.59974007 -4.50151515 -4.40626122 -4.30545363 
3.59381366e-02 -4.68865252 -4.59974007 -4.50151515 -4.40626122 -4.30545363 
2.78255940e-02 -4.68865252 -4.59974007 -4.50151515 -4.40626122 -4.30545363 
2.15443469e-02 -4.68865252 -4.59974007 -4.50151515 -4.40626122 -4.30545363 
1.66810054e-02 -4.68865252 -4.59974007 -4.50151515 -4.40626122 -4.30545363 
1.29154967e-02 -4.68865252 -4.59974007 -4.50151515 -4.40626122 -4.30545363 
1.00000000e-02 -4.68865252 -4.59974007 -4.50151515 -4.40626122 -4.30545363 
7.74263683e-03 -4.68865252 -4.59974007 -4.50151515 -4.40626122 -4.30545363 
5.99484250e-03 -4.68865252 -4.59974007 -4.50151515 -4.40626122 -4.30545363 
4.64158883e-03 -4.68865252 -4.59974007 -4.50151515 -4.40626122 -4.30545363 
3.59381366e-03 -4.68865252 -4.59974007 -4.50151515 -4.40626122 -4.30545363 
2.78255940e-03 -4.68865252 -4.59974007 -4.50151515 -4.40626122 -4.30545363 
2.15443469e-03 -4.68865252 -4.59974007 -4.50151515 -4.40626122 -4.30545363 
1.66810054e-03 -4.68865252 -4.59974007 -4.50151515 -4.40626122 -4.30545363 
1.29154967e-03 -4.68865252 -4.59974007 -4.50151515 -4.40626122 -4.30545363 
1.00000000e-03 -4.68865252 -4.59974007 -4.50151515 -4.40626122 -4.30545363 
7.74263683e-04 -4.68865252 -4.59974007 -4.50151515 -4.40626122 -4.30545363 
5.99484250e-04 -4.68865252 -4.59974007 -4.50151515 -4.40626122 -4.30545363 
4.64158883e-04 -4.68865252 -4.59974007 -4.50151515 -4.40626122 -4.30545363 
3.59381366e-04 -4.68865252 -4.59974007 -4.50151515 -4.40626122 -4.30545363 
2.78255940e-04 -4.68865252 -4.59974007 -4.50151515 -4.40626122 -4.30545363 
2.15443469e-04 -4.68865252 -4.59974007 -4.50151515 -4.40626122 -4.30545363 
1.66810054e-04 -4.68865252 -4.59974007 -4.50151515 -4.40626122 -4.30545363 
1.29154967e-04 -4.68865252 -4.59974007 -4.50151515 -4.40626122 -4.30545363 
1.00000000e-04 -4.68865252 -4.59974007 -4.50151515 -4.40626122 -4.30545363 
7.74263683e-05 -4.68865252 -4.59974007 -4.50151515 -4.40626122 -4.30545363 
5.99484250e-05 -4.68865252 -4.59974007 -4.50151515 -4.40626122 -4.30545363 
4.64158883e-05 -4.68865252 -4.59974007 -4.50151515 -4.40626122 -4.30545363 
3.59381366e-05 -4.68865252 -4.59974007 -4.50151515 -4.40626122 -4.30545363 
2.78255940e-05 -4.68865252 -4.59974007 -4.50151515 -4.40626122 -4.30545363 
2.15443469e-05 -4.68865252 -4.59974007 -4.50151515 -4.40626122 -4.30545363 
1.66810054e-05 -4.68865252 -4.59974007 -4.50151515 -4.40626122 -4.30545363 
1.29154967e-05 -4.68865252 -4.59974007 -4.50151515 -4.40626122 -4.30545363 
1.00000000e-05 -4.68865252 -4.59974007 -4.50151515 -4.40626122 -4.30545363 
7.74263683e-06 -4.68865252 -4.59974007 -4.50151515 -4.40626122 -4.30545363 
5.99484250e-06 -4.68865252 -4.59974007 -4.50151515 -4.40626122 -4.30545363 
4.64158883e-06 -4.68865252 -4.59974007 -4.50151515 -4.40626122 -4.30545363 
3.59381366e-06 -4.68865252 -4.59974007 -4.50151515 -4.40626122 -4.30545363 
2.78255940e-06 -4.68865252 -4.59974007 -4.50151515 -4.40626122 -4.30545363 
2.15443469e-06 -4.68865252 -4.59974007 -4.50151515 -4.40626122 -4.30545363 
1.66810054e-06 -4.68865252 -4.59974007 -4.50151515 -4.40626122 -4.30545363 
1.29154967e-06 -4.68865252 -4.59974007 -4.50151515 -4.40626122 -4.30545363 
1.00000000e-06 -4.68865252 -4.59974007 -4.50151515 -4.40626122 -4.30545363 
7.74263683e-07 -4.68865252 -4.59974007 -4.50151515 -4.40626122 -4.30545363 
5.99484250e-07 -4.68865252 -4.59974007 -4.50151515 -4.40626122 -4.30545363 
4.64158883e-07 -4.68865252 -4.59974007 -4.50151515 -4.40626122 -4.30545363 
3.59381366e-07 -4.68865252 -4.59974007 -4.50151515 -4.40626122 -4.30545363 
2.78255940e-07 -4.68865252 -4.59974007 -4.50151515 -4.40626122 -4.30545363 
2.15443469e-07 -4.68865252 -4.59974007 -4.50151515 -4.40626122 -4.30545363 
1.66810054e-07 -4.68865252 -4.59974007 -4.50151515 -4.40626122 -4.30545363 
1.29154967e-07 -4.68865252 -4.59974007 -4.50151515 -4.40626122 -4.30545363 
1.00000000e-07 -4.68865252 -4.59974007 -4.50151515 -4.40626122 -4.30545363 
7.74263683e-08 -4.68865252 -4.59974007 -4.50151515 -4.40626122 -4.30545363 
5.99484250e-08 -4.68865252 -4.59974007 -4.50151515 -4.40626122 -4.30545363 
4.64158883e-08 -4.68865252 -4.59974007 -4.50151515 -4.40626122 -4.30545363 
3.59381366e-08 -4.68865252 -4.59974007 -4.50151515 -4.40626122 -4.30545363 
2.78255940e-08 -4.68865252 -4.59974007 -4.50151515 -4.40626122 -4.30545363 
2.15443469e-08 -4.68865252 -4.59974007 -4.50151515 -4.40626122 -4.30545363 
1.66810054e-08 -4.68865252 -4.59974007 -4.50151515 -4.40626122 -4.30545363 
1.29154967e-08 -4.68865252 -4.59974007 -4.50151515 -4.40626122 -4.30545363 
1.00000000e-08 -4.68865252 -4.59974007 -4.50151515 -4.40626122 -4.30545363 
7.74263683e-09 -4.68865252 -4.59974007 -4.50151515 -4.40626122 -4.30545363 
5.99484250e-09 -4.68865252 -4.59974007 -4.50151515 -4.40626122 -4.30545363 
4.64158883e-09 -4.68865252 -4.59974007 -4.50151515 -4.40626122 -4.30545363 
3.59381366e-09 -4.68865252 -4.59974007 -4.50151515 -4.40626122 -4.30545363 
2.78255940e-09 -4.68865252 -4.59974007 -4.50151515 -4.40626122 -4.30545363 
2.15443469e-09 -4.68865252 -4.59974007 -4.50151515 -4.40626122 -4.30545363 
1.66810054e-09 -4.68865252 -4.59974007 -4.50151515 -4.40626122 -4.30545363 
1.29154967e-09 -4.68865252 -4.59974007 -4.50151515 -4.40626122 -4.30545363 
1.00000000e-09 -4.68865252 -4.59974007 -4.50151515 -4.40626122 -4.30545363 
7.74263683e-10 -4.68865252 -4.59974007 -4.50151515 -4.40626122 -4.30545363 
5.99484250e-10 -4.68865252 -4.59974007 -4.50151515 -4.40626122 -4.30545363 
4.64158883e-10 -4.68865252 -4.59974007 -4.50151515 -4.40626122 -4.30545363 
3.59381366e-10 -4.68865252 -4.59974007 -4.50151515 -4.40626122 -4.30545363 
2.78255940e-10 -4.68865252 -4.59974007 -4.50151515 -4.40626122 -4.30545363 
2.15443469e-10 -4.68865252 -4.59974007 -4.50151515 -4.40626122 -4.30545363 
1.66810054e-10 -4.68865252 -4.59974007 -4.50151515 -4.40626122 -4.30545363 
1.29154967e-10 -4.68865252 -4.59974007 -4.50151515 -4.40626122 -4.30545363 
1.00000000e-10 -4.68865252 -4.59974007 -4.50151515 -4.40626122 -4.30545363 
P (bar) | log_O2: -2σ | log_O2: -1σ | log_O2: median | log_O2: +1σ | log_O2: +2σ 
1.00000000e+01 -1.28705190 -1.15009534 -1.05879463 -1.01529030 -1.00243590 
7.74263683e+00 -1.28705190 -1.15009534 -1.05879463 -1.01529030 -1.00243590 
5.99484250e+00 -1.28705190 -1.15009534 -1.05879463 -1.01529030 -1.00243590 
4.64158883e+00 -1.28705190 -1.15009534 -1.05879463 -1.01529030 -1.00243590 
3.59381366e+00 -1.28705190 -1.15009534 -1.05879463 -1.01529030 -1.00243590 
2.78255940e+00 -1.28705190 -1.15009534 -1.05879463 -1.01529030 -1.00243590 
2.15443469e+00 -1.28705190 -1.15009534 -1.05879463 -1.01529030 -1.00243590 
1.66810054e+00 -1.28705190 -1.15009534 -1.05879463 -1.01529030 -1.00243590 
1.29154967e+00 -1.28705190 -1.15009534 -1.05879463 -1.01529030 -1.00243590 
1.00000000e+00 -1.28705190 -1.15009534 -1.05879463 -1.01529030 -1.00243590 
7.74263683e-01 -1.28705190 -1.15009534 -1.05879463 -1.01529030 -1.00243590 
5.99484250e-01 -1.28705190 -1.15009534 -1.05879463 -1.01529030 -1.00243590 
4.64158883e-01 -1.28705190 -1.15009534 -1.05879463 -1.01529030 -1.00243590 
3.59381366e-01 -1.28705190 -1.15009534 -1.05879463 -1.01529030 -1.00243590 
2.78255940e-01 -1.28705190 -1.15009534 -1.05879463 -1.01529030 -1.00243590 
2.15443469e-01 -1.28705190 -1.15009534 -1.05879463 -1.01529030 -1.00243590 
1.66810054e-01 -1.28705190 -1.15009534 -1.05879463 -1.01529030 -1.00243590 
1.29154967e-01 -1.28705190 -1.15009534 -1.05879463 -1.01529030 -1.00243590 
1.00000000e-01 -1.28705190 -1.15009534 -1.05879463 -1.01529030 -1.00243590 
7.74263683e-02 -1.28705190 -1.15009534 -1.05879463 -1.01529030 -1.00243590 
5.99484250e-02 -1.28705190 -1.15009534 -1.05879463 -1.01529030 -1.00243590 
4.64158883e-02 -1.28705190 -1.15009534 -1.05879463 -1.01529030 -1.00243590 
3.59381366e-02 -1.28705190 -1.15009534 -1.05879463 -1.01529030 -1.00243590 
2.78255940e-02 -1.28705190 -1.15009534 -1.05879463 -1.01529030 -1.00243590 
2.15443469e-02 -1.28705190 -1.15009534 -1.05879463 -1.01529030 -1.00243590 
1.66810054e-02 -1.28705190 -1.15009534 -1.05879463 -1.01529030 -1.00243590 
1.29154967e-02 -1.28705190 -1.15009534 -1.05879463 -1.01529030 -1.00243590 
1.00000000e-02 -1.28705190 -1.15009534 -1.05879463 -1.01529030 -1.00243590 
7.74263683e-03 -1.28705190 -1.15009534 -1.05879463 -1.01529030 -1.00243590 
5.99484250e-03 -1.28705190 -1.15009534 -1.05879463 -1.01529030 -1.00243590 
4.64158883e-03 -1.28705190 -1.15009534 -1.05879463 -1.01529030 -1.00243590 
3.59381366e-03 -1.28705190 -1.15009534 -1.05879463 -1.01529030 -1.00243590 
2.78255940e-03 -1.28705190 -1.15009534 -1.05879463 -1.01529030 -1.00243590 
2.15443469e-03 -1.28705190 -1.15009534 -1.05879463 -1.01529030 -1.00243590 
1.66810054e-03 -1.28705190 -1.15009534 -1.05879463 -1.01529030 -1.00243590 
1.29154967e-03 -1.28705190 -1.15009534 -1.05879463 -1.01529030 -1.00243590 
1.00000000e-03 -1.28705190 -1.15009534 -1.05879463 -1.01529030 -1.00243590 
7.74263683e-04 -1.28705190 -1.15009534 -1.05879463 -1.01529030 -1.00243590 
5.99484250e-04 -1.28705190 -1.15009534 -1.05879463 -1.01529030 -1.00243590 
4.64158883e-04 -1.28705190 -1.15009534 -1.05879463 -1.01529030 -1.00243590 
3.59381366e-04 -1.28705190 -1.15009534 -1.05879463 -1.01529030 -1.00243590 
2.78255940e-04 -1.28705190 -1.15009534 -1.05879463 -1.01529030 -1.00243590 
2.15443469e-04 -1.28705190 -1.15009534 -1.05879463 -1.01529030 -1.00243590 
1.66810054e-04 -1.28705190 -1.15009534 -1.05879463 -1.01529030 -1.00243590 
1.29154967e-04 -1.28705190 -1.15009534 -1.05879463 -1.01529030 -1.00243590 
1.00000000e-04 -1.28705190 -1.15009534 -1.05879463 -1.01529030 -1.00243590 
7.74263683e-05 -1.28705190 -1.15009534 -1.05879463 -1.01529030 -1.00243590 
5.99484250e-05 -1.28705190 -1.15009534 -1.05879463 -1.01529030 -1.00243590 
4.64158883e-05 -1.28705190 -1.15009534 -1.05879463 -1.01529030 -1.00243590 
3.59381366e-05 -1.28705190 -1.15009534 -1.05879463 -1.01529030 -1.00243590 
2.78255940e-05 -1.28705190 -1.15009534 -1.05879463 -1.01529030 -1.00243590 
2.15443469e-05 -1.28705190 -1.15009534 -1.05879463 -1.01529030 -1.00243590 
1.66810054e-05 -1.28705190 -1.15009534 -1.05879463 -1.01529030 -1.00243590 
1.29154967e-05 -1.28705190 -1.15009534 -1.05879463 -1.01529030 -1.00243590 
1.00000000e-05 -1.28705190 -1.15009534 -1.05879463 -1.01529030 -1.00243590 
7.74263683e-06 -1.28705190 -1.15009534 -1.05879463 -1.01529030 -1.00243590 
5.99484250e-06 -1.28705190 -1.15009534 -1.05879463 -1.01529030 -1.00243590 
4.64158883e-06 -1.28705190 -1.15009534 -1.05879463 -1.01529030 -1.00243590 
3.59381366e-06 -1.28705190 -1.15009534 -1.05879463 -1.01529030 -1.00243590 
2.78255940e-06 -1.28705190 -1.15009534 -1.05879463 -1.01529030 -1.00243590 
2.15443469e-06 -1.28705190 -1.15009534 -1.05879463 -1.01529030 -1.00243590 
1.66810054e-06 -1.28705190 -1.15009534 -1.05879463 -1.01529030 -1.00243590 
1.29154967e-06 -1.28705190 -1.15009534 -1.05879463 -1.01529030 -1.00243590 
1.00000000e-06 -1.28705190 -1.15009534 -1.05879463 -1.01529030 -1.00243590 
7.74263683e-07 -1.28705190 -1.15009534 -1.05879463 -1.01529030 -1.00243590 
5.99484250e-07 -1.28705190 -1.15009534 -1.05879463 -1.01529030 -1.00243590 
4.64158883e-07 -1.28705190 -1.15009534 -1.05879463 -1.01529030 -1.00243590 
3.59381366e-07 -1.28705190 -1.15009534 -1.05879463 -1.01529030 -1.00243590 
2.78255940e-07 -1.28705190 -1.15009534 -1.05879463 -1.01529030 -1.00243590 
2.15443469e-07 -1.28705190 -1.15009534 -1.05879463 -1.01529030 -1.00243590 
1.66810054e-07 -1.28705190 -1.15009534 -1.05879463 -1.01529030 -1.00243590 
1.29154967e-07 -1.28705190 -1.15009534 -1.05879463 -1.01529030 -1.00243590 
1.00000000e-07 -1.28705190 -1.15009534 -1.05879463 -1.01529030 -1.00243590 
7.74263683e-08 -1.28705190 -1.15009534 -1.05879463 -1.01529030 -1.00243590 
5.99484250e-08 -1.28705190 -1.15009534 -1.05879463 -1.01529030 -1.00243590 
4.64158883e-08 -1.28705190 -1.15009534 -1.05879463 -1.01529030 -1.00243590 
3.59381366e-08 -1.28705190 -1.15009534 -1.05879463 -1.01529030 -1.00243590 
2.78255940e-08 -1.28705190 -1.15009534 -1.05879463 -1.01529030 -1.00243590 
2.15443469e-08 -1.28705190 -1.15009534 -1.05879463 -1.01529030 -1.00243590 
1.66810054e-08 -1.28705190 -1.15009534 -1.05879463 -1.01529030 -1.00243590 
1.29154967e-08 -1.28705190 -1.15009534 -1.05879463 -1.01529030 -1.00243590 
1.00000000e-08 -1.28705190 -1.15009534 -1.05879463 -1.01529030 -1.00243590 
7.74263683e-09 -1.28705190 -1.15009534 -1.05879463 -1.01529030 -1.00243590 
5.99484250e-09 -1.28705190 -1.15009534 -1.05879463 -1.01529030 -1.00243590 
4.64158883e-09 -1.28705190 -1.15009534 -1.05879463 -1.01529030 -1.00243590 
3.59381366e-09 -1.28705190 -1.15009534 -1.05879463 -1.01529030 -1.00243590 
2.78255940e-09 -1.28705190 -1.15009534 -1.05879463 -1.01529030 -1.00243590 
2.15443469e-09 -1.28705190 -1.15009534 -1.05879463 -1.01529030 -1.00243590 
1.66810054e-09 -1.28705190 -1.15009534 -1.05879463 -1.01529030 -1.00243590 
1.29154967e-09 -1.28705190 -1.15009534 -1.05879463 -1.01529030 -1.00243590 
1.00000000e-09 -1.28705190 -1.15009534 -1.05879463 -1.01529030 -1.00243590 
7.74263683e-10 -1.28705190 -1.15009534 -1.05879463 -1.01529030 -1.00243590 
5.99484250e-10 -1.28705190 -1.15009534 -1.05879463 -1.01529030 -1.00243590 
4.64158883e-10 -1.28705190 -1.15009534 -1.05879463 -1.01529030 -1.00243590 
3.59381366e-10 -1.28705190 -1.15009534 -1.05879463 -1.01529030 -1.00243590 
2.78255940e-10 -1.28705190 -1.15009534 -1.05879463 -1.01529030 -1.00243590 
2.15443469e-10 -1.28705190 -1.15009534 -1.05879463 -1.01529030 -1.00243590 
1.66810054e-10 -1.28705190 -1.15009534 -1.05879463 -1.01529030 -1.00243590 
1.29154967e-10 -1.28705190 -1.15009534 -1.05879463 -1.01529030 -1.00243590 
1.00000000e-10 -1.28705190 -1.15009534 -1.05879463 -1.01529030 -1.00243590 
P (bar) | log_O3: -2σ | log_O3: -1σ | log_O3: median | log_O3: +1σ | log_O3: +2σ 
1.00000000e+01 -9.92295257 -9.41722387 -8.23401564 -7.14545307 -6.61546651 
7.74263683e+00 -9.92295257 -9.41722387 -8.23401564 -7.14545307 -6.61546651 
5.99484250e+00 -9.92295257 -9.41722387 -8.23401564 -7.14545307 -6.61546651 
4.64158883e+00 -9.92295257 -9.41722387 -8.23401564 -7.14545307 -6.61546651 
3.59381366e+00 -9.92295257 -9.41722387 -8.23401564 -7.14545307 -6.61546651 
2.78255940e+00 -9.92295257 -9.41722387 -8.23401564 -7.14545307 -6.61546651 
2.15443469e+00 -9.92295257 -9.41722387 -8.23401564 -7.14545307 -6.61546651 
1.66810054e+00 -9.92295257 -9.41722387 -8.23401564 -7.14545307 -6.61546651 
1.29154967e+00 -9.92295257 -9.41722387 -8.23401564 -7.14545307 -6.61546651 
1.00000000e+00 -9.92295257 -9.41722387 -8.23401564 -7.14545307 -6.61546651 
7.74263683e-01 -9.92295257 -9.41722387 -8.23401564 -7.14545307 -6.61546651 
5.99484250e-01 -9.92295257 -9.41722387 -8.23401564 -7.14545307 -6.61546651 
4.64158883e-01 -9.92295257 -9.41722387 -8.23401564 -7.14545307 -6.61546651 
3.59381366e-01 -9.92295257 -9.41722387 -8.23401564 -7.14545307 -6.61546651 
2.78255940e-01 -9.92295257 -9.41722387 -8.23401564 -7.14545307 -6.61546651 
2.15443469e-01 -9.92295257 -9.41722387 -8.23401564 -7.14545307 -6.61546651 
1.66810054e-01 -9.92295257 -9.41722387 -8.23401564 -7.14545307 -6.61546651 
1.29154967e-01 -9.92295257 -9.41722387 -8.23401564 -7.14545307 -6.61546651 
1.00000000e-01 -9.92295257 -9.41722387 -8.23401564 -7.14545307 -6.61546651 
7.74263683e-02 -9.92295257 -9.41722387 -8.23401564 -7.14545307 -6.61546651 
5.99484250e-02 -9.92295257 -9.41722387 -8.23401564 -7.14545307 -6.61546651 
4.64158883e-02 -9.92295257 -9.41722387 -8.23401564 -7.14545307 -6.61546651 
3.59381366e-02 -9.92295257 -9.41722387 -8.23401564 -7.14545307 -6.61546651 
2.78255940e-02 -9.92295257 -9.41722387 -8.23401564 -7.14545307 -6.61546651 
2.15443469e-02 -9.92295257 -9.41722387 -8.23401564 -7.14545307 -6.61546651 
1.66810054e-02 -9.92295257 -9.41722387 -8.23401564 -7.14545307 -6.61546651 
1.29154967e-02 -9.92295257 -9.41722387 -8.23401564 -7.14545307 -6.61546651 
1.00000000e-02 -9.92295257 -9.41722387 -8.23401564 -7.14545307 -6.61546651 
7.74263683e-03 -9.92295257 -9.41722387 -8.23401564 -7.14545307 -6.61546651 
5.99484250e-03 -9.92295257 -9.41722387 -8.23401564 -7.14545307 -6.61546651 
4.64158883e-03 -9.92295257 -9.41722387 -8.23401564 -7.14545307 -6.61546651 
3.59381366e-03 -9.92295257 -9.41722387 -8.23401564 -7.14545307 -6.61546651 
2.78255940e-03 -9.92295257 -9.41722387 -8.23401564 -7.14545307 -6.61546651 
2.15443469e-03 -9.92295257 -9.41722387 -8.23401564 -7.14545307 -6.61546651 
1.66810054e-03 -9.92295257 -9.41722387 -8.23401564 -7.14545307 -6.61546651 
1.29154967e-03 -9.92295257 -9.41722387 -8.23401564 -7.14545307 -6.61546651 
1.00000000e-03 -9.92295257 -9.41722387 -8.23401564 -7.14545307 -6.61546651 
7.74263683e-04 -9.92295257 -9.41722387 -8.23401564 -7.14545307 -6.61546651 
5.99484250e-04 -9.92295257 -9.41722387 -8.23401564 -7.14545307 -6.61546651 
4.64158883e-04 -9.92295257 -9.41722387 -8.23401564 -7.14545307 -6.61546651 
3.59381366e-04 -9.92295257 -9.41722387 -8.23401564 -7.14545307 -6.61546651 
2.78255940e-04 -9.92295257 -9.41722387 -8.23401564 -7.14545307 -6.61546651 
2.15443469e-04 -9.92295257 -9.41722387 -8.23401564 -7.14545307 -6.61546651 
1.66810054e-04 -9.92295257 -9.41722387 -8.23401564 -7.14545307 -6.61546651 
1.29154967e-04 -9.92295257 -9.41722387 -8.23401564 -7.14545307 -6.61546651 
1.00000000e-04 -9.92295257 -9.41722387 -8.23401564 -7.14545307 -6.61546651 
7.74263683e-05 -9.92295257 -9.41722387 -8.23401564 -7.14545307 -6.61546651 
5.99484250e-05 -9.92295257 -9.41722387 -8.23401564 -7.14545307 -6.61546651 
4.64158883e-05 -9.92295257 -9.41722387 -8.23401564 -7.14545307 -6.61546651 
3.59381366e-05 -9.92295257 -9.41722387 -8.23401564 -7.14545307 -6.61546651 
2.78255940e-05 -9.92295257 -9.41722387 -8.23401564 -7.14545307 -6.61546651 
2.15443469e-05 -9.92295257 -9.41722387 -8.23401564 -7.14545307 -6.61546651 
1.66810054e-05 -9.92295257 -9.41722387 -8.23401564 -7.14545307 -6.61546651 
1.29154967e-05 -9.92295257 -9.41722387 -8.23401564 -7.14545307 -6.61546651 
1.00000000e-05 -9.92295257 -9.41722387 -8.23401564 -7.14545307 -6.61546651 
7.74263683e-06 -9.92295257 -9.41722387 -8.23401564 -7.14545307 -6.61546651 
5.99484250e-06 -9.92295257 -9.41722387 -8.23401564 -7.14545307 -6.61546651 
4.64158883e-06 -9.92295257 -9.41722387 -8.23401564 -7.14545307 -6.61546651 
3.59381366e-06 -9.92295257 -9.41722387 -8.23401564 -7.14545307 -6.61546651 
2.78255940e-06 -9.92295257 -9.41722387 -8.23401564 -7.14545307 -6.61546651 
2.15443469e-06 -9.92295257 -9.41722387 -8.23401564 -7.14545307 -6.61546651 
1.66810054e-06 -9.92295257 -9.41722387 -8.23401564 -7.14545307 -6.61546651 
1.29154967e-06 -9.92295257 -9.41722387 -8.23401564 -7.14545307 -6.61546651 
1.00000000e-06 -9.92295257 -9.41722387 -8.23401564 -7.14545307 -6.61546651 
7.74263683e-07 -9.92295257 -9.41722387 -8.23401564 -7.14545307 -6.61546651 
5.99484250e-07 -9.92295257 -9.41722387 -8.23401564 -7.14545307 -6.61546651 
4.64158883e-07 -9.92295257 -9.41722387 -8.23401564 -7.14545307 -6.61546651 
3.59381366e-07 -9.92295257 -9.41722387 -8.23401564 -7.14545307 -6.61546651 
2.78255940e-07 -9.92295257 -9.41722387 -8.23401564 -7.14545307 -6.61546651 
2.15443469e-07 -9.92295257 -9.41722387 -8.23401564 -7.14545307 -6.61546651 
1.66810054e-07 -9.92295257 -9.41722387 -8.23401564 -7.14545307 -6.61546651 
1.29154967e-07 -9.92295257 -9.41722387 -8.23401564 -7.14545307 -6.61546651 
1.00000000e-07 -9.92295257 -9.41722387 -8.23401564 -7.14545307 -6.61546651 
7.74263683e-08 -9.92295257 -9.41722387 -8.23401564 -7.14545307 -6.61546651 
5.99484250e-08 -9.92295257 -9.41722387 -8.23401564 -7.14545307 -6.61546651 
4.64158883e-08 -9.92295257 -9.41722387 -8.23401564 -7.14545307 -6.61546651 
3.59381366e-08 -9.92295257 -9.41722387 -8.23401564 -7.14545307 -6.61546651 
2.78255940e-08 -9.92295257 -9.41722387 -8.23401564 -7.14545307 -6.61546651 
2.15443469e-08 -9.92295257 -9.41722387 -8.23401564 -7.14545307 -6.61546651 
1.66810054e-08 -9.92295257 -9.41722387 -8.23401564 -7.14545307 -6.61546651 
1.29154967e-08 -9.92295257 -9.41722387 -8.23401564 -7.14545307 -6.61546651 
1.00000000e-08 -9.92295257 -9.41722387 -8.23401564 -7.14545307 -6.61546651 
7.74263683e-09 -9.92295257 -9.41722387 -8.23401564 -7.14545307 -6.61546651 
5.99484250e-09 -9.92295257 -9.41722387 -8.23401564 -7.14545307 -6.61546651 
4.64158883e-09 -9.92295257 -9.41722387 -8.23401564 -7.14545307 -6.61546651 
3.59381366e-09 -9.92295257 -9.41722387 -8.23401564 -7.14545307 -6.61546651 
2.78255940e-09 -9.92295257 -9.41722387 -8.23401564 -7.14545307 -6.61546651 
2.15443469e-09 -9.92295257 -9.41722387 -8.23401564 -7.14545307 -6.61546651 
1.66810054e-09 -9.92295257 -9.41722387 -8.23401564 -7.14545307 -6.61546651 
1.29154967e-09 -9.92295257 -9.41722387 -8.23401564 -7.14545307 -6.61546651 
1.00000000e-09 -9.92295257 -9.41722387 -8.23401564 -7.14545307 -6.61546651 
7.74263683e-10 -9.92295257 -9.41722387 -8.23401564 -7.14545307 -6.61546651 
5.99484250e-10 -9.92295257 -9.41722387 -8.23401564 -7.14545307 -6.61546651 
4.64158883e-10 -9.92295257 -9.41722387 -8.23401564 -7.14545307 -6.61546651 
3.59381366e-10 -9.92295257 -9.41722387 -8.23401564 -7.14545307 -6.61546651 
2.78255940e-10 -9.92295257 -9.41722387 -8.23401564 -7.14545307 -6.61546651 
2.15443469e-10 -9.92295257 -9.41722387 -8.23401564 -7.14545307 -6.61546651 
1.66810054e-10 -9.92295257 -9.41722387 -8.23401564 -7.14545307 -6.61546651 
1.29154967e-10 -9.92295257 -9.41722387 -8.23401564 -7.14545307 -6.61546651 
1.00000000e-10 -9.92295257 -9.41722387 -8.23401564 -7.14545307 -6.61546651 
P (bar) | log_N2O: -2σ | log_N2O: -1σ | log_N2O: median | log_N2O: +1σ | log_N2O: +2σ 
1.00000000e+01 -7.82511722 -7.22177026 -6.80076258 -6.49109769 -6.16703035 
7.74263683e+00 -7.82511722 -7.22177026 -6.80076258 -6.49109769 -6.16703035 
5.99484250e+00 -7.82511722 -7.22177026 -6.80076258 -6.49109769 -6.16703035 
4.64158883e+00 -7.82511722 -7.22177026 -6.80076258 -6.49109769 -6.16703035 
3.59381366e+00 -7.82511722 -7.22177026 -6.80076258 -6.49109769 -6.16703035 
2.78255940e+00 -7.82511722 -7.22177026 -6.80076258 -6.49109769 -6.16703035 
2.15443469e+00 -7.82511722 -7.22177026 -6.80076258 -6.49109769 -6.16703035 
1.66810054e+00 -7.82511722 -7.22177026 -6.80076258 -6.49109769 -6.16703035 
1.29154967e+00 -7.82511722 -7.22177026 -6.80076258 -6.49109769 -6.16703035 
1.00000000e+00 -7.82511722 -7.22177026 -6.80076258 -6.49109769 -6.16703035 
7.74263683e-01 -7.82511722 -7.22177026 -6.80076258 -6.49109769 -6.16703035 
5.99484250e-01 -7.82511722 -7.22177026 -6.80076258 -6.49109769 -6.16703035 
4.64158883e-01 -7.82511722 -7.22177026 -6.80076258 -6.49109769 -6.16703035 
3.59381366e-01 -7.82511722 -7.22177026 -6.80076258 -6.49109769 -6.16703035 
2.78255940e-01 -7.82511722 -7.22177026 -6.80076258 -6.49109769 -6.16703035 
2.15443469e-01 -7.82511722 -7.22177026 -6.80076258 -6.49109769 -6.16703035 
1.66810054e-01 -7.82511722 -7.22177026 -6.80076258 -6.49109769 -6.16703035 
1.29154967e-01 -7.82511722 -7.22177026 -6.80076258 -6.49109769 -6.16703035 
1.00000000e-01 -7.82511722 -7.22177026 -6.80076258 -6.49109769 -6.16703035 
7.74263683e-02 -7.82511722 -7.22177026 -6.80076258 -6.49109769 -6.16703035 
5.99484250e-02 -7.82511722 -7.22177026 -6.80076258 -6.49109769 -6.16703035 
4.64158883e-02 -7.82511722 -7.22177026 -6.80076258 -6.49109769 -6.16703035 
3.59381366e-02 -7.82511722 -7.22177026 -6.80076258 -6.49109769 -6.16703035 
2.78255940e-02 -7.82511722 -7.22177026 -6.80076258 -6.49109769 -6.16703035 
2.15443469e-02 -7.82511722 -7.22177026 -6.80076258 -6.49109769 -6.16703035 
1.66810054e-02 -7.82511722 -7.22177026 -6.80076258 -6.49109769 -6.16703035 
1.29154967e-02 -7.82511722 -7.22177026 -6.80076258 -6.49109769 -6.16703035 
1.00000000e-02 -7.82511722 -7.22177026 -6.80076258 -6.49109769 -6.16703035 
7.74263683e-03 -7.82511722 -7.22177026 -6.80076258 -6.49109769 -6.16703035 
5.99484250e-03 -7.82511722 -7.22177026 -6.80076258 -6.49109769 -6.16703035 
4.64158883e-03 -7.82511722 -7.22177026 -6.80076258 -6.49109769 -6.16703035 
3.59381366e-03 -7.82511722 -7.22177026 -6.80076258 -6.49109769 -6.16703035 
2.78255940e-03 -7.82511722 -7.22177026 -6.80076258 -6.49109769 -6.16703035 
2.15443469e-03 -7.82511722 -7.22177026 -6.80076258 -6.49109769 -6.16703035 
1.66810054e-03 -7.82511722 -7.22177026 -6.80076258 -6.49109769 -6.16703035 
1.29154967e-03 -7.82511722 -7.22177026 -6.80076258 -6.49109769 -6.16703035 
1.00000000e-03 -7.82511722 -7.22177026 -6.80076258 -6.49109769 -6.16703035 
7.74263683e-04 -7.82511722 -7.22177026 -6.80076258 -6.49109769 -6.16703035 
5.99484250e-04 -7.82511722 -7.22177026 -6.80076258 -6.49109769 -6.16703035 
4.64158883e-04 -7.82511722 -7.22177026 -6.80076258 -6.49109769 -6.16703035 
3.59381366e-04 -7.82511722 -7.22177026 -6.80076258 -6.49109769 -6.16703035 
2.78255940e-04 -7.82511722 -7.22177026 -6.80076258 -6.49109769 -6.16703035 
2.15443469e-04 -7.82511722 -7.22177026 -6.80076258 -6.49109769 -6.16703035 
1.66810054e-04 -7.82511722 -7.22177026 -6.80076258 -6.49109769 -6.16703035 
1.29154967e-04 -7.82511722 -7.22177026 -6.80076258 -6.49109769 -6.16703035 
1.00000000e-04 -7.82511722 -7.22177026 -6.80076258 -6.49109769 -6.16703035 
7.74263683e-05 -7.82511722 -7.22177026 -6.80076258 -6.49109769 -6.16703035 
5.99484250e-05 -7.82511722 -7.22177026 -6.80076258 -6.49109769 -6.16703035 
4.64158883e-05 -7.82511722 -7.22177026 -6.80076258 -6.49109769 -6.16703035 
3.59381366e-05 -7.82511722 -7.22177026 -6.80076258 -6.49109769 -6.16703035 
2.78255940e-05 -7.82511722 -7.22177026 -6.80076258 -6.49109769 -6.16703035 
2.15443469e-05 -7.82511722 -7.22177026 -6.80076258 -6.49109769 -6.16703035 
1.66810054e-05 -7.82511722 -7.22177026 -6.80076258 -6.49109769 -6.16703035 
1.29154967e-05 -7.82511722 -7.22177026 -6.80076258 -6.49109769 -6.16703035 
1.00000000e-05 -7.82511722 -7.22177026 -6.80076258 -6.49109769 -6.16703035 
7.74263683e-06 -7.82511722 -7.22177026 -6.80076258 -6.49109769 -6.16703035 
5.99484250e-06 -7.82511722 -7.22177026 -6.80076258 -6.49109769 -6.16703035 
4.64158883e-06 -7.82511722 -7.22177026 -6.80076258 -6.49109769 -6.16703035 
3.59381366e-06 -7.82511722 -7.22177026 -6.80076258 -6.49109769 -6.16703035 
2.78255940e-06 -7.82511722 -7.22177026 -6.80076258 -6.49109769 -6.16703035 
2.15443469e-06 -7.82511722 -7.22177026 -6.80076258 -6.49109769 -6.16703035 
1.66810054e-06 -7.82511722 -7.22177026 -6.80076258 -6.49109769 -6.16703035 
1.29154967e-06 -7.82511722 -7.22177026 -6.80076258 -6.49109769 -6.16703035 
1.00000000e-06 -7.82511722 -7.22177026 -6.80076258 -6.49109769 -6.16703035 
7.74263683e-07 -7.82511722 -7.22177026 -6.80076258 -6.49109769 -6.16703035 
5.99484250e-07 -7.82511722 -7.22177026 -6.80076258 -6.49109769 -6.16703035 
4.64158883e-07 -7.82511722 -7.22177026 -6.80076258 -6.49109769 -6.16703035 
3.59381366e-07 -7.82511722 -7.22177026 -6.80076258 -6.49109769 -6.16703035 
2.78255940e-07 -7.82511722 -7.22177026 -6.80076258 -6.49109769 -6.16703035 
2.15443469e-07 -7.82511722 -7.22177026 -6.80076258 -6.49109769 -6.16703035 
1.66810054e-07 -7.82511722 -7.22177026 -6.80076258 -6.49109769 -6.16703035 
1.29154967e-07 -7.82511722 -7.22177026 -6.80076258 -6.49109769 -6.16703035 
1.00000000e-07 -7.82511722 -7.22177026 -6.80076258 -6.49109769 -6.16703035 
7.74263683e-08 -7.82511722 -7.22177026 -6.80076258 -6.49109769 -6.16703035 
5.99484250e-08 -7.82511722 -7.22177026 -6.80076258 -6.49109769 -6.16703035 
4.64158883e-08 -7.82511722 -7.22177026 -6.80076258 -6.49109769 -6.16703035 
3.59381366e-08 -7.82511722 -7.22177026 -6.80076258 -6.49109769 -6.16703035 
2.78255940e-08 -7.82511722 -7.22177026 -6.80076258 -6.49109769 -6.16703035 
2.15443469e-08 -7.82511722 -7.22177026 -6.80076258 -6.49109769 -6.16703035 
1.66810054e-08 -7.82511722 -7.22177026 -6.80076258 -6.49109769 -6.16703035 
1.29154967e-08 -7.82511722 -7.22177026 -6.80076258 -6.49109769 -6.16703035 
1.00000000e-08 -7.82511722 -7.22177026 -6.80076258 -6.49109769 -6.16703035 
7.74263683e-09 -7.82511722 -7.22177026 -6.80076258 -6.49109769 -6.16703035 
5.99484250e-09 -7.82511722 -7.22177026 -6.80076258 -6.49109769 -6.16703035 
4.64158883e-09 -7.82511722 -7.22177026 -6.80076258 -6.49109769 -6.16703035 
3.59381366e-09 -7.82511722 -7.22177026 -6.80076258 -6.49109769 -6.16703035 
2.78255940e-09 -7.82511722 -7.22177026 -6.80076258 -6.49109769 -6.16703035 
2.15443469e-09 -7.82511722 -7.22177026 -6.80076258 -6.49109769 -6.16703035 
1.66810054e-09 -7.82511722 -7.22177026 -6.80076258 -6.49109769 -6.16703035 
1.29154967e-09 -7.82511722 -7.22177026 -6.80076258 -6.49109769 -6.16703035 
1.00000000e-09 -7.82511722 -7.22177026 -6.80076258 -6.49109769 -6.16703035 
7.74263683e-10 -7.82511722 -7.22177026 -6.80076258 -6.49109769 -6.16703035 
5.99484250e-10 -7.82511722 -7.22177026 -6.80076258 -6.49109769 -6.16703035 
4.64158883e-10 -7.82511722 -7.22177026 -6.80076258 -6.49109769 -6.16703035 
3.59381366e-10 -7.82511722 -7.22177026 -6.80076258 -6.49109769 -6.16703035 
2.78255940e-10 -7.82511722 -7.22177026 -6.80076258 -6.49109769 -6.16703035 
2.15443469e-10 -7.82511722 -7.22177026 -6.80076258 -6.49109769 -6.16703035 
1.66810054e-10 -7.82511722 -7.22177026 -6.80076258 -6.49109769 -6.16703035 
1.29154967e-10 -7.82511722 -7.22177026 -6.80076258 -6.49109769 -6.16703035 
1.00000000e-10 -7.82511722 -7.22177026 -6.80076258 -6.49109769 -6.16703035 
P (bar) | log_NH3: -2σ | log_NH3: -1σ | log_NH3: median | log_NH3: +1σ | log_NH3: +2σ 
1.00000000e+01 -7.05647240 -6.64601972 -6.40211355 -6.21937819 -6.04982166 
7.74263683e+00 -7.05647240 -6.64601972 -6.40211355 -6.21937819 -6.04982166 
5.99484250e+00 -7.05647240 -6.64601972 -6.40211355 -6.21937819 -6.04982166 
4.64158883e+00 -7.05647240 -6.64601972 -6.40211355 -6.21937819 -6.04982166 
3.59381366e+00 -7.05647240 -6.64601972 -6.40211355 -6.21937819 -6.04982166 
2.78255940e+00 -7.05647240 -6.64601972 -6.40211355 -6.21937819 -6.04982166 
2.15443469e+00 -7.05647240 -6.64601972 -6.40211355 -6.21937819 -6.04982166 
1.66810054e+00 -7.05647240 -6.64601972 -6.40211355 -6.21937819 -6.04982166 
1.29154967e+00 -7.05647240 -6.64601972 -6.40211355 -6.21937819 -6.04982166 
1.00000000e+00 -7.05647240 -6.64601972 -6.40211355 -6.21937819 -6.04982166 
7.74263683e-01 -7.05647240 -6.64601972 -6.40211355 -6.21937819 -6.04982166 
5.99484250e-01 -7.05647240 -6.64601972 -6.40211355 -6.21937819 -6.04982166 
4.64158883e-01 -7.05647240 -6.64601972 -6.40211355 -6.21937819 -6.04982166 
3.59381366e-01 -7.05647240 -6.64601972 -6.40211355 -6.21937819 -6.04982166 
2.78255940e-01 -7.05647240 -6.64601972 -6.40211355 -6.21937819 -6.04982166 
2.15443469e-01 -7.05647240 -6.64601972 -6.40211355 -6.21937819 -6.04982166 
1.66810054e-01 -7.05647240 -6.64601972 -6.40211355 -6.21937819 -6.04982166 
1.29154967e-01 -7.05647240 -6.64601972 -6.40211355 -6.21937819 -6.04982166 
1.00000000e-01 -7.05647240 -6.64601972 -6.40211355 -6.21937819 -6.04982166 
7.74263683e-02 -7.05647240 -6.64601972 -6.40211355 -6.21937819 -6.04982166 
5.99484250e-02 -7.05647240 -6.64601972 -6.40211355 -6.21937819 -6.04982166 
4.64158883e-02 -7.05647240 -6.64601972 -6.40211355 -6.21937819 -6.04982166 
3.59381366e-02 -7.05647240 -6.64601972 -6.40211355 -6.21937819 -6.04982166 
2.78255940e-02 -7.05647240 -6.64601972 -6.40211355 -6.21937819 -6.04982166 
2.15443469e-02 -7.05647240 -6.64601972 -6.40211355 -6.21937819 -6.04982166 
1.66810054e-02 -7.05647240 -6.64601972 -6.40211355 -6.21937819 -6.04982166 
1.29154967e-02 -7.05647240 -6.64601972 -6.40211355 -6.21937819 -6.04982166 
1.00000000e-02 -7.05647240 -6.64601972 -6.40211355 -6.21937819 -6.04982166 
7.74263683e-03 -7.05647240 -6.64601972 -6.40211355 -6.21937819 -6.04982166 
5.99484250e-03 -7.05647240 -6.64601972 -6.40211355 -6.21937819 -6.04982166 
4.64158883e-03 -7.05647240 -6.64601972 -6.40211355 -6.21937819 -6.04982166 
3.59381366e-03 -7.05647240 -6.64601972 -6.40211355 -6.21937819 -6.04982166 
2.78255940e-03 -7.05647240 -6.64601972 -6.40211355 -6.21937819 -6.04982166 
2.15443469e-03 -7.05647240 -6.64601972 -6.40211355 -6.21937819 -6.04982166 
1.66810054e-03 -7.05647240 -6.64601972 -6.40211355 -6.21937819 -6.04982166 
1.29154967e-03 -7.05647240 -6.64601972 -6.40211355 -6.21937819 -6.04982166 
1.00000000e-03 -7.05647240 -6.64601972 -6.40211355 -6.21937819 -6.04982166 
7.74263683e-04 -7.05647240 -6.64601972 -6.40211355 -6.21937819 -6.04982166 
5.99484250e-04 -7.05647240 -6.64601972 -6.40211355 -6.21937819 -6.04982166 
4.64158883e-04 -7.05647240 -6.64601972 -6.40211355 -6.21937819 -6.04982166 
3.59381366e-04 -7.05647240 -6.64601972 -6.40211355 -6.21937819 -6.04982166 
2.78255940e-04 -7.05647240 -6.64601972 -6.40211355 -6.21937819 -6.04982166 
2.15443469e-04 -7.05647240 -6.64601972 -6.40211355 -6.21937819 -6.04982166 
1.66810054e-04 -7.05647240 -6.64601972 -6.40211355 -6.21937819 -6.04982166 
1.29154967e-04 -7.05647240 -6.64601972 -6.40211355 -6.21937819 -6.04982166 
1.00000000e-04 -7.05647240 -6.64601972 -6.40211355 -6.21937819 -6.04982166 
7.74263683e-05 -7.05647240 -6.64601972 -6.40211355 -6.21937819 -6.04982166 
5.99484250e-05 -7.05647240 -6.64601972 -6.40211355 -6.21937819 -6.04982166 
4.64158883e-05 -7.05647240 -6.64601972 -6.40211355 -6.21937819 -6.04982166 
3.59381366e-05 -7.05647240 -6.64601972 -6.40211355 -6.21937819 -6.04982166 
2.78255940e-05 -7.05647240 -6.64601972 -6.40211355 -6.21937819 -6.04982166 
2.15443469e-05 -7.05647240 -6.64601972 -6.40211355 -6.21937819 -6.04982166 
1.66810054e-05 -7.05647240 -6.64601972 -6.40211355 -6.21937819 -6.04982166 
1.29154967e-05 -7.05647240 -6.64601972 -6.40211355 -6.21937819 -6.04982166 
1.00000000e-05 -7.05647240 -6.64601972 -6.40211355 -6.21937819 -6.04982166 
7.74263683e-06 -7.05647240 -6.64601972 -6.40211355 -6.21937819 -6.04982166 
5.99484250e-06 -7.05647240 -6.64601972 -6.40211355 -6.21937819 -6.04982166 
4.64158883e-06 -7.05647240 -6.64601972 -6.40211355 -6.21937819 -6.04982166 
3.59381366e-06 -7.05647240 -6.64601972 -6.40211355 -6.21937819 -6.04982166 
2.78255940e-06 -7.05647240 -6.64601972 -6.40211355 -6.21937819 -6.04982166 
2.15443469e-06 -7.05647240 -6.64601972 -6.40211355 -6.21937819 -6.04982166 
1.66810054e-06 -7.05647240 -6.64601972 -6.40211355 -6.21937819 -6.04982166 
1.29154967e-06 -7.05647240 -6.64601972 -6.40211355 -6.21937819 -6.04982166 
1.00000000e-06 -7.05647240 -6.64601972 -6.40211355 -6.21937819 -6.04982166 
7.74263683e-07 -7.05647240 -6.64601972 -6.40211355 -6.21937819 -6.04982166 
5.99484250e-07 -7.05647240 -6.64601972 -6.40211355 -6.21937819 -6.04982166 
4.64158883e-07 -7.05647240 -6.64601972 -6.40211355 -6.21937819 -6.04982166 
3.59381366e-07 -7.05647240 -6.64601972 -6.40211355 -6.21937819 -6.04982166 
2.78255940e-07 -7.05647240 -6.64601972 -6.40211355 -6.21937819 -6.04982166 
2.15443469e-07 -7.05647240 -6.64601972 -6.40211355 -6.21937819 -6.04982166 
1.66810054e-07 -7.05647240 -6.64601972 -6.40211355 -6.21937819 -6.04982166 
1.29154967e-07 -7.05647240 -6.64601972 -6.40211355 -6.21937819 -6.04982166 
1.00000000e-07 -7.05647240 -6.64601972 -6.40211355 -6.21937819 -6.04982166 
7.74263683e-08 -7.05647240 -6.64601972 -6.40211355 -6.21937819 -6.04982166 
5.99484250e-08 -7.05647240 -6.64601972 -6.40211355 -6.21937819 -6.04982166 
4.64158883e-08 -7.05647240 -6.64601972 -6.40211355 -6.21937819 -6.04982166 
3.59381366e-08 -7.05647240 -6.64601972 -6.40211355 -6.21937819 -6.04982166 
2.78255940e-08 -7.05647240 -6.64601972 -6.40211355 -6.21937819 -6.04982166 
2.15443469e-08 -7.05647240 -6.64601972 -6.40211355 -6.21937819 -6.04982166 
1.66810054e-08 -7.05647240 -6.64601972 -6.40211355 -6.21937819 -6.04982166 
1.29154967e-08 -7.05647240 -6.64601972 -6.40211355 -6.21937819 -6.04982166 
1.00000000e-08 -7.05647240 -6.64601972 -6.40211355 -6.21937819 -6.04982166 
7.74263683e-09 -7.05647240 -6.64601972 -6.40211355 -6.21937819 -6.04982166 
5.99484250e-09 -7.05647240 -6.64601972 -6.40211355 -6.21937819 -6.04982166 
4.64158883e-09 -7.05647240 -6.64601972 -6.40211355 -6.21937819 -6.04982166 
3.59381366e-09 -7.05647240 -6.64601972 -6.40211355 -6.21937819 -6.04982166 
2.78255940e-09 -7.05647240 -6.64601972 -6.40211355 -6.21937819 -6.04982166 
2.15443469e-09 -7.05647240 -6.64601972 -6.40211355 -6.21937819 -6.04982166 
1.66810054e-09 -7.05647240 -6.64601972 -6.40211355 -6.21937819 -6.04982166 
1.29154967e-09 -7.05647240 -6.64601972 -6.40211355 -6.21937819 -6.04982166 
1.00000000e-09 -7.05647240 -6.64601972 -6.40211355 -6.21937819 -6.04982166 
7.74263683e-10 -7.05647240 -6.64601972 -6.40211355 -6.21937819 -6.04982166 
5.99484250e-10 -7.05647240 -6.64601972 -6.40211355 -6.21937819 -6.04982166 
4.64158883e-10 -7.05647240 -6.64601972 -6.40211355 -6.21937819 -6.04982166 
3.59381366e-10 -7.05647240 -6.64601972 -6.40211355 -6.21937819 -6.04982166 
2.78255940e-10 -7.05647240 -6.64601972 -6.40211355 -6.21937819 -6.04982166 
2.15443469e-10 -7.05647240 -6.64601972 -6.40211355 -6.21937819 -6.04982166 
1.66810054e-10 -7.05647240 -6.64601972 -6.40211355 -6.21937819 -6.04982166 
1.29154967e-10 -7.05647240 -6.64601972 -6.40211355 -6.21937819 -6.04982166 
1.00000000e-10 -7.05647240 -6.64601972 -6.40211355 -6.21937819 -6.04982166 
