Chemical species: N2 H2O CO2 CH4 O2 O3 N2O NH3
P (bar) | log_N2: -2σ | log_N2: -1σ | log_N2: median | log_N2: +1σ | log_N2: +2σ 
1.00000000e+01 -0.05682680 -0.03346841 -0.00985410 -0.00107871 -0.00007558 
7.74263683e+00 -0.05682680 -0.03346841 -0.00985410 -0.00107871 -0.00007558 
5.99484250e+00 -0.05682680 -0.03346841 -0.00985410 -0.00107871 -0.00007558 
4.64158883e+00 -0.05682680 -0.03346841 -0.00985410 -0.00107871 -0.00007558 
3.59381366e+00 -0.05682680 -0.03346841 -0.00985410 -0.00107871 -0.00007558 
2.78255940e+00 -0.05682680 -0.03346841 -0.00985410 -0.00107871 -0.00007558 
2.15443469e+00 -0.05682680 -0.03346841 -0.00985410 -0.00107871 -0.00007558 
1.66810054e+00 -0.05682680 -0.03346841 -0.00985410 -0.00107871 -0.00007558 
1.29154967e+00 -0.05682680 -0.03346841 -0.00985410 -0.00107871 -0.00007558 
1.00000000e+00 -0.05682680 -0.03346841 -0.00985410 -0.00107871 -0.00007558 
7.74263683e-01 -0.05682680 -0.03346841 -0.00985410 -0.00107871 -0.00007558 
5.99484250e-01 -0.05682680 -0.03346841 -0.00985410 -0.00107871 -0.00007558 
4.64158883e-01 -0.05682680 -0.03346841 -0.00985410 -0.00107871 -0.00007558 
3.59381366e-01 -0.05682680 -0.03346841 -0.00985410 -0.00107871 -0.00007558 
2.78255940e-01 -0.05682680 -0.03346841 -0.00985410 -0.00107871 -0.00007558 
2.15443469e-01 -0.05682680 -0.03346841 -0.00985410 -0.00107871 -0.00007558 
1.66810054e-01 -0.05682680 -0.03346841 -0.00985410 -0.00107871 -0.00007558 
1.29154967e-01 -0.05682680 -0.03346841 -0.00985410 -0.00107871 -0.00007558 
1.00000000e-01 -0.05682680 -0.03346841 -0.00985410 -0.00107871 -0.00007558 
7.74263683e-02 -0.05682680 -0.03346841 -0.00985410 -0.00107871 -0.00007558 
5.99484250e-02 -0.05682680 -0.03346841 -0.00985410 -0.00107871 -0.00007558 
4.64158883e-02 -0.05682680 -0.03346841 -0.00985410 -0.00107871 -0.00007558 
3.59381366e-02 -0.05682680 -0.03346841 -0.00985410 -0.00107871 -0.00007558 
2.78255940e-02 -0.05682680 -0.03346841 -0.00985410 -0.00107871 -0.00007558 
2.15443469e-02 -0.05682680 -0.03346841 -0.00985410 -0.00107871 -0.00007558 
1.66810054e-02 -0.05682680 -0.03346841 -0.00985410 -0.00107871 -0.00007558 
1.29154967e-02 -0.05682680 -0.03346841 -0.00985410 -0.00107871 -0.00007558 
1.00000000e-02 -0.05682680 -0.03346841 -0.00985410 -0.00107871 -0.00007558 
7.74263683e-03 -0.05682680 -0.03346841 -0.00985410 -0.00107871 -0.00007558 
5.99484250e-03 -0.05682680 -0.03346841 -0.00985410 -0.00107871 -0.00007558 
4.64158883e-03 -0.05682680 -0.03346841 -0.00985410 -0.00107871 -0.00007558 
3.59381366e-03 -0.05682680 -0.03346841 -0.00985410 -0.00107871 -0.00007558 
2.78255940e-03 -0.05682680 -0.03346841 -0.00985410 -0.00107871 -0.00007558 
2.15443469e-03 -0.05682680 -0.03346841 -0.00985410 -0.00107871 -0.00007558 
1.66810054e-03 -0.05682680 -0.03346841 -0.00985410 -0.00107871 -0.00007558 
1.29154967e-03 -0.05682680 -0.03346841 -0.00985410 -0.00107871 -0.00007558 
1.00000000e-03 -0.05682680 -0.03346841 -0.00985410 -0.00107871 -0.00007558 
7.74263683e-04 -0.05682680 -0.03346841 -0.00985410 -0.00107871 -0.00007558 
5.99484250e-04 -0.05682680 -0.03346841 -0.00985410 -0.00107871 -0.00007558 
4.64158883e-04 -0.05682680 -0.03346841 -0.00985410 -0.00107871 -0.00007558 
3.59381366e-04 -0.05682680 -0.03346841 -0.00985410 -0.00107871 -0.00007558 
2.78255940e-04 -0.05682680 -0.03346841 -0.00985410 -0.00107871 -0.00007558 
2.15443469e-04 -0.05682680 -0.03346841 -0.00985410 -0.00107871 -0.00007558 
1.66810054e-04 -0.05682680 -0.03346841 -0.00985410 -0.00107871 -0.00007558 
1.29154967e-04 -0.05682680 -0.03346841 -0.00985410 -0.00107871 -0.00007558 
1.00000000e-04 -0.05682680 -0.03346841 -0.00985410 -0.00107871 -0.00007558 
7.74263683e-05 -0.05682680 -0.03346841 -0.00985410 -0.00107871 -0.00007558 
5.99484250e-05 -0.05682680 -0.03346841 -0.00985410 -0.00107871 -0.00007558 
4.64158883e-05 -0.05682680 -0.03346841 -0.00985410 -0.00107871 -0.00007558 
3.59381366e-05 -0.05682680 -0.03346841 -0.00985410 -0.00107871 -0.00007558 
2.78255940e-05 -0.05682680 -0.03346841 -0.00985410 -0.00107871 -0.00007558 
2.15443469e-05 -0.05682680 -0.03346841 -0.00985410 -0.00107871 -0.00007558 
1.66810054e-05 -0.05682680 -0.03346841 -0.00985410 -0.00107871 -0.00007558 
1.29154967e-05 -0.05682680 -0.03346841 -0.00985410 -0.00107871 -0.00007558 
1.00000000e-05 -0.05682680 -0.03346841 -0.00985410 -0.00107871 -0.00007558 
7.74263683e-06 -0.05682680 -0.03346841 -0.00985410 -0.00107871 -0.00007558 
5.99484250e-06 -0.05682680 -0.03346841 -0.00985410 -0.00107871 -0.00007558 
4.64158883e-06 -0.05682680 -0.03346841 -0.00985410 -0.00107871 -0.00007558 
3.59381366e-06 -0.05682680 -0.03346841 -0.00985410 -0.00107871 -0.00007558 
2.78255940e-06 -0.05682680 -0.03346841 -0.00985410 -0.00107871 -0.00007558 
2.15443469e-06 -0.05682680 -0.03346841 -0.00985410 -0.00107871 -0.00007558 
1.66810054e-06 -0.05682680 -0.03346841 -0.00985410 -0.00107871 -0.00007558 
1.29154967e-06 -0.05682680 -0.03346841 -0.00985410 -0.00107871 -0.00007558 
1.00000000e-06 -0.05682680 -0.03346841 -0.00985410 -0.00107871 -0.00007558 
7.74263683e-07 -0.05682680 -0.03346841 -0.00985410 -0.00107871 -0.00007558 
5.99484250e-07 -0.05682680 -0.03346841 -0.00985410 -0.00107871 -0.00007558 
4.64158883e-07 -0.05682680 -0.03346841 -0.00985410 -0.00107871 -0.00007558 
3.59381366e-07 -0.05682680 -0.03346841 -0.00985410 -0.00107871 -0.00007558 
2.78255940e-07 -0.05682680 -0.03346841 -0.00985410 -0.00107871 -0.00007558 
2.15443469e-07 -0.05682680 -0.03346841 -0.00985410 -0.00107871 -0.00007558 
1.66810054e-07 -0.05682680 -0.03346841 -0.00985410 -0.00107871 -0.00007558 
1.29154967e-07 -0.05682680 -0.03346841 -0.00985410 -0.00107871 -0.00007558 
1.00000000e-07 -0.05682680 -0.03346841 -0.00985410 -0.00107871 -0.00007558 
7.74263683e-08 -0.05682680 -0.03346841 -0.00985410 -0.00107871 -0.00007558 
5.99484250e-08 -0.05682680 -0.03346841 -0.00985410 -0.00107871 -0.00007558 
4.64158883e-08 -0.05682680 -0.03346841 -0.00985410 -0.00107871 -0.00007558 
3.59381366e-08 -0.05682680 -0.03346841 -0.00985410 -0.00107871 -0.00007558 
2.78255940e-08 -0.05682680 -0.03346841 -0.00985410 -0.00107871 -0.00007558 
2.15443469e-08 -0.05682680 -0.03346841 -0.00985410 -0.00107871 -0.00007558 
1.66810054e-08 -0.05682680 -0.03346841 -0.00985410 -0.00107871 -0.00007558 
1.29154967e-08 -0.05682680 -0.03346841 -0.00985410 -0.00107871 -0.00007558 
1.00000000e-08 -0.05682680 -0.03346841 -0.00985410 -0.00107871 -0.00007558 
7.74263683e-09 -0.05682680 -0.03346841 -0.00985410 -0.00107871 -0.00007558 
5.99484250e-09 -0.05682680 -0.03346841 -0.00985410 -0.00107871 -0.00007558 
4.64158883e-09 -0.05682680 -0.03346841 -0.00985410 -0.00107871 -0.00007558 
3.59381366e-09 -0.05682680 -0.03346841 -0.00985410 -0.00107871 -0.00007558 
2.78255940e-09 -0.05682680 -0.03346841 -0.00985410 -0.00107871 -0.00007558 
2.15443469e-09 -0.05682680 -0.03346841 -0.00985410 -0.00107871 -0.00007558 
1.66810054e-09 -0.05682680 -0.03346841 -0.00985410 -0.00107871 -0.00007558 
1.29154967e-09 -0.05682680 -0.03346841 -0.00985410 -0.00107871 -0.00007558 
1.00000000e-09 -0.05682680 -0.03346841 -0.00985410 -0.00107871 -0.00007558 
7.74263683e-10 -0.05682680 -0.03346841 -0.00985410 -0.00107871 -0.00007558 
5.99484250e-10 -0.05682680 -0.03346841 -0.00985410 -0.00107871 -0.00007558 
4.64158883e-10 -0.05682680 -0.03346841 -0.00985410 -0.00107871 -0.00007558 
3.59381366e-10 -0.05682680 -0.03346841 -0.00985410 -0.00107871 -0.00007558 
2.78255940e-10 -0.05682680 -0.03346841 -0.00985410 -0.00107871 -0.00007558 
2.15443469e-10 -0.05682680 -0.03346841 -0.00985410 -0.00107871 -0.00007558 
1.66810054e-10 -0.05682680 -0.03346841 -0.00985410 -0.00107871 -0.00007558 
1.29154967e-10 -0.05682680 -0.03346841 -0.00985410 -0.00107871 -0.00007558 
1.00000000e-10 -0.05682680 -0.03346841 -0.00985410 -0.00107871 -0.00007558 
P (bar) | log_H2O: -2σ | log_H2O: -1σ | log_H2O: median | log_H2O: +1σ | log_H2O: +2σ 
1.00000000e+01 -8.72946184 -5.38647543 -3.03574682 -1.83849467 -1.25198811 
7.74263683e+00 -8.72946184 -5.38647543 -3.03574682 -1.83849467 -1.25198811 
5.99484250e+00 -8.72946184 -5.38647543 -3.03574682 -1.83849467 -1.25198811 
4.64158883e+00 -8.72946184 -5.38647543 -3.03574682 -1.83849467 -1.25198811 
3.59381366e+00 -8.72946184 -5.38647543 -3.03574682 -1.83849467 -1.25198811 
2.78255940e+00 -8.72946184 -5.38647543 -3.03574682 -1.83849467 -1.25198811 
2.15443469e+00 -8.72946184 -5.38647543 -3.03574682 -1.83849467 -1.25198811 
1.66810054e+00 -8.72946184 -5.38647543 -3.03574682 -1.83849467 -1.25198811 
1.29154967e+00 -8.72946184 -5.38647543 -3.03574682 -1.83849467 -1.25198811 
1.00000000e+00 -8.72946184 -5.38647543 -3.03574682 -1.83849467 -1.25198811 
7.74263683e-01 -8.72946184 -5.38647543 -3.03574682 -1.83849467 -1.25198811 
5.99484250e-01 -8.72946184 -5.38647543 -3.03574682 -1.83849467 -1.25198811 
4.64158883e-01 -8.72946184 -5.38647543 -3.03574682 -1.83849467 -1.25198811 
3.59381366e-01 -8.72946184 -5.38647543 -3.03574682 -1.83849467 -1.25198811 
2.78255940e-01 -8.72946184 -5.38647543 -3.03574682 -1.83849467 -1.25198811 
2.15443469e-01 -8.72946184 -5.38647543 -3.03574682 -1.83849467 -1.25198811 
1.66810054e-01 -8.72946184 -5.38647543 -3.03574682 -1.83849467 -1.25198811 
1.29154967e-01 -8.72946184 -5.38647543 -3.03574682 -1.83849467 -1.25198811 
1.00000000e-01 -8.72946184 -5.38647543 -3.03574682 -1.83849467 -1.25198811 
7.74263683e-02 -8.72946184 -5.38647543 -3.03574682 -1.83849467 -1.25198811 
5.99484250e-02 -8.72946184 -5.38647543 -3.03574682 -1.83849467 -1.25198811 
4.64158883e-02 -8.72946184 -5.38647543 -3.03574682 -1.83849467 -1.25198811 
3.59381366e-02 -8.72946184 -5.38647543 -3.03574682 -1.83849467 -1.25198811 
2.78255940e-02 -8.72946184 -5.38647543 -3.03574682 -1.83849467 -1.25198811 
2.15443469e-02 -8.72946184 -5.38647543 -3.03574682 -1.83849467 -1.25198811 
1.66810054e-02 -8.72946184 -5.38647543 -3.03574682 -1.83849467 -1.25198811 
1.29154967e-02 -8.72946184 -5.38647543 -3.03574682 -1.83849467 -1.25198811 
1.00000000e-02 -8.72946184 -5.38647543 -3.03574682 -1.83849467 -1.25198811 
7.74263683e-03 -8.72946184 -5.38647543 -3.03574682 -1.83849467 -1.25198811 
5.99484250e-03 -8.72946184 -5.38647543 -3.03574682 -1.83849467 -1.25198811 
4.64158883e-03 -8.72946184 -5.38647543 -3.03574682 -1.83849467 -1.25198811 
3.59381366e-03 -8.72946184 -5.38647543 -3.03574682 -1.83849467 -1.25198811 
2.78255940e-03 -8.72946184 -5.38647543 -3.03574682 -1.83849467 -1.25198811 
2.15443469e-03 -8.72946184 -5.38647543 -3.03574682 -1.83849467 -1.25198811 
1.66810054e-03 -8.72946184 -5.38647543 -3.03574682 -1.83849467 -1.25198811 
1.29154967e-03 -8.72946184 -5.38647543 -3.03574682 -1.83849467 -1.25198811 
1.00000000e-03 -8.72946184 -5.38647543 -3.03574682 -1.83849467 -1.25198811 
7.74263683e-04 -8.72946184 -5.38647543 -3.03574682 -1.83849467 -1.25198811 
5.99484250e-04 -8.72946184 -5.38647543 -3.03574682 -1.83849467 -1.25198811 
4.64158883e-04 -8.72946184 -5.38647543 -3.03574682 -1.83849467 -1.25198811 
3.59381366e-04 -8.72946184 -5.38647543 -3.03574682 -1.83849467 -1.25198811 
2.78255940e-04 -8.72946184 -5.38647543 -3.03574682 -1.83849467 -1.25198811 
2.15443469e-04 -8.72946184 -5.38647543 -3.03574682 -1.83849467 -1.25198811 
1.66810054e-04 -8.72946184 -5.38647543 -3.03574682 -1.83849467 -1.25198811 
1.29154967e-04 -8.72946184 -5.38647543 -3.03574682 -1.83849467 -1.25198811 
1.00000000e-04 -8.72946184 -5.38647543 -3.03574682 -1.83849467 -1.25198811 
7.74263683e-05 -8.72946184 -5.38647543 -3.03574682 -1.83849467 -1.25198811 
5.99484250e-05 -8.72946184 -5.38647543 -3.03574682 -1.83849467 -1.25198811 
4.64158883e-05 -8.72946184 -5.38647543 -3.03574682 -1.83849467 -1.25198811 
3.59381366e-05 -8.72946184 -5.38647543 -3.03574682 -1.83849467 -1.25198811 
2.78255940e-05 -8.72946184 -5.38647543 -3.03574682 -1.83849467 -1.25198811 
2.15443469e-05 -8.72946184 -5.38647543 -3.03574682 -1.83849467 -1.25198811 
1.66810054e-05 -8.72946184 -5.38647543 -3.03574682 -1.83849467 -1.25198811 
1.29154967e-05 -8.72946184 -5.38647543 -3.03574682 -1.83849467 -1.25198811 
1.00000000e-05 -8.72946184 -5.38647543 -3.03574682 -1.83849467 -1.25198811 
7.74263683e-06 -8.72946184 -5.38647543 -3.03574682 -1.83849467 -1.25198811 
5.99484250e-06 -8.72946184 -5.38647543 -3.03574682 -1.83849467 -1.25198811 
4.64158883e-06 -8.72946184 -5.38647543 -3.03574682 -1.83849467 -1.25198811 
3.59381366e-06 -8.72946184 -5.38647543 -3.03574682 -1.83849467 -1.25198811 
2.78255940e-06 -8.72946184 -5.38647543 -3.03574682 -1.83849467 -1.25198811 
2.15443469e-06 -8.72946184 -5.38647543 -3.03574682 -1.83849467 -1.25198811 
1.66810054e-06 -8.72946184 -5.38647543 -3.03574682 -1.83849467 -1.25198811 
1.29154967e-06 -8.72946184 -5.38647543 -3.03574682 -1.83849467 -1.25198811 
1.00000000e-06 -8.72946184 -5.38647543 -3.03574682 -1.83849467 -1.25198811 
7.74263683e-07 -8.72946184 -5.38647543 -3.03574682 -1.83849467 -1.25198811 
5.99484250e-07 -8.72946184 -5.38647543 -3.03574682 -1.83849467 -1.25198811 
4.64158883e-07 -8.72946184 -5.38647543 -3.03574682 -1.83849467 -1.25198811 
3.59381366e-07 -8.72946184 -5.38647543 -3.03574682 -1.83849467 -1.25198811 
2.78255940e-07 -8.72946184 -5.38647543 -3.03574682 -1.83849467 -1.25198811 
2.15443469e-07 -8.72946184 -5.38647543 -3.03574682 -1.83849467 -1.25198811 
1.66810054e-07 -8.72946184 -5.38647543 -3.03574682 -1.83849467 -1.25198811 
1.29154967e-07 -8.72946184 -5.38647543 -3.03574682 -1.83849467 -1.25198811 
1.00000000e-07 -8.72946184 -5.38647543 -3.03574682 -1.83849467 -1.25198811 
7.74263683e-08 -8.72946184 -5.38647543 -3.03574682 -1.83849467 -1.25198811 
5.99484250e-08 -8.72946184 -5.38647543 -3.03574682 -1.83849467 -1.25198811 
4.64158883e-08 -8.72946184 -5.38647543 -3.03574682 -1.83849467 -1.25198811 
3.59381366e-08 -8.72946184 -5.38647543 -3.03574682 -1.83849467 -1.25198811 
2.78255940e-08 -8.72946184 -5.38647543 -3.03574682 -1.83849467 -1.25198811 
2.15443469e-08 -8.72946184 -5.38647543 -3.03574682 -1.83849467 -1.25198811 
1.66810054e-08 -8.72946184 -5.38647543 -3.03574682 -1.83849467 -1.25198811 
1.29154967e-08 -8.72946184 -5.38647543 -3.03574682 -1.83849467 -1.25198811 
1.00000000e-08 -8.72946184 -5.38647543 -3.03574682 -1.83849467 -1.25198811 
7.74263683e-09 -8.72946184 -5.38647543 -3.03574682 -1.83849467 -1.25198811 
5.99484250e-09 -8.72946184 -5.38647543 -3.03574682 -1.83849467 -1.25198811 
4.64158883e-09 -8.72946184 -5.38647543 -3.03574682 -1.83849467 -1.25198811 
3.59381366e-09 -8.72946184 -5.38647543 -3.03574682 -1.83849467 -1.25198811 
2.78255940e-09 -8.72946184 -5.38647543 -3.03574682 -1.83849467 -1.25198811 
2.15443469e-09 -8.72946184 -5.38647543 -3.03574682 -1.83849467 -1.25198811 
1.66810054e-09 -8.72946184 -5.38647543 -3.03574682 -1.83849467 -1.25198811 
1.29154967e-09 -8.72946184 -5.38647543 -3.03574682 -1.83849467 -1.25198811 
1.00000000e-09 -8.72946184 -5.38647543 -3.03574682 -1.83849467 -1.25198811 
7.74263683e-10 -8.72946184 -5.38647543 -3.03574682 -1.83849467 -1.25198811 
5.99484250e-10 -8.72946184 -5.38647543 -3.03574682 -1.83849467 -1.25198811 
4.64158883e-10 -8.72946184 -5.38647543 -3.03574682 -1.83849467 -1.25198811 
3.59381366e-10 -8.72946184 -5.38647543 -3.03574682 -1.83849467 -1.25198811 
2.78255940e-10 -8.72946184 -5.38647543 -3.03574682 -1.83849467 -1.25198811 
2.15443469e-10 -8.72946184 -5.38647543 -3.03574682 -1.83849467 -1.25198811 
1.66810054e-10 -8.72946184 -5.38647543 -3.03574682 -1.83849467 -1.25198811 
1.29154967e-10 -8.72946184 -5.38647543 -3.03574682 -1.83849467 -1.25198811 
1.00000000e-10 -8.72946184 -5.38647543 -3.03574682 -1.83849467 -1.25198811 
P (bar) | log_CO2: -2σ | log_CO2: -1σ | log_CO2: median | log_CO2: +1σ | log_CO2: +2σ 
1.00000000e+01 -9.71745562 -8.46462133 -5.70731258 -3.16947688 -1.61753813 
7.74263683e+00 -9.71745562 -8.46462133 -5.70731258 -3.16947688 -1.61753813 
5.99484250e+00 -9.71745562 -8.46462133 -5.70731258 -3.16947688 -1.61753813 
4.64158883e+00 -9.71745562 -8.46462133 -5.70731258 -3.16947688 -1.61753813 
3.59381366e+00 -9.71745562 -8.46462133 -5.70731258 -3.16947688 -1.61753813 
2.78255940e+00 -9.71745562 -8.46462133 -5.70731258 -3.16947688 -1.61753813 
2.15443469e+00 -9.71745562 -8.46462133 -5.70731258 -3.16947688 -1.61753813 
1.66810054e+00 -9.71745562 -8.46462133 -5.70731258 -3.16947688 -1.61753813 
1.29154967e+00 -9.71745562 -8.46462133 -5.70731258 -3.16947688 -1.61753813 
1.00000000e+00 -9.71745562 -8.46462133 -5.70731258 -3.16947688 -1.61753813 
7.74263683e-01 -9.71745562 -8.46462133 -5.70731258 -3.16947688 -1.61753813 
5.99484250e-01 -9.71745562 -8.46462133 -5.70731258 -3.16947688 -1.61753813 
4.64158883e-01 -9.71745562 -8.46462133 -5.70731258 -3.16947688 -1.61753813 
3.59381366e-01 -9.71745562 -8.46462133 -5.70731258 -3.16947688 -1.61753813 
2.78255940e-01 -9.71745562 -8.46462133 -5.70731258 -3.16947688 -1.61753813 
2.15443469e-01 -9.71745562 -8.46462133 -5.70731258 -3.16947688 -1.61753813 
1.66810054e-01 -9.71745562 -8.46462133 -5.70731258 -3.16947688 -1.61753813 
1.29154967e-01 -9.71745562 -8.46462133 -5.70731258 -3.16947688 -1.61753813 
1.00000000e-01 -9.71745562 -8.46462133 -5.70731258 -3.16947688 -1.61753813 
7.74263683e-02 -9.71745562 -8.46462133 -5.70731258 -3.16947688 -1.61753813 
5.99484250e-02 -9.71745562 -8.46462133 -5.70731258 -3.16947688 -1.61753813 
4.64158883e-02 -9.71745562 -8.46462133 -5.70731258 -3.16947688 -1.61753813 
3.59381366e-02 -9.71745562 -8.46462133 -5.70731258 -3.16947688 -1.61753813 
2.78255940e-02 -9.71745562 -8.46462133 -5.70731258 -3.16947688 -1.61753813 
2.15443469e-02 -9.71745562 -8.46462133 -5.70731258 -3.16947688 -1.61753813 
1.66810054e-02 -9.71745562 -8.46462133 -5.70731258 -3.16947688 -1.61753813 
1.29154967e-02 -9.71745562 -8.46462133 -5.70731258 -3.16947688 -1.61753813 
1.00000000e-02 -9.71745562 -8.46462133 -5.70731258 -3.16947688 -1.61753813 
7.74263683e-03 -9.71745562 -8.46462133 -5.70731258 -3.16947688 -1.61753813 
5.99484250e-03 -9.71745562 -8.46462133 -5.70731258 -3.16947688 -1.61753813 
4.64158883e-03 -9.71745562 -8.46462133 -5.70731258 -3.16947688 -1.61753813 
3.59381366e-03 -9.71745562 -8.46462133 -5.70731258 -3.16947688 -1.61753813 
2.78255940e-03 -9.71745562 -8.46462133 -5.70731258 -3.16947688 -1.61753813 
2.15443469e-03 -9.71745562 -8.46462133 -5.70731258 -3.16947688 -1.61753813 
1.66810054e-03 -9.71745562 -8.46462133 -5.70731258 -3.16947688 -1.61753813 
1.29154967e-03 -9.71745562 -8.46462133 -5.70731258 -3.16947688 -1.61753813 
1.00000000e-03 -9.71745562 -8.46462133 -5.70731258 -3.16947688 -1.61753813 
7.74263683e-04 -9.71745562 -8.46462133 -5.70731258 -3.16947688 -1.61753813 
5.99484250e-04 -9.71745562 -8.46462133 -5.70731258 -3.16947688 -1.61753813 
4.64158883e-04 -9.71745562 -8.46462133 -5.70731258 -3.16947688 -1.61753813 
3.59381366e-04 -9.71745562 -8.46462133 -5.70731258 -3.16947688 -1.61753813 
2.78255940e-04 -9.71745562 -8.46462133 -5.70731258 -3.16947688 -1.61753813 
2.15443469e-04 -9.71745562 -8.46462133 -5.70731258 -3.16947688 -1.61753813 
1.66810054e-04 -9.71745562 -8.46462133 -5.70731258 -3.16947688 -1.61753813 
1.29154967e-04 -9.71745562 -8.46462133 -5.70731258 -3.16947688 -1.61753813 
1.00000000e-04 -9.71745562 -8.46462133 -5.70731258 -3.16947688 -1.61753813 
7.74263683e-05 -9.71745562 -8.46462133 -5.70731258 -3.16947688 -1.61753813 
5.99484250e-05 -9.71745562 -8.46462133 -5.70731258 -3.16947688 -1.61753813 
4.64158883e-05 -9.71745562 -8.46462133 -5.70731258 -3.16947688 -1.61753813 
3.59381366e-05 -9.71745562 -8.46462133 -5.70731258 -3.16947688 -1.61753813 
2.78255940e-05 -9.71745562 -8.46462133 -5.70731258 -3.16947688 -1.61753813 
2.15443469e-05 -9.71745562 -8.46462133 -5.70731258 -3.16947688 -1.61753813 
1.66810054e-05 -9.71745562 -8.46462133 -5.70731258 -3.16947688 -1.61753813 
1.29154967e-05 -9.71745562 -8.46462133 -5.70731258 -3.16947688 -1.61753813 
1.00000000e-05 -9.71745562 -8.46462133 -5.70731258 -3.16947688 -1.61753813 
7.74263683e-06 -9.71745562 -8.46462133 -5.70731258 -3.16947688 -1.61753813 
5.99484250e-06 -9.71745562 -8.46462133 -5.70731258 -3.16947688 -1.61753813 
4.64158883e-06 -9.71745562 -8.46462133 -5.70731258 -3.16947688 -1.61753813 
3.59381366e-06 -9.71745562 -8.46462133 -5.70731258 -3.16947688 -1.61753813 
2.78255940e-06 -9.71745562 -8.46462133 -5.70731258 -3.16947688 -1.61753813 
2.15443469e-06 -9.71745562 -8.46462133 -5.70731258 -3.16947688 -1.61753813 
1.66810054e-06 -9.71745562 -8.46462133 -5.70731258 -3.16947688 -1.61753813 
1.29154967e-06 -9.71745562 -8.46462133 -5.70731258 -3.16947688 -1.61753813 
1.00000000e-06 -9.71745562 -8.46462133 -5.70731258 -3.16947688 -1.61753813 
7.74263683e-07 -9.71745562 -8.46462133 -5.70731258 -3.16947688 -1.61753813 
5.99484250e-07 -9.71745562 -8.46462133 -5.70731258 -3.16947688 -1.61753813 
4.64158883e-07 -9.71745562 -8.46462133 -5.70731258 -3.16947688 -1.61753813 
3.59381366e-07 -9.71745562 -8.46462133 -5.70731258 -3.16947688 -1.61753813 
2.78255940e-07 -9.71745562 -8.46462133 -5.70731258 -3.16947688 -1.61753813 
2.15443469e-07 -9.71745562 -8.46462133 -5.70731258 -3.16947688 -1.61753813 
1.66810054e-07 -9.71745562 -8.46462133 -5.70731258 -3.16947688 -1.61753813 
1.29154967e-07 -9.71745562 -8.46462133 -5.70731258 -3.16947688 -1.61753813 
1.00000000e-07 -9.71745562 -8.46462133 -5.70731258 -3.16947688 -1.61753813 
7.74263683e-08 -9.71745562 -8.46462133 -5.70731258 -3.16947688 -1.61753813 
5.99484250e-08 -9.71745562 -8.46462133 -5.70731258 -3.16947688 -1.61753813 
4.64158883e-08 -9.71745562 -8.46462133 -5.70731258 -3.16947688 -1.61753813 
3.59381366e-08 -9.71745562 -8.46462133 -5.70731258 -3.16947688 -1.61753813 
2.78255940e-08 -9.71745562 -8.46462133 -5.70731258 -3.16947688 -1.61753813 
2.15443469e-08 -9.71745562 -8.46462133 -5.70731258 -3.16947688 -1.61753813 
1.66810054e-08 -9.71745562 -8.46462133 -5.70731258 -3.16947688 -1.61753813 
1.29154967e-08 -9.71745562 -8.46462133 -5.70731258 -3.16947688 -1.61753813 
1.00000000e-08 -9.71745562 -8.46462133 -5.70731258 -3.16947688 -1.61753813 
7.74263683e-09 -9.71745562 -8.46462133 -5.70731258 -3.16947688 -1.61753813 
5.99484250e-09 -9.71745562 -8.46462133 -5.70731258 -3.16947688 -1.61753813 
4.64158883e-09 -9.71745562 -8.46462133 -5.70731258 -3.16947688 -1.61753813 
3.59381366e-09 -9.71745562 -8.46462133 -5.70731258 -3.16947688 -1.61753813 
2.78255940e-09 -9.71745562 -8.46462133 -5.70731258 -3.16947688 -1.61753813 
2.15443469e-09 -9.71745562 -8.46462133 -5.70731258 -3.16947688 -1.61753813 
1.66810054e-09 -9.71745562 -8.46462133 -5.70731258 -3.16947688 -1.61753813 
1.29154967e-09 -9.71745562 -8.46462133 -5.70731258 -3.16947688 -1.61753813 
1.00000000e-09 -9.71745562 -8.46462133 -5.70731258 -3.16947688 -1.61753813 
7.74263683e-10 -9.71745562 -8.46462133 -5.70731258 -3.16947688 -1.61753813 
5.99484250e-10 -9.71745562 -8.46462133 -5.70731258 -3.16947688 -1.61753813 
4.64158883e-10 -9.71745562 -8.46462133 -5.70731258 -3.16947688 -1.61753813 
3.59381366e-10 -9.71745562 -8.46462133 -5.70731258 -3.16947688 -1.61753813 
2.78255940e-10 -9.71745562 -8.46462133 -5.70731258 -3.16947688 -1.61753813 
2.15443469e-10 -9.71745562 -8.46462133 -5.70731258 -3.16947688 -1.61753813 
1.66810054e-10 -9.71745562 -8.46462133 -5.70731258 -3.16947688 -1.61753813 
1.29154967e-10 -9.71745562 -8.46462133 -5.70731258 -3.16947688 -1.61753813 
1.00000000e-10 -9.71745562 -8.46462133 -5.70731258 -3.16947688 -1.61753813 
P (bar) | log_CH4: -2σ | log_CH4: -1σ | log_CH4: median | log_CH4: +1σ | log_CH4: +2σ 
1.00000000e+01 -9.80561193 -8.56287128 -6.19962098 -3.84733605 -2.25611130 
7.74263683e+00 -9.80561193 -8.56287128 -6.19962098 -3.84733605 -2.25611130 
5.99484250e+00 -9.80561193 -8.56287128 -6.19962098 -3.84733605 -2.25611130 
4.64158883e+00 -9.80561193 -8.56287128 -6.19962098 -3.84733605 -2.25611130 
3.59381366e+00 -9.80561193 -8.56287128 -6.19962098 -3.84733605 -2.25611130 
2.78255940e+00 -9.80561193 -8.56287128 -6.19962098 -3.84733605 -2.25611130 
2.15443469e+00 -9.80561193 -8.56287128 -6.19962098 -3.84733605 -2.25611130 
1.66810054e+00 -9.80561193 -8.56287128 -6.19962098 -3.84733605 -2.25611130 
1.29154967e+00 -9.80561193 -8.56287128 -6.19962098 -3.84733605 -2.25611130 
1.00000000e+00 -9.80561193 -8.56287128 -6.19962098 -3.84733605 -2.25611130 
7.74263683e-01 -9.80561193 -8.56287128 -6.19962098 -3.84733605 -2.25611130 
5.99484250e-01 -9.80561193 -8.56287128 -6.19962098 -3.84733605 -2.25611130 
4.64158883e-01 -9.80561193 -8.56287128 -6.19962098 -3.84733605 -2.25611130 
3.59381366e-01 -9.80561193 -8.56287128 -6.19962098 -3.84733605 -2.25611130 
2.78255940e-01 -9.80561193 -8.56287128 -6.19962098 -3.84733605 -2.25611130 
2.15443469e-01 -9.80561193 -8.56287128 -6.19962098 -3.84733605 -2.25611130 
1.66810054e-01 -9.80561193 -8.56287128 -6.19962098 -3.84733605 -2.25611130 
1.29154967e-01 -9.80561193 -8.56287128 -6.19962098 -3.84733605 -2.25611130 
1.00000000e-01 -9.80561193 -8.56287128 -6.19962098 -3.84733605 -2.25611130 
7.74263683e-02 -9.80561193 -8.56287128 -6.19962098 -3.84733605 -2.25611130 
5.99484250e-02 -9.80561193 -8.56287128 -6.19962098 -3.84733605 -2.25611130 
4.64158883e-02 -9.80561193 -8.56287128 -6.19962098 -3.84733605 -2.25611130 
3.59381366e-02 -9.80561193 -8.56287128 -6.19962098 -3.84733605 -2.25611130 
2.78255940e-02 -9.80561193 -8.56287128 -6.19962098 -3.84733605 -2.25611130 
2.15443469e-02 -9.80561193 -8.56287128 -6.19962098 -3.84733605 -2.25611130 
1.66810054e-02 -9.80561193 -8.56287128 -6.19962098 -3.84733605 -2.25611130 
1.29154967e-02 -9.80561193 -8.56287128 -6.19962098 -3.84733605 -2.25611130 
1.00000000e-02 -9.80561193 -8.56287128 -6.19962098 -3.84733605 -2.25611130 
7.74263683e-03 -9.80561193 -8.56287128 -6.19962098 -3.84733605 -2.25611130 
5.99484250e-03 -9.80561193 -8.56287128 -6.19962098 -3.84733605 -2.25611130 
4.64158883e-03 -9.80561193 -8.56287128 -6.19962098 -3.84733605 -2.25611130 
3.59381366e-03 -9.80561193 -8.56287128 -6.19962098 -3.84733605 -2.25611130 
2.78255940e-03 -9.80561193 -8.56287128 -6.19962098 -3.84733605 -2.25611130 
2.15443469e-03 -9.80561193 -8.56287128 -6.19962098 -3.84733605 -2.25611130 
1.66810054e-03 -9.80561193 -8.56287128 -6.19962098 -3.84733605 -2.25611130 
1.29154967e-03 -9.80561193 -8.56287128 -6.19962098 -3.84733605 -2.25611130 
1.00000000e-03 -9.80561193 -8.56287128 -6.19962098 -3.84733605 -2.25611130 
7.74263683e-04 -9.80561193 -8.56287128 -6.19962098 -3.84733605 -2.25611130 
5.99484250e-04 -9.80561193 -8.56287128 -6.19962098 -3.84733605 -2.25611130 
4.64158883e-04 -9.80561193 -8.56287128 -6.19962098 -3.84733605 -2.25611130 
3.59381366e-04 -9.80561193 -8.56287128 -6.19962098 -3.84733605 -2.25611130 
2.78255940e-04 -9.80561193 -8.56287128 -6.19962098 -3.84733605 -2.25611130 
2.15443469e-04 -9.80561193 -8.56287128 -6.19962098 -3.84733605 -2.25611130 
1.66810054e-04 -9.80561193 -8.56287128 -6.19962098 -3.84733605 -2.25611130 
1.29154967e-04 -9.80561193 -8.56287128 -6.19962098 -3.84733605 -2.25611130 
1.00000000e-04 -9.80561193 -8.56287128 -6.19962098 -3.84733605 -2.25611130 
7.74263683e-05 -9.80561193 -8.56287128 -6.19962098 -3.84733605 -2.25611130 
5.99484250e-05 -9.80561193 -8.56287128 -6.19962098 -3.84733605 -2.25611130 
4.64158883e-05 -9.80561193 -8.56287128 -6.19962098 -3.84733605 -2.25611130 
3.59381366e-05 -9.80561193 -8.56287128 -6.19962098 -3.84733605 -2.25611130 
2.78255940e-05 -9.80561193 -8.56287128 -6.19962098 -3.84733605 -2.25611130 
2.15443469e-05 -9.80561193 -8.56287128 -6.19962098 -3.84733605 -2.25611130 
1.66810054e-05 -9.80561193 -8.56287128 -6.19962098 -3.84733605 -2.25611130 
1.29154967e-05 -9.80561193 -8.56287128 -6.19962098 -3.84733605 -2.25611130 
1.00000000e-05 -9.80561193 -8.56287128 -6.19962098 -3.84733605 -2.25611130 
7.74263683e-06 -9.80561193 -8.56287128 -6.19962098 -3.84733605 -2.25611130 
5.99484250e-06 -9.80561193 -8.56287128 -6.19962098 -3.84733605 -2.25611130 
4.64158883e-06 -9.80561193 -8.56287128 -6.19962098 -3.84733605 -2.25611130 
3.59381366e-06 -9.80561193 -8.56287128 -6.19962098 -3.84733605 -2.25611130 
2.78255940e-06 -9.80561193 -8.56287128 -6.19962098 -3.84733605 -2.25611130 
2.15443469e-06 -9.80561193 -8.56287128 -6.19962098 -3.84733605 -2.25611130 
1.66810054e-06 -9.80561193 -8.56287128 -6.19962098 -3.84733605 -2.25611130 
1.29154967e-06 -9.80561193 -8.56287128 -6.19962098 -3.84733605 -2.25611130 
1.00000000e-06 -9.80561193 -8.56287128 -6.19962098 -3.84733605 -2.25611130 
7.74263683e-07 -9.80561193 -8.56287128 -6.19962098 -3.84733605 -2.25611130 
5.99484250e-07 -9.80561193 -8.56287128 -6.19962098 -3.84733605 -2.25611130 
4.64158883e-07 -9.80561193 -8.56287128 -6.19962098 -3.84733605 -2.25611130 
3.59381366e-07 -9.80561193 -8.56287128 -6.19962098 -3.84733605 -2.25611130 
2.78255940e-07 -9.80561193 -8.56287128 -6.19962098 -3.84733605 -2.25611130 
2.15443469e-07 -9.80561193 -8.56287128 -6.19962098 -3.84733605 -2.25611130 
1.66810054e-07 -9.80561193 -8.56287128 -6.19962098 -3.84733605 -2.25611130 
1.29154967e-07 -9.80561193 -8.56287128 -6.19962098 -3.84733605 -2.25611130 
1.00000000e-07 -9.80561193 -8.56287128 -6.19962098 -3.84733605 -2.25611130 
7.74263683e-08 -9.80561193 -8.56287128 -6.19962098 -3.84733605 -2.25611130 
5.99484250e-08 -9.80561193 -8.56287128 -6.19962098 -3.84733605 -2.25611130 
4.64158883e-08 -9.80561193 -8.56287128 -6.19962098 -3.84733605 -2.25611130 
3.59381366e-08 -9.80561193 -8.56287128 -6.19962098 -3.84733605 -2.25611130 
2.78255940e-08 -9.80561193 -8.56287128 -6.19962098 -3.84733605 -2.25611130 
2.15443469e-08 -9.80561193 -8.56287128 -6.19962098 -3.84733605 -2.25611130 
1.66810054e-08 -9.80561193 -8.56287128 -6.19962098 -3.84733605 -2.25611130 
1.29154967e-08 -9.80561193 -8.56287128 -6.19962098 -3.84733605 -2.25611130 
1.00000000e-08 -9.80561193 -8.56287128 -6.19962098 -3.84733605 -2.25611130 
7.74263683e-09 -9.80561193 -8.56287128 -6.19962098 -3.84733605 -2.25611130 
5.99484250e-09 -9.80561193 -8.56287128 -6.19962098 -3.84733605 -2.25611130 
4.64158883e-09 -9.80561193 -8.56287128 -6.19962098 -3.84733605 -2.25611130 
3.59381366e-09 -9.80561193 -8.56287128 -6.19962098 -3.84733605 -2.25611130 
2.78255940e-09 -9.80561193 -8.56287128 -6.19962098 -3.84733605 -2.25611130 
2.15443469e-09 -9.80561193 -8.56287128 -6.19962098 -3.84733605 -2.25611130 
1.66810054e-09 -9.80561193 -8.56287128 -6.19962098 -3.84733605 -2.25611130 
1.29154967e-09 -9.80561193 -8.56287128 -6.19962098 -3.84733605 -2.25611130 
1.00000000e-09 -9.80561193 -8.56287128 -6.19962098 -3.84733605 -2.25611130 
7.74263683e-10 -9.80561193 -8.56287128 -6.19962098 -3.84733605 -2.25611130 
5.99484250e-10 -9.80561193 -8.56287128 -6.19962098 -3.84733605 -2.25611130 
4.64158883e-10 -9.80561193 -8.56287128 -6.19962098 -3.84733605 -2.25611130 
3.59381366e-10 -9.80561193 -8.56287128 -6.19962098 -3.84733605 -2.25611130 
2.78255940e-10 -9.80561193 -8.56287128 -6.19962098 -3.84733605 -2.25611130 
2.15443469e-10 -9.80561193 -8.56287128 -6.19962098 -3.84733605 -2.25611130 
1.66810054e-10 -9.80561193 -8.56287128 -6.19962098 -3.84733605 -2.25611130 
1.29154967e-10 -9.80561193 -8.56287128 -6.19962098 -3.84733605 -2.25611130 
1.00000000e-10 -9.80561193 -8.56287128 -6.19962098 -3.84733605 -2.25611130 
P (bar) | log_O2: -2σ | log_O2: -1σ | log_O2: median | log_O2: +1σ | log_O2: +2σ 
1.00000000e+01 -9.77469972 -8.53997780 -6.13425067 -2.95690944 -1.37191729 
7.74263683e+00 -9.77469972 -8.53997780 -6.13425067 -2.95690944 -1.37191729 
5.99484250e+00 -9.77469972 -8.53997780 -6.13425067 -2.95690944 -1.37191729 
4.64158883e+00 -9.77469972 -8.53997780 -6.13425067 -2.95690944 -1.37191729 
3.59381366e+00 -9.77469972 -8.53997780 -6.13425067 -2.95690944 -1.37191729 
2.78255940e+00 -9.77469972 -8.53997780 -6.13425067 -2.95690944 -1.37191729 
2.15443469e+00 -9.77469972 -8.53997780 -6.13425067 -2.95690944 -1.37191729 
1.66810054e+00 -9.77469972 -8.53997780 -6.13425067 -2.95690944 -1.37191729 
1.29154967e+00 -9.77469972 -8.53997780 -6.13425067 -2.95690944 -1.37191729 
1.00000000e+00 -9.77469972 -8.53997780 -6.13425067 -2.95690944 -1.37191729 
7.74263683e-01 -9.77469972 -8.53997780 -6.13425067 -2.95690944 -1.37191729 
5.99484250e-01 -9.77469972 -8.53997780 -6.13425067 -2.95690944 -1.37191729 
4.64158883e-01 -9.77469972 -8.53997780 -6.13425067 -2.95690944 -1.37191729 
3.59381366e-01 -9.77469972 -8.53997780 -6.13425067 -2.95690944 -1.37191729 
2.78255940e-01 -9.77469972 -8.53997780 -6.13425067 -2.95690944 -1.37191729 
2.15443469e-01 -9.77469972 -8.53997780 -6.13425067 -2.95690944 -1.37191729 
1.66810054e-01 -9.77469972 -8.53997780 -6.13425067 -2.95690944 -1.37191729 
1.29154967e-01 -9.77469972 -8.53997780 -6.13425067 -2.95690944 -1.37191729 
1.00000000e-01 -9.77469972 -8.53997780 -6.13425067 -2.95690944 -1.37191729 
7.74263683e-02 -9.77469972 -8.53997780 -6.13425067 -2.95690944 -1.37191729 
5.99484250e-02 -9.77469972 -8.53997780 -6.13425067 -2.95690944 -1.37191729 
4.64158883e-02 -9.77469972 -8.53997780 -6.13425067 -2.95690944 -1.37191729 
3.59381366e-02 -9.77469972 -8.53997780 -6.13425067 -2.95690944 -1.37191729 
2.78255940e-02 -9.77469972 -8.53997780 -6.13425067 -2.95690944 -1.37191729 
2.15443469e-02 -9.77469972 -8.53997780 -6.13425067 -2.95690944 -1.37191729 
1.66810054e-02 -9.77469972 -8.53997780 -6.13425067 -2.95690944 -1.37191729 
1.29154967e-02 -9.77469972 -8.53997780 -6.13425067 -2.95690944 -1.37191729 
1.00000000e-02 -9.77469972 -8.53997780 -6.13425067 -2.95690944 -1.37191729 
7.74263683e-03 -9.77469972 -8.53997780 -6.13425067 -2.95690944 -1.37191729 
5.99484250e-03 -9.77469972 -8.53997780 -6.13425067 -2.95690944 -1.37191729 
4.64158883e-03 -9.77469972 -8.53997780 -6.13425067 -2.95690944 -1.37191729 
3.59381366e-03 -9.77469972 -8.53997780 -6.13425067 -2.95690944 -1.37191729 
2.78255940e-03 -9.77469972 -8.53997780 -6.13425067 -2.95690944 -1.37191729 
2.15443469e-03 -9.77469972 -8.53997780 -6.13425067 -2.95690944 -1.37191729 
1.66810054e-03 -9.77469972 -8.53997780 -6.13425067 -2.95690944 -1.37191729 
1.29154967e-03 -9.77469972 -8.53997780 -6.13425067 -2.95690944 -1.37191729 
1.00000000e-03 -9.77469972 -8.53997780 -6.13425067 -2.95690944 -1.37191729 
7.74263683e-04 -9.77469972 -8.53997780 -6.13425067 -2.95690944 -1.37191729 
5.99484250e-04 -9.77469972 -8.53997780 -6.13425067 -2.95690944 -1.37191729 
4.64158883e-04 -9.77469972 -8.53997780 -6.13425067 -2.95690944 -1.37191729 
3.59381366e-04 -9.77469972 -8.53997780 -6.13425067 -2.95690944 -1.37191729 
2.78255940e-04 -9.77469972 -8.53997780 -6.13425067 -2.95690944 -1.37191729 
2.15443469e-04 -9.77469972 -8.53997780 -6.13425067 -2.95690944 -1.37191729 
1.66810054e-04 -9.77469972 -8.53997780 -6.13425067 -2.95690944 -1.37191729 
1.29154967e-04 -9.77469972 -8.53997780 -6.13425067 -2.95690944 -1.37191729 
1.00000000e-04 -9.77469972 -8.53997780 -6.13425067 -2.95690944 -1.37191729 
7.74263683e-05 -9.77469972 -8.53997780 -6.13425067 -2.95690944 -1.37191729 
5.99484250e-05 -9.77469972 -8.53997780 -6.13425067 -2.95690944 -1.37191729 
4.64158883e-05 -9.77469972 -8.53997780 -6.13425067 -2.95690944 -1.37191729 
3.59381366e-05 -9.77469972 -8.53997780 -6.13425067 -2.95690944 -1.37191729 
2.78255940e-05 -9.77469972 -8.53997780 -6.13425067 -2.95690944 -1.37191729 
2.15443469e-05 -9.77469972 -8.53997780 -6.13425067 -2.95690944 -1.37191729 
1.66810054e-05 -9.77469972 -8.53997780 -6.13425067 -2.95690944 -1.37191729 
1.29154967e-05 -9.77469972 -8.53997780 -6.13425067 -2.95690944 -1.37191729 
1.00000000e-05 -9.77469972 -8.53997780 -6.13425067 -2.95690944 -1.37191729 
7.74263683e-06 -9.77469972 -8.53997780 -6.13425067 -2.95690944 -1.37191729 
5.99484250e-06 -9.77469972 -8.53997780 -6.13425067 -2.95690944 -1.37191729 
4.64158883e-06 -9.77469972 -8.53997780 -6.13425067 -2.95690944 -1.37191729 
3.59381366e-06 -9.77469972 -8.53997780 -6.13425067 -2.95690944 -1.37191729 
2.78255940e-06 -9.77469972 -8.53997780 -6.13425067 -2.95690944 -1.37191729 
2.15443469e-06 -9.77469972 -8.53997780 -6.13425067 -2.95690944 -1.37191729 
1.66810054e-06 -9.77469972 -8.53997780 -6.13425067 -2.95690944 -1.37191729 
1.29154967e-06 -9.77469972 -8.53997780 -6.13425067 -2.95690944 -1.37191729 
1.00000000e-06 -9.77469972 -8.53997780 -6.13425067 -2.95690944 -1.37191729 
7.74263683e-07 -9.77469972 -8.53997780 -6.13425067 -2.95690944 -1.37191729 
5.99484250e-07 -9.77469972 -8.53997780 -6.13425067 -2.95690944 -1.37191729 
4.64158883e-07 -9.77469972 -8.53997780 -6.13425067 -2.95690944 -1.37191729 
3.59381366e-07 -9.77469972 -8.53997780 -6.13425067 -2.95690944 -1.37191729 
2.78255940e-07 -9.77469972 -8.53997780 -6.13425067 -2.95690944 -1.37191729 
2.15443469e-07 -9.77469972 -8.53997780 -6.13425067 -2.95690944 -1.37191729 
1.66810054e-07 -9.77469972 -8.53997780 -6.13425067 -2.95690944 -1.37191729 
1.29154967e-07 -9.77469972 -8.53997780 -6.13425067 -2.95690944 -1.37191729 
1.00000000e-07 -9.77469972 -8.53997780 -6.13425067 -2.95690944 -1.37191729 
7.74263683e-08 -9.77469972 -8.53997780 -6.13425067 -2.95690944 -1.37191729 
5.99484250e-08 -9.77469972 -8.53997780 -6.13425067 -2.95690944 -1.37191729 
4.64158883e-08 -9.77469972 -8.53997780 -6.13425067 -2.95690944 -1.37191729 
3.59381366e-08 -9.77469972 -8.53997780 -6.13425067 -2.95690944 -1.37191729 
2.78255940e-08 -9.77469972 -8.53997780 -6.13425067 -2.95690944 -1.37191729 
2.15443469e-08 -9.77469972 -8.53997780 -6.13425067 -2.95690944 -1.37191729 
1.66810054e-08 -9.77469972 -8.53997780 -6.13425067 -2.95690944 -1.37191729 
1.29154967e-08 -9.77469972 -8.53997780 -6.13425067 -2.95690944 -1.37191729 
1.00000000e-08 -9.77469972 -8.53997780 -6.13425067 -2.95690944 -1.37191729 
7.74263683e-09 -9.77469972 -8.53997780 -6.13425067 -2.95690944 -1.37191729 
5.99484250e-09 -9.77469972 -8.53997780 -6.13425067 -2.95690944 -1.37191729 
4.64158883e-09 -9.77469972 -8.53997780 -6.13425067 -2.95690944 -1.37191729 
3.59381366e-09 -9.77469972 -8.53997780 -6.13425067 -2.95690944 -1.37191729 
2.78255940e-09 -9.77469972 -8.53997780 -6.13425067 -2.95690944 -1.37191729 
2.15443469e-09 -9.77469972 -8.53997780 -6.13425067 -2.95690944 -1.37191729 
1.66810054e-09 -9.77469972 -8.53997780 -6.13425067 -2.95690944 -1.37191729 
1.29154967e-09 -9.77469972 -8.53997780 -6.13425067 -2.95690944 -1.37191729 
1.00000000e-09 -9.77469972 -8.53997780 -6.13425067 -2.95690944 -1.37191729 
7.74263683e-10 -9.77469972 -8.53997780 -6.13425067 -2.95690944 -1.37191729 
5.99484250e-10 -9.77469972 -8.53997780 -6.13425067 -2.95690944 -1.37191729 
4.64158883e-10 -9.77469972 -8.53997780 -6.13425067 -2.95690944 -1.37191729 
3.59381366e-10 -9.77469972 -8.53997780 -6.13425067 -2.95690944 -1.37191729 
2.78255940e-10 -9.77469972 -8.53997780 -6.13425067 -2.95690944 -1.37191729 
2.15443469e-10 -9.77469972 -8.53997780 -6.13425067 -2.95690944 -1.37191729 
1.66810054e-10 -9.77469972 -8.53997780 -6.13425067 -2.95690944 -1.37191729 
1.29154967e-10 -9.77469972 -8.53997780 -6.13425067 -2.95690944 -1.37191729 
1.00000000e-10 -9.77469972 -8.53997780 -6.13425067 -2.95690944 -1.37191729 
P (bar) | log_O3: -2σ | log_O3: -1σ | log_O3: median | log_O3: +1σ | log_O3: +2σ 
1.00000000e+01 -9.80028110 -9.00209559 -7.59404502 -5.95038370 -4.99254443 
7.74263683e+00 -9.80028110 -9.00209559 -7.59404502 -5.95038370 -4.99254443 
5.99484250e+00 -9.80028110 -9.00209559 -7.59404502 -5.95038370 -4.99254443 
4.64158883e+00 -9.80028110 -9.00209559 -7.59404502 -5.95038370 -4.99254443 
3.59381366e+00 -9.80028110 -9.00209559 -7.59404502 -5.95038370 -4.99254443 
2.78255940e+00 -9.80028110 -9.00209559 -7.59404502 -5.95038370 -4.99254443 
2.15443469e+00 -9.80028110 -9.00209559 -7.59404502 -5.95038370 -4.99254443 
1.66810054e+00 -9.80028110 -9.00209559 -7.59404502 -5.95038370 -4.99254443 
1.29154967e+00 -9.80028110 -9.00209559 -7.59404502 -5.95038370 -4.99254443 
1.00000000e+00 -9.80028110 -9.00209559 -7.59404502 -5.95038370 -4.99254443 
7.74263683e-01 -9.80028110 -9.00209559 -7.59404502 -5.95038370 -4.99254443 
5.99484250e-01 -9.80028110 -9.00209559 -7.59404502 -5.95038370 -4.99254443 
4.64158883e-01 -9.80028110 -9.00209559 -7.59404502 -5.95038370 -4.99254443 
3.59381366e-01 -9.80028110 -9.00209559 -7.59404502 -5.95038370 -4.99254443 
2.78255940e-01 -9.80028110 -9.00209559 -7.59404502 -5.95038370 -4.99254443 
2.15443469e-01 -9.80028110 -9.00209559 -7.59404502 -5.95038370 -4.99254443 
1.66810054e-01 -9.80028110 -9.00209559 -7.59404502 -5.95038370 -4.99254443 
1.29154967e-01 -9.80028110 -9.00209559 -7.59404502 -5.95038370 -4.99254443 
1.00000000e-01 -9.80028110 -9.00209559 -7.59404502 -5.95038370 -4.99254443 
7.74263683e-02 -9.80028110 -9.00209559 -7.59404502 -5.95038370 -4.99254443 
5.99484250e-02 -9.80028110 -9.00209559 -7.59404502 -5.95038370 -4.99254443 
4.64158883e-02 -9.80028110 -9.00209559 -7.59404502 -5.95038370 -4.99254443 
3.59381366e-02 -9.80028110 -9.00209559 -7.59404502 -5.95038370 -4.99254443 
2.78255940e-02 -9.80028110 -9.00209559 -7.59404502 -5.95038370 -4.99254443 
2.15443469e-02 -9.80028110 -9.00209559 -7.59404502 -5.95038370 -4.99254443 
1.66810054e-02 -9.80028110 -9.00209559 -7.59404502 -5.95038370 -4.99254443 
1.29154967e-02 -9.80028110 -9.00209559 -7.59404502 -5.95038370 -4.99254443 
1.00000000e-02 -9.80028110 -9.00209559 -7.59404502 -5.95038370 -4.99254443 
7.74263683e-03 -9.80028110 -9.00209559 -7.59404502 -5.95038370 -4.99254443 
5.99484250e-03 -9.80028110 -9.00209559 -7.59404502 -5.95038370 -4.99254443 
4.64158883e-03 -9.80028110 -9.00209559 -7.59404502 -5.95038370 -4.99254443 
3.59381366e-03 -9.80028110 -9.00209559 -7.59404502 -5.95038370 -4.99254443 
2.78255940e-03 -9.80028110 -9.00209559 -7.59404502 -5.95038370 -4.99254443 
2.15443469e-03 -9.80028110 -9.00209559 -7.59404502 -5.95038370 -4.99254443 
1.66810054e-03 -9.80028110 -9.00209559 -7.59404502 -5.95038370 -4.99254443 
1.29154967e-03 -9.80028110 -9.00209559 -7.59404502 -5.95038370 -4.99254443 
1.00000000e-03 -9.80028110 -9.00209559 -7.59404502 -5.95038370 -4.99254443 
7.74263683e-04 -9.80028110 -9.00209559 -7.59404502 -5.95038370 -4.99254443 
5.99484250e-04 -9.80028110 -9.00209559 -7.59404502 -5.95038370 -4.99254443 
4.64158883e-04 -9.80028110 -9.00209559 -7.59404502 -5.95038370 -4.99254443 
3.59381366e-04 -9.80028110 -9.00209559 -7.59404502 -5.95038370 -4.99254443 
2.78255940e-04 -9.80028110 -9.00209559 -7.59404502 -5.95038370 -4.99254443 
2.15443469e-04 -9.80028110 -9.00209559 -7.59404502 -5.95038370 -4.99254443 
1.66810054e-04 -9.80028110 -9.00209559 -7.59404502 -5.95038370 -4.99254443 
1.29154967e-04 -9.80028110 -9.00209559 -7.59404502 -5.95038370 -4.99254443 
1.00000000e-04 -9.80028110 -9.00209559 -7.59404502 -5.95038370 -4.99254443 
7.74263683e-05 -9.80028110 -9.00209559 -7.59404502 -5.95038370 -4.99254443 
5.99484250e-05 -9.80028110 -9.00209559 -7.59404502 -5.95038370 -4.99254443 
4.64158883e-05 -9.80028110 -9.00209559 -7.59404502 -5.95038370 -4.99254443 
3.59381366e-05 -9.80028110 -9.00209559 -7.59404502 -5.95038370 -4.99254443 
2.78255940e-05 -9.80028110 -9.00209559 -7.59404502 -5.95038370 -4.99254443 
2.15443469e-05 -9.80028110 -9.00209559 -7.59404502 -5.95038370 -4.99254443 
1.66810054e-05 -9.80028110 -9.00209559 -7.59404502 -5.95038370 -4.99254443 
1.29154967e-05 -9.80028110 -9.00209559 -7.59404502 -5.95038370 -4.99254443 
1.00000000e-05 -9.80028110 -9.00209559 -7.59404502 -5.95038370 -4.99254443 
7.74263683e-06 -9.80028110 -9.00209559 -7.59404502 -5.95038370 -4.99254443 
5.99484250e-06 -9.80028110 -9.00209559 -7.59404502 -5.95038370 -4.99254443 
4.64158883e-06 -9.80028110 -9.00209559 -7.59404502 -5.95038370 -4.99254443 
3.59381366e-06 -9.80028110 -9.00209559 -7.59404502 -5.95038370 -4.99254443 
2.78255940e-06 -9.80028110 -9.00209559 -7.59404502 -5.95038370 -4.99254443 
2.15443469e-06 -9.80028110 -9.00209559 -7.59404502 -5.95038370 -4.99254443 
1.66810054e-06 -9.80028110 -9.00209559 -7.59404502 -5.95038370 -4.99254443 
1.29154967e-06 -9.80028110 -9.00209559 -7.59404502 -5.95038370 -4.99254443 
1.00000000e-06 -9.80028110 -9.00209559 -7.59404502 -5.95038370 -4.99254443 
7.74263683e-07 -9.80028110 -9.00209559 -7.59404502 -5.95038370 -4.99254443 
5.99484250e-07 -9.80028110 -9.00209559 -7.59404502 -5.95038370 -4.99254443 
4.64158883e-07 -9.80028110 -9.00209559 -7.59404502 -5.95038370 -4.99254443 
3.59381366e-07 -9.80028110 -9.00209559 -7.59404502 -5.95038370 -4.99254443 
2.78255940e-07 -9.80028110 -9.00209559 -7.59404502 -5.95038370 -4.99254443 
2.15443469e-07 -9.80028110 -9.00209559 -7.59404502 -5.95038370 -4.99254443 
1.66810054e-07 -9.80028110 -9.00209559 -7.59404502 -5.95038370 -4.99254443 
1.29154967e-07 -9.80028110 -9.00209559 -7.59404502 -5.95038370 -4.99254443 
1.00000000e-07 -9.80028110 -9.00209559 -7.59404502 -5.95038370 -4.99254443 
7.74263683e-08 -9.80028110 -9.00209559 -7.59404502 -5.95038370 -4.99254443 
5.99484250e-08 -9.80028110 -9.00209559 -7.59404502 -5.95038370 -4.99254443 
4.64158883e-08 -9.80028110 -9.00209559 -7.59404502 -5.95038370 -4.99254443 
3.59381366e-08 -9.80028110 -9.00209559 -7.59404502 -5.95038370 -4.99254443 
2.78255940e-08 -9.80028110 -9.00209559 -7.59404502 -5.95038370 -4.99254443 
2.15443469e-08 -9.80028110 -9.00209559 -7.59404502 -5.95038370 -4.99254443 
1.66810054e-08 -9.80028110 -9.00209559 -7.59404502 -5.95038370 -4.99254443 
1.29154967e-08 -9.80028110 -9.00209559 -7.59404502 -5.95038370 -4.99254443 
1.00000000e-08 -9.80028110 -9.00209559 -7.59404502 -5.95038370 -4.99254443 
7.74263683e-09 -9.80028110 -9.00209559 -7.59404502 -5.95038370 -4.99254443 
5.99484250e-09 -9.80028110 -9.00209559 -7.59404502 -5.95038370 -4.99254443 
4.64158883e-09 -9.80028110 -9.00209559 -7.59404502 -5.95038370 -4.99254443 
3.59381366e-09 -9.80028110 -9.00209559 -7.59404502 -5.95038370 -4.99254443 
2.78255940e-09 -9.80028110 -9.00209559 -7.59404502 -5.95038370 -4.99254443 
2.15443469e-09 -9.80028110 -9.00209559 -7.59404502 -5.95038370 -4.99254443 
1.66810054e-09 -9.80028110 -9.00209559 -7.59404502 -5.95038370 -4.99254443 
1.29154967e-09 -9.80028110 -9.00209559 -7.59404502 -5.95038370 -4.99254443 
1.00000000e-09 -9.80028110 -9.00209559 -7.59404502 -5.95038370 -4.99254443 
7.74263683e-10 -9.80028110 -9.00209559 -7.59404502 -5.95038370 -4.99254443 
5.99484250e-10 -9.80028110 -9.00209559 -7.59404502 -5.95038370 -4.99254443 
4.64158883e-10 -9.80028110 -9.00209559 -7.59404502 -5.95038370 -4.99254443 
3.59381366e-10 -9.80028110 -9.00209559 -7.59404502 -5.95038370 -4.99254443 
2.78255940e-10 -9.80028110 -9.00209559 -7.59404502 -5.95038370 -4.99254443 
2.15443469e-10 -9.80028110 -9.00209559 -7.59404502 -5.95038370 -4.99254443 
1.66810054e-10 -9.80028110 -9.00209559 -7.59404502 -5.95038370 -4.99254443 
1.29154967e-10 -9.80028110 -9.00209559 -7.59404502 -5.95038370 -4.99254443 
1.00000000e-10 -9.80028110 -9.00209559 -7.59404502 -5.95038370 -4.99254443 
P (bar) | log_N2O: -2σ | log_N2O: -1σ | log_N2O: median | log_N2O: +1σ | log_N2O: +2σ 
1.00000000e+01 -4.17516979 -2.98917777 -1.92437437 -1.32200304 -1.06057708 
7.74263683e+00 -4.17516979 -2.98917777 -1.92437437 -1.32200304 -1.06057708 
5.99484250e+00 -4.17516979 -2.98917777 -1.92437437 -1.32200304 -1.06057708 
4.64158883e+00 -4.17516979 -2.98917777 -1.92437437 -1.32200304 -1.06057708 
3.59381366e+00 -4.17516979 -2.98917777 -1.92437437 -1.32200304 -1.06057708 
2.78255940e+00 -4.17516979 -2.98917777 -1.92437437 -1.32200304 -1.06057708 
2.15443469e+00 -4.17516979 -2.98917777 -1.92437437 -1.32200304 -1.06057708 
1.66810054e+00 -4.17516979 -2.98917777 -1.92437437 -1.32200304 -1.06057708 
1.29154967e+00 -4.17516979 -2.98917777 -1.92437437 -1.32200304 -1.06057708 
1.00000000e+00 -4.17516979 -2.98917777 -1.92437437 -1.32200304 -1.06057708 
7.74263683e-01 -4.17516979 -2.98917777 -1.92437437 -1.32200304 -1.06057708 
5.99484250e-01 -4.17516979 -2.98917777 -1.92437437 -1.32200304 -1.06057708 
4.64158883e-01 -4.17516979 -2.98917777 -1.92437437 -1.32200304 -1.06057708 
3.59381366e-01 -4.17516979 -2.98917777 -1.92437437 -1.32200304 -1.06057708 
2.78255940e-01 -4.17516979 -2.98917777 -1.92437437 -1.32200304 -1.06057708 
2.15443469e-01 -4.17516979 -2.98917777 -1.92437437 -1.32200304 -1.06057708 
1.66810054e-01 -4.17516979 -2.98917777 -1.92437437 -1.32200304 -1.06057708 
1.29154967e-01 -4.17516979 -2.98917777 -1.92437437 -1.32200304 -1.06057708 
1.00000000e-01 -4.17516979 -2.98917777 -1.92437437 -1.32200304 -1.06057708 
7.74263683e-02 -4.17516979 -2.98917777 -1.92437437 -1.32200304 -1.06057708 
5.99484250e-02 -4.17516979 -2.98917777 -1.92437437 -1.32200304 -1.06057708 
4.64158883e-02 -4.17516979 -2.98917777 -1.92437437 -1.32200304 -1.06057708 
3.59381366e-02 -4.17516979 -2.98917777 -1.92437437 -1.32200304 -1.06057708 
2.78255940e-02 -4.17516979 -2.98917777 -1.92437437 -1.32200304 -1.06057708 
2.15443469e-02 -4.17516979 -2.98917777 -1.92437437 -1.32200304 -1.06057708 
1.66810054e-02 -4.17516979 -2.98917777 -1.92437437 -1.32200304 -1.06057708 
1.29154967e-02 -4.17516979 -2.98917777 -1.92437437 -1.32200304 -1.06057708 
1.00000000e-02 -4.17516979 -2.98917777 -1.92437437 -1.32200304 -1.06057708 
7.74263683e-03 -4.17516979 -2.98917777 -1.92437437 -1.32200304 -1.06057708 
5.99484250e-03 -4.17516979 -2.98917777 -1.92437437 -1.32200304 -1.06057708 
4.64158883e-03 -4.17516979 -2.98917777 -1.92437437 -1.32200304 -1.06057708 
3.59381366e-03 -4.17516979 -2.98917777 -1.92437437 -1.32200304 -1.06057708 
2.78255940e-03 -4.17516979 -2.98917777 -1.92437437 -1.32200304 -1.06057708 
2.15443469e-03 -4.17516979 -2.98917777 -1.92437437 -1.32200304 -1.06057708 
1.66810054e-03 -4.17516979 -2.98917777 -1.92437437 -1.32200304 -1.06057708 
1.29154967e-03 -4.17516979 -2.98917777 -1.92437437 -1.32200304 -1.06057708 
1.00000000e-03 -4.17516979 -2.98917777 -1.92437437 -1.32200304 -1.06057708 
7.74263683e-04 -4.17516979 -2.98917777 -1.92437437 -1.32200304 -1.06057708 
5.99484250e-04 -4.17516979 -2.98917777 -1.92437437 -1.32200304 -1.06057708 
4.64158883e-04 -4.17516979 -2.98917777 -1.92437437 -1.32200304 -1.06057708 
3.59381366e-04 -4.17516979 -2.98917777 -1.92437437 -1.32200304 -1.06057708 
2.78255940e-04 -4.17516979 -2.98917777 -1.92437437 -1.32200304 -1.06057708 
2.15443469e-04 -4.17516979 -2.98917777 -1.92437437 -1.32200304 -1.06057708 
1.66810054e-04 -4.17516979 -2.98917777 -1.92437437 -1.32200304 -1.06057708 
1.29154967e-04 -4.17516979 -2.98917777 -1.92437437 -1.32200304 -1.06057708 
1.00000000e-04 -4.17516979 -2.98917777 -1.92437437 -1.32200304 -1.06057708 
7.74263683e-05 -4.17516979 -2.98917777 -1.92437437 -1.32200304 -1.06057708 
5.99484250e-05 -4.17516979 -2.98917777 -1.92437437 -1.32200304 -1.06057708 
4.64158883e-05 -4.17516979 -2.98917777 -1.92437437 -1.32200304 -1.06057708 
3.59381366e-05 -4.17516979 -2.98917777 -1.92437437 -1.32200304 -1.06057708 
2.78255940e-05 -4.17516979 -2.98917777 -1.92437437 -1.32200304 -1.06057708 
2.15443469e-05 -4.17516979 -2.98917777 -1.92437437 -1.32200304 -1.06057708 
1.66810054e-05 -4.17516979 -2.98917777 -1.92437437 -1.32200304 -1.06057708 
1.29154967e-05 -4.17516979 -2.98917777 -1.92437437 -1.32200304 -1.06057708 
1.00000000e-05 -4.17516979 -2.98917777 -1.92437437 -1.32200304 -1.06057708 
7.74263683e-06 -4.17516979 -2.98917777 -1.92437437 -1.32200304 -1.06057708 
5.99484250e-06 -4.17516979 -2.98917777 -1.92437437 -1.32200304 -1.06057708 
4.64158883e-06 -4.17516979 -2.98917777 -1.92437437 -1.32200304 -1.06057708 
3.59381366e-06 -4.17516979 -2.98917777 -1.92437437 -1.32200304 -1.06057708 
2.78255940e-06 -4.17516979 -2.98917777 -1.92437437 -1.32200304 -1.06057708 
2.15443469e-06 -4.17516979 -2.98917777 -1.92437437 -1.32200304 -1.06057708 
1.66810054e-06 -4.17516979 -2.98917777 -1.92437437 -1.32200304 -1.06057708 
1.29154967e-06 -4.17516979 -2.98917777 -1.92437437 -1.32200304 -1.06057708 
1.00000000e-06 -4.17516979 -2.98917777 -1.92437437 -1.32200304 -1.06057708 
7.74263683e-07 -4.17516979 -2.98917777 -1.92437437 -1.32200304 -1.06057708 
5.99484250e-07 -4.17516979 -2.98917777 -1.92437437 -1.32200304 -1.06057708 
4.64158883e-07 -4.17516979 -2.98917777 -1.92437437 -1.32200304 -1.06057708 
3.59381366e-07 -4.17516979 -2.98917777 -1.92437437 -1.32200304 -1.06057708 
2.78255940e-07 -4.17516979 -2.98917777 -1.92437437 -1.32200304 -1.06057708 
2.15443469e-07 -4.17516979 -2.98917777 -1.92437437 -1.32200304 -1.06057708 
1.66810054e-07 -4.17516979 -2.98917777 -1.92437437 -1.32200304 -1.06057708 
1.29154967e-07 -4.17516979 -2.98917777 -1.92437437 -1.32200304 -1.06057708 
1.00000000e-07 -4.17516979 -2.98917777 -1.92437437 -1.32200304 -1.06057708 
7.74263683e-08 -4.17516979 -2.98917777 -1.92437437 -1.32200304 -1.06057708 
5.99484250e-08 -4.17516979 -2.98917777 -1.92437437 -1.32200304 -1.06057708 
4.64158883e-08 -4.17516979 -2.98917777 -1.92437437 -1.32200304 -1.06057708 
3.59381366e-08 -4.17516979 -2.98917777 -1.92437437 -1.32200304 -1.06057708 
2.78255940e-08 -4.17516979 -2.98917777 -1.92437437 -1.32200304 -1.06057708 
2.15443469e-08 -4.17516979 -2.98917777 -1.92437437 -1.32200304 -1.06057708 
1.66810054e-08 -4.17516979 -2.98917777 -1.92437437 -1.32200304 -1.06057708 
1.29154967e-08 -4.17516979 -2.98917777 -1.92437437 -1.32200304 -1.06057708 
1.00000000e-08 -4.17516979 -2.98917777 -1.92437437 -1.32200304 -1.06057708 
7.74263683e-09 -4.17516979 -2.98917777 -1.92437437 -1.32200304 -1.06057708 
5.99484250e-09 -4.17516979 -2.98917777 -1.92437437 -1.32200304 -1.06057708 
4.64158883e-09 -4.17516979 -2.98917777 -1.92437437 -1.32200304 -1.06057708 
3.59381366e-09 -4.17516979 -2.98917777 -1.92437437 -1.32200304 -1.06057708 
2.78255940e-09 -4.17516979 -2.98917777 -1.92437437 -1.32200304 -1.06057708 
2.15443469e-09 -4.17516979 -2.98917777 -1.92437437 -1.32200304 -1.06057708 
1.66810054e-09 -4.17516979 -2.98917777 -1.92437437 -1.32200304 -1.06057708 
1.29154967e-09 -4.17516979 -2.98917777 -1.92437437 -1.32200304 -1.06057708 
1.00000000e-09 -4.17516979 -2.98917777 -1.92437437 -1.32200304 -1.06057708 
7.74263683e-10 -4.17516979 -2.98917777 -1.92437437 -1.32200304 -1.06057708 
5.99484250e-10 -4.17516979 -2.98917777 -1.92437437 -1.32200304 -1.06057708 
4.64158883e-10 -4.17516979 -2.98917777 -1.92437437 -1.32200304 -1.06057708 
3.59381366e-10 -4.17516979 -2.98917777 -1.92437437 -1.32200304 -1.06057708 
2.78255940e-10 -4.17516979 -2.98917777 -1.92437437 -1.32200304 -1.06057708 
2.15443469e-10 -4.17516979 -2.98917777 -1.92437437 -1.32200304 -1.06057708 
1.66810054e-10 -4.17516979 -2.98917777 -1.92437437 -1.32200304 -1.06057708 
1.29154967e-10 -4.17516979 -2.98917777 -1.92437437 -1.32200304 -1.06057708 
1.00000000e-10 -4.17516979 -2.98917777 -1.92437437 -1.32200304 -1.06057708 
P (bar) | log_NH3: -2σ | log_NH3: -1σ | log_NH3: median | log_NH3: +1σ | log_NH3: +2σ 
1.00000000e+01 -9.70072183 -8.18794502 -5.76897346 -3.99746350 -2.79813531 
7.74263683e+00 -9.70072183 -8.18794502 -5.76897346 -3.99746350 -2.79813531 
5.99484250e+00 -9.70072183 -8.18794502 -5.76897346 -3.99746350 -2.79813531 
4.64158883e+00 -9.70072183 -8.18794502 -5.76897346 -3.99746350 -2.79813531 
3.59381366e+00 -9.70072183 -8.18794502 -5.76897346 -3.99746350 -2.79813531 
2.78255940e+00 -9.70072183 -8.18794502 -5.76897346 -3.99746350 -2.79813531 
2.15443469e+00 -9.70072183 -8.18794502 -5.76897346 -3.99746350 -2.79813531 
1.66810054e+00 -9.70072183 -8.18794502 -5.76897346 -3.99746350 -2.79813531 
1.29154967e+00 -9.70072183 -8.18794502 -5.76897346 -3.99746350 -2.79813531 
1.00000000e+00 -9.70072183 -8.18794502 -5.76897346 -3.99746350 -2.79813531 
7.74263683e-01 -9.70072183 -8.18794502 -5.76897346 -3.99746350 -2.79813531 
5.99484250e-01 -9.70072183 -8.18794502 -5.76897346 -3.99746350 -2.79813531 
4.64158883e-01 -9.70072183 -8.18794502 -5.76897346 -3.99746350 -2.79813531 
3.59381366e-01 -9.70072183 -8.18794502 -5.76897346 -3.99746350 -2.79813531 
2.78255940e-01 -9.70072183 -8.18794502 -5.76897346 -3.99746350 -2.79813531 
2.15443469e-01 -9.70072183 -8.18794502 -5.76897346 -3.99746350 -2.79813531 
1.66810054e-01 -9.70072183 -8.18794502 -5.76897346 -3.99746350 -2.79813531 
1.29154967e-01 -9.70072183 -8.18794502 -5.76897346 -3.99746350 -2.79813531 
1.00000000e-01 -9.70072183 -8.18794502 -5.76897346 -3.99746350 -2.79813531 
7.74263683e-02 -9.70072183 -8.18794502 -5.76897346 -3.99746350 -2.79813531 
5.99484250e-02 -9.70072183 -8.18794502 -5.76897346 -3.99746350 -2.79813531 
4.64158883e-02 -9.70072183 -8.18794502 -5.76897346 -3.99746350 -2.79813531 
3.59381366e-02 -9.70072183 -8.18794502 -5.76897346 -3.99746350 -2.79813531 
2.78255940e-02 -9.70072183 -8.18794502 -5.76897346 -3.99746350 -2.79813531 
2.15443469e-02 -9.70072183 -8.18794502 -5.76897346 -3.99746350 -2.79813531 
1.66810054e-02 -9.70072183 -8.18794502 -5.76897346 -3.99746350 -2.79813531 
1.29154967e-02 -9.70072183 -8.18794502 -5.76897346 -3.99746350 -2.79813531 
1.00000000e-02 -9.70072183 -8.18794502 -5.76897346 -3.99746350 -2.79813531 
7.74263683e-03 -9.70072183 -8.18794502 -5.76897346 -3.99746350 -2.79813531 
5.99484250e-03 -9.70072183 -8.18794502 -5.76897346 -3.99746350 -2.79813531 
4.64158883e-03 -9.70072183 -8.18794502 -5.76897346 -3.99746350 -2.79813531 
3.59381366e-03 -9.70072183 -8.18794502 -5.76897346 -3.99746350 -2.79813531 
2.78255940e-03 -9.70072183 -8.18794502 -5.76897346 -3.99746350 -2.79813531 
2.15443469e-03 -9.70072183 -8.18794502 -5.76897346 -3.99746350 -2.79813531 
1.66810054e-03 -9.70072183 -8.18794502 -5.76897346 -3.99746350 -2.79813531 
1.29154967e-03 -9.70072183 -8.18794502 -5.76897346 -3.99746350 -2.79813531 
1.00000000e-03 -9.70072183 -8.18794502 -5.76897346 -3.99746350 -2.79813531 
7.74263683e-04 -9.70072183 -8.18794502 -5.76897346 -3.99746350 -2.79813531 
5.99484250e-04 -9.70072183 -8.18794502 -5.76897346 -3.99746350 -2.79813531 
4.64158883e-04 -9.70072183 -8.18794502 -5.76897346 -3.99746350 -2.79813531 
3.59381366e-04 -9.70072183 -8.18794502 -5.76897346 -3.99746350 -2.79813531 
2.78255940e-04 -9.70072183 -8.18794502 -5.76897346 -3.99746350 -2.79813531 
2.15443469e-04 -9.70072183 -8.18794502 -5.76897346 -3.99746350 -2.79813531 
1.66810054e-04 -9.70072183 -8.18794502 -5.76897346 -3.99746350 -2.79813531 
1.29154967e-04 -9.70072183 -8.18794502 -5.76897346 -3.99746350 -2.79813531 
1.00000000e-04 -9.70072183 -8.18794502 -5.76897346 -3.99746350 -2.79813531 
7.74263683e-05 -9.70072183 -8.18794502 -5.76897346 -3.99746350 -2.79813531 
5.99484250e-05 -9.70072183 -8.18794502 -5.76897346 -3.99746350 -2.79813531 
4.64158883e-05 -9.70072183 -8.18794502 -5.76897346 -3.99746350 -2.79813531 
3.59381366e-05 -9.70072183 -8.18794502 -5.76897346 -3.99746350 -2.79813531 
2.78255940e-05 -9.70072183 -8.18794502 -5.76897346 -3.99746350 -2.79813531 
2.15443469e-05 -9.70072183 -8.18794502 -5.76897346 -3.99746350 -2.79813531 
1.66810054e-05 -9.70072183 -8.18794502 -5.76897346 -3.99746350 -2.79813531 
1.29154967e-05 -9.70072183 -8.18794502 -5.76897346 -3.99746350 -2.79813531 
1.00000000e-05 -9.70072183 -8.18794502 -5.76897346 -3.99746350 -2.79813531 
7.74263683e-06 -9.70072183 -8.18794502 -5.76897346 -3.99746350 -2.79813531 
5.99484250e-06 -9.70072183 -8.18794502 -5.76897346 -3.99746350 -2.79813531 
4.64158883e-06 -9.70072183 -8.18794502 -5.76897346 -3.99746350 -2.79813531 
3.59381366e-06 -9.70072183 -8.18794502 -5.76897346 -3.99746350 -2.79813531 
2.78255940e-06 -9.70072183 -8.18794502 -5.76897346 -3.99746350 -2.79813531 
2.15443469e-06 -9.70072183 -8.18794502 -5.76897346 -3.99746350 -2.79813531 
1.66810054e-06 -9.70072183 -8.18794502 -5.76897346 -3.99746350 -2.79813531 
1.29154967e-06 -9.70072183 -8.18794502 -5.76897346 -3.99746350 -2.79813531 
1.00000000e-06 -9.70072183 -8.18794502 -5.76897346 -3.99746350 -2.79813531 
7.74263683e-07 -9.70072183 -8.18794502 -5.76897346 -3.99746350 -2.79813531 
5.99484250e-07 -9.70072183 -8.18794502 -5.76897346 -3.99746350 -2.79813531 
4.64158883e-07 -9.70072183 -8.18794502 -5.76897346 -3.99746350 -2.79813531 
3.59381366e-07 -9.70072183 -8.18794502 -5.76897346 -3.99746350 -2.79813531 
2.78255940e-07 -9.70072183 -8.18794502 -5.76897346 -3.99746350 -2.79813531 
2.15443469e-07 -9.70072183 -8.18794502 -5.76897346 -3.99746350 -2.79813531 
1.66810054e-07 -9.70072183 -8.18794502 -5.76897346 -3.99746350 -2.79813531 
1.29154967e-07 -9.70072183 -8.18794502 -5.76897346 -3.99746350 -2.79813531 
1.00000000e-07 -9.70072183 -8.18794502 -5.76897346 -3.99746350 -2.79813531 
7.74263683e-08 -9.70072183 -8.18794502 -5.76897346 -3.99746350 -2.79813531 
5.99484250e-08 -9.70072183 -8.18794502 -5.76897346 -3.99746350 -2.79813531 
4.64158883e-08 -9.70072183 -8.18794502 -5.76897346 -3.99746350 -2.79813531 
3.59381366e-08 -9.70072183 -8.18794502 -5.76897346 -3.99746350 -2.79813531 
2.78255940e-08 -9.70072183 -8.18794502 -5.76897346 -3.99746350 -2.79813531 
2.15443469e-08 -9.70072183 -8.18794502 -5.76897346 -3.99746350 -2.79813531 
1.66810054e-08 -9.70072183 -8.18794502 -5.76897346 -3.99746350 -2.79813531 
1.29154967e-08 -9.70072183 -8.18794502 -5.76897346 -3.99746350 -2.79813531 
1.00000000e-08 -9.70072183 -8.18794502 -5.76897346 -3.99746350 -2.79813531 
7.74263683e-09 -9.70072183 -8.18794502 -5.76897346 -3.99746350 -2.79813531 
5.99484250e-09 -9.70072183 -8.18794502 -5.76897346 -3.99746350 -2.79813531 
4.64158883e-09 -9.70072183 -8.18794502 -5.76897346 -3.99746350 -2.79813531 
3.59381366e-09 -9.70072183 -8.18794502 -5.76897346 -3.99746350 -2.79813531 
2.78255940e-09 -9.70072183 -8.18794502 -5.76897346 -3.99746350 -2.79813531 
2.15443469e-09 -9.70072183 -8.18794502 -5.76897346 -3.99746350 -2.79813531 
1.66810054e-09 -9.70072183 -8.18794502 -5.76897346 -3.99746350 -2.79813531 
1.29154967e-09 -9.70072183 -8.18794502 -5.76897346 -3.99746350 -2.79813531 
1.00000000e-09 -9.70072183 -8.18794502 -5.76897346 -3.99746350 -2.79813531 
7.74263683e-10 -9.70072183 -8.18794502 -5.76897346 -3.99746350 -2.79813531 
5.99484250e-10 -9.70072183 -8.18794502 -5.76897346 -3.99746350 -2.79813531 
4.64158883e-10 -9.70072183 -8.18794502 -5.76897346 -3.99746350 -2.79813531 
3.59381366e-10 -9.70072183 -8.18794502 -5.76897346 -3.99746350 -2.79813531 
2.78255940e-10 -9.70072183 -8.18794502 -5.76897346 -3.99746350 -2.79813531 
2.15443469e-10 -9.70072183 -8.18794502 -5.76897346 -3.99746350 -2.79813531 
1.66810054e-10 -9.70072183 -8.18794502 -5.76897346 -3.99746350 -2.79813531 
1.29154967e-10 -9.70072183 -8.18794502 -5.76897346 -3.99746350 -2.79813531 
1.00000000e-10 -9.70072183 -8.18794502 -5.76897346 -3.99746350 -2.79813531 
