Chemical species: N2 H2O CO2 CH4 O2 O3 N2O NH3
P (bar) | log_N2: -2σ | log_N2: -1σ | log_N2: median | log_N2: +1σ | log_N2: +2σ 
1.00000000e+01 -0.03916329 -0.01566448 -0.00037443 -0.00006083 -0.00002077 
7.74263683e+00 -0.03916329 -0.01566448 -0.00037443 -0.00006083 -0.00002077 
5.99484250e+00 -0.03916329 -0.01566448 -0.00037443 -0.00006083 -0.00002077 
4.64158883e+00 -0.03916329 -0.01566448 -0.00037443 -0.00006083 -0.00002077 
3.59381366e+00 -0.03916329 -0.01566448 -0.00037443 -0.00006083 -0.00002077 
2.78255940e+00 -0.03916329 -0.01566448 -0.00037443 -0.00006083 -0.00002077 
2.15443469e+00 -0.03916329 -0.01566448 -0.00037443 -0.00006083 -0.00002077 
1.66810054e+00 -0.03916329 -0.01566448 -0.00037443 -0.00006083 -0.00002077 
1.29154967e+00 -0.03916329 -0.01566448 -0.00037443 -0.00006083 -0.00002077 
1.00000000e+00 -0.03916329 -0.01566448 -0.00037443 -0.00006083 -0.00002077 
7.74263683e-01 -0.03916329 -0.01566448 -0.00037443 -0.00006083 -0.00002077 
5.99484250e-01 -0.03916329 -0.01566448 -0.00037443 -0.00006083 -0.00002077 
4.64158883e-01 -0.03916329 -0.01566448 -0.00037443 -0.00006083 -0.00002077 
3.59381366e-01 -0.03916329 -0.01566448 -0.00037443 -0.00006083 -0.00002077 
2.78255940e-01 -0.03916329 -0.01566448 -0.00037443 -0.00006083 -0.00002077 
2.15443469e-01 -0.03916329 -0.01566448 -0.00037443 -0.00006083 -0.00002077 
1.66810054e-01 -0.03916329 -0.01566448 -0.00037443 -0.00006083 -0.00002077 
1.29154967e-01 -0.03916329 -0.01566448 -0.00037443 -0.00006083 -0.00002077 
1.00000000e-01 -0.03916329 -0.01566448 -0.00037443 -0.00006083 -0.00002077 
7.74263683e-02 -0.03916329 -0.01566448 -0.00037443 -0.00006083 -0.00002077 
5.99484250e-02 -0.03916329 -0.01566448 -0.00037443 -0.00006083 -0.00002077 
4.64158883e-02 -0.03916329 -0.01566448 -0.00037443 -0.00006083 -0.00002077 
3.59381366e-02 -0.03916329 -0.01566448 -0.00037443 -0.00006083 -0.00002077 
2.78255940e-02 -0.03916329 -0.01566448 -0.00037443 -0.00006083 -0.00002077 
2.15443469e-02 -0.03916329 -0.01566448 -0.00037443 -0.00006083 -0.00002077 
1.66810054e-02 -0.03916329 -0.01566448 -0.00037443 -0.00006083 -0.00002077 
1.29154967e-02 -0.03916329 -0.01566448 -0.00037443 -0.00006083 -0.00002077 
1.00000000e-02 -0.03916329 -0.01566448 -0.00037443 -0.00006083 -0.00002077 
7.74263683e-03 -0.03916329 -0.01566448 -0.00037443 -0.00006083 -0.00002077 
5.99484250e-03 -0.03916329 -0.01566448 -0.00037443 -0.00006083 -0.00002077 
4.64158883e-03 -0.03916329 -0.01566448 -0.00037443 -0.00006083 -0.00002077 
3.59381366e-03 -0.03916329 -0.01566448 -0.00037443 -0.00006083 -0.00002077 
2.78255940e-03 -0.03916329 -0.01566448 -0.00037443 -0.00006083 -0.00002077 
2.15443469e-03 -0.03916329 -0.01566448 -0.00037443 -0.00006083 -0.00002077 
1.66810054e-03 -0.03916329 -0.01566448 -0.00037443 -0.00006083 -0.00002077 
1.29154967e-03 -0.03916329 -0.01566448 -0.00037443 -0.00006083 -0.00002077 
1.00000000e-03 -0.03916329 -0.01566448 -0.00037443 -0.00006083 -0.00002077 
7.74263683e-04 -0.03916329 -0.01566448 -0.00037443 -0.00006083 -0.00002077 
5.99484250e-04 -0.03916329 -0.01566448 -0.00037443 -0.00006083 -0.00002077 
4.64158883e-04 -0.03916329 -0.01566448 -0.00037443 -0.00006083 -0.00002077 
3.59381366e-04 -0.03916329 -0.01566448 -0.00037443 -0.00006083 -0.00002077 
2.78255940e-04 -0.03916329 -0.01566448 -0.00037443 -0.00006083 -0.00002077 
2.15443469e-04 -0.03916329 -0.01566448 -0.00037443 -0.00006083 -0.00002077 
1.66810054e-04 -0.03916329 -0.01566448 -0.00037443 -0.00006083 -0.00002077 
1.29154967e-04 -0.03916329 -0.01566448 -0.00037443 -0.00006083 -0.00002077 
1.00000000e-04 -0.03916329 -0.01566448 -0.00037443 -0.00006083 -0.00002077 
7.74263683e-05 -0.03916329 -0.01566448 -0.00037443 -0.00006083 -0.00002077 
5.99484250e-05 -0.03916329 -0.01566448 -0.00037443 -0.00006083 -0.00002077 
4.64158883e-05 -0.03916329 -0.01566448 -0.00037443 -0.00006083 -0.00002077 
3.59381366e-05 -0.03916329 -0.01566448 -0.00037443 -0.00006083 -0.00002077 
2.78255940e-05 -0.03916329 -0.01566448 -0.00037443 -0.00006083 -0.00002077 
2.15443469e-05 -0.03916329 -0.01566448 -0.00037443 -0.00006083 -0.00002077 
1.66810054e-05 -0.03916329 -0.01566448 -0.00037443 -0.00006083 -0.00002077 
1.29154967e-05 -0.03916329 -0.01566448 -0.00037443 -0.00006083 -0.00002077 
1.00000000e-05 -0.03916329 -0.01566448 -0.00037443 -0.00006083 -0.00002077 
7.74263683e-06 -0.03916329 -0.01566448 -0.00037443 -0.00006083 -0.00002077 
5.99484250e-06 -0.03916329 -0.01566448 -0.00037443 -0.00006083 -0.00002077 
4.64158883e-06 -0.03916329 -0.01566448 -0.00037443 -0.00006083 -0.00002077 
3.59381366e-06 -0.03916329 -0.01566448 -0.00037443 -0.00006083 -0.00002077 
2.78255940e-06 -0.03916329 -0.01566448 -0.00037443 -0.00006083 -0.00002077 
2.15443469e-06 -0.03916329 -0.01566448 -0.00037443 -0.00006083 -0.00002077 
1.66810054e-06 -0.03916329 -0.01566448 -0.00037443 -0.00006083 -0.00002077 
1.29154967e-06 -0.03916329 -0.01566448 -0.00037443 -0.00006083 -0.00002077 
1.00000000e-06 -0.03916329 -0.01566448 -0.00037443 -0.00006083 -0.00002077 
7.74263683e-07 -0.03916329 -0.01566448 -0.00037443 -0.00006083 -0.00002077 
5.99484250e-07 -0.03916329 -0.01566448 -0.00037443 -0.00006083 -0.00002077 
4.64158883e-07 -0.03916329 -0.01566448 -0.00037443 -0.00006083 -0.00002077 
3.59381366e-07 -0.03916329 -0.01566448 -0.00037443 -0.00006083 -0.00002077 
2.78255940e-07 -0.03916329 -0.01566448 -0.00037443 -0.00006083 -0.00002077 
2.15443469e-07 -0.03916329 -0.01566448 -0.00037443 -0.00006083 -0.00002077 
1.66810054e-07 -0.03916329 -0.01566448 -0.00037443 -0.00006083 -0.00002077 
1.29154967e-07 -0.03916329 -0.01566448 -0.00037443 -0.00006083 -0.00002077 
1.00000000e-07 -0.03916329 -0.01566448 -0.00037443 -0.00006083 -0.00002077 
7.74263683e-08 -0.03916329 -0.01566448 -0.00037443 -0.00006083 -0.00002077 
5.99484250e-08 -0.03916329 -0.01566448 -0.00037443 -0.00006083 -0.00002077 
4.64158883e-08 -0.03916329 -0.01566448 -0.00037443 -0.00006083 -0.00002077 
3.59381366e-08 -0.03916329 -0.01566448 -0.00037443 -0.00006083 -0.00002077 
2.78255940e-08 -0.03916329 -0.01566448 -0.00037443 -0.00006083 -0.00002077 
2.15443469e-08 -0.03916329 -0.01566448 -0.00037443 -0.00006083 -0.00002077 
1.66810054e-08 -0.03916329 -0.01566448 -0.00037443 -0.00006083 -0.00002077 
1.29154967e-08 -0.03916329 -0.01566448 -0.00037443 -0.00006083 -0.00002077 
1.00000000e-08 -0.03916329 -0.01566448 -0.00037443 -0.00006083 -0.00002077 
7.74263683e-09 -0.03916329 -0.01566448 -0.00037443 -0.00006083 -0.00002077 
5.99484250e-09 -0.03916329 -0.01566448 -0.00037443 -0.00006083 -0.00002077 
4.64158883e-09 -0.03916329 -0.01566448 -0.00037443 -0.00006083 -0.00002077 
3.59381366e-09 -0.03916329 -0.01566448 -0.00037443 -0.00006083 -0.00002077 
2.78255940e-09 -0.03916329 -0.01566448 -0.00037443 -0.00006083 -0.00002077 
2.15443469e-09 -0.03916329 -0.01566448 -0.00037443 -0.00006083 -0.00002077 
1.66810054e-09 -0.03916329 -0.01566448 -0.00037443 -0.00006083 -0.00002077 
1.29154967e-09 -0.03916329 -0.01566448 -0.00037443 -0.00006083 -0.00002077 
1.00000000e-09 -0.03916329 -0.01566448 -0.00037443 -0.00006083 -0.00002077 
7.74263683e-10 -0.03916329 -0.01566448 -0.00037443 -0.00006083 -0.00002077 
5.99484250e-10 -0.03916329 -0.01566448 -0.00037443 -0.00006083 -0.00002077 
4.64158883e-10 -0.03916329 -0.01566448 -0.00037443 -0.00006083 -0.00002077 
3.59381366e-10 -0.03916329 -0.01566448 -0.00037443 -0.00006083 -0.00002077 
2.78255940e-10 -0.03916329 -0.01566448 -0.00037443 -0.00006083 -0.00002077 
2.15443469e-10 -0.03916329 -0.01566448 -0.00037443 -0.00006083 -0.00002077 
1.66810054e-10 -0.03916329 -0.01566448 -0.00037443 -0.00006083 -0.00002077 
1.29154967e-10 -0.03916329 -0.01566448 -0.00037443 -0.00006083 -0.00002077 
1.00000000e-10 -0.03916329 -0.01566448 -0.00037443 -0.00006083 -0.00002077 
P (bar) | log_H2O: -2σ | log_H2O: -1σ | log_H2O: median | log_H2O: +1σ | log_H2O: +2σ 
1.00000000e+01 -5.09819849 -4.65201779 -4.28117319 -3.83358104 -3.36289259 
7.74263683e+00 -5.09819849 -4.65201779 -4.28117319 -3.83358104 -3.36289259 
5.99484250e+00 -5.09819849 -4.65201779 -4.28117319 -3.83358104 -3.36289259 
4.64158883e+00 -5.09819849 -4.65201779 -4.28117319 -3.83358104 -3.36289259 
3.59381366e+00 -5.09819849 -4.65201779 -4.28117319 -3.83358104 -3.36289259 
2.78255940e+00 -5.09819849 -4.65201779 -4.28117319 -3.83358104 -3.36289259 
2.15443469e+00 -5.09819849 -4.65201779 -4.28117319 -3.83358104 -3.36289259 
1.66810054e+00 -5.09819849 -4.65201779 -4.28117319 -3.83358104 -3.36289259 
1.29154967e+00 -5.09819849 -4.65201779 -4.28117319 -3.83358104 -3.36289259 
1.00000000e+00 -5.09819849 -4.65201779 -4.28117319 -3.83358104 -3.36289259 
7.74263683e-01 -5.09819849 -4.65201779 -4.28117319 -3.83358104 -3.36289259 
5.99484250e-01 -5.09819849 -4.65201779 -4.28117319 -3.83358104 -3.36289259 
4.64158883e-01 -5.09819849 -4.65201779 -4.28117319 -3.83358104 -3.36289259 
3.59381366e-01 -5.09819849 -4.65201779 -4.28117319 -3.83358104 -3.36289259 
2.78255940e-01 -5.09819849 -4.65201779 -4.28117319 -3.83358104 -3.36289259 
2.15443469e-01 -5.09819849 -4.65201779 -4.28117319 -3.83358104 -3.36289259 
1.66810054e-01 -5.09819849 -4.65201779 -4.28117319 -3.83358104 -3.36289259 
1.29154967e-01 -5.09819849 -4.65201779 -4.28117319 -3.83358104 -3.36289259 
1.00000000e-01 -5.09819849 -4.65201779 -4.28117319 -3.83358104 -3.36289259 
7.74263683e-02 -5.09819849 -4.65201779 -4.28117319 -3.83358104 -3.36289259 
5.99484250e-02 -5.09819849 -4.65201779 -4.28117319 -3.83358104 -3.36289259 
4.64158883e-02 -5.09819849 -4.65201779 -4.28117319 -3.83358104 -3.36289259 
3.59381366e-02 -5.09819849 -4.65201779 -4.28117319 -3.83358104 -3.36289259 
2.78255940e-02 -5.09819849 -4.65201779 -4.28117319 -3.83358104 -3.36289259 
2.15443469e-02 -5.09819849 -4.65201779 -4.28117319 -3.83358104 -3.36289259 
1.66810054e-02 -5.09819849 -4.65201779 -4.28117319 -3.83358104 -3.36289259 
1.29154967e-02 -5.09819849 -4.65201779 -4.28117319 -3.83358104 -3.36289259 
1.00000000e-02 -5.09819849 -4.65201779 -4.28117319 -3.83358104 -3.36289259 
7.74263683e-03 -5.09819849 -4.65201779 -4.28117319 -3.83358104 -3.36289259 
5.99484250e-03 -5.09819849 -4.65201779 -4.28117319 -3.83358104 -3.36289259 
4.64158883e-03 -5.09819849 -4.65201779 -4.28117319 -3.83358104 -3.36289259 
3.59381366e-03 -5.09819849 -4.65201779 -4.28117319 -3.83358104 -3.36289259 
2.78255940e-03 -5.09819849 -4.65201779 -4.28117319 -3.83358104 -3.36289259 
2.15443469e-03 -5.09819849 -4.65201779 -4.28117319 -3.83358104 -3.36289259 
1.66810054e-03 -5.09819849 -4.65201779 -4.28117319 -3.83358104 -3.36289259 
1.29154967e-03 -5.09819849 -4.65201779 -4.28117319 -3.83358104 -3.36289259 
1.00000000e-03 -5.09819849 -4.65201779 -4.28117319 -3.83358104 -3.36289259 
7.74263683e-04 -5.09819849 -4.65201779 -4.28117319 -3.83358104 -3.36289259 
5.99484250e-04 -5.09819849 -4.65201779 -4.28117319 -3.83358104 -3.36289259 
4.64158883e-04 -5.09819849 -4.65201779 -4.28117319 -3.83358104 -3.36289259 
3.59381366e-04 -5.09819849 -4.65201779 -4.28117319 -3.83358104 -3.36289259 
2.78255940e-04 -5.09819849 -4.65201779 -4.28117319 -3.83358104 -3.36289259 
2.15443469e-04 -5.09819849 -4.65201779 -4.28117319 -3.83358104 -3.36289259 
1.66810054e-04 -5.09819849 -4.65201779 -4.28117319 -3.83358104 -3.36289259 
1.29154967e-04 -5.09819849 -4.65201779 -4.28117319 -3.83358104 -3.36289259 
1.00000000e-04 -5.09819849 -4.65201779 -4.28117319 -3.83358104 -3.36289259 
7.74263683e-05 -5.09819849 -4.65201779 -4.28117319 -3.83358104 -3.36289259 
5.99484250e-05 -5.09819849 -4.65201779 -4.28117319 -3.83358104 -3.36289259 
4.64158883e-05 -5.09819849 -4.65201779 -4.28117319 -3.83358104 -3.36289259 
3.59381366e-05 -5.09819849 -4.65201779 -4.28117319 -3.83358104 -3.36289259 
2.78255940e-05 -5.09819849 -4.65201779 -4.28117319 -3.83358104 -3.36289259 
2.15443469e-05 -5.09819849 -4.65201779 -4.28117319 -3.83358104 -3.36289259 
1.66810054e-05 -5.09819849 -4.65201779 -4.28117319 -3.83358104 -3.36289259 
1.29154967e-05 -5.09819849 -4.65201779 -4.28117319 -3.83358104 -3.36289259 
1.00000000e-05 -5.09819849 -4.65201779 -4.28117319 -3.83358104 -3.36289259 
7.74263683e-06 -5.09819849 -4.65201779 -4.28117319 -3.83358104 -3.36289259 
5.99484250e-06 -5.09819849 -4.65201779 -4.28117319 -3.83358104 -3.36289259 
4.64158883e-06 -5.09819849 -4.65201779 -4.28117319 -3.83358104 -3.36289259 
3.59381366e-06 -5.09819849 -4.65201779 -4.28117319 -3.83358104 -3.36289259 
2.78255940e-06 -5.09819849 -4.65201779 -4.28117319 -3.83358104 -3.36289259 
2.15443469e-06 -5.09819849 -4.65201779 -4.28117319 -3.83358104 -3.36289259 
1.66810054e-06 -5.09819849 -4.65201779 -4.28117319 -3.83358104 -3.36289259 
1.29154967e-06 -5.09819849 -4.65201779 -4.28117319 -3.83358104 -3.36289259 
1.00000000e-06 -5.09819849 -4.65201779 -4.28117319 -3.83358104 -3.36289259 
7.74263683e-07 -5.09819849 -4.65201779 -4.28117319 -3.83358104 -3.36289259 
5.99484250e-07 -5.09819849 -4.65201779 -4.28117319 -3.83358104 -3.36289259 
4.64158883e-07 -5.09819849 -4.65201779 -4.28117319 -3.83358104 -3.36289259 
3.59381366e-07 -5.09819849 -4.65201779 -4.28117319 -3.83358104 -3.36289259 
2.78255940e-07 -5.09819849 -4.65201779 -4.28117319 -3.83358104 -3.36289259 
2.15443469e-07 -5.09819849 -4.65201779 -4.28117319 -3.83358104 -3.36289259 
1.66810054e-07 -5.09819849 -4.65201779 -4.28117319 -3.83358104 -3.36289259 
1.29154967e-07 -5.09819849 -4.65201779 -4.28117319 -3.83358104 -3.36289259 
1.00000000e-07 -5.09819849 -4.65201779 -4.28117319 -3.83358104 -3.36289259 
7.74263683e-08 -5.09819849 -4.65201779 -4.28117319 -3.83358104 -3.36289259 
5.99484250e-08 -5.09819849 -4.65201779 -4.28117319 -3.83358104 -3.36289259 
4.64158883e-08 -5.09819849 -4.65201779 -4.28117319 -3.83358104 -3.36289259 
3.59381366e-08 -5.09819849 -4.65201779 -4.28117319 -3.83358104 -3.36289259 
2.78255940e-08 -5.09819849 -4.65201779 -4.28117319 -3.83358104 -3.36289259 
2.15443469e-08 -5.09819849 -4.65201779 -4.28117319 -3.83358104 -3.36289259 
1.66810054e-08 -5.09819849 -4.65201779 -4.28117319 -3.83358104 -3.36289259 
1.29154967e-08 -5.09819849 -4.65201779 -4.28117319 -3.83358104 -3.36289259 
1.00000000e-08 -5.09819849 -4.65201779 -4.28117319 -3.83358104 -3.36289259 
7.74263683e-09 -5.09819849 -4.65201779 -4.28117319 -3.83358104 -3.36289259 
5.99484250e-09 -5.09819849 -4.65201779 -4.28117319 -3.83358104 -3.36289259 
4.64158883e-09 -5.09819849 -4.65201779 -4.28117319 -3.83358104 -3.36289259 
3.59381366e-09 -5.09819849 -4.65201779 -4.28117319 -3.83358104 -3.36289259 
2.78255940e-09 -5.09819849 -4.65201779 -4.28117319 -3.83358104 -3.36289259 
2.15443469e-09 -5.09819849 -4.65201779 -4.28117319 -3.83358104 -3.36289259 
1.66810054e-09 -5.09819849 -4.65201779 -4.28117319 -3.83358104 -3.36289259 
1.29154967e-09 -5.09819849 -4.65201779 -4.28117319 -3.83358104 -3.36289259 
1.00000000e-09 -5.09819849 -4.65201779 -4.28117319 -3.83358104 -3.36289259 
7.74263683e-10 -5.09819849 -4.65201779 -4.28117319 -3.83358104 -3.36289259 
5.99484250e-10 -5.09819849 -4.65201779 -4.28117319 -3.83358104 -3.36289259 
4.64158883e-10 -5.09819849 -4.65201779 -4.28117319 -3.83358104 -3.36289259 
3.59381366e-10 -5.09819849 -4.65201779 -4.28117319 -3.83358104 -3.36289259 
2.78255940e-10 -5.09819849 -4.65201779 -4.28117319 -3.83358104 -3.36289259 
2.15443469e-10 -5.09819849 -4.65201779 -4.28117319 -3.83358104 -3.36289259 
1.66810054e-10 -5.09819849 -4.65201779 -4.28117319 -3.83358104 -3.36289259 
1.29154967e-10 -5.09819849 -4.65201779 -4.28117319 -3.83358104 -3.36289259 
1.00000000e-10 -5.09819849 -4.65201779 -4.28117319 -3.83358104 -3.36289259 
P (bar) | log_CO2: -2σ | log_CO2: -1σ | log_CO2: median | log_CO2: +1σ | log_CO2: +2σ 
1.00000000e+01 -5.02480327 -4.42414810 -3.85011526 -3.30437532 -2.72192219 
7.74263683e+00 -5.02480327 -4.42414810 -3.85011526 -3.30437532 -2.72192219 
5.99484250e+00 -5.02480327 -4.42414810 -3.85011526 -3.30437532 -2.72192219 
4.64158883e+00 -5.02480327 -4.42414810 -3.85011526 -3.30437532 -2.72192219 
3.59381366e+00 -5.02480327 -4.42414810 -3.85011526 -3.30437532 -2.72192219 
2.78255940e+00 -5.02480327 -4.42414810 -3.85011526 -3.30437532 -2.72192219 
2.15443469e+00 -5.02480327 -4.42414810 -3.85011526 -3.30437532 -2.72192219 
1.66810054e+00 -5.02480327 -4.42414810 -3.85011526 -3.30437532 -2.72192219 
1.29154967e+00 -5.02480327 -4.42414810 -3.85011526 -3.30437532 -2.72192219 
1.00000000e+00 -5.02480327 -4.42414810 -3.85011526 -3.30437532 -2.72192219 
7.74263683e-01 -5.02480327 -4.42414810 -3.85011526 -3.30437532 -2.72192219 
5.99484250e-01 -5.02480327 -4.42414810 -3.85011526 -3.30437532 -2.72192219 
4.64158883e-01 -5.02480327 -4.42414810 -3.85011526 -3.30437532 -2.72192219 
3.59381366e-01 -5.02480327 -4.42414810 -3.85011526 -3.30437532 -2.72192219 
2.78255940e-01 -5.02480327 -4.42414810 -3.85011526 -3.30437532 -2.72192219 
2.15443469e-01 -5.02480327 -4.42414810 -3.85011526 -3.30437532 -2.72192219 
1.66810054e-01 -5.02480327 -4.42414810 -3.85011526 -3.30437532 -2.72192219 
1.29154967e-01 -5.02480327 -4.42414810 -3.85011526 -3.30437532 -2.72192219 
1.00000000e-01 -5.02480327 -4.42414810 -3.85011526 -3.30437532 -2.72192219 
7.74263683e-02 -5.02480327 -4.42414810 -3.85011526 -3.30437532 -2.72192219 
5.99484250e-02 -5.02480327 -4.42414810 -3.85011526 -3.30437532 -2.72192219 
4.64158883e-02 -5.02480327 -4.42414810 -3.85011526 -3.30437532 -2.72192219 
3.59381366e-02 -5.02480327 -4.42414810 -3.85011526 -3.30437532 -2.72192219 
2.78255940e-02 -5.02480327 -4.42414810 -3.85011526 -3.30437532 -2.72192219 
2.15443469e-02 -5.02480327 -4.42414810 -3.85011526 -3.30437532 -2.72192219 
1.66810054e-02 -5.02480327 -4.42414810 -3.85011526 -3.30437532 -2.72192219 
1.29154967e-02 -5.02480327 -4.42414810 -3.85011526 -3.30437532 -2.72192219 
1.00000000e-02 -5.02480327 -4.42414810 -3.85011526 -3.30437532 -2.72192219 
7.74263683e-03 -5.02480327 -4.42414810 -3.85011526 -3.30437532 -2.72192219 
5.99484250e-03 -5.02480327 -4.42414810 -3.85011526 -3.30437532 -2.72192219 
4.64158883e-03 -5.02480327 -4.42414810 -3.85011526 -3.30437532 -2.72192219 
3.59381366e-03 -5.02480327 -4.42414810 -3.85011526 -3.30437532 -2.72192219 
2.78255940e-03 -5.02480327 -4.42414810 -3.85011526 -3.30437532 -2.72192219 
2.15443469e-03 -5.02480327 -4.42414810 -3.85011526 -3.30437532 -2.72192219 
1.66810054e-03 -5.02480327 -4.42414810 -3.85011526 -3.30437532 -2.72192219 
1.29154967e-03 -5.02480327 -4.42414810 -3.85011526 -3.30437532 -2.72192219 
1.00000000e-03 -5.02480327 -4.42414810 -3.85011526 -3.30437532 -2.72192219 
7.74263683e-04 -5.02480327 -4.42414810 -3.85011526 -3.30437532 -2.72192219 
5.99484250e-04 -5.02480327 -4.42414810 -3.85011526 -3.30437532 -2.72192219 
4.64158883e-04 -5.02480327 -4.42414810 -3.85011526 -3.30437532 -2.72192219 
3.59381366e-04 -5.02480327 -4.42414810 -3.85011526 -3.30437532 -2.72192219 
2.78255940e-04 -5.02480327 -4.42414810 -3.85011526 -3.30437532 -2.72192219 
2.15443469e-04 -5.02480327 -4.42414810 -3.85011526 -3.30437532 -2.72192219 
1.66810054e-04 -5.02480327 -4.42414810 -3.85011526 -3.30437532 -2.72192219 
1.29154967e-04 -5.02480327 -4.42414810 -3.85011526 -3.30437532 -2.72192219 
1.00000000e-04 -5.02480327 -4.42414810 -3.85011526 -3.30437532 -2.72192219 
7.74263683e-05 -5.02480327 -4.42414810 -3.85011526 -3.30437532 -2.72192219 
5.99484250e-05 -5.02480327 -4.42414810 -3.85011526 -3.30437532 -2.72192219 
4.64158883e-05 -5.02480327 -4.42414810 -3.85011526 -3.30437532 -2.72192219 
3.59381366e-05 -5.02480327 -4.42414810 -3.85011526 -3.30437532 -2.72192219 
2.78255940e-05 -5.02480327 -4.42414810 -3.85011526 -3.30437532 -2.72192219 
2.15443469e-05 -5.02480327 -4.42414810 -3.85011526 -3.30437532 -2.72192219 
1.66810054e-05 -5.02480327 -4.42414810 -3.85011526 -3.30437532 -2.72192219 
1.29154967e-05 -5.02480327 -4.42414810 -3.85011526 -3.30437532 -2.72192219 
1.00000000e-05 -5.02480327 -4.42414810 -3.85011526 -3.30437532 -2.72192219 
7.74263683e-06 -5.02480327 -4.42414810 -3.85011526 -3.30437532 -2.72192219 
5.99484250e-06 -5.02480327 -4.42414810 -3.85011526 -3.30437532 -2.72192219 
4.64158883e-06 -5.02480327 -4.42414810 -3.85011526 -3.30437532 -2.72192219 
3.59381366e-06 -5.02480327 -4.42414810 -3.85011526 -3.30437532 -2.72192219 
2.78255940e-06 -5.02480327 -4.42414810 -3.85011526 -3.30437532 -2.72192219 
2.15443469e-06 -5.02480327 -4.42414810 -3.85011526 -3.30437532 -2.72192219 
1.66810054e-06 -5.02480327 -4.42414810 -3.85011526 -3.30437532 -2.72192219 
1.29154967e-06 -5.02480327 -4.42414810 -3.85011526 -3.30437532 -2.72192219 
1.00000000e-06 -5.02480327 -4.42414810 -3.85011526 -3.30437532 -2.72192219 
7.74263683e-07 -5.02480327 -4.42414810 -3.85011526 -3.30437532 -2.72192219 
5.99484250e-07 -5.02480327 -4.42414810 -3.85011526 -3.30437532 -2.72192219 
4.64158883e-07 -5.02480327 -4.42414810 -3.85011526 -3.30437532 -2.72192219 
3.59381366e-07 -5.02480327 -4.42414810 -3.85011526 -3.30437532 -2.72192219 
2.78255940e-07 -5.02480327 -4.42414810 -3.85011526 -3.30437532 -2.72192219 
2.15443469e-07 -5.02480327 -4.42414810 -3.85011526 -3.30437532 -2.72192219 
1.66810054e-07 -5.02480327 -4.42414810 -3.85011526 -3.30437532 -2.72192219 
1.29154967e-07 -5.02480327 -4.42414810 -3.85011526 -3.30437532 -2.72192219 
1.00000000e-07 -5.02480327 -4.42414810 -3.85011526 -3.30437532 -2.72192219 
7.74263683e-08 -5.02480327 -4.42414810 -3.85011526 -3.30437532 -2.72192219 
5.99484250e-08 -5.02480327 -4.42414810 -3.85011526 -3.30437532 -2.72192219 
4.64158883e-08 -5.02480327 -4.42414810 -3.85011526 -3.30437532 -2.72192219 
3.59381366e-08 -5.02480327 -4.42414810 -3.85011526 -3.30437532 -2.72192219 
2.78255940e-08 -5.02480327 -4.42414810 -3.85011526 -3.30437532 -2.72192219 
2.15443469e-08 -5.02480327 -4.42414810 -3.85011526 -3.30437532 -2.72192219 
1.66810054e-08 -5.02480327 -4.42414810 -3.85011526 -3.30437532 -2.72192219 
1.29154967e-08 -5.02480327 -4.42414810 -3.85011526 -3.30437532 -2.72192219 
1.00000000e-08 -5.02480327 -4.42414810 -3.85011526 -3.30437532 -2.72192219 
7.74263683e-09 -5.02480327 -4.42414810 -3.85011526 -3.30437532 -2.72192219 
5.99484250e-09 -5.02480327 -4.42414810 -3.85011526 -3.30437532 -2.72192219 
4.64158883e-09 -5.02480327 -4.42414810 -3.85011526 -3.30437532 -2.72192219 
3.59381366e-09 -5.02480327 -4.42414810 -3.85011526 -3.30437532 -2.72192219 
2.78255940e-09 -5.02480327 -4.42414810 -3.85011526 -3.30437532 -2.72192219 
2.15443469e-09 -5.02480327 -4.42414810 -3.85011526 -3.30437532 -2.72192219 
1.66810054e-09 -5.02480327 -4.42414810 -3.85011526 -3.30437532 -2.72192219 
1.29154967e-09 -5.02480327 -4.42414810 -3.85011526 -3.30437532 -2.72192219 
1.00000000e-09 -5.02480327 -4.42414810 -3.85011526 -3.30437532 -2.72192219 
7.74263683e-10 -5.02480327 -4.42414810 -3.85011526 -3.30437532 -2.72192219 
5.99484250e-10 -5.02480327 -4.42414810 -3.85011526 -3.30437532 -2.72192219 
4.64158883e-10 -5.02480327 -4.42414810 -3.85011526 -3.30437532 -2.72192219 
3.59381366e-10 -5.02480327 -4.42414810 -3.85011526 -3.30437532 -2.72192219 
2.78255940e-10 -5.02480327 -4.42414810 -3.85011526 -3.30437532 -2.72192219 
2.15443469e-10 -5.02480327 -4.42414810 -3.85011526 -3.30437532 -2.72192219 
1.66810054e-10 -5.02480327 -4.42414810 -3.85011526 -3.30437532 -2.72192219 
1.29154967e-10 -5.02480327 -4.42414810 -3.85011526 -3.30437532 -2.72192219 
1.00000000e-10 -5.02480327 -4.42414810 -3.85011526 -3.30437532 -2.72192219 
P (bar) | log_CH4: -2σ | log_CH4: -1σ | log_CH4: median | log_CH4: +1σ | log_CH4: +2σ 
1.00000000e+01 -5.19658180 -4.93120772 -4.62725139 -4.33674962 -3.98002677 
7.74263683e+00 -5.19658180 -4.93120772 -4.62725139 -4.33674962 -3.98002677 
5.99484250e+00 -5.19658180 -4.93120772 -4.62725139 -4.33674962 -3.98002677 
4.64158883e+00 -5.19658180 -4.93120772 -4.62725139 -4.33674962 -3.98002677 
3.59381366e+00 -5.19658180 -4.93120772 -4.62725139 -4.33674962 -3.98002677 
2.78255940e+00 -5.19658180 -4.93120772 -4.62725139 -4.33674962 -3.98002677 
2.15443469e+00 -5.19658180 -4.93120772 -4.62725139 -4.33674962 -3.98002677 
1.66810054e+00 -5.19658180 -4.93120772 -4.62725139 -4.33674962 -3.98002677 
1.29154967e+00 -5.19658180 -4.93120772 -4.62725139 -4.33674962 -3.98002677 
1.00000000e+00 -5.19658180 -4.93120772 -4.62725139 -4.33674962 -3.98002677 
7.74263683e-01 -5.19658180 -4.93120772 -4.62725139 -4.33674962 -3.98002677 
5.99484250e-01 -5.19658180 -4.93120772 -4.62725139 -4.33674962 -3.98002677 
4.64158883e-01 -5.19658180 -4.93120772 -4.62725139 -4.33674962 -3.98002677 
3.59381366e-01 -5.19658180 -4.93120772 -4.62725139 -4.33674962 -3.98002677 
2.78255940e-01 -5.19658180 -4.93120772 -4.62725139 -4.33674962 -3.98002677 
2.15443469e-01 -5.19658180 -4.93120772 -4.62725139 -4.33674962 -3.98002677 
1.66810054e-01 -5.19658180 -4.93120772 -4.62725139 -4.33674962 -3.98002677 
1.29154967e-01 -5.19658180 -4.93120772 -4.62725139 -4.33674962 -3.98002677 
1.00000000e-01 -5.19658180 -4.93120772 -4.62725139 -4.33674962 -3.98002677 
7.74263683e-02 -5.19658180 -4.93120772 -4.62725139 -4.33674962 -3.98002677 
5.99484250e-02 -5.19658180 -4.93120772 -4.62725139 -4.33674962 -3.98002677 
4.64158883e-02 -5.19658180 -4.93120772 -4.62725139 -4.33674962 -3.98002677 
3.59381366e-02 -5.19658180 -4.93120772 -4.62725139 -4.33674962 -3.98002677 
2.78255940e-02 -5.19658180 -4.93120772 -4.62725139 -4.33674962 -3.98002677 
2.15443469e-02 -5.19658180 -4.93120772 -4.62725139 -4.33674962 -3.98002677 
1.66810054e-02 -5.19658180 -4.93120772 -4.62725139 -4.33674962 -3.98002677 
1.29154967e-02 -5.19658180 -4.93120772 -4.62725139 -4.33674962 -3.98002677 
1.00000000e-02 -5.19658180 -4.93120772 -4.62725139 -4.33674962 -3.98002677 
7.74263683e-03 -5.19658180 -4.93120772 -4.62725139 -4.33674962 -3.98002677 
5.99484250e-03 -5.19658180 -4.93120772 -4.62725139 -4.33674962 -3.98002677 
4.64158883e-03 -5.19658180 -4.93120772 -4.62725139 -4.33674962 -3.98002677 
3.59381366e-03 -5.19658180 -4.93120772 -4.62725139 -4.33674962 -3.98002677 
2.78255940e-03 -5.19658180 -4.93120772 -4.62725139 -4.33674962 -3.98002677 
2.15443469e-03 -5.19658180 -4.93120772 -4.62725139 -4.33674962 -3.98002677 
1.66810054e-03 -5.19658180 -4.93120772 -4.62725139 -4.33674962 -3.98002677 
1.29154967e-03 -5.19658180 -4.93120772 -4.62725139 -4.33674962 -3.98002677 
1.00000000e-03 -5.19658180 -4.93120772 -4.62725139 -4.33674962 -3.98002677 
7.74263683e-04 -5.19658180 -4.93120772 -4.62725139 -4.33674962 -3.98002677 
5.99484250e-04 -5.19658180 -4.93120772 -4.62725139 -4.33674962 -3.98002677 
4.64158883e-04 -5.19658180 -4.93120772 -4.62725139 -4.33674962 -3.98002677 
3.59381366e-04 -5.19658180 -4.93120772 -4.62725139 -4.33674962 -3.98002677 
2.78255940e-04 -5.19658180 -4.93120772 -4.62725139 -4.33674962 -3.98002677 
2.15443469e-04 -5.19658180 -4.93120772 -4.62725139 -4.33674962 -3.98002677 
1.66810054e-04 -5.19658180 -4.93120772 -4.62725139 -4.33674962 -3.98002677 
1.29154967e-04 -5.19658180 -4.93120772 -4.62725139 -4.33674962 -3.98002677 
1.00000000e-04 -5.19658180 -4.93120772 -4.62725139 -4.33674962 -3.98002677 
7.74263683e-05 -5.19658180 -4.93120772 -4.62725139 -4.33674962 -3.98002677 
5.99484250e-05 -5.19658180 -4.93120772 -4.62725139 -4.33674962 -3.98002677 
4.64158883e-05 -5.19658180 -4.93120772 -4.62725139 -4.33674962 -3.98002677 
3.59381366e-05 -5.19658180 -4.93120772 -4.62725139 -4.33674962 -3.98002677 
2.78255940e-05 -5.19658180 -4.93120772 -4.62725139 -4.33674962 -3.98002677 
2.15443469e-05 -5.19658180 -4.93120772 -4.62725139 -4.33674962 -3.98002677 
1.66810054e-05 -5.19658180 -4.93120772 -4.62725139 -4.33674962 -3.98002677 
1.29154967e-05 -5.19658180 -4.93120772 -4.62725139 -4.33674962 -3.98002677 
1.00000000e-05 -5.19658180 -4.93120772 -4.62725139 -4.33674962 -3.98002677 
7.74263683e-06 -5.19658180 -4.93120772 -4.62725139 -4.33674962 -3.98002677 
5.99484250e-06 -5.19658180 -4.93120772 -4.62725139 -4.33674962 -3.98002677 
4.64158883e-06 -5.19658180 -4.93120772 -4.62725139 -4.33674962 -3.98002677 
3.59381366e-06 -5.19658180 -4.93120772 -4.62725139 -4.33674962 -3.98002677 
2.78255940e-06 -5.19658180 -4.93120772 -4.62725139 -4.33674962 -3.98002677 
2.15443469e-06 -5.19658180 -4.93120772 -4.62725139 -4.33674962 -3.98002677 
1.66810054e-06 -5.19658180 -4.93120772 -4.62725139 -4.33674962 -3.98002677 
1.29154967e-06 -5.19658180 -4.93120772 -4.62725139 -4.33674962 -3.98002677 
1.00000000e-06 -5.19658180 -4.93120772 -4.62725139 -4.33674962 -3.98002677 
7.74263683e-07 -5.19658180 -4.93120772 -4.62725139 -4.33674962 -3.98002677 
5.99484250e-07 -5.19658180 -4.93120772 -4.62725139 -4.33674962 -3.98002677 
4.64158883e-07 -5.19658180 -4.93120772 -4.62725139 -4.33674962 -3.98002677 
3.59381366e-07 -5.19658180 -4.93120772 -4.62725139 -4.33674962 -3.98002677 
2.78255940e-07 -5.19658180 -4.93120772 -4.62725139 -4.33674962 -3.98002677 
2.15443469e-07 -5.19658180 -4.93120772 -4.62725139 -4.33674962 -3.98002677 
1.66810054e-07 -5.19658180 -4.93120772 -4.62725139 -4.33674962 -3.98002677 
1.29154967e-07 -5.19658180 -4.93120772 -4.62725139 -4.33674962 -3.98002677 
1.00000000e-07 -5.19658180 -4.93120772 -4.62725139 -4.33674962 -3.98002677 
7.74263683e-08 -5.19658180 -4.93120772 -4.62725139 -4.33674962 -3.98002677 
5.99484250e-08 -5.19658180 -4.93120772 -4.62725139 -4.33674962 -3.98002677 
4.64158883e-08 -5.19658180 -4.93120772 -4.62725139 -4.33674962 -3.98002677 
3.59381366e-08 -5.19658180 -4.93120772 -4.62725139 -4.33674962 -3.98002677 
2.78255940e-08 -5.19658180 -4.93120772 -4.62725139 -4.33674962 -3.98002677 
2.15443469e-08 -5.19658180 -4.93120772 -4.62725139 -4.33674962 -3.98002677 
1.66810054e-08 -5.19658180 -4.93120772 -4.62725139 -4.33674962 -3.98002677 
1.29154967e-08 -5.19658180 -4.93120772 -4.62725139 -4.33674962 -3.98002677 
1.00000000e-08 -5.19658180 -4.93120772 -4.62725139 -4.33674962 -3.98002677 
7.74263683e-09 -5.19658180 -4.93120772 -4.62725139 -4.33674962 -3.98002677 
5.99484250e-09 -5.19658180 -4.93120772 -4.62725139 -4.33674962 -3.98002677 
4.64158883e-09 -5.19658180 -4.93120772 -4.62725139 -4.33674962 -3.98002677 
3.59381366e-09 -5.19658180 -4.93120772 -4.62725139 -4.33674962 -3.98002677 
2.78255940e-09 -5.19658180 -4.93120772 -4.62725139 -4.33674962 -3.98002677 
2.15443469e-09 -5.19658180 -4.93120772 -4.62725139 -4.33674962 -3.98002677 
1.66810054e-09 -5.19658180 -4.93120772 -4.62725139 -4.33674962 -3.98002677 
1.29154967e-09 -5.19658180 -4.93120772 -4.62725139 -4.33674962 -3.98002677 
1.00000000e-09 -5.19658180 -4.93120772 -4.62725139 -4.33674962 -3.98002677 
7.74263683e-10 -5.19658180 -4.93120772 -4.62725139 -4.33674962 -3.98002677 
5.99484250e-10 -5.19658180 -4.93120772 -4.62725139 -4.33674962 -3.98002677 
4.64158883e-10 -5.19658180 -4.93120772 -4.62725139 -4.33674962 -3.98002677 
3.59381366e-10 -5.19658180 -4.93120772 -4.62725139 -4.33674962 -3.98002677 
2.78255940e-10 -5.19658180 -4.93120772 -4.62725139 -4.33674962 -3.98002677 
2.15443469e-10 -5.19658180 -4.93120772 -4.62725139 -4.33674962 -3.98002677 
1.66810054e-10 -5.19658180 -4.93120772 -4.62725139 -4.33674962 -3.98002677 
1.29154967e-10 -5.19658180 -4.93120772 -4.62725139 -4.33674962 -3.98002677 
1.00000000e-10 -5.19658180 -4.93120772 -4.62725139 -4.33674962 -3.98002677 
P (bar) | log_O2: -2σ | log_O2: -1σ | log_O2: median | log_O2: +1σ | log_O2: +2σ 
1.00000000e+01 -9.76308161 -7.94619394 -3.71687276 -1.46729483 -1.06679386 
7.74263683e+00 -9.76308161 -7.94619394 -3.71687276 -1.46729483 -1.06679386 
5.99484250e+00 -9.76308161 -7.94619394 -3.71687276 -1.46729483 -1.06679386 
4.64158883e+00 -9.76308161 -7.94619394 -3.71687276 -1.46729483 -1.06679386 
3.59381366e+00 -9.76308161 -7.94619394 -3.71687276 -1.46729483 -1.06679386 
2.78255940e+00 -9.76308161 -7.94619394 -3.71687276 -1.46729483 -1.06679386 
2.15443469e+00 -9.76308161 -7.94619394 -3.71687276 -1.46729483 -1.06679386 
1.66810054e+00 -9.76308161 -7.94619394 -3.71687276 -1.46729483 -1.06679386 
1.29154967e+00 -9.76308161 -7.94619394 -3.71687276 -1.46729483 -1.06679386 
1.00000000e+00 -9.76308161 -7.94619394 -3.71687276 -1.46729483 -1.06679386 
7.74263683e-01 -9.76308161 -7.94619394 -3.71687276 -1.46729483 -1.06679386 
5.99484250e-01 -9.76308161 -7.94619394 -3.71687276 -1.46729483 -1.06679386 
4.64158883e-01 -9.76308161 -7.94619394 -3.71687276 -1.46729483 -1.06679386 
3.59381366e-01 -9.76308161 -7.94619394 -3.71687276 -1.46729483 -1.06679386 
2.78255940e-01 -9.76308161 -7.94619394 -3.71687276 -1.46729483 -1.06679386 
2.15443469e-01 -9.76308161 -7.94619394 -3.71687276 -1.46729483 -1.06679386 
1.66810054e-01 -9.76308161 -7.94619394 -3.71687276 -1.46729483 -1.06679386 
1.29154967e-01 -9.76308161 -7.94619394 -3.71687276 -1.46729483 -1.06679386 
1.00000000e-01 -9.76308161 -7.94619394 -3.71687276 -1.46729483 -1.06679386 
7.74263683e-02 -9.76308161 -7.94619394 -3.71687276 -1.46729483 -1.06679386 
5.99484250e-02 -9.76308161 -7.94619394 -3.71687276 -1.46729483 -1.06679386 
4.64158883e-02 -9.76308161 -7.94619394 -3.71687276 -1.46729483 -1.06679386 
3.59381366e-02 -9.76308161 -7.94619394 -3.71687276 -1.46729483 -1.06679386 
2.78255940e-02 -9.76308161 -7.94619394 -3.71687276 -1.46729483 -1.06679386 
2.15443469e-02 -9.76308161 -7.94619394 -3.71687276 -1.46729483 -1.06679386 
1.66810054e-02 -9.76308161 -7.94619394 -3.71687276 -1.46729483 -1.06679386 
1.29154967e-02 -9.76308161 -7.94619394 -3.71687276 -1.46729483 -1.06679386 
1.00000000e-02 -9.76308161 -7.94619394 -3.71687276 -1.46729483 -1.06679386 
7.74263683e-03 -9.76308161 -7.94619394 -3.71687276 -1.46729483 -1.06679386 
5.99484250e-03 -9.76308161 -7.94619394 -3.71687276 -1.46729483 -1.06679386 
4.64158883e-03 -9.76308161 -7.94619394 -3.71687276 -1.46729483 -1.06679386 
3.59381366e-03 -9.76308161 -7.94619394 -3.71687276 -1.46729483 -1.06679386 
2.78255940e-03 -9.76308161 -7.94619394 -3.71687276 -1.46729483 -1.06679386 
2.15443469e-03 -9.76308161 -7.94619394 -3.71687276 -1.46729483 -1.06679386 
1.66810054e-03 -9.76308161 -7.94619394 -3.71687276 -1.46729483 -1.06679386 
1.29154967e-03 -9.76308161 -7.94619394 -3.71687276 -1.46729483 -1.06679386 
1.00000000e-03 -9.76308161 -7.94619394 -3.71687276 -1.46729483 -1.06679386 
7.74263683e-04 -9.76308161 -7.94619394 -3.71687276 -1.46729483 -1.06679386 
5.99484250e-04 -9.76308161 -7.94619394 -3.71687276 -1.46729483 -1.06679386 
4.64158883e-04 -9.76308161 -7.94619394 -3.71687276 -1.46729483 -1.06679386 
3.59381366e-04 -9.76308161 -7.94619394 -3.71687276 -1.46729483 -1.06679386 
2.78255940e-04 -9.76308161 -7.94619394 -3.71687276 -1.46729483 -1.06679386 
2.15443469e-04 -9.76308161 -7.94619394 -3.71687276 -1.46729483 -1.06679386 
1.66810054e-04 -9.76308161 -7.94619394 -3.71687276 -1.46729483 -1.06679386 
1.29154967e-04 -9.76308161 -7.94619394 -3.71687276 -1.46729483 -1.06679386 
1.00000000e-04 -9.76308161 -7.94619394 -3.71687276 -1.46729483 -1.06679386 
7.74263683e-05 -9.76308161 -7.94619394 -3.71687276 -1.46729483 -1.06679386 
5.99484250e-05 -9.76308161 -7.94619394 -3.71687276 -1.46729483 -1.06679386 
4.64158883e-05 -9.76308161 -7.94619394 -3.71687276 -1.46729483 -1.06679386 
3.59381366e-05 -9.76308161 -7.94619394 -3.71687276 -1.46729483 -1.06679386 
2.78255940e-05 -9.76308161 -7.94619394 -3.71687276 -1.46729483 -1.06679386 
2.15443469e-05 -9.76308161 -7.94619394 -3.71687276 -1.46729483 -1.06679386 
1.66810054e-05 -9.76308161 -7.94619394 -3.71687276 -1.46729483 -1.06679386 
1.29154967e-05 -9.76308161 -7.94619394 -3.71687276 -1.46729483 -1.06679386 
1.00000000e-05 -9.76308161 -7.94619394 -3.71687276 -1.46729483 -1.06679386 
7.74263683e-06 -9.76308161 -7.94619394 -3.71687276 -1.46729483 -1.06679386 
5.99484250e-06 -9.76308161 -7.94619394 -3.71687276 -1.46729483 -1.06679386 
4.64158883e-06 -9.76308161 -7.94619394 -3.71687276 -1.46729483 -1.06679386 
3.59381366e-06 -9.76308161 -7.94619394 -3.71687276 -1.46729483 -1.06679386 
2.78255940e-06 -9.76308161 -7.94619394 -3.71687276 -1.46729483 -1.06679386 
2.15443469e-06 -9.76308161 -7.94619394 -3.71687276 -1.46729483 -1.06679386 
1.66810054e-06 -9.76308161 -7.94619394 -3.71687276 -1.46729483 -1.06679386 
1.29154967e-06 -9.76308161 -7.94619394 -3.71687276 -1.46729483 -1.06679386 
1.00000000e-06 -9.76308161 -7.94619394 -3.71687276 -1.46729483 -1.06679386 
7.74263683e-07 -9.76308161 -7.94619394 -3.71687276 -1.46729483 -1.06679386 
5.99484250e-07 -9.76308161 -7.94619394 -3.71687276 -1.46729483 -1.06679386 
4.64158883e-07 -9.76308161 -7.94619394 -3.71687276 -1.46729483 -1.06679386 
3.59381366e-07 -9.76308161 -7.94619394 -3.71687276 -1.46729483 -1.06679386 
2.78255940e-07 -9.76308161 -7.94619394 -3.71687276 -1.46729483 -1.06679386 
2.15443469e-07 -9.76308161 -7.94619394 -3.71687276 -1.46729483 -1.06679386 
1.66810054e-07 -9.76308161 -7.94619394 -3.71687276 -1.46729483 -1.06679386 
1.29154967e-07 -9.76308161 -7.94619394 -3.71687276 -1.46729483 -1.06679386 
1.00000000e-07 -9.76308161 -7.94619394 -3.71687276 -1.46729483 -1.06679386 
7.74263683e-08 -9.76308161 -7.94619394 -3.71687276 -1.46729483 -1.06679386 
5.99484250e-08 -9.76308161 -7.94619394 -3.71687276 -1.46729483 -1.06679386 
4.64158883e-08 -9.76308161 -7.94619394 -3.71687276 -1.46729483 -1.06679386 
3.59381366e-08 -9.76308161 -7.94619394 -3.71687276 -1.46729483 -1.06679386 
2.78255940e-08 -9.76308161 -7.94619394 -3.71687276 -1.46729483 -1.06679386 
2.15443469e-08 -9.76308161 -7.94619394 -3.71687276 -1.46729483 -1.06679386 
1.66810054e-08 -9.76308161 -7.94619394 -3.71687276 -1.46729483 -1.06679386 
1.29154967e-08 -9.76308161 -7.94619394 -3.71687276 -1.46729483 -1.06679386 
1.00000000e-08 -9.76308161 -7.94619394 -3.71687276 -1.46729483 -1.06679386 
7.74263683e-09 -9.76308161 -7.94619394 -3.71687276 -1.46729483 -1.06679386 
5.99484250e-09 -9.76308161 -7.94619394 -3.71687276 -1.46729483 -1.06679386 
4.64158883e-09 -9.76308161 -7.94619394 -3.71687276 -1.46729483 -1.06679386 
3.59381366e-09 -9.76308161 -7.94619394 -3.71687276 -1.46729483 -1.06679386 
2.78255940e-09 -9.76308161 -7.94619394 -3.71687276 -1.46729483 -1.06679386 
2.15443469e-09 -9.76308161 -7.94619394 -3.71687276 -1.46729483 -1.06679386 
1.66810054e-09 -9.76308161 -7.94619394 -3.71687276 -1.46729483 -1.06679386 
1.29154967e-09 -9.76308161 -7.94619394 -3.71687276 -1.46729483 -1.06679386 
1.00000000e-09 -9.76308161 -7.94619394 -3.71687276 -1.46729483 -1.06679386 
7.74263683e-10 -9.76308161 -7.94619394 -3.71687276 -1.46729483 -1.06679386 
5.99484250e-10 -9.76308161 -7.94619394 -3.71687276 -1.46729483 -1.06679386 
4.64158883e-10 -9.76308161 -7.94619394 -3.71687276 -1.46729483 -1.06679386 
3.59381366e-10 -9.76308161 -7.94619394 -3.71687276 -1.46729483 -1.06679386 
2.78255940e-10 -9.76308161 -7.94619394 -3.71687276 -1.46729483 -1.06679386 
2.15443469e-10 -9.76308161 -7.94619394 -3.71687276 -1.46729483 -1.06679386 
1.66810054e-10 -9.76308161 -7.94619394 -3.71687276 -1.46729483 -1.06679386 
1.29154967e-10 -9.76308161 -7.94619394 -3.71687276 -1.46729483 -1.06679386 
1.00000000e-10 -9.76308161 -7.94619394 -3.71687276 -1.46729483 -1.06679386 
P (bar) | log_O3: -2σ | log_O3: -1σ | log_O3: median | log_O3: +1σ | log_O3: +2σ 
1.00000000e+01 -9.94857994 -9.43547741 -8.30319323 -7.21613094 -6.21600978 
7.74263683e+00 -9.94857994 -9.43547741 -8.30319323 -7.21613094 -6.21600978 
5.99484250e+00 -9.94857994 -9.43547741 -8.30319323 -7.21613094 -6.21600978 
4.64158883e+00 -9.94857994 -9.43547741 -8.30319323 -7.21613094 -6.21600978 
3.59381366e+00 -9.94857994 -9.43547741 -8.30319323 -7.21613094 -6.21600978 
2.78255940e+00 -9.94857994 -9.43547741 -8.30319323 -7.21613094 -6.21600978 
2.15443469e+00 -9.94857994 -9.43547741 -8.30319323 -7.21613094 -6.21600978 
1.66810054e+00 -9.94857994 -9.43547741 -8.30319323 -7.21613094 -6.21600978 
1.29154967e+00 -9.94857994 -9.43547741 -8.30319323 -7.21613094 -6.21600978 
1.00000000e+00 -9.94857994 -9.43547741 -8.30319323 -7.21613094 -6.21600978 
7.74263683e-01 -9.94857994 -9.43547741 -8.30319323 -7.21613094 -6.21600978 
5.99484250e-01 -9.94857994 -9.43547741 -8.30319323 -7.21613094 -6.21600978 
4.64158883e-01 -9.94857994 -9.43547741 -8.30319323 -7.21613094 -6.21600978 
3.59381366e-01 -9.94857994 -9.43547741 -8.30319323 -7.21613094 -6.21600978 
2.78255940e-01 -9.94857994 -9.43547741 -8.30319323 -7.21613094 -6.21600978 
2.15443469e-01 -9.94857994 -9.43547741 -8.30319323 -7.21613094 -6.21600978 
1.66810054e-01 -9.94857994 -9.43547741 -8.30319323 -7.21613094 -6.21600978 
1.29154967e-01 -9.94857994 -9.43547741 -8.30319323 -7.21613094 -6.21600978 
1.00000000e-01 -9.94857994 -9.43547741 -8.30319323 -7.21613094 -6.21600978 
7.74263683e-02 -9.94857994 -9.43547741 -8.30319323 -7.21613094 -6.21600978 
5.99484250e-02 -9.94857994 -9.43547741 -8.30319323 -7.21613094 -6.21600978 
4.64158883e-02 -9.94857994 -9.43547741 -8.30319323 -7.21613094 -6.21600978 
3.59381366e-02 -9.94857994 -9.43547741 -8.30319323 -7.21613094 -6.21600978 
2.78255940e-02 -9.94857994 -9.43547741 -8.30319323 -7.21613094 -6.21600978 
2.15443469e-02 -9.94857994 -9.43547741 -8.30319323 -7.21613094 -6.21600978 
1.66810054e-02 -9.94857994 -9.43547741 -8.30319323 -7.21613094 -6.21600978 
1.29154967e-02 -9.94857994 -9.43547741 -8.30319323 -7.21613094 -6.21600978 
1.00000000e-02 -9.94857994 -9.43547741 -8.30319323 -7.21613094 -6.21600978 
7.74263683e-03 -9.94857994 -9.43547741 -8.30319323 -7.21613094 -6.21600978 
5.99484250e-03 -9.94857994 -9.43547741 -8.30319323 -7.21613094 -6.21600978 
4.64158883e-03 -9.94857994 -9.43547741 -8.30319323 -7.21613094 -6.21600978 
3.59381366e-03 -9.94857994 -9.43547741 -8.30319323 -7.21613094 -6.21600978 
2.78255940e-03 -9.94857994 -9.43547741 -8.30319323 -7.21613094 -6.21600978 
2.15443469e-03 -9.94857994 -9.43547741 -8.30319323 -7.21613094 -6.21600978 
1.66810054e-03 -9.94857994 -9.43547741 -8.30319323 -7.21613094 -6.21600978 
1.29154967e-03 -9.94857994 -9.43547741 -8.30319323 -7.21613094 -6.21600978 
1.00000000e-03 -9.94857994 -9.43547741 -8.30319323 -7.21613094 -6.21600978 
7.74263683e-04 -9.94857994 -9.43547741 -8.30319323 -7.21613094 -6.21600978 
5.99484250e-04 -9.94857994 -9.43547741 -8.30319323 -7.21613094 -6.21600978 
4.64158883e-04 -9.94857994 -9.43547741 -8.30319323 -7.21613094 -6.21600978 
3.59381366e-04 -9.94857994 -9.43547741 -8.30319323 -7.21613094 -6.21600978 
2.78255940e-04 -9.94857994 -9.43547741 -8.30319323 -7.21613094 -6.21600978 
2.15443469e-04 -9.94857994 -9.43547741 -8.30319323 -7.21613094 -6.21600978 
1.66810054e-04 -9.94857994 -9.43547741 -8.30319323 -7.21613094 -6.21600978 
1.29154967e-04 -9.94857994 -9.43547741 -8.30319323 -7.21613094 -6.21600978 
1.00000000e-04 -9.94857994 -9.43547741 -8.30319323 -7.21613094 -6.21600978 
7.74263683e-05 -9.94857994 -9.43547741 -8.30319323 -7.21613094 -6.21600978 
5.99484250e-05 -9.94857994 -9.43547741 -8.30319323 -7.21613094 -6.21600978 
4.64158883e-05 -9.94857994 -9.43547741 -8.30319323 -7.21613094 -6.21600978 
3.59381366e-05 -9.94857994 -9.43547741 -8.30319323 -7.21613094 -6.21600978 
2.78255940e-05 -9.94857994 -9.43547741 -8.30319323 -7.21613094 -6.21600978 
2.15443469e-05 -9.94857994 -9.43547741 -8.30319323 -7.21613094 -6.21600978 
1.66810054e-05 -9.94857994 -9.43547741 -8.30319323 -7.21613094 -6.21600978 
1.29154967e-05 -9.94857994 -9.43547741 -8.30319323 -7.21613094 -6.21600978 
1.00000000e-05 -9.94857994 -9.43547741 -8.30319323 -7.21613094 -6.21600978 
7.74263683e-06 -9.94857994 -9.43547741 -8.30319323 -7.21613094 -6.21600978 
5.99484250e-06 -9.94857994 -9.43547741 -8.30319323 -7.21613094 -6.21600978 
4.64158883e-06 -9.94857994 -9.43547741 -8.30319323 -7.21613094 -6.21600978 
3.59381366e-06 -9.94857994 -9.43547741 -8.30319323 -7.21613094 -6.21600978 
2.78255940e-06 -9.94857994 -9.43547741 -8.30319323 -7.21613094 -6.21600978 
2.15443469e-06 -9.94857994 -9.43547741 -8.30319323 -7.21613094 -6.21600978 
1.66810054e-06 -9.94857994 -9.43547741 -8.30319323 -7.21613094 -6.21600978 
1.29154967e-06 -9.94857994 -9.43547741 -8.30319323 -7.21613094 -6.21600978 
1.00000000e-06 -9.94857994 -9.43547741 -8.30319323 -7.21613094 -6.21600978 
7.74263683e-07 -9.94857994 -9.43547741 -8.30319323 -7.21613094 -6.21600978 
5.99484250e-07 -9.94857994 -9.43547741 -8.30319323 -7.21613094 -6.21600978 
4.64158883e-07 -9.94857994 -9.43547741 -8.30319323 -7.21613094 -6.21600978 
3.59381366e-07 -9.94857994 -9.43547741 -8.30319323 -7.21613094 -6.21600978 
2.78255940e-07 -9.94857994 -9.43547741 -8.30319323 -7.21613094 -6.21600978 
2.15443469e-07 -9.94857994 -9.43547741 -8.30319323 -7.21613094 -6.21600978 
1.66810054e-07 -9.94857994 -9.43547741 -8.30319323 -7.21613094 -6.21600978 
1.29154967e-07 -9.94857994 -9.43547741 -8.30319323 -7.21613094 -6.21600978 
1.00000000e-07 -9.94857994 -9.43547741 -8.30319323 -7.21613094 -6.21600978 
7.74263683e-08 -9.94857994 -9.43547741 -8.30319323 -7.21613094 -6.21600978 
5.99484250e-08 -9.94857994 -9.43547741 -8.30319323 -7.21613094 -6.21600978 
4.64158883e-08 -9.94857994 -9.43547741 -8.30319323 -7.21613094 -6.21600978 
3.59381366e-08 -9.94857994 -9.43547741 -8.30319323 -7.21613094 -6.21600978 
2.78255940e-08 -9.94857994 -9.43547741 -8.30319323 -7.21613094 -6.21600978 
2.15443469e-08 -9.94857994 -9.43547741 -8.30319323 -7.21613094 -6.21600978 
1.66810054e-08 -9.94857994 -9.43547741 -8.30319323 -7.21613094 -6.21600978 
1.29154967e-08 -9.94857994 -9.43547741 -8.30319323 -7.21613094 -6.21600978 
1.00000000e-08 -9.94857994 -9.43547741 -8.30319323 -7.21613094 -6.21600978 
7.74263683e-09 -9.94857994 -9.43547741 -8.30319323 -7.21613094 -6.21600978 
5.99484250e-09 -9.94857994 -9.43547741 -8.30319323 -7.21613094 -6.21600978 
4.64158883e-09 -9.94857994 -9.43547741 -8.30319323 -7.21613094 -6.21600978 
3.59381366e-09 -9.94857994 -9.43547741 -8.30319323 -7.21613094 -6.21600978 
2.78255940e-09 -9.94857994 -9.43547741 -8.30319323 -7.21613094 -6.21600978 
2.15443469e-09 -9.94857994 -9.43547741 -8.30319323 -7.21613094 -6.21600978 
1.66810054e-09 -9.94857994 -9.43547741 -8.30319323 -7.21613094 -6.21600978 
1.29154967e-09 -9.94857994 -9.43547741 -8.30319323 -7.21613094 -6.21600978 
1.00000000e-09 -9.94857994 -9.43547741 -8.30319323 -7.21613094 -6.21600978 
7.74263683e-10 -9.94857994 -9.43547741 -8.30319323 -7.21613094 -6.21600978 
5.99484250e-10 -9.94857994 -9.43547741 -8.30319323 -7.21613094 -6.21600978 
4.64158883e-10 -9.94857994 -9.43547741 -8.30319323 -7.21613094 -6.21600978 
3.59381366e-10 -9.94857994 -9.43547741 -8.30319323 -7.21613094 -6.21600978 
2.78255940e-10 -9.94857994 -9.43547741 -8.30319323 -7.21613094 -6.21600978 
2.15443469e-10 -9.94857994 -9.43547741 -8.30319323 -7.21613094 -6.21600978 
1.66810054e-10 -9.94857994 -9.43547741 -8.30319323 -7.21613094 -6.21600978 
1.29154967e-10 -9.94857994 -9.43547741 -8.30319323 -7.21613094 -6.21600978 
1.00000000e-10 -9.94857994 -9.43547741 -8.30319323 -7.21613094 -6.21600978 
P (bar) | log_N2O: -2σ | log_N2O: -1σ | log_N2O: median | log_N2O: +1σ | log_N2O: +2σ 
1.00000000e+01 -9.80577084 -8.63313858 -7.02382574 -5.75886300 -5.00042330 
7.74263683e+00 -9.80577084 -8.63313858 -7.02382574 -5.75886300 -5.00042330 
5.99484250e+00 -9.80577084 -8.63313858 -7.02382574 -5.75886300 -5.00042330 
4.64158883e+00 -9.80577084 -8.63313858 -7.02382574 -5.75886300 -5.00042330 
3.59381366e+00 -9.80577084 -8.63313858 -7.02382574 -5.75886300 -5.00042330 
2.78255940e+00 -9.80577084 -8.63313858 -7.02382574 -5.75886300 -5.00042330 
2.15443469e+00 -9.80577084 -8.63313858 -7.02382574 -5.75886300 -5.00042330 
1.66810054e+00 -9.80577084 -8.63313858 -7.02382574 -5.75886300 -5.00042330 
1.29154967e+00 -9.80577084 -8.63313858 -7.02382574 -5.75886300 -5.00042330 
1.00000000e+00 -9.80577084 -8.63313858 -7.02382574 -5.75886300 -5.00042330 
7.74263683e-01 -9.80577084 -8.63313858 -7.02382574 -5.75886300 -5.00042330 
5.99484250e-01 -9.80577084 -8.63313858 -7.02382574 -5.75886300 -5.00042330 
4.64158883e-01 -9.80577084 -8.63313858 -7.02382574 -5.75886300 -5.00042330 
3.59381366e-01 -9.80577084 -8.63313858 -7.02382574 -5.75886300 -5.00042330 
2.78255940e-01 -9.80577084 -8.63313858 -7.02382574 -5.75886300 -5.00042330 
2.15443469e-01 -9.80577084 -8.63313858 -7.02382574 -5.75886300 -5.00042330 
1.66810054e-01 -9.80577084 -8.63313858 -7.02382574 -5.75886300 -5.00042330 
1.29154967e-01 -9.80577084 -8.63313858 -7.02382574 -5.75886300 -5.00042330 
1.00000000e-01 -9.80577084 -8.63313858 -7.02382574 -5.75886300 -5.00042330 
7.74263683e-02 -9.80577084 -8.63313858 -7.02382574 -5.75886300 -5.00042330 
5.99484250e-02 -9.80577084 -8.63313858 -7.02382574 -5.75886300 -5.00042330 
4.64158883e-02 -9.80577084 -8.63313858 -7.02382574 -5.75886300 -5.00042330 
3.59381366e-02 -9.80577084 -8.63313858 -7.02382574 -5.75886300 -5.00042330 
2.78255940e-02 -9.80577084 -8.63313858 -7.02382574 -5.75886300 -5.00042330 
2.15443469e-02 -9.80577084 -8.63313858 -7.02382574 -5.75886300 -5.00042330 
1.66810054e-02 -9.80577084 -8.63313858 -7.02382574 -5.75886300 -5.00042330 
1.29154967e-02 -9.80577084 -8.63313858 -7.02382574 -5.75886300 -5.00042330 
1.00000000e-02 -9.80577084 -8.63313858 -7.02382574 -5.75886300 -5.00042330 
7.74263683e-03 -9.80577084 -8.63313858 -7.02382574 -5.75886300 -5.00042330 
5.99484250e-03 -9.80577084 -8.63313858 -7.02382574 -5.75886300 -5.00042330 
4.64158883e-03 -9.80577084 -8.63313858 -7.02382574 -5.75886300 -5.00042330 
3.59381366e-03 -9.80577084 -8.63313858 -7.02382574 -5.75886300 -5.00042330 
2.78255940e-03 -9.80577084 -8.63313858 -7.02382574 -5.75886300 -5.00042330 
2.15443469e-03 -9.80577084 -8.63313858 -7.02382574 -5.75886300 -5.00042330 
1.66810054e-03 -9.80577084 -8.63313858 -7.02382574 -5.75886300 -5.00042330 
1.29154967e-03 -9.80577084 -8.63313858 -7.02382574 -5.75886300 -5.00042330 
1.00000000e-03 -9.80577084 -8.63313858 -7.02382574 -5.75886300 -5.00042330 
7.74263683e-04 -9.80577084 -8.63313858 -7.02382574 -5.75886300 -5.00042330 
5.99484250e-04 -9.80577084 -8.63313858 -7.02382574 -5.75886300 -5.00042330 
4.64158883e-04 -9.80577084 -8.63313858 -7.02382574 -5.75886300 -5.00042330 
3.59381366e-04 -9.80577084 -8.63313858 -7.02382574 -5.75886300 -5.00042330 
2.78255940e-04 -9.80577084 -8.63313858 -7.02382574 -5.75886300 -5.00042330 
2.15443469e-04 -9.80577084 -8.63313858 -7.02382574 -5.75886300 -5.00042330 
1.66810054e-04 -9.80577084 -8.63313858 -7.02382574 -5.75886300 -5.00042330 
1.29154967e-04 -9.80577084 -8.63313858 -7.02382574 -5.75886300 -5.00042330 
1.00000000e-04 -9.80577084 -8.63313858 -7.02382574 -5.75886300 -5.00042330 
7.74263683e-05 -9.80577084 -8.63313858 -7.02382574 -5.75886300 -5.00042330 
5.99484250e-05 -9.80577084 -8.63313858 -7.02382574 -5.75886300 -5.00042330 
4.64158883e-05 -9.80577084 -8.63313858 -7.02382574 -5.75886300 -5.00042330 
3.59381366e-05 -9.80577084 -8.63313858 -7.02382574 -5.75886300 -5.00042330 
2.78255940e-05 -9.80577084 -8.63313858 -7.02382574 -5.75886300 -5.00042330 
2.15443469e-05 -9.80577084 -8.63313858 -7.02382574 -5.75886300 -5.00042330 
1.66810054e-05 -9.80577084 -8.63313858 -7.02382574 -5.75886300 -5.00042330 
1.29154967e-05 -9.80577084 -8.63313858 -7.02382574 -5.75886300 -5.00042330 
1.00000000e-05 -9.80577084 -8.63313858 -7.02382574 -5.75886300 -5.00042330 
7.74263683e-06 -9.80577084 -8.63313858 -7.02382574 -5.75886300 -5.00042330 
5.99484250e-06 -9.80577084 -8.63313858 -7.02382574 -5.75886300 -5.00042330 
4.64158883e-06 -9.80577084 -8.63313858 -7.02382574 -5.75886300 -5.00042330 
3.59381366e-06 -9.80577084 -8.63313858 -7.02382574 -5.75886300 -5.00042330 
2.78255940e-06 -9.80577084 -8.63313858 -7.02382574 -5.75886300 -5.00042330 
2.15443469e-06 -9.80577084 -8.63313858 -7.02382574 -5.75886300 -5.00042330 
1.66810054e-06 -9.80577084 -8.63313858 -7.02382574 -5.75886300 -5.00042330 
1.29154967e-06 -9.80577084 -8.63313858 -7.02382574 -5.75886300 -5.00042330 
1.00000000e-06 -9.80577084 -8.63313858 -7.02382574 -5.75886300 -5.00042330 
7.74263683e-07 -9.80577084 -8.63313858 -7.02382574 -5.75886300 -5.00042330 
5.99484250e-07 -9.80577084 -8.63313858 -7.02382574 -5.75886300 -5.00042330 
4.64158883e-07 -9.80577084 -8.63313858 -7.02382574 -5.75886300 -5.00042330 
3.59381366e-07 -9.80577084 -8.63313858 -7.02382574 -5.75886300 -5.00042330 
2.78255940e-07 -9.80577084 -8.63313858 -7.02382574 -5.75886300 -5.00042330 
2.15443469e-07 -9.80577084 -8.63313858 -7.02382574 -5.75886300 -5.00042330 
1.66810054e-07 -9.80577084 -8.63313858 -7.02382574 -5.75886300 -5.00042330 
1.29154967e-07 -9.80577084 -8.63313858 -7.02382574 -5.75886300 -5.00042330 
1.00000000e-07 -9.80577084 -8.63313858 -7.02382574 -5.75886300 -5.00042330 
7.74263683e-08 -9.80577084 -8.63313858 -7.02382574 -5.75886300 -5.00042330 
5.99484250e-08 -9.80577084 -8.63313858 -7.02382574 -5.75886300 -5.00042330 
4.64158883e-08 -9.80577084 -8.63313858 -7.02382574 -5.75886300 -5.00042330 
3.59381366e-08 -9.80577084 -8.63313858 -7.02382574 -5.75886300 -5.00042330 
2.78255940e-08 -9.80577084 -8.63313858 -7.02382574 -5.75886300 -5.00042330 
2.15443469e-08 -9.80577084 -8.63313858 -7.02382574 -5.75886300 -5.00042330 
1.66810054e-08 -9.80577084 -8.63313858 -7.02382574 -5.75886300 -5.00042330 
1.29154967e-08 -9.80577084 -8.63313858 -7.02382574 -5.75886300 -5.00042330 
1.00000000e-08 -9.80577084 -8.63313858 -7.02382574 -5.75886300 -5.00042330 
7.74263683e-09 -9.80577084 -8.63313858 -7.02382574 -5.75886300 -5.00042330 
5.99484250e-09 -9.80577084 -8.63313858 -7.02382574 -5.75886300 -5.00042330 
4.64158883e-09 -9.80577084 -8.63313858 -7.02382574 -5.75886300 -5.00042330 
3.59381366e-09 -9.80577084 -8.63313858 -7.02382574 -5.75886300 -5.00042330 
2.78255940e-09 -9.80577084 -8.63313858 -7.02382574 -5.75886300 -5.00042330 
2.15443469e-09 -9.80577084 -8.63313858 -7.02382574 -5.75886300 -5.00042330 
1.66810054e-09 -9.80577084 -8.63313858 -7.02382574 -5.75886300 -5.00042330 
1.29154967e-09 -9.80577084 -8.63313858 -7.02382574 -5.75886300 -5.00042330 
1.00000000e-09 -9.80577084 -8.63313858 -7.02382574 -5.75886300 -5.00042330 
7.74263683e-10 -9.80577084 -8.63313858 -7.02382574 -5.75886300 -5.00042330 
5.99484250e-10 -9.80577084 -8.63313858 -7.02382574 -5.75886300 -5.00042330 
4.64158883e-10 -9.80577084 -8.63313858 -7.02382574 -5.75886300 -5.00042330 
3.59381366e-10 -9.80577084 -8.63313858 -7.02382574 -5.75886300 -5.00042330 
2.78255940e-10 -9.80577084 -8.63313858 -7.02382574 -5.75886300 -5.00042330 
2.15443469e-10 -9.80577084 -8.63313858 -7.02382574 -5.75886300 -5.00042330 
1.66810054e-10 -9.80577084 -8.63313858 -7.02382574 -5.75886300 -5.00042330 
1.29154967e-10 -9.80577084 -8.63313858 -7.02382574 -5.75886300 -5.00042330 
1.00000000e-10 -9.80577084 -8.63313858 -7.02382574 -5.75886300 -5.00042330 
P (bar) | log_NH3: -2σ | log_NH3: -1σ | log_NH3: median | log_NH3: +1σ | log_NH3: +2σ 
1.00000000e+01 -9.90135266 -9.23444125 -7.63257605 -6.24885891 -5.59661396 
7.74263683e+00 -9.90135266 -9.23444125 -7.63257605 -6.24885891 -5.59661396 
5.99484250e+00 -9.90135266 -9.23444125 -7.63257605 -6.24885891 -5.59661396 
4.64158883e+00 -9.90135266 -9.23444125 -7.63257605 -6.24885891 -5.59661396 
3.59381366e+00 -9.90135266 -9.23444125 -7.63257605 -6.24885891 -5.59661396 
2.78255940e+00 -9.90135266 -9.23444125 -7.63257605 -6.24885891 -5.59661396 
2.15443469e+00 -9.90135266 -9.23444125 -7.63257605 -6.24885891 -5.59661396 
1.66810054e+00 -9.90135266 -9.23444125 -7.63257605 -6.24885891 -5.59661396 
1.29154967e+00 -9.90135266 -9.23444125 -7.63257605 -6.24885891 -5.59661396 
1.00000000e+00 -9.90135266 -9.23444125 -7.63257605 -6.24885891 -5.59661396 
7.74263683e-01 -9.90135266 -9.23444125 -7.63257605 -6.24885891 -5.59661396 
5.99484250e-01 -9.90135266 -9.23444125 -7.63257605 -6.24885891 -5.59661396 
4.64158883e-01 -9.90135266 -9.23444125 -7.63257605 -6.24885891 -5.59661396 
3.59381366e-01 -9.90135266 -9.23444125 -7.63257605 -6.24885891 -5.59661396 
2.78255940e-01 -9.90135266 -9.23444125 -7.63257605 -6.24885891 -5.59661396 
2.15443469e-01 -9.90135266 -9.23444125 -7.63257605 -6.24885891 -5.59661396 
1.66810054e-01 -9.90135266 -9.23444125 -7.63257605 -6.24885891 -5.59661396 
1.29154967e-01 -9.90135266 -9.23444125 -7.63257605 -6.24885891 -5.59661396 
1.00000000e-01 -9.90135266 -9.23444125 -7.63257605 -6.24885891 -5.59661396 
7.74263683e-02 -9.90135266 -9.23444125 -7.63257605 -6.24885891 -5.59661396 
5.99484250e-02 -9.90135266 -9.23444125 -7.63257605 -6.24885891 -5.59661396 
4.64158883e-02 -9.90135266 -9.23444125 -7.63257605 -6.24885891 -5.59661396 
3.59381366e-02 -9.90135266 -9.23444125 -7.63257605 -6.24885891 -5.59661396 
2.78255940e-02 -9.90135266 -9.23444125 -7.63257605 -6.24885891 -5.59661396 
2.15443469e-02 -9.90135266 -9.23444125 -7.63257605 -6.24885891 -5.59661396 
1.66810054e-02 -9.90135266 -9.23444125 -7.63257605 -6.24885891 -5.59661396 
1.29154967e-02 -9.90135266 -9.23444125 -7.63257605 -6.24885891 -5.59661396 
1.00000000e-02 -9.90135266 -9.23444125 -7.63257605 -6.24885891 -5.59661396 
7.74263683e-03 -9.90135266 -9.23444125 -7.63257605 -6.24885891 -5.59661396 
5.99484250e-03 -9.90135266 -9.23444125 -7.63257605 -6.24885891 -5.59661396 
4.64158883e-03 -9.90135266 -9.23444125 -7.63257605 -6.24885891 -5.59661396 
3.59381366e-03 -9.90135266 -9.23444125 -7.63257605 -6.24885891 -5.59661396 
2.78255940e-03 -9.90135266 -9.23444125 -7.63257605 -6.24885891 -5.59661396 
2.15443469e-03 -9.90135266 -9.23444125 -7.63257605 -6.24885891 -5.59661396 
1.66810054e-03 -9.90135266 -9.23444125 -7.63257605 -6.24885891 -5.59661396 
1.29154967e-03 -9.90135266 -9.23444125 -7.63257605 -6.24885891 -5.59661396 
1.00000000e-03 -9.90135266 -9.23444125 -7.63257605 -6.24885891 -5.59661396 
7.74263683e-04 -9.90135266 -9.23444125 -7.63257605 -6.24885891 -5.59661396 
5.99484250e-04 -9.90135266 -9.23444125 -7.63257605 -6.24885891 -5.59661396 
4.64158883e-04 -9.90135266 -9.23444125 -7.63257605 -6.24885891 -5.59661396 
3.59381366e-04 -9.90135266 -9.23444125 -7.63257605 -6.24885891 -5.59661396 
2.78255940e-04 -9.90135266 -9.23444125 -7.63257605 -6.24885891 -5.59661396 
2.15443469e-04 -9.90135266 -9.23444125 -7.63257605 -6.24885891 -5.59661396 
1.66810054e-04 -9.90135266 -9.23444125 -7.63257605 -6.24885891 -5.59661396 
1.29154967e-04 -9.90135266 -9.23444125 -7.63257605 -6.24885891 -5.59661396 
1.00000000e-04 -9.90135266 -9.23444125 -7.63257605 -6.24885891 -5.59661396 
7.74263683e-05 -9.90135266 -9.23444125 -7.63257605 -6.24885891 -5.59661396 
5.99484250e-05 -9.90135266 -9.23444125 -7.63257605 -6.24885891 -5.59661396 
4.64158883e-05 -9.90135266 -9.23444125 -7.63257605 -6.24885891 -5.59661396 
3.59381366e-05 -9.90135266 -9.23444125 -7.63257605 -6.24885891 -5.59661396 
2.78255940e-05 -9.90135266 -9.23444125 -7.63257605 -6.24885891 -5.59661396 
2.15443469e-05 -9.90135266 -9.23444125 -7.63257605 -6.24885891 -5.59661396 
1.66810054e-05 -9.90135266 -9.23444125 -7.63257605 -6.24885891 -5.59661396 
1.29154967e-05 -9.90135266 -9.23444125 -7.63257605 -6.24885891 -5.59661396 
1.00000000e-05 -9.90135266 -9.23444125 -7.63257605 -6.24885891 -5.59661396 
7.74263683e-06 -9.90135266 -9.23444125 -7.63257605 -6.24885891 -5.59661396 
5.99484250e-06 -9.90135266 -9.23444125 -7.63257605 -6.24885891 -5.59661396 
4.64158883e-06 -9.90135266 -9.23444125 -7.63257605 -6.24885891 -5.59661396 
3.59381366e-06 -9.90135266 -9.23444125 -7.63257605 -6.24885891 -5.59661396 
2.78255940e-06 -9.90135266 -9.23444125 -7.63257605 -6.24885891 -5.59661396 
2.15443469e-06 -9.90135266 -9.23444125 -7.63257605 -6.24885891 -5.59661396 
1.66810054e-06 -9.90135266 -9.23444125 -7.63257605 -6.24885891 -5.59661396 
1.29154967e-06 -9.90135266 -9.23444125 -7.63257605 -6.24885891 -5.59661396 
1.00000000e-06 -9.90135266 -9.23444125 -7.63257605 -6.24885891 -5.59661396 
7.74263683e-07 -9.90135266 -9.23444125 -7.63257605 -6.24885891 -5.59661396 
5.99484250e-07 -9.90135266 -9.23444125 -7.63257605 -6.24885891 -5.59661396 
4.64158883e-07 -9.90135266 -9.23444125 -7.63257605 -6.24885891 -5.59661396 
3.59381366e-07 -9.90135266 -9.23444125 -7.63257605 -6.24885891 -5.59661396 
2.78255940e-07 -9.90135266 -9.23444125 -7.63257605 -6.24885891 -5.59661396 
2.15443469e-07 -9.90135266 -9.23444125 -7.63257605 -6.24885891 -5.59661396 
1.66810054e-07 -9.90135266 -9.23444125 -7.63257605 -6.24885891 -5.59661396 
1.29154967e-07 -9.90135266 -9.23444125 -7.63257605 -6.24885891 -5.59661396 
1.00000000e-07 -9.90135266 -9.23444125 -7.63257605 -6.24885891 -5.59661396 
7.74263683e-08 -9.90135266 -9.23444125 -7.63257605 -6.24885891 -5.59661396 
5.99484250e-08 -9.90135266 -9.23444125 -7.63257605 -6.24885891 -5.59661396 
4.64158883e-08 -9.90135266 -9.23444125 -7.63257605 -6.24885891 -5.59661396 
3.59381366e-08 -9.90135266 -9.23444125 -7.63257605 -6.24885891 -5.59661396 
2.78255940e-08 -9.90135266 -9.23444125 -7.63257605 -6.24885891 -5.59661396 
2.15443469e-08 -9.90135266 -9.23444125 -7.63257605 -6.24885891 -5.59661396 
1.66810054e-08 -9.90135266 -9.23444125 -7.63257605 -6.24885891 -5.59661396 
1.29154967e-08 -9.90135266 -9.23444125 -7.63257605 -6.24885891 -5.59661396 
1.00000000e-08 -9.90135266 -9.23444125 -7.63257605 -6.24885891 -5.59661396 
7.74263683e-09 -9.90135266 -9.23444125 -7.63257605 -6.24885891 -5.59661396 
5.99484250e-09 -9.90135266 -9.23444125 -7.63257605 -6.24885891 -5.59661396 
4.64158883e-09 -9.90135266 -9.23444125 -7.63257605 -6.24885891 -5.59661396 
3.59381366e-09 -9.90135266 -9.23444125 -7.63257605 -6.24885891 -5.59661396 
2.78255940e-09 -9.90135266 -9.23444125 -7.63257605 -6.24885891 -5.59661396 
2.15443469e-09 -9.90135266 -9.23444125 -7.63257605 -6.24885891 -5.59661396 
1.66810054e-09 -9.90135266 -9.23444125 -7.63257605 -6.24885891 -5.59661396 
1.29154967e-09 -9.90135266 -9.23444125 -7.63257605 -6.24885891 -5.59661396 
1.00000000e-09 -9.90135266 -9.23444125 -7.63257605 -6.24885891 -5.59661396 
7.74263683e-10 -9.90135266 -9.23444125 -7.63257605 -6.24885891 -5.59661396 
5.99484250e-10 -9.90135266 -9.23444125 -7.63257605 -6.24885891 -5.59661396 
4.64158883e-10 -9.90135266 -9.23444125 -7.63257605 -6.24885891 -5.59661396 
3.59381366e-10 -9.90135266 -9.23444125 -7.63257605 -6.24885891 -5.59661396 
2.78255940e-10 -9.90135266 -9.23444125 -7.63257605 -6.24885891 -5.59661396 
2.15443469e-10 -9.90135266 -9.23444125 -7.63257605 -6.24885891 -5.59661396 
1.66810054e-10 -9.90135266 -9.23444125 -7.63257605 -6.24885891 -5.59661396 
1.29154967e-10 -9.90135266 -9.23444125 -7.63257605 -6.24885891 -5.59661396 
1.00000000e-10 -9.90135266 -9.23444125 -7.63257605 -6.24885891 -5.59661396 
