Chemical species: N2 H2O CO2 CH4 O2 O3 N2O NH3
P (bar) | log_N2: -2σ | log_N2: -1σ | log_N2: median | log_N2: +1σ | log_N2: +2σ 
1.00000000e+01 -0.04172093 -0.01813778 -0.00070475 -0.00011095 -0.00004424 
7.74263683e+00 -0.04172093 -0.01813778 -0.00070475 -0.00011095 -0.00004424 
5.99484250e+00 -0.04172093 -0.01813778 -0.00070475 -0.00011095 -0.00004424 
4.64158883e+00 -0.04172093 -0.01813778 -0.00070475 -0.00011095 -0.00004424 
3.59381366e+00 -0.04172093 -0.01813778 -0.00070475 -0.00011095 -0.00004424 
2.78255940e+00 -0.04172093 -0.01813778 -0.00070475 -0.00011095 -0.00004424 
2.15443469e+00 -0.04172093 -0.01813778 -0.00070475 -0.00011095 -0.00004424 
1.66810054e+00 -0.04172093 -0.01813778 -0.00070475 -0.00011095 -0.00004424 
1.29154967e+00 -0.04172093 -0.01813778 -0.00070475 -0.00011095 -0.00004424 
1.00000000e+00 -0.04172093 -0.01813778 -0.00070475 -0.00011095 -0.00004424 
7.74263683e-01 -0.04172093 -0.01813778 -0.00070475 -0.00011095 -0.00004424 
5.99484250e-01 -0.04172093 -0.01813778 -0.00070475 -0.00011095 -0.00004424 
4.64158883e-01 -0.04172093 -0.01813778 -0.00070475 -0.00011095 -0.00004424 
3.59381366e-01 -0.04172093 -0.01813778 -0.00070475 -0.00011095 -0.00004424 
2.78255940e-01 -0.04172093 -0.01813778 -0.00070475 -0.00011095 -0.00004424 
2.15443469e-01 -0.04172093 -0.01813778 -0.00070475 -0.00011095 -0.00004424 
1.66810054e-01 -0.04172093 -0.01813778 -0.00070475 -0.00011095 -0.00004424 
1.29154967e-01 -0.04172093 -0.01813778 -0.00070475 -0.00011095 -0.00004424 
1.00000000e-01 -0.04172093 -0.01813778 -0.00070475 -0.00011095 -0.00004424 
7.74263683e-02 -0.04172093 -0.01813778 -0.00070475 -0.00011095 -0.00004424 
5.99484250e-02 -0.04172093 -0.01813778 -0.00070475 -0.00011095 -0.00004424 
4.64158883e-02 -0.04172093 -0.01813778 -0.00070475 -0.00011095 -0.00004424 
3.59381366e-02 -0.04172093 -0.01813778 -0.00070475 -0.00011095 -0.00004424 
2.78255940e-02 -0.04172093 -0.01813778 -0.00070475 -0.00011095 -0.00004424 
2.15443469e-02 -0.04172093 -0.01813778 -0.00070475 -0.00011095 -0.00004424 
1.66810054e-02 -0.04172093 -0.01813778 -0.00070475 -0.00011095 -0.00004424 
1.29154967e-02 -0.04172093 -0.01813778 -0.00070475 -0.00011095 -0.00004424 
1.00000000e-02 -0.04172093 -0.01813778 -0.00070475 -0.00011095 -0.00004424 
7.74263683e-03 -0.04172093 -0.01813778 -0.00070475 -0.00011095 -0.00004424 
5.99484250e-03 -0.04172093 -0.01813778 -0.00070475 -0.00011095 -0.00004424 
4.64158883e-03 -0.04172093 -0.01813778 -0.00070475 -0.00011095 -0.00004424 
3.59381366e-03 -0.04172093 -0.01813778 -0.00070475 -0.00011095 -0.00004424 
2.78255940e-03 -0.04172093 -0.01813778 -0.00070475 -0.00011095 -0.00004424 
2.15443469e-03 -0.04172093 -0.01813778 -0.00070475 -0.00011095 -0.00004424 
1.66810054e-03 -0.04172093 -0.01813778 -0.00070475 -0.00011095 -0.00004424 
1.29154967e-03 -0.04172093 -0.01813778 -0.00070475 -0.00011095 -0.00004424 
1.00000000e-03 -0.04172093 -0.01813778 -0.00070475 -0.00011095 -0.00004424 
7.74263683e-04 -0.04172093 -0.01813778 -0.00070475 -0.00011095 -0.00004424 
5.99484250e-04 -0.04172093 -0.01813778 -0.00070475 -0.00011095 -0.00004424 
4.64158883e-04 -0.04172093 -0.01813778 -0.00070475 -0.00011095 -0.00004424 
3.59381366e-04 -0.04172093 -0.01813778 -0.00070475 -0.00011095 -0.00004424 
2.78255940e-04 -0.04172093 -0.01813778 -0.00070475 -0.00011095 -0.00004424 
2.15443469e-04 -0.04172093 -0.01813778 -0.00070475 -0.00011095 -0.00004424 
1.66810054e-04 -0.04172093 -0.01813778 -0.00070475 -0.00011095 -0.00004424 
1.29154967e-04 -0.04172093 -0.01813778 -0.00070475 -0.00011095 -0.00004424 
1.00000000e-04 -0.04172093 -0.01813778 -0.00070475 -0.00011095 -0.00004424 
7.74263683e-05 -0.04172093 -0.01813778 -0.00070475 -0.00011095 -0.00004424 
5.99484250e-05 -0.04172093 -0.01813778 -0.00070475 -0.00011095 -0.00004424 
4.64158883e-05 -0.04172093 -0.01813778 -0.00070475 -0.00011095 -0.00004424 
3.59381366e-05 -0.04172093 -0.01813778 -0.00070475 -0.00011095 -0.00004424 
2.78255940e-05 -0.04172093 -0.01813778 -0.00070475 -0.00011095 -0.00004424 
2.15443469e-05 -0.04172093 -0.01813778 -0.00070475 -0.00011095 -0.00004424 
1.66810054e-05 -0.04172093 -0.01813778 -0.00070475 -0.00011095 -0.00004424 
1.29154967e-05 -0.04172093 -0.01813778 -0.00070475 -0.00011095 -0.00004424 
1.00000000e-05 -0.04172093 -0.01813778 -0.00070475 -0.00011095 -0.00004424 
7.74263683e-06 -0.04172093 -0.01813778 -0.00070475 -0.00011095 -0.00004424 
5.99484250e-06 -0.04172093 -0.01813778 -0.00070475 -0.00011095 -0.00004424 
4.64158883e-06 -0.04172093 -0.01813778 -0.00070475 -0.00011095 -0.00004424 
3.59381366e-06 -0.04172093 -0.01813778 -0.00070475 -0.00011095 -0.00004424 
2.78255940e-06 -0.04172093 -0.01813778 -0.00070475 -0.00011095 -0.00004424 
2.15443469e-06 -0.04172093 -0.01813778 -0.00070475 -0.00011095 -0.00004424 
1.66810054e-06 -0.04172093 -0.01813778 -0.00070475 -0.00011095 -0.00004424 
1.29154967e-06 -0.04172093 -0.01813778 -0.00070475 -0.00011095 -0.00004424 
1.00000000e-06 -0.04172093 -0.01813778 -0.00070475 -0.00011095 -0.00004424 
7.74263683e-07 -0.04172093 -0.01813778 -0.00070475 -0.00011095 -0.00004424 
5.99484250e-07 -0.04172093 -0.01813778 -0.00070475 -0.00011095 -0.00004424 
4.64158883e-07 -0.04172093 -0.01813778 -0.00070475 -0.00011095 -0.00004424 
3.59381366e-07 -0.04172093 -0.01813778 -0.00070475 -0.00011095 -0.00004424 
2.78255940e-07 -0.04172093 -0.01813778 -0.00070475 -0.00011095 -0.00004424 
2.15443469e-07 -0.04172093 -0.01813778 -0.00070475 -0.00011095 -0.00004424 
1.66810054e-07 -0.04172093 -0.01813778 -0.00070475 -0.00011095 -0.00004424 
1.29154967e-07 -0.04172093 -0.01813778 -0.00070475 -0.00011095 -0.00004424 
1.00000000e-07 -0.04172093 -0.01813778 -0.00070475 -0.00011095 -0.00004424 
7.74263683e-08 -0.04172093 -0.01813778 -0.00070475 -0.00011095 -0.00004424 
5.99484250e-08 -0.04172093 -0.01813778 -0.00070475 -0.00011095 -0.00004424 
4.64158883e-08 -0.04172093 -0.01813778 -0.00070475 -0.00011095 -0.00004424 
3.59381366e-08 -0.04172093 -0.01813778 -0.00070475 -0.00011095 -0.00004424 
2.78255940e-08 -0.04172093 -0.01813778 -0.00070475 -0.00011095 -0.00004424 
2.15443469e-08 -0.04172093 -0.01813778 -0.00070475 -0.00011095 -0.00004424 
1.66810054e-08 -0.04172093 -0.01813778 -0.00070475 -0.00011095 -0.00004424 
1.29154967e-08 -0.04172093 -0.01813778 -0.00070475 -0.00011095 -0.00004424 
1.00000000e-08 -0.04172093 -0.01813778 -0.00070475 -0.00011095 -0.00004424 
7.74263683e-09 -0.04172093 -0.01813778 -0.00070475 -0.00011095 -0.00004424 
5.99484250e-09 -0.04172093 -0.01813778 -0.00070475 -0.00011095 -0.00004424 
4.64158883e-09 -0.04172093 -0.01813778 -0.00070475 -0.00011095 -0.00004424 
3.59381366e-09 -0.04172093 -0.01813778 -0.00070475 -0.00011095 -0.00004424 
2.78255940e-09 -0.04172093 -0.01813778 -0.00070475 -0.00011095 -0.00004424 
2.15443469e-09 -0.04172093 -0.01813778 -0.00070475 -0.00011095 -0.00004424 
1.66810054e-09 -0.04172093 -0.01813778 -0.00070475 -0.00011095 -0.00004424 
1.29154967e-09 -0.04172093 -0.01813778 -0.00070475 -0.00011095 -0.00004424 
1.00000000e-09 -0.04172093 -0.01813778 -0.00070475 -0.00011095 -0.00004424 
7.74263683e-10 -0.04172093 -0.01813778 -0.00070475 -0.00011095 -0.00004424 
5.99484250e-10 -0.04172093 -0.01813778 -0.00070475 -0.00011095 -0.00004424 
4.64158883e-10 -0.04172093 -0.01813778 -0.00070475 -0.00011095 -0.00004424 
3.59381366e-10 -0.04172093 -0.01813778 -0.00070475 -0.00011095 -0.00004424 
2.78255940e-10 -0.04172093 -0.01813778 -0.00070475 -0.00011095 -0.00004424 
2.15443469e-10 -0.04172093 -0.01813778 -0.00070475 -0.00011095 -0.00004424 
1.66810054e-10 -0.04172093 -0.01813778 -0.00070475 -0.00011095 -0.00004424 
1.29154967e-10 -0.04172093 -0.01813778 -0.00070475 -0.00011095 -0.00004424 
1.00000000e-10 -0.04172093 -0.01813778 -0.00070475 -0.00011095 -0.00004424 
P (bar) | log_H2O: -2σ | log_H2O: -1σ | log_H2O: median | log_H2O: +1σ | log_H2O: +2σ 
1.00000000e+01 -8.39031035 -5.86657484 -5.20118223 -4.74125161 -4.18771129 
7.74263683e+00 -8.39031035 -5.86657484 -5.20118223 -4.74125161 -4.18771129 
5.99484250e+00 -8.39031035 -5.86657484 -5.20118223 -4.74125161 -4.18771129 
4.64158883e+00 -8.39031035 -5.86657484 -5.20118223 -4.74125161 -4.18771129 
3.59381366e+00 -8.39031035 -5.86657484 -5.20118223 -4.74125161 -4.18771129 
2.78255940e+00 -8.39031035 -5.86657484 -5.20118223 -4.74125161 -4.18771129 
2.15443469e+00 -8.39031035 -5.86657484 -5.20118223 -4.74125161 -4.18771129 
1.66810054e+00 -8.39031035 -5.86657484 -5.20118223 -4.74125161 -4.18771129 
1.29154967e+00 -8.39031035 -5.86657484 -5.20118223 -4.74125161 -4.18771129 
1.00000000e+00 -8.39031035 -5.86657484 -5.20118223 -4.74125161 -4.18771129 
7.74263683e-01 -8.39031035 -5.86657484 -5.20118223 -4.74125161 -4.18771129 
5.99484250e-01 -8.39031035 -5.86657484 -5.20118223 -4.74125161 -4.18771129 
4.64158883e-01 -8.39031035 -5.86657484 -5.20118223 -4.74125161 -4.18771129 
3.59381366e-01 -8.39031035 -5.86657484 -5.20118223 -4.74125161 -4.18771129 
2.78255940e-01 -8.39031035 -5.86657484 -5.20118223 -4.74125161 -4.18771129 
2.15443469e-01 -8.39031035 -5.86657484 -5.20118223 -4.74125161 -4.18771129 
1.66810054e-01 -8.39031035 -5.86657484 -5.20118223 -4.74125161 -4.18771129 
1.29154967e-01 -8.39031035 -5.86657484 -5.20118223 -4.74125161 -4.18771129 
1.00000000e-01 -8.39031035 -5.86657484 -5.20118223 -4.74125161 -4.18771129 
7.74263683e-02 -8.39031035 -5.86657484 -5.20118223 -4.74125161 -4.18771129 
5.99484250e-02 -8.39031035 -5.86657484 -5.20118223 -4.74125161 -4.18771129 
4.64158883e-02 -8.39031035 -5.86657484 -5.20118223 -4.74125161 -4.18771129 
3.59381366e-02 -8.39031035 -5.86657484 -5.20118223 -4.74125161 -4.18771129 
2.78255940e-02 -8.39031035 -5.86657484 -5.20118223 -4.74125161 -4.18771129 
2.15443469e-02 -8.39031035 -5.86657484 -5.20118223 -4.74125161 -4.18771129 
1.66810054e-02 -8.39031035 -5.86657484 -5.20118223 -4.74125161 -4.18771129 
1.29154967e-02 -8.39031035 -5.86657484 -5.20118223 -4.74125161 -4.18771129 
1.00000000e-02 -8.39031035 -5.86657484 -5.20118223 -4.74125161 -4.18771129 
7.74263683e-03 -8.39031035 -5.86657484 -5.20118223 -4.74125161 -4.18771129 
5.99484250e-03 -8.39031035 -5.86657484 -5.20118223 -4.74125161 -4.18771129 
4.64158883e-03 -8.39031035 -5.86657484 -5.20118223 -4.74125161 -4.18771129 
3.59381366e-03 -8.39031035 -5.86657484 -5.20118223 -4.74125161 -4.18771129 
2.78255940e-03 -8.39031035 -5.86657484 -5.20118223 -4.74125161 -4.18771129 
2.15443469e-03 -8.39031035 -5.86657484 -5.20118223 -4.74125161 -4.18771129 
1.66810054e-03 -8.39031035 -5.86657484 -5.20118223 -4.74125161 -4.18771129 
1.29154967e-03 -8.39031035 -5.86657484 -5.20118223 -4.74125161 -4.18771129 
1.00000000e-03 -8.39031035 -5.86657484 -5.20118223 -4.74125161 -4.18771129 
7.74263683e-04 -8.39031035 -5.86657484 -5.20118223 -4.74125161 -4.18771129 
5.99484250e-04 -8.39031035 -5.86657484 -5.20118223 -4.74125161 -4.18771129 
4.64158883e-04 -8.39031035 -5.86657484 -5.20118223 -4.74125161 -4.18771129 
3.59381366e-04 -8.39031035 -5.86657484 -5.20118223 -4.74125161 -4.18771129 
2.78255940e-04 -8.39031035 -5.86657484 -5.20118223 -4.74125161 -4.18771129 
2.15443469e-04 -8.39031035 -5.86657484 -5.20118223 -4.74125161 -4.18771129 
1.66810054e-04 -8.39031035 -5.86657484 -5.20118223 -4.74125161 -4.18771129 
1.29154967e-04 -8.39031035 -5.86657484 -5.20118223 -4.74125161 -4.18771129 
1.00000000e-04 -8.39031035 -5.86657484 -5.20118223 -4.74125161 -4.18771129 
7.74263683e-05 -8.39031035 -5.86657484 -5.20118223 -4.74125161 -4.18771129 
5.99484250e-05 -8.39031035 -5.86657484 -5.20118223 -4.74125161 -4.18771129 
4.64158883e-05 -8.39031035 -5.86657484 -5.20118223 -4.74125161 -4.18771129 
3.59381366e-05 -8.39031035 -5.86657484 -5.20118223 -4.74125161 -4.18771129 
2.78255940e-05 -8.39031035 -5.86657484 -5.20118223 -4.74125161 -4.18771129 
2.15443469e-05 -8.39031035 -5.86657484 -5.20118223 -4.74125161 -4.18771129 
1.66810054e-05 -8.39031035 -5.86657484 -5.20118223 -4.74125161 -4.18771129 
1.29154967e-05 -8.39031035 -5.86657484 -5.20118223 -4.74125161 -4.18771129 
1.00000000e-05 -8.39031035 -5.86657484 -5.20118223 -4.74125161 -4.18771129 
7.74263683e-06 -8.39031035 -5.86657484 -5.20118223 -4.74125161 -4.18771129 
5.99484250e-06 -8.39031035 -5.86657484 -5.20118223 -4.74125161 -4.18771129 
4.64158883e-06 -8.39031035 -5.86657484 -5.20118223 -4.74125161 -4.18771129 
3.59381366e-06 -8.39031035 -5.86657484 -5.20118223 -4.74125161 -4.18771129 
2.78255940e-06 -8.39031035 -5.86657484 -5.20118223 -4.74125161 -4.18771129 
2.15443469e-06 -8.39031035 -5.86657484 -5.20118223 -4.74125161 -4.18771129 
1.66810054e-06 -8.39031035 -5.86657484 -5.20118223 -4.74125161 -4.18771129 
1.29154967e-06 -8.39031035 -5.86657484 -5.20118223 -4.74125161 -4.18771129 
1.00000000e-06 -8.39031035 -5.86657484 -5.20118223 -4.74125161 -4.18771129 
7.74263683e-07 -8.39031035 -5.86657484 -5.20118223 -4.74125161 -4.18771129 
5.99484250e-07 -8.39031035 -5.86657484 -5.20118223 -4.74125161 -4.18771129 
4.64158883e-07 -8.39031035 -5.86657484 -5.20118223 -4.74125161 -4.18771129 
3.59381366e-07 -8.39031035 -5.86657484 -5.20118223 -4.74125161 -4.18771129 
2.78255940e-07 -8.39031035 -5.86657484 -5.20118223 -4.74125161 -4.18771129 
2.15443469e-07 -8.39031035 -5.86657484 -5.20118223 -4.74125161 -4.18771129 
1.66810054e-07 -8.39031035 -5.86657484 -5.20118223 -4.74125161 -4.18771129 
1.29154967e-07 -8.39031035 -5.86657484 -5.20118223 -4.74125161 -4.18771129 
1.00000000e-07 -8.39031035 -5.86657484 -5.20118223 -4.74125161 -4.18771129 
7.74263683e-08 -8.39031035 -5.86657484 -5.20118223 -4.74125161 -4.18771129 
5.99484250e-08 -8.39031035 -5.86657484 -5.20118223 -4.74125161 -4.18771129 
4.64158883e-08 -8.39031035 -5.86657484 -5.20118223 -4.74125161 -4.18771129 
3.59381366e-08 -8.39031035 -5.86657484 -5.20118223 -4.74125161 -4.18771129 
2.78255940e-08 -8.39031035 -5.86657484 -5.20118223 -4.74125161 -4.18771129 
2.15443469e-08 -8.39031035 -5.86657484 -5.20118223 -4.74125161 -4.18771129 
1.66810054e-08 -8.39031035 -5.86657484 -5.20118223 -4.74125161 -4.18771129 
1.29154967e-08 -8.39031035 -5.86657484 -5.20118223 -4.74125161 -4.18771129 
1.00000000e-08 -8.39031035 -5.86657484 -5.20118223 -4.74125161 -4.18771129 
7.74263683e-09 -8.39031035 -5.86657484 -5.20118223 -4.74125161 -4.18771129 
5.99484250e-09 -8.39031035 -5.86657484 -5.20118223 -4.74125161 -4.18771129 
4.64158883e-09 -8.39031035 -5.86657484 -5.20118223 -4.74125161 -4.18771129 
3.59381366e-09 -8.39031035 -5.86657484 -5.20118223 -4.74125161 -4.18771129 
2.78255940e-09 -8.39031035 -5.86657484 -5.20118223 -4.74125161 -4.18771129 
2.15443469e-09 -8.39031035 -5.86657484 -5.20118223 -4.74125161 -4.18771129 
1.66810054e-09 -8.39031035 -5.86657484 -5.20118223 -4.74125161 -4.18771129 
1.29154967e-09 -8.39031035 -5.86657484 -5.20118223 -4.74125161 -4.18771129 
1.00000000e-09 -8.39031035 -5.86657484 -5.20118223 -4.74125161 -4.18771129 
7.74263683e-10 -8.39031035 -5.86657484 -5.20118223 -4.74125161 -4.18771129 
5.99484250e-10 -8.39031035 -5.86657484 -5.20118223 -4.74125161 -4.18771129 
4.64158883e-10 -8.39031035 -5.86657484 -5.20118223 -4.74125161 -4.18771129 
3.59381366e-10 -8.39031035 -5.86657484 -5.20118223 -4.74125161 -4.18771129 
2.78255940e-10 -8.39031035 -5.86657484 -5.20118223 -4.74125161 -4.18771129 
2.15443469e-10 -8.39031035 -5.86657484 -5.20118223 -4.74125161 -4.18771129 
1.66810054e-10 -8.39031035 -5.86657484 -5.20118223 -4.74125161 -4.18771129 
1.29154967e-10 -8.39031035 -5.86657484 -5.20118223 -4.74125161 -4.18771129 
1.00000000e-10 -8.39031035 -5.86657484 -5.20118223 -4.74125161 -4.18771129 
P (bar) | log_CO2: -2σ | log_CO2: -1σ | log_CO2: median | log_CO2: +1σ | log_CO2: +2σ 
1.00000000e+01 -4.31331692 -3.87935729 -3.39451098 -2.87446624 -2.34789194 
7.74263683e+00 -4.31331692 -3.87935729 -3.39451098 -2.87446624 -2.34789194 
5.99484250e+00 -4.31331692 -3.87935729 -3.39451098 -2.87446624 -2.34789194 
4.64158883e+00 -4.31331692 -3.87935729 -3.39451098 -2.87446624 -2.34789194 
3.59381366e+00 -4.31331692 -3.87935729 -3.39451098 -2.87446624 -2.34789194 
2.78255940e+00 -4.31331692 -3.87935729 -3.39451098 -2.87446624 -2.34789194 
2.15443469e+00 -4.31331692 -3.87935729 -3.39451098 -2.87446624 -2.34789194 
1.66810054e+00 -4.31331692 -3.87935729 -3.39451098 -2.87446624 -2.34789194 
1.29154967e+00 -4.31331692 -3.87935729 -3.39451098 -2.87446624 -2.34789194 
1.00000000e+00 -4.31331692 -3.87935729 -3.39451098 -2.87446624 -2.34789194 
7.74263683e-01 -4.31331692 -3.87935729 -3.39451098 -2.87446624 -2.34789194 
5.99484250e-01 -4.31331692 -3.87935729 -3.39451098 -2.87446624 -2.34789194 
4.64158883e-01 -4.31331692 -3.87935729 -3.39451098 -2.87446624 -2.34789194 
3.59381366e-01 -4.31331692 -3.87935729 -3.39451098 -2.87446624 -2.34789194 
2.78255940e-01 -4.31331692 -3.87935729 -3.39451098 -2.87446624 -2.34789194 
2.15443469e-01 -4.31331692 -3.87935729 -3.39451098 -2.87446624 -2.34789194 
1.66810054e-01 -4.31331692 -3.87935729 -3.39451098 -2.87446624 -2.34789194 
1.29154967e-01 -4.31331692 -3.87935729 -3.39451098 -2.87446624 -2.34789194 
1.00000000e-01 -4.31331692 -3.87935729 -3.39451098 -2.87446624 -2.34789194 
7.74263683e-02 -4.31331692 -3.87935729 -3.39451098 -2.87446624 -2.34789194 
5.99484250e-02 -4.31331692 -3.87935729 -3.39451098 -2.87446624 -2.34789194 
4.64158883e-02 -4.31331692 -3.87935729 -3.39451098 -2.87446624 -2.34789194 
3.59381366e-02 -4.31331692 -3.87935729 -3.39451098 -2.87446624 -2.34789194 
2.78255940e-02 -4.31331692 -3.87935729 -3.39451098 -2.87446624 -2.34789194 
2.15443469e-02 -4.31331692 -3.87935729 -3.39451098 -2.87446624 -2.34789194 
1.66810054e-02 -4.31331692 -3.87935729 -3.39451098 -2.87446624 -2.34789194 
1.29154967e-02 -4.31331692 -3.87935729 -3.39451098 -2.87446624 -2.34789194 
1.00000000e-02 -4.31331692 -3.87935729 -3.39451098 -2.87446624 -2.34789194 
7.74263683e-03 -4.31331692 -3.87935729 -3.39451098 -2.87446624 -2.34789194 
5.99484250e-03 -4.31331692 -3.87935729 -3.39451098 -2.87446624 -2.34789194 
4.64158883e-03 -4.31331692 -3.87935729 -3.39451098 -2.87446624 -2.34789194 
3.59381366e-03 -4.31331692 -3.87935729 -3.39451098 -2.87446624 -2.34789194 
2.78255940e-03 -4.31331692 -3.87935729 -3.39451098 -2.87446624 -2.34789194 
2.15443469e-03 -4.31331692 -3.87935729 -3.39451098 -2.87446624 -2.34789194 
1.66810054e-03 -4.31331692 -3.87935729 -3.39451098 -2.87446624 -2.34789194 
1.29154967e-03 -4.31331692 -3.87935729 -3.39451098 -2.87446624 -2.34789194 
1.00000000e-03 -4.31331692 -3.87935729 -3.39451098 -2.87446624 -2.34789194 
7.74263683e-04 -4.31331692 -3.87935729 -3.39451098 -2.87446624 -2.34789194 
5.99484250e-04 -4.31331692 -3.87935729 -3.39451098 -2.87446624 -2.34789194 
4.64158883e-04 -4.31331692 -3.87935729 -3.39451098 -2.87446624 -2.34789194 
3.59381366e-04 -4.31331692 -3.87935729 -3.39451098 -2.87446624 -2.34789194 
2.78255940e-04 -4.31331692 -3.87935729 -3.39451098 -2.87446624 -2.34789194 
2.15443469e-04 -4.31331692 -3.87935729 -3.39451098 -2.87446624 -2.34789194 
1.66810054e-04 -4.31331692 -3.87935729 -3.39451098 -2.87446624 -2.34789194 
1.29154967e-04 -4.31331692 -3.87935729 -3.39451098 -2.87446624 -2.34789194 
1.00000000e-04 -4.31331692 -3.87935729 -3.39451098 -2.87446624 -2.34789194 
7.74263683e-05 -4.31331692 -3.87935729 -3.39451098 -2.87446624 -2.34789194 
5.99484250e-05 -4.31331692 -3.87935729 -3.39451098 -2.87446624 -2.34789194 
4.64158883e-05 -4.31331692 -3.87935729 -3.39451098 -2.87446624 -2.34789194 
3.59381366e-05 -4.31331692 -3.87935729 -3.39451098 -2.87446624 -2.34789194 
2.78255940e-05 -4.31331692 -3.87935729 -3.39451098 -2.87446624 -2.34789194 
2.15443469e-05 -4.31331692 -3.87935729 -3.39451098 -2.87446624 -2.34789194 
1.66810054e-05 -4.31331692 -3.87935729 -3.39451098 -2.87446624 -2.34789194 
1.29154967e-05 -4.31331692 -3.87935729 -3.39451098 -2.87446624 -2.34789194 
1.00000000e-05 -4.31331692 -3.87935729 -3.39451098 -2.87446624 -2.34789194 
7.74263683e-06 -4.31331692 -3.87935729 -3.39451098 -2.87446624 -2.34789194 
5.99484250e-06 -4.31331692 -3.87935729 -3.39451098 -2.87446624 -2.34789194 
4.64158883e-06 -4.31331692 -3.87935729 -3.39451098 -2.87446624 -2.34789194 
3.59381366e-06 -4.31331692 -3.87935729 -3.39451098 -2.87446624 -2.34789194 
2.78255940e-06 -4.31331692 -3.87935729 -3.39451098 -2.87446624 -2.34789194 
2.15443469e-06 -4.31331692 -3.87935729 -3.39451098 -2.87446624 -2.34789194 
1.66810054e-06 -4.31331692 -3.87935729 -3.39451098 -2.87446624 -2.34789194 
1.29154967e-06 -4.31331692 -3.87935729 -3.39451098 -2.87446624 -2.34789194 
1.00000000e-06 -4.31331692 -3.87935729 -3.39451098 -2.87446624 -2.34789194 
7.74263683e-07 -4.31331692 -3.87935729 -3.39451098 -2.87446624 -2.34789194 
5.99484250e-07 -4.31331692 -3.87935729 -3.39451098 -2.87446624 -2.34789194 
4.64158883e-07 -4.31331692 -3.87935729 -3.39451098 -2.87446624 -2.34789194 
3.59381366e-07 -4.31331692 -3.87935729 -3.39451098 -2.87446624 -2.34789194 
2.78255940e-07 -4.31331692 -3.87935729 -3.39451098 -2.87446624 -2.34789194 
2.15443469e-07 -4.31331692 -3.87935729 -3.39451098 -2.87446624 -2.34789194 
1.66810054e-07 -4.31331692 -3.87935729 -3.39451098 -2.87446624 -2.34789194 
1.29154967e-07 -4.31331692 -3.87935729 -3.39451098 -2.87446624 -2.34789194 
1.00000000e-07 -4.31331692 -3.87935729 -3.39451098 -2.87446624 -2.34789194 
7.74263683e-08 -4.31331692 -3.87935729 -3.39451098 -2.87446624 -2.34789194 
5.99484250e-08 -4.31331692 -3.87935729 -3.39451098 -2.87446624 -2.34789194 
4.64158883e-08 -4.31331692 -3.87935729 -3.39451098 -2.87446624 -2.34789194 
3.59381366e-08 -4.31331692 -3.87935729 -3.39451098 -2.87446624 -2.34789194 
2.78255940e-08 -4.31331692 -3.87935729 -3.39451098 -2.87446624 -2.34789194 
2.15443469e-08 -4.31331692 -3.87935729 -3.39451098 -2.87446624 -2.34789194 
1.66810054e-08 -4.31331692 -3.87935729 -3.39451098 -2.87446624 -2.34789194 
1.29154967e-08 -4.31331692 -3.87935729 -3.39451098 -2.87446624 -2.34789194 
1.00000000e-08 -4.31331692 -3.87935729 -3.39451098 -2.87446624 -2.34789194 
7.74263683e-09 -4.31331692 -3.87935729 -3.39451098 -2.87446624 -2.34789194 
5.99484250e-09 -4.31331692 -3.87935729 -3.39451098 -2.87446624 -2.34789194 
4.64158883e-09 -4.31331692 -3.87935729 -3.39451098 -2.87446624 -2.34789194 
3.59381366e-09 -4.31331692 -3.87935729 -3.39451098 -2.87446624 -2.34789194 
2.78255940e-09 -4.31331692 -3.87935729 -3.39451098 -2.87446624 -2.34789194 
2.15443469e-09 -4.31331692 -3.87935729 -3.39451098 -2.87446624 -2.34789194 
1.66810054e-09 -4.31331692 -3.87935729 -3.39451098 -2.87446624 -2.34789194 
1.29154967e-09 -4.31331692 -3.87935729 -3.39451098 -2.87446624 -2.34789194 
1.00000000e-09 -4.31331692 -3.87935729 -3.39451098 -2.87446624 -2.34789194 
7.74263683e-10 -4.31331692 -3.87935729 -3.39451098 -2.87446624 -2.34789194 
5.99484250e-10 -4.31331692 -3.87935729 -3.39451098 -2.87446624 -2.34789194 
4.64158883e-10 -4.31331692 -3.87935729 -3.39451098 -2.87446624 -2.34789194 
3.59381366e-10 -4.31331692 -3.87935729 -3.39451098 -2.87446624 -2.34789194 
2.78255940e-10 -4.31331692 -3.87935729 -3.39451098 -2.87446624 -2.34789194 
2.15443469e-10 -4.31331692 -3.87935729 -3.39451098 -2.87446624 -2.34789194 
1.66810054e-10 -4.31331692 -3.87935729 -3.39451098 -2.87446624 -2.34789194 
1.29154967e-10 -4.31331692 -3.87935729 -3.39451098 -2.87446624 -2.34789194 
1.00000000e-10 -4.31331692 -3.87935729 -3.39451098 -2.87446624 -2.34789194 
P (bar) | log_CH4: -2σ | log_CH4: -1σ | log_CH4: median | log_CH4: +1σ | log_CH4: +2σ 
1.00000000e+01 -4.89412292 -4.65951966 -4.39863152 -4.12846536 -3.78817672 
7.74263683e+00 -4.89412292 -4.65951966 -4.39863152 -4.12846536 -3.78817672 
5.99484250e+00 -4.89412292 -4.65951966 -4.39863152 -4.12846536 -3.78817672 
4.64158883e+00 -4.89412292 -4.65951966 -4.39863152 -4.12846536 -3.78817672 
3.59381366e+00 -4.89412292 -4.65951966 -4.39863152 -4.12846536 -3.78817672 
2.78255940e+00 -4.89412292 -4.65951966 -4.39863152 -4.12846536 -3.78817672 
2.15443469e+00 -4.89412292 -4.65951966 -4.39863152 -4.12846536 -3.78817672 
1.66810054e+00 -4.89412292 -4.65951966 -4.39863152 -4.12846536 -3.78817672 
1.29154967e+00 -4.89412292 -4.65951966 -4.39863152 -4.12846536 -3.78817672 
1.00000000e+00 -4.89412292 -4.65951966 -4.39863152 -4.12846536 -3.78817672 
7.74263683e-01 -4.89412292 -4.65951966 -4.39863152 -4.12846536 -3.78817672 
5.99484250e-01 -4.89412292 -4.65951966 -4.39863152 -4.12846536 -3.78817672 
4.64158883e-01 -4.89412292 -4.65951966 -4.39863152 -4.12846536 -3.78817672 
3.59381366e-01 -4.89412292 -4.65951966 -4.39863152 -4.12846536 -3.78817672 
2.78255940e-01 -4.89412292 -4.65951966 -4.39863152 -4.12846536 -3.78817672 
2.15443469e-01 -4.89412292 -4.65951966 -4.39863152 -4.12846536 -3.78817672 
1.66810054e-01 -4.89412292 -4.65951966 -4.39863152 -4.12846536 -3.78817672 
1.29154967e-01 -4.89412292 -4.65951966 -4.39863152 -4.12846536 -3.78817672 
1.00000000e-01 -4.89412292 -4.65951966 -4.39863152 -4.12846536 -3.78817672 
7.74263683e-02 -4.89412292 -4.65951966 -4.39863152 -4.12846536 -3.78817672 
5.99484250e-02 -4.89412292 -4.65951966 -4.39863152 -4.12846536 -3.78817672 
4.64158883e-02 -4.89412292 -4.65951966 -4.39863152 -4.12846536 -3.78817672 
3.59381366e-02 -4.89412292 -4.65951966 -4.39863152 -4.12846536 -3.78817672 
2.78255940e-02 -4.89412292 -4.65951966 -4.39863152 -4.12846536 -3.78817672 
2.15443469e-02 -4.89412292 -4.65951966 -4.39863152 -4.12846536 -3.78817672 
1.66810054e-02 -4.89412292 -4.65951966 -4.39863152 -4.12846536 -3.78817672 
1.29154967e-02 -4.89412292 -4.65951966 -4.39863152 -4.12846536 -3.78817672 
1.00000000e-02 -4.89412292 -4.65951966 -4.39863152 -4.12846536 -3.78817672 
7.74263683e-03 -4.89412292 -4.65951966 -4.39863152 -4.12846536 -3.78817672 
5.99484250e-03 -4.89412292 -4.65951966 -4.39863152 -4.12846536 -3.78817672 
4.64158883e-03 -4.89412292 -4.65951966 -4.39863152 -4.12846536 -3.78817672 
3.59381366e-03 -4.89412292 -4.65951966 -4.39863152 -4.12846536 -3.78817672 
2.78255940e-03 -4.89412292 -4.65951966 -4.39863152 -4.12846536 -3.78817672 
2.15443469e-03 -4.89412292 -4.65951966 -4.39863152 -4.12846536 -3.78817672 
1.66810054e-03 -4.89412292 -4.65951966 -4.39863152 -4.12846536 -3.78817672 
1.29154967e-03 -4.89412292 -4.65951966 -4.39863152 -4.12846536 -3.78817672 
1.00000000e-03 -4.89412292 -4.65951966 -4.39863152 -4.12846536 -3.78817672 
7.74263683e-04 -4.89412292 -4.65951966 -4.39863152 -4.12846536 -3.78817672 
5.99484250e-04 -4.89412292 -4.65951966 -4.39863152 -4.12846536 -3.78817672 
4.64158883e-04 -4.89412292 -4.65951966 -4.39863152 -4.12846536 -3.78817672 
3.59381366e-04 -4.89412292 -4.65951966 -4.39863152 -4.12846536 -3.78817672 
2.78255940e-04 -4.89412292 -4.65951966 -4.39863152 -4.12846536 -3.78817672 
2.15443469e-04 -4.89412292 -4.65951966 -4.39863152 -4.12846536 -3.78817672 
1.66810054e-04 -4.89412292 -4.65951966 -4.39863152 -4.12846536 -3.78817672 
1.29154967e-04 -4.89412292 -4.65951966 -4.39863152 -4.12846536 -3.78817672 
1.00000000e-04 -4.89412292 -4.65951966 -4.39863152 -4.12846536 -3.78817672 
7.74263683e-05 -4.89412292 -4.65951966 -4.39863152 -4.12846536 -3.78817672 
5.99484250e-05 -4.89412292 -4.65951966 -4.39863152 -4.12846536 -3.78817672 
4.64158883e-05 -4.89412292 -4.65951966 -4.39863152 -4.12846536 -3.78817672 
3.59381366e-05 -4.89412292 -4.65951966 -4.39863152 -4.12846536 -3.78817672 
2.78255940e-05 -4.89412292 -4.65951966 -4.39863152 -4.12846536 -3.78817672 
2.15443469e-05 -4.89412292 -4.65951966 -4.39863152 -4.12846536 -3.78817672 
1.66810054e-05 -4.89412292 -4.65951966 -4.39863152 -4.12846536 -3.78817672 
1.29154967e-05 -4.89412292 -4.65951966 -4.39863152 -4.12846536 -3.78817672 
1.00000000e-05 -4.89412292 -4.65951966 -4.39863152 -4.12846536 -3.78817672 
7.74263683e-06 -4.89412292 -4.65951966 -4.39863152 -4.12846536 -3.78817672 
5.99484250e-06 -4.89412292 -4.65951966 -4.39863152 -4.12846536 -3.78817672 
4.64158883e-06 -4.89412292 -4.65951966 -4.39863152 -4.12846536 -3.78817672 
3.59381366e-06 -4.89412292 -4.65951966 -4.39863152 -4.12846536 -3.78817672 
2.78255940e-06 -4.89412292 -4.65951966 -4.39863152 -4.12846536 -3.78817672 
2.15443469e-06 -4.89412292 -4.65951966 -4.39863152 -4.12846536 -3.78817672 
1.66810054e-06 -4.89412292 -4.65951966 -4.39863152 -4.12846536 -3.78817672 
1.29154967e-06 -4.89412292 -4.65951966 -4.39863152 -4.12846536 -3.78817672 
1.00000000e-06 -4.89412292 -4.65951966 -4.39863152 -4.12846536 -3.78817672 
7.74263683e-07 -4.89412292 -4.65951966 -4.39863152 -4.12846536 -3.78817672 
5.99484250e-07 -4.89412292 -4.65951966 -4.39863152 -4.12846536 -3.78817672 
4.64158883e-07 -4.89412292 -4.65951966 -4.39863152 -4.12846536 -3.78817672 
3.59381366e-07 -4.89412292 -4.65951966 -4.39863152 -4.12846536 -3.78817672 
2.78255940e-07 -4.89412292 -4.65951966 -4.39863152 -4.12846536 -3.78817672 
2.15443469e-07 -4.89412292 -4.65951966 -4.39863152 -4.12846536 -3.78817672 
1.66810054e-07 -4.89412292 -4.65951966 -4.39863152 -4.12846536 -3.78817672 
1.29154967e-07 -4.89412292 -4.65951966 -4.39863152 -4.12846536 -3.78817672 
1.00000000e-07 -4.89412292 -4.65951966 -4.39863152 -4.12846536 -3.78817672 
7.74263683e-08 -4.89412292 -4.65951966 -4.39863152 -4.12846536 -3.78817672 
5.99484250e-08 -4.89412292 -4.65951966 -4.39863152 -4.12846536 -3.78817672 
4.64158883e-08 -4.89412292 -4.65951966 -4.39863152 -4.12846536 -3.78817672 
3.59381366e-08 -4.89412292 -4.65951966 -4.39863152 -4.12846536 -3.78817672 
2.78255940e-08 -4.89412292 -4.65951966 -4.39863152 -4.12846536 -3.78817672 
2.15443469e-08 -4.89412292 -4.65951966 -4.39863152 -4.12846536 -3.78817672 
1.66810054e-08 -4.89412292 -4.65951966 -4.39863152 -4.12846536 -3.78817672 
1.29154967e-08 -4.89412292 -4.65951966 -4.39863152 -4.12846536 -3.78817672 
1.00000000e-08 -4.89412292 -4.65951966 -4.39863152 -4.12846536 -3.78817672 
7.74263683e-09 -4.89412292 -4.65951966 -4.39863152 -4.12846536 -3.78817672 
5.99484250e-09 -4.89412292 -4.65951966 -4.39863152 -4.12846536 -3.78817672 
4.64158883e-09 -4.89412292 -4.65951966 -4.39863152 -4.12846536 -3.78817672 
3.59381366e-09 -4.89412292 -4.65951966 -4.39863152 -4.12846536 -3.78817672 
2.78255940e-09 -4.89412292 -4.65951966 -4.39863152 -4.12846536 -3.78817672 
2.15443469e-09 -4.89412292 -4.65951966 -4.39863152 -4.12846536 -3.78817672 
1.66810054e-09 -4.89412292 -4.65951966 -4.39863152 -4.12846536 -3.78817672 
1.29154967e-09 -4.89412292 -4.65951966 -4.39863152 -4.12846536 -3.78817672 
1.00000000e-09 -4.89412292 -4.65951966 -4.39863152 -4.12846536 -3.78817672 
7.74263683e-10 -4.89412292 -4.65951966 -4.39863152 -4.12846536 -3.78817672 
5.99484250e-10 -4.89412292 -4.65951966 -4.39863152 -4.12846536 -3.78817672 
4.64158883e-10 -4.89412292 -4.65951966 -4.39863152 -4.12846536 -3.78817672 
3.59381366e-10 -4.89412292 -4.65951966 -4.39863152 -4.12846536 -3.78817672 
2.78255940e-10 -4.89412292 -4.65951966 -4.39863152 -4.12846536 -3.78817672 
2.15443469e-10 -4.89412292 -4.65951966 -4.39863152 -4.12846536 -3.78817672 
1.66810054e-10 -4.89412292 -4.65951966 -4.39863152 -4.12846536 -3.78817672 
1.29154967e-10 -4.89412292 -4.65951966 -4.39863152 -4.12846536 -3.78817672 
1.00000000e-10 -4.89412292 -4.65951966 -4.39863152 -4.12846536 -3.78817672 
P (bar) | log_O2: -2σ | log_O2: -1σ | log_O2: median | log_O2: +1σ | log_O2: +2σ 
1.00000000e+01 -9.55757960 -7.83365135 -3.52217821 -1.40427546 -1.04619654 
7.74263683e+00 -9.55757960 -7.83365135 -3.52217821 -1.40427546 -1.04619654 
5.99484250e+00 -9.55757960 -7.83365135 -3.52217821 -1.40427546 -1.04619654 
4.64158883e+00 -9.55757960 -7.83365135 -3.52217821 -1.40427546 -1.04619654 
3.59381366e+00 -9.55757960 -7.83365135 -3.52217821 -1.40427546 -1.04619654 
2.78255940e+00 -9.55757960 -7.83365135 -3.52217821 -1.40427546 -1.04619654 
2.15443469e+00 -9.55757960 -7.83365135 -3.52217821 -1.40427546 -1.04619654 
1.66810054e+00 -9.55757960 -7.83365135 -3.52217821 -1.40427546 -1.04619654 
1.29154967e+00 -9.55757960 -7.83365135 -3.52217821 -1.40427546 -1.04619654 
1.00000000e+00 -9.55757960 -7.83365135 -3.52217821 -1.40427546 -1.04619654 
7.74263683e-01 -9.55757960 -7.83365135 -3.52217821 -1.40427546 -1.04619654 
5.99484250e-01 -9.55757960 -7.83365135 -3.52217821 -1.40427546 -1.04619654 
4.64158883e-01 -9.55757960 -7.83365135 -3.52217821 -1.40427546 -1.04619654 
3.59381366e-01 -9.55757960 -7.83365135 -3.52217821 -1.40427546 -1.04619654 
2.78255940e-01 -9.55757960 -7.83365135 -3.52217821 -1.40427546 -1.04619654 
2.15443469e-01 -9.55757960 -7.83365135 -3.52217821 -1.40427546 -1.04619654 
1.66810054e-01 -9.55757960 -7.83365135 -3.52217821 -1.40427546 -1.04619654 
1.29154967e-01 -9.55757960 -7.83365135 -3.52217821 -1.40427546 -1.04619654 
1.00000000e-01 -9.55757960 -7.83365135 -3.52217821 -1.40427546 -1.04619654 
7.74263683e-02 -9.55757960 -7.83365135 -3.52217821 -1.40427546 -1.04619654 
5.99484250e-02 -9.55757960 -7.83365135 -3.52217821 -1.40427546 -1.04619654 
4.64158883e-02 -9.55757960 -7.83365135 -3.52217821 -1.40427546 -1.04619654 
3.59381366e-02 -9.55757960 -7.83365135 -3.52217821 -1.40427546 -1.04619654 
2.78255940e-02 -9.55757960 -7.83365135 -3.52217821 -1.40427546 -1.04619654 
2.15443469e-02 -9.55757960 -7.83365135 -3.52217821 -1.40427546 -1.04619654 
1.66810054e-02 -9.55757960 -7.83365135 -3.52217821 -1.40427546 -1.04619654 
1.29154967e-02 -9.55757960 -7.83365135 -3.52217821 -1.40427546 -1.04619654 
1.00000000e-02 -9.55757960 -7.83365135 -3.52217821 -1.40427546 -1.04619654 
7.74263683e-03 -9.55757960 -7.83365135 -3.52217821 -1.40427546 -1.04619654 
5.99484250e-03 -9.55757960 -7.83365135 -3.52217821 -1.40427546 -1.04619654 
4.64158883e-03 -9.55757960 -7.83365135 -3.52217821 -1.40427546 -1.04619654 
3.59381366e-03 -9.55757960 -7.83365135 -3.52217821 -1.40427546 -1.04619654 
2.78255940e-03 -9.55757960 -7.83365135 -3.52217821 -1.40427546 -1.04619654 
2.15443469e-03 -9.55757960 -7.83365135 -3.52217821 -1.40427546 -1.04619654 
1.66810054e-03 -9.55757960 -7.83365135 -3.52217821 -1.40427546 -1.04619654 
1.29154967e-03 -9.55757960 -7.83365135 -3.52217821 -1.40427546 -1.04619654 
1.00000000e-03 -9.55757960 -7.83365135 -3.52217821 -1.40427546 -1.04619654 
7.74263683e-04 -9.55757960 -7.83365135 -3.52217821 -1.40427546 -1.04619654 
5.99484250e-04 -9.55757960 -7.83365135 -3.52217821 -1.40427546 -1.04619654 
4.64158883e-04 -9.55757960 -7.83365135 -3.52217821 -1.40427546 -1.04619654 
3.59381366e-04 -9.55757960 -7.83365135 -3.52217821 -1.40427546 -1.04619654 
2.78255940e-04 -9.55757960 -7.83365135 -3.52217821 -1.40427546 -1.04619654 
2.15443469e-04 -9.55757960 -7.83365135 -3.52217821 -1.40427546 -1.04619654 
1.66810054e-04 -9.55757960 -7.83365135 -3.52217821 -1.40427546 -1.04619654 
1.29154967e-04 -9.55757960 -7.83365135 -3.52217821 -1.40427546 -1.04619654 
1.00000000e-04 -9.55757960 -7.83365135 -3.52217821 -1.40427546 -1.04619654 
7.74263683e-05 -9.55757960 -7.83365135 -3.52217821 -1.40427546 -1.04619654 
5.99484250e-05 -9.55757960 -7.83365135 -3.52217821 -1.40427546 -1.04619654 
4.64158883e-05 -9.55757960 -7.83365135 -3.52217821 -1.40427546 -1.04619654 
3.59381366e-05 -9.55757960 -7.83365135 -3.52217821 -1.40427546 -1.04619654 
2.78255940e-05 -9.55757960 -7.83365135 -3.52217821 -1.40427546 -1.04619654 
2.15443469e-05 -9.55757960 -7.83365135 -3.52217821 -1.40427546 -1.04619654 
1.66810054e-05 -9.55757960 -7.83365135 -3.52217821 -1.40427546 -1.04619654 
1.29154967e-05 -9.55757960 -7.83365135 -3.52217821 -1.40427546 -1.04619654 
1.00000000e-05 -9.55757960 -7.83365135 -3.52217821 -1.40427546 -1.04619654 
7.74263683e-06 -9.55757960 -7.83365135 -3.52217821 -1.40427546 -1.04619654 
5.99484250e-06 -9.55757960 -7.83365135 -3.52217821 -1.40427546 -1.04619654 
4.64158883e-06 -9.55757960 -7.83365135 -3.52217821 -1.40427546 -1.04619654 
3.59381366e-06 -9.55757960 -7.83365135 -3.52217821 -1.40427546 -1.04619654 
2.78255940e-06 -9.55757960 -7.83365135 -3.52217821 -1.40427546 -1.04619654 
2.15443469e-06 -9.55757960 -7.83365135 -3.52217821 -1.40427546 -1.04619654 
1.66810054e-06 -9.55757960 -7.83365135 -3.52217821 -1.40427546 -1.04619654 
1.29154967e-06 -9.55757960 -7.83365135 -3.52217821 -1.40427546 -1.04619654 
1.00000000e-06 -9.55757960 -7.83365135 -3.52217821 -1.40427546 -1.04619654 
7.74263683e-07 -9.55757960 -7.83365135 -3.52217821 -1.40427546 -1.04619654 
5.99484250e-07 -9.55757960 -7.83365135 -3.52217821 -1.40427546 -1.04619654 
4.64158883e-07 -9.55757960 -7.83365135 -3.52217821 -1.40427546 -1.04619654 
3.59381366e-07 -9.55757960 -7.83365135 -3.52217821 -1.40427546 -1.04619654 
2.78255940e-07 -9.55757960 -7.83365135 -3.52217821 -1.40427546 -1.04619654 
2.15443469e-07 -9.55757960 -7.83365135 -3.52217821 -1.40427546 -1.04619654 
1.66810054e-07 -9.55757960 -7.83365135 -3.52217821 -1.40427546 -1.04619654 
1.29154967e-07 -9.55757960 -7.83365135 -3.52217821 -1.40427546 -1.04619654 
1.00000000e-07 -9.55757960 -7.83365135 -3.52217821 -1.40427546 -1.04619654 
7.74263683e-08 -9.55757960 -7.83365135 -3.52217821 -1.40427546 -1.04619654 
5.99484250e-08 -9.55757960 -7.83365135 -3.52217821 -1.40427546 -1.04619654 
4.64158883e-08 -9.55757960 -7.83365135 -3.52217821 -1.40427546 -1.04619654 
3.59381366e-08 -9.55757960 -7.83365135 -3.52217821 -1.40427546 -1.04619654 
2.78255940e-08 -9.55757960 -7.83365135 -3.52217821 -1.40427546 -1.04619654 
2.15443469e-08 -9.55757960 -7.83365135 -3.52217821 -1.40427546 -1.04619654 
1.66810054e-08 -9.55757960 -7.83365135 -3.52217821 -1.40427546 -1.04619654 
1.29154967e-08 -9.55757960 -7.83365135 -3.52217821 -1.40427546 -1.04619654 
1.00000000e-08 -9.55757960 -7.83365135 -3.52217821 -1.40427546 -1.04619654 
7.74263683e-09 -9.55757960 -7.83365135 -3.52217821 -1.40427546 -1.04619654 
5.99484250e-09 -9.55757960 -7.83365135 -3.52217821 -1.40427546 -1.04619654 
4.64158883e-09 -9.55757960 -7.83365135 -3.52217821 -1.40427546 -1.04619654 
3.59381366e-09 -9.55757960 -7.83365135 -3.52217821 -1.40427546 -1.04619654 
2.78255940e-09 -9.55757960 -7.83365135 -3.52217821 -1.40427546 -1.04619654 
2.15443469e-09 -9.55757960 -7.83365135 -3.52217821 -1.40427546 -1.04619654 
1.66810054e-09 -9.55757960 -7.83365135 -3.52217821 -1.40427546 -1.04619654 
1.29154967e-09 -9.55757960 -7.83365135 -3.52217821 -1.40427546 -1.04619654 
1.00000000e-09 -9.55757960 -7.83365135 -3.52217821 -1.40427546 -1.04619654 
7.74263683e-10 -9.55757960 -7.83365135 -3.52217821 -1.40427546 -1.04619654 
5.99484250e-10 -9.55757960 -7.83365135 -3.52217821 -1.40427546 -1.04619654 
4.64158883e-10 -9.55757960 -7.83365135 -3.52217821 -1.40427546 -1.04619654 
3.59381366e-10 -9.55757960 -7.83365135 -3.52217821 -1.40427546 -1.04619654 
2.78255940e-10 -9.55757960 -7.83365135 -3.52217821 -1.40427546 -1.04619654 
2.15443469e-10 -9.55757960 -7.83365135 -3.52217821 -1.40427546 -1.04619654 
1.66810054e-10 -9.55757960 -7.83365135 -3.52217821 -1.40427546 -1.04619654 
1.29154967e-10 -9.55757960 -7.83365135 -3.52217821 -1.40427546 -1.04619654 
1.00000000e-10 -9.55757960 -7.83365135 -3.52217821 -1.40427546 -1.04619654 
P (bar) | log_O3: -2σ | log_O3: -1σ | log_O3: median | log_O3: +1σ | log_O3: +2σ 
1.00000000e+01 -9.90740382 -9.35903036 -8.22010371 -6.79116206 -5.71936305 
7.74263683e+00 -9.90740382 -9.35903036 -8.22010371 -6.79116206 -5.71936305 
5.99484250e+00 -9.90740382 -9.35903036 -8.22010371 -6.79116206 -5.71936305 
4.64158883e+00 -9.90740382 -9.35903036 -8.22010371 -6.79116206 -5.71936305 
3.59381366e+00 -9.90740382 -9.35903036 -8.22010371 -6.79116206 -5.71936305 
2.78255940e+00 -9.90740382 -9.35903036 -8.22010371 -6.79116206 -5.71936305 
2.15443469e+00 -9.90740382 -9.35903036 -8.22010371 -6.79116206 -5.71936305 
1.66810054e+00 -9.90740382 -9.35903036 -8.22010371 -6.79116206 -5.71936305 
1.29154967e+00 -9.90740382 -9.35903036 -8.22010371 -6.79116206 -5.71936305 
1.00000000e+00 -9.90740382 -9.35903036 -8.22010371 -6.79116206 -5.71936305 
7.74263683e-01 -9.90740382 -9.35903036 -8.22010371 -6.79116206 -5.71936305 
5.99484250e-01 -9.90740382 -9.35903036 -8.22010371 -6.79116206 -5.71936305 
4.64158883e-01 -9.90740382 -9.35903036 -8.22010371 -6.79116206 -5.71936305 
3.59381366e-01 -9.90740382 -9.35903036 -8.22010371 -6.79116206 -5.71936305 
2.78255940e-01 -9.90740382 -9.35903036 -8.22010371 -6.79116206 -5.71936305 
2.15443469e-01 -9.90740382 -9.35903036 -8.22010371 -6.79116206 -5.71936305 
1.66810054e-01 -9.90740382 -9.35903036 -8.22010371 -6.79116206 -5.71936305 
1.29154967e-01 -9.90740382 -9.35903036 -8.22010371 -6.79116206 -5.71936305 
1.00000000e-01 -9.90740382 -9.35903036 -8.22010371 -6.79116206 -5.71936305 
7.74263683e-02 -9.90740382 -9.35903036 -8.22010371 -6.79116206 -5.71936305 
5.99484250e-02 -9.90740382 -9.35903036 -8.22010371 -6.79116206 -5.71936305 
4.64158883e-02 -9.90740382 -9.35903036 -8.22010371 -6.79116206 -5.71936305 
3.59381366e-02 -9.90740382 -9.35903036 -8.22010371 -6.79116206 -5.71936305 
2.78255940e-02 -9.90740382 -9.35903036 -8.22010371 -6.79116206 -5.71936305 
2.15443469e-02 -9.90740382 -9.35903036 -8.22010371 -6.79116206 -5.71936305 
1.66810054e-02 -9.90740382 -9.35903036 -8.22010371 -6.79116206 -5.71936305 
1.29154967e-02 -9.90740382 -9.35903036 -8.22010371 -6.79116206 -5.71936305 
1.00000000e-02 -9.90740382 -9.35903036 -8.22010371 -6.79116206 -5.71936305 
7.74263683e-03 -9.90740382 -9.35903036 -8.22010371 -6.79116206 -5.71936305 
5.99484250e-03 -9.90740382 -9.35903036 -8.22010371 -6.79116206 -5.71936305 
4.64158883e-03 -9.90740382 -9.35903036 -8.22010371 -6.79116206 -5.71936305 
3.59381366e-03 -9.90740382 -9.35903036 -8.22010371 -6.79116206 -5.71936305 
2.78255940e-03 -9.90740382 -9.35903036 -8.22010371 -6.79116206 -5.71936305 
2.15443469e-03 -9.90740382 -9.35903036 -8.22010371 -6.79116206 -5.71936305 
1.66810054e-03 -9.90740382 -9.35903036 -8.22010371 -6.79116206 -5.71936305 
1.29154967e-03 -9.90740382 -9.35903036 -8.22010371 -6.79116206 -5.71936305 
1.00000000e-03 -9.90740382 -9.35903036 -8.22010371 -6.79116206 -5.71936305 
7.74263683e-04 -9.90740382 -9.35903036 -8.22010371 -6.79116206 -5.71936305 
5.99484250e-04 -9.90740382 -9.35903036 -8.22010371 -6.79116206 -5.71936305 
4.64158883e-04 -9.90740382 -9.35903036 -8.22010371 -6.79116206 -5.71936305 
3.59381366e-04 -9.90740382 -9.35903036 -8.22010371 -6.79116206 -5.71936305 
2.78255940e-04 -9.90740382 -9.35903036 -8.22010371 -6.79116206 -5.71936305 
2.15443469e-04 -9.90740382 -9.35903036 -8.22010371 -6.79116206 -5.71936305 
1.66810054e-04 -9.90740382 -9.35903036 -8.22010371 -6.79116206 -5.71936305 
1.29154967e-04 -9.90740382 -9.35903036 -8.22010371 -6.79116206 -5.71936305 
1.00000000e-04 -9.90740382 -9.35903036 -8.22010371 -6.79116206 -5.71936305 
7.74263683e-05 -9.90740382 -9.35903036 -8.22010371 -6.79116206 -5.71936305 
5.99484250e-05 -9.90740382 -9.35903036 -8.22010371 -6.79116206 -5.71936305 
4.64158883e-05 -9.90740382 -9.35903036 -8.22010371 -6.79116206 -5.71936305 
3.59381366e-05 -9.90740382 -9.35903036 -8.22010371 -6.79116206 -5.71936305 
2.78255940e-05 -9.90740382 -9.35903036 -8.22010371 -6.79116206 -5.71936305 
2.15443469e-05 -9.90740382 -9.35903036 -8.22010371 -6.79116206 -5.71936305 
1.66810054e-05 -9.90740382 -9.35903036 -8.22010371 -6.79116206 -5.71936305 
1.29154967e-05 -9.90740382 -9.35903036 -8.22010371 -6.79116206 -5.71936305 
1.00000000e-05 -9.90740382 -9.35903036 -8.22010371 -6.79116206 -5.71936305 
7.74263683e-06 -9.90740382 -9.35903036 -8.22010371 -6.79116206 -5.71936305 
5.99484250e-06 -9.90740382 -9.35903036 -8.22010371 -6.79116206 -5.71936305 
4.64158883e-06 -9.90740382 -9.35903036 -8.22010371 -6.79116206 -5.71936305 
3.59381366e-06 -9.90740382 -9.35903036 -8.22010371 -6.79116206 -5.71936305 
2.78255940e-06 -9.90740382 -9.35903036 -8.22010371 -6.79116206 -5.71936305 
2.15443469e-06 -9.90740382 -9.35903036 -8.22010371 -6.79116206 -5.71936305 
1.66810054e-06 -9.90740382 -9.35903036 -8.22010371 -6.79116206 -5.71936305 
1.29154967e-06 -9.90740382 -9.35903036 -8.22010371 -6.79116206 -5.71936305 
1.00000000e-06 -9.90740382 -9.35903036 -8.22010371 -6.79116206 -5.71936305 
7.74263683e-07 -9.90740382 -9.35903036 -8.22010371 -6.79116206 -5.71936305 
5.99484250e-07 -9.90740382 -9.35903036 -8.22010371 -6.79116206 -5.71936305 
4.64158883e-07 -9.90740382 -9.35903036 -8.22010371 -6.79116206 -5.71936305 
3.59381366e-07 -9.90740382 -9.35903036 -8.22010371 -6.79116206 -5.71936305 
2.78255940e-07 -9.90740382 -9.35903036 -8.22010371 -6.79116206 -5.71936305 
2.15443469e-07 -9.90740382 -9.35903036 -8.22010371 -6.79116206 -5.71936305 
1.66810054e-07 -9.90740382 -9.35903036 -8.22010371 -6.79116206 -5.71936305 
1.29154967e-07 -9.90740382 -9.35903036 -8.22010371 -6.79116206 -5.71936305 
1.00000000e-07 -9.90740382 -9.35903036 -8.22010371 -6.79116206 -5.71936305 
7.74263683e-08 -9.90740382 -9.35903036 -8.22010371 -6.79116206 -5.71936305 
5.99484250e-08 -9.90740382 -9.35903036 -8.22010371 -6.79116206 -5.71936305 
4.64158883e-08 -9.90740382 -9.35903036 -8.22010371 -6.79116206 -5.71936305 
3.59381366e-08 -9.90740382 -9.35903036 -8.22010371 -6.79116206 -5.71936305 
2.78255940e-08 -9.90740382 -9.35903036 -8.22010371 -6.79116206 -5.71936305 
2.15443469e-08 -9.90740382 -9.35903036 -8.22010371 -6.79116206 -5.71936305 
1.66810054e-08 -9.90740382 -9.35903036 -8.22010371 -6.79116206 -5.71936305 
1.29154967e-08 -9.90740382 -9.35903036 -8.22010371 -6.79116206 -5.71936305 
1.00000000e-08 -9.90740382 -9.35903036 -8.22010371 -6.79116206 -5.71936305 
7.74263683e-09 -9.90740382 -9.35903036 -8.22010371 -6.79116206 -5.71936305 
5.99484250e-09 -9.90740382 -9.35903036 -8.22010371 -6.79116206 -5.71936305 
4.64158883e-09 -9.90740382 -9.35903036 -8.22010371 -6.79116206 -5.71936305 
3.59381366e-09 -9.90740382 -9.35903036 -8.22010371 -6.79116206 -5.71936305 
2.78255940e-09 -9.90740382 -9.35903036 -8.22010371 -6.79116206 -5.71936305 
2.15443469e-09 -9.90740382 -9.35903036 -8.22010371 -6.79116206 -5.71936305 
1.66810054e-09 -9.90740382 -9.35903036 -8.22010371 -6.79116206 -5.71936305 
1.29154967e-09 -9.90740382 -9.35903036 -8.22010371 -6.79116206 -5.71936305 
1.00000000e-09 -9.90740382 -9.35903036 -8.22010371 -6.79116206 -5.71936305 
7.74263683e-10 -9.90740382 -9.35903036 -8.22010371 -6.79116206 -5.71936305 
5.99484250e-10 -9.90740382 -9.35903036 -8.22010371 -6.79116206 -5.71936305 
4.64158883e-10 -9.90740382 -9.35903036 -8.22010371 -6.79116206 -5.71936305 
3.59381366e-10 -9.90740382 -9.35903036 -8.22010371 -6.79116206 -5.71936305 
2.78255940e-10 -9.90740382 -9.35903036 -8.22010371 -6.79116206 -5.71936305 
2.15443469e-10 -9.90740382 -9.35903036 -8.22010371 -6.79116206 -5.71936305 
1.66810054e-10 -9.90740382 -9.35903036 -8.22010371 -6.79116206 -5.71936305 
1.29154967e-10 -9.90740382 -9.35903036 -8.22010371 -6.79116206 -5.71936305 
1.00000000e-10 -9.90740382 -9.35903036 -8.22010371 -6.79116206 -5.71936305 
P (bar) | log_N2O: -2σ | log_N2O: -1σ | log_N2O: median | log_N2O: +1σ | log_N2O: +2σ 
1.00000000e+01 -9.38829717 -7.19534807 -5.85084096 -5.08711917 -4.44372604 
7.74263683e+00 -9.38829717 -7.19534807 -5.85084096 -5.08711917 -4.44372604 
5.99484250e+00 -9.38829717 -7.19534807 -5.85084096 -5.08711917 -4.44372604 
4.64158883e+00 -9.38829717 -7.19534807 -5.85084096 -5.08711917 -4.44372604 
3.59381366e+00 -9.38829717 -7.19534807 -5.85084096 -5.08711917 -4.44372604 
2.78255940e+00 -9.38829717 -7.19534807 -5.85084096 -5.08711917 -4.44372604 
2.15443469e+00 -9.38829717 -7.19534807 -5.85084096 -5.08711917 -4.44372604 
1.66810054e+00 -9.38829717 -7.19534807 -5.85084096 -5.08711917 -4.44372604 
1.29154967e+00 -9.38829717 -7.19534807 -5.85084096 -5.08711917 -4.44372604 
1.00000000e+00 -9.38829717 -7.19534807 -5.85084096 -5.08711917 -4.44372604 
7.74263683e-01 -9.38829717 -7.19534807 -5.85084096 -5.08711917 -4.44372604 
5.99484250e-01 -9.38829717 -7.19534807 -5.85084096 -5.08711917 -4.44372604 
4.64158883e-01 -9.38829717 -7.19534807 -5.85084096 -5.08711917 -4.44372604 
3.59381366e-01 -9.38829717 -7.19534807 -5.85084096 -5.08711917 -4.44372604 
2.78255940e-01 -9.38829717 -7.19534807 -5.85084096 -5.08711917 -4.44372604 
2.15443469e-01 -9.38829717 -7.19534807 -5.85084096 -5.08711917 -4.44372604 
1.66810054e-01 -9.38829717 -7.19534807 -5.85084096 -5.08711917 -4.44372604 
1.29154967e-01 -9.38829717 -7.19534807 -5.85084096 -5.08711917 -4.44372604 
1.00000000e-01 -9.38829717 -7.19534807 -5.85084096 -5.08711917 -4.44372604 
7.74263683e-02 -9.38829717 -7.19534807 -5.85084096 -5.08711917 -4.44372604 
5.99484250e-02 -9.38829717 -7.19534807 -5.85084096 -5.08711917 -4.44372604 
4.64158883e-02 -9.38829717 -7.19534807 -5.85084096 -5.08711917 -4.44372604 
3.59381366e-02 -9.38829717 -7.19534807 -5.85084096 -5.08711917 -4.44372604 
2.78255940e-02 -9.38829717 -7.19534807 -5.85084096 -5.08711917 -4.44372604 
2.15443469e-02 -9.38829717 -7.19534807 -5.85084096 -5.08711917 -4.44372604 
1.66810054e-02 -9.38829717 -7.19534807 -5.85084096 -5.08711917 -4.44372604 
1.29154967e-02 -9.38829717 -7.19534807 -5.85084096 -5.08711917 -4.44372604 
1.00000000e-02 -9.38829717 -7.19534807 -5.85084096 -5.08711917 -4.44372604 
7.74263683e-03 -9.38829717 -7.19534807 -5.85084096 -5.08711917 -4.44372604 
5.99484250e-03 -9.38829717 -7.19534807 -5.85084096 -5.08711917 -4.44372604 
4.64158883e-03 -9.38829717 -7.19534807 -5.85084096 -5.08711917 -4.44372604 
3.59381366e-03 -9.38829717 -7.19534807 -5.85084096 -5.08711917 -4.44372604 
2.78255940e-03 -9.38829717 -7.19534807 -5.85084096 -5.08711917 -4.44372604 
2.15443469e-03 -9.38829717 -7.19534807 -5.85084096 -5.08711917 -4.44372604 
1.66810054e-03 -9.38829717 -7.19534807 -5.85084096 -5.08711917 -4.44372604 
1.29154967e-03 -9.38829717 -7.19534807 -5.85084096 -5.08711917 -4.44372604 
1.00000000e-03 -9.38829717 -7.19534807 -5.85084096 -5.08711917 -4.44372604 
7.74263683e-04 -9.38829717 -7.19534807 -5.85084096 -5.08711917 -4.44372604 
5.99484250e-04 -9.38829717 -7.19534807 -5.85084096 -5.08711917 -4.44372604 
4.64158883e-04 -9.38829717 -7.19534807 -5.85084096 -5.08711917 -4.44372604 
3.59381366e-04 -9.38829717 -7.19534807 -5.85084096 -5.08711917 -4.44372604 
2.78255940e-04 -9.38829717 -7.19534807 -5.85084096 -5.08711917 -4.44372604 
2.15443469e-04 -9.38829717 -7.19534807 -5.85084096 -5.08711917 -4.44372604 
1.66810054e-04 -9.38829717 -7.19534807 -5.85084096 -5.08711917 -4.44372604 
1.29154967e-04 -9.38829717 -7.19534807 -5.85084096 -5.08711917 -4.44372604 
1.00000000e-04 -9.38829717 -7.19534807 -5.85084096 -5.08711917 -4.44372604 
7.74263683e-05 -9.38829717 -7.19534807 -5.85084096 -5.08711917 -4.44372604 
5.99484250e-05 -9.38829717 -7.19534807 -5.85084096 -5.08711917 -4.44372604 
4.64158883e-05 -9.38829717 -7.19534807 -5.85084096 -5.08711917 -4.44372604 
3.59381366e-05 -9.38829717 -7.19534807 -5.85084096 -5.08711917 -4.44372604 
2.78255940e-05 -9.38829717 -7.19534807 -5.85084096 -5.08711917 -4.44372604 
2.15443469e-05 -9.38829717 -7.19534807 -5.85084096 -5.08711917 -4.44372604 
1.66810054e-05 -9.38829717 -7.19534807 -5.85084096 -5.08711917 -4.44372604 
1.29154967e-05 -9.38829717 -7.19534807 -5.85084096 -5.08711917 -4.44372604 
1.00000000e-05 -9.38829717 -7.19534807 -5.85084096 -5.08711917 -4.44372604 
7.74263683e-06 -9.38829717 -7.19534807 -5.85084096 -5.08711917 -4.44372604 
5.99484250e-06 -9.38829717 -7.19534807 -5.85084096 -5.08711917 -4.44372604 
4.64158883e-06 -9.38829717 -7.19534807 -5.85084096 -5.08711917 -4.44372604 
3.59381366e-06 -9.38829717 -7.19534807 -5.85084096 -5.08711917 -4.44372604 
2.78255940e-06 -9.38829717 -7.19534807 -5.85084096 -5.08711917 -4.44372604 
2.15443469e-06 -9.38829717 -7.19534807 -5.85084096 -5.08711917 -4.44372604 
1.66810054e-06 -9.38829717 -7.19534807 -5.85084096 -5.08711917 -4.44372604 
1.29154967e-06 -9.38829717 -7.19534807 -5.85084096 -5.08711917 -4.44372604 
1.00000000e-06 -9.38829717 -7.19534807 -5.85084096 -5.08711917 -4.44372604 
7.74263683e-07 -9.38829717 -7.19534807 -5.85084096 -5.08711917 -4.44372604 
5.99484250e-07 -9.38829717 -7.19534807 -5.85084096 -5.08711917 -4.44372604 
4.64158883e-07 -9.38829717 -7.19534807 -5.85084096 -5.08711917 -4.44372604 
3.59381366e-07 -9.38829717 -7.19534807 -5.85084096 -5.08711917 -4.44372604 
2.78255940e-07 -9.38829717 -7.19534807 -5.85084096 -5.08711917 -4.44372604 
2.15443469e-07 -9.38829717 -7.19534807 -5.85084096 -5.08711917 -4.44372604 
1.66810054e-07 -9.38829717 -7.19534807 -5.85084096 -5.08711917 -4.44372604 
1.29154967e-07 -9.38829717 -7.19534807 -5.85084096 -5.08711917 -4.44372604 
1.00000000e-07 -9.38829717 -7.19534807 -5.85084096 -5.08711917 -4.44372604 
7.74263683e-08 -9.38829717 -7.19534807 -5.85084096 -5.08711917 -4.44372604 
5.99484250e-08 -9.38829717 -7.19534807 -5.85084096 -5.08711917 -4.44372604 
4.64158883e-08 -9.38829717 -7.19534807 -5.85084096 -5.08711917 -4.44372604 
3.59381366e-08 -9.38829717 -7.19534807 -5.85084096 -5.08711917 -4.44372604 
2.78255940e-08 -9.38829717 -7.19534807 -5.85084096 -5.08711917 -4.44372604 
2.15443469e-08 -9.38829717 -7.19534807 -5.85084096 -5.08711917 -4.44372604 
1.66810054e-08 -9.38829717 -7.19534807 -5.85084096 -5.08711917 -4.44372604 
1.29154967e-08 -9.38829717 -7.19534807 -5.85084096 -5.08711917 -4.44372604 
1.00000000e-08 -9.38829717 -7.19534807 -5.85084096 -5.08711917 -4.44372604 
7.74263683e-09 -9.38829717 -7.19534807 -5.85084096 -5.08711917 -4.44372604 
5.99484250e-09 -9.38829717 -7.19534807 -5.85084096 -5.08711917 -4.44372604 
4.64158883e-09 -9.38829717 -7.19534807 -5.85084096 -5.08711917 -4.44372604 
3.59381366e-09 -9.38829717 -7.19534807 -5.85084096 -5.08711917 -4.44372604 
2.78255940e-09 -9.38829717 -7.19534807 -5.85084096 -5.08711917 -4.44372604 
2.15443469e-09 -9.38829717 -7.19534807 -5.85084096 -5.08711917 -4.44372604 
1.66810054e-09 -9.38829717 -7.19534807 -5.85084096 -5.08711917 -4.44372604 
1.29154967e-09 -9.38829717 -7.19534807 -5.85084096 -5.08711917 -4.44372604 
1.00000000e-09 -9.38829717 -7.19534807 -5.85084096 -5.08711917 -4.44372604 
7.74263683e-10 -9.38829717 -7.19534807 -5.85084096 -5.08711917 -4.44372604 
5.99484250e-10 -9.38829717 -7.19534807 -5.85084096 -5.08711917 -4.44372604 
4.64158883e-10 -9.38829717 -7.19534807 -5.85084096 -5.08711917 -4.44372604 
3.59381366e-10 -9.38829717 -7.19534807 -5.85084096 -5.08711917 -4.44372604 
2.78255940e-10 -9.38829717 -7.19534807 -5.85084096 -5.08711917 -4.44372604 
2.15443469e-10 -9.38829717 -7.19534807 -5.85084096 -5.08711917 -4.44372604 
1.66810054e-10 -9.38829717 -7.19534807 -5.85084096 -5.08711917 -4.44372604 
1.29154967e-10 -9.38829717 -7.19534807 -5.85084096 -5.08711917 -4.44372604 
1.00000000e-10 -9.38829717 -7.19534807 -5.85084096 -5.08711917 -4.44372604 
P (bar) | log_NH3: -2σ | log_NH3: -1σ | log_NH3: median | log_NH3: +1σ | log_NH3: +2σ 
1.00000000e+01 -9.79448481 -8.70521122 -6.89936338 -6.17448586 -5.67525211 
7.74263683e+00 -9.79448481 -8.70521122 -6.89936338 -6.17448586 -5.67525211 
5.99484250e+00 -9.79448481 -8.70521122 -6.89936338 -6.17448586 -5.67525211 
4.64158883e+00 -9.79448481 -8.70521122 -6.89936338 -6.17448586 -5.67525211 
3.59381366e+00 -9.79448481 -8.70521122 -6.89936338 -6.17448586 -5.67525211 
2.78255940e+00 -9.79448481 -8.70521122 -6.89936338 -6.17448586 -5.67525211 
2.15443469e+00 -9.79448481 -8.70521122 -6.89936338 -6.17448586 -5.67525211 
1.66810054e+00 -9.79448481 -8.70521122 -6.89936338 -6.17448586 -5.67525211 
1.29154967e+00 -9.79448481 -8.70521122 -6.89936338 -6.17448586 -5.67525211 
1.00000000e+00 -9.79448481 -8.70521122 -6.89936338 -6.17448586 -5.67525211 
7.74263683e-01 -9.79448481 -8.70521122 -6.89936338 -6.17448586 -5.67525211 
5.99484250e-01 -9.79448481 -8.70521122 -6.89936338 -6.17448586 -5.67525211 
4.64158883e-01 -9.79448481 -8.70521122 -6.89936338 -6.17448586 -5.67525211 
3.59381366e-01 -9.79448481 -8.70521122 -6.89936338 -6.17448586 -5.67525211 
2.78255940e-01 -9.79448481 -8.70521122 -6.89936338 -6.17448586 -5.67525211 
2.15443469e-01 -9.79448481 -8.70521122 -6.89936338 -6.17448586 -5.67525211 
1.66810054e-01 -9.79448481 -8.70521122 -6.89936338 -6.17448586 -5.67525211 
1.29154967e-01 -9.79448481 -8.70521122 -6.89936338 -6.17448586 -5.67525211 
1.00000000e-01 -9.79448481 -8.70521122 -6.89936338 -6.17448586 -5.67525211 
7.74263683e-02 -9.79448481 -8.70521122 -6.89936338 -6.17448586 -5.67525211 
5.99484250e-02 -9.79448481 -8.70521122 -6.89936338 -6.17448586 -5.67525211 
4.64158883e-02 -9.79448481 -8.70521122 -6.89936338 -6.17448586 -5.67525211 
3.59381366e-02 -9.79448481 -8.70521122 -6.89936338 -6.17448586 -5.67525211 
2.78255940e-02 -9.79448481 -8.70521122 -6.89936338 -6.17448586 -5.67525211 
2.15443469e-02 -9.79448481 -8.70521122 -6.89936338 -6.17448586 -5.67525211 
1.66810054e-02 -9.79448481 -8.70521122 -6.89936338 -6.17448586 -5.67525211 
1.29154967e-02 -9.79448481 -8.70521122 -6.89936338 -6.17448586 -5.67525211 
1.00000000e-02 -9.79448481 -8.70521122 -6.89936338 -6.17448586 -5.67525211 
7.74263683e-03 -9.79448481 -8.70521122 -6.89936338 -6.17448586 -5.67525211 
5.99484250e-03 -9.79448481 -8.70521122 -6.89936338 -6.17448586 -5.67525211 
4.64158883e-03 -9.79448481 -8.70521122 -6.89936338 -6.17448586 -5.67525211 
3.59381366e-03 -9.79448481 -8.70521122 -6.89936338 -6.17448586 -5.67525211 
2.78255940e-03 -9.79448481 -8.70521122 -6.89936338 -6.17448586 -5.67525211 
2.15443469e-03 -9.79448481 -8.70521122 -6.89936338 -6.17448586 -5.67525211 
1.66810054e-03 -9.79448481 -8.70521122 -6.89936338 -6.17448586 -5.67525211 
1.29154967e-03 -9.79448481 -8.70521122 -6.89936338 -6.17448586 -5.67525211 
1.00000000e-03 -9.79448481 -8.70521122 -6.89936338 -6.17448586 -5.67525211 
7.74263683e-04 -9.79448481 -8.70521122 -6.89936338 -6.17448586 -5.67525211 
5.99484250e-04 -9.79448481 -8.70521122 -6.89936338 -6.17448586 -5.67525211 
4.64158883e-04 -9.79448481 -8.70521122 -6.89936338 -6.17448586 -5.67525211 
3.59381366e-04 -9.79448481 -8.70521122 -6.89936338 -6.17448586 -5.67525211 
2.78255940e-04 -9.79448481 -8.70521122 -6.89936338 -6.17448586 -5.67525211 
2.15443469e-04 -9.79448481 -8.70521122 -6.89936338 -6.17448586 -5.67525211 
1.66810054e-04 -9.79448481 -8.70521122 -6.89936338 -6.17448586 -5.67525211 
1.29154967e-04 -9.79448481 -8.70521122 -6.89936338 -6.17448586 -5.67525211 
1.00000000e-04 -9.79448481 -8.70521122 -6.89936338 -6.17448586 -5.67525211 
7.74263683e-05 -9.79448481 -8.70521122 -6.89936338 -6.17448586 -5.67525211 
5.99484250e-05 -9.79448481 -8.70521122 -6.89936338 -6.17448586 -5.67525211 
4.64158883e-05 -9.79448481 -8.70521122 -6.89936338 -6.17448586 -5.67525211 
3.59381366e-05 -9.79448481 -8.70521122 -6.89936338 -6.17448586 -5.67525211 
2.78255940e-05 -9.79448481 -8.70521122 -6.89936338 -6.17448586 -5.67525211 
2.15443469e-05 -9.79448481 -8.70521122 -6.89936338 -6.17448586 -5.67525211 
1.66810054e-05 -9.79448481 -8.70521122 -6.89936338 -6.17448586 -5.67525211 
1.29154967e-05 -9.79448481 -8.70521122 -6.89936338 -6.17448586 -5.67525211 
1.00000000e-05 -9.79448481 -8.70521122 -6.89936338 -6.17448586 -5.67525211 
7.74263683e-06 -9.79448481 -8.70521122 -6.89936338 -6.17448586 -5.67525211 
5.99484250e-06 -9.79448481 -8.70521122 -6.89936338 -6.17448586 -5.67525211 
4.64158883e-06 -9.79448481 -8.70521122 -6.89936338 -6.17448586 -5.67525211 
3.59381366e-06 -9.79448481 -8.70521122 -6.89936338 -6.17448586 -5.67525211 
2.78255940e-06 -9.79448481 -8.70521122 -6.89936338 -6.17448586 -5.67525211 
2.15443469e-06 -9.79448481 -8.70521122 -6.89936338 -6.17448586 -5.67525211 
1.66810054e-06 -9.79448481 -8.70521122 -6.89936338 -6.17448586 -5.67525211 
1.29154967e-06 -9.79448481 -8.70521122 -6.89936338 -6.17448586 -5.67525211 
1.00000000e-06 -9.79448481 -8.70521122 -6.89936338 -6.17448586 -5.67525211 
7.74263683e-07 -9.79448481 -8.70521122 -6.89936338 -6.17448586 -5.67525211 
5.99484250e-07 -9.79448481 -8.70521122 -6.89936338 -6.17448586 -5.67525211 
4.64158883e-07 -9.79448481 -8.70521122 -6.89936338 -6.17448586 -5.67525211 
3.59381366e-07 -9.79448481 -8.70521122 -6.89936338 -6.17448586 -5.67525211 
2.78255940e-07 -9.79448481 -8.70521122 -6.89936338 -6.17448586 -5.67525211 
2.15443469e-07 -9.79448481 -8.70521122 -6.89936338 -6.17448586 -5.67525211 
1.66810054e-07 -9.79448481 -8.70521122 -6.89936338 -6.17448586 -5.67525211 
1.29154967e-07 -9.79448481 -8.70521122 -6.89936338 -6.17448586 -5.67525211 
1.00000000e-07 -9.79448481 -8.70521122 -6.89936338 -6.17448586 -5.67525211 
7.74263683e-08 -9.79448481 -8.70521122 -6.89936338 -6.17448586 -5.67525211 
5.99484250e-08 -9.79448481 -8.70521122 -6.89936338 -6.17448586 -5.67525211 
4.64158883e-08 -9.79448481 -8.70521122 -6.89936338 -6.17448586 -5.67525211 
3.59381366e-08 -9.79448481 -8.70521122 -6.89936338 -6.17448586 -5.67525211 
2.78255940e-08 -9.79448481 -8.70521122 -6.89936338 -6.17448586 -5.67525211 
2.15443469e-08 -9.79448481 -8.70521122 -6.89936338 -6.17448586 -5.67525211 
1.66810054e-08 -9.79448481 -8.70521122 -6.89936338 -6.17448586 -5.67525211 
1.29154967e-08 -9.79448481 -8.70521122 -6.89936338 -6.17448586 -5.67525211 
1.00000000e-08 -9.79448481 -8.70521122 -6.89936338 -6.17448586 -5.67525211 
7.74263683e-09 -9.79448481 -8.70521122 -6.89936338 -6.17448586 -5.67525211 
5.99484250e-09 -9.79448481 -8.70521122 -6.89936338 -6.17448586 -5.67525211 
4.64158883e-09 -9.79448481 -8.70521122 -6.89936338 -6.17448586 -5.67525211 
3.59381366e-09 -9.79448481 -8.70521122 -6.89936338 -6.17448586 -5.67525211 
2.78255940e-09 -9.79448481 -8.70521122 -6.89936338 -6.17448586 -5.67525211 
2.15443469e-09 -9.79448481 -8.70521122 -6.89936338 -6.17448586 -5.67525211 
1.66810054e-09 -9.79448481 -8.70521122 -6.89936338 -6.17448586 -5.67525211 
1.29154967e-09 -9.79448481 -8.70521122 -6.89936338 -6.17448586 -5.67525211 
1.00000000e-09 -9.79448481 -8.70521122 -6.89936338 -6.17448586 -5.67525211 
7.74263683e-10 -9.79448481 -8.70521122 -6.89936338 -6.17448586 -5.67525211 
5.99484250e-10 -9.79448481 -8.70521122 -6.89936338 -6.17448586 -5.67525211 
4.64158883e-10 -9.79448481 -8.70521122 -6.89936338 -6.17448586 -5.67525211 
3.59381366e-10 -9.79448481 -8.70521122 -6.89936338 -6.17448586 -5.67525211 
2.78255940e-10 -9.79448481 -8.70521122 -6.89936338 -6.17448586 -5.67525211 
2.15443469e-10 -9.79448481 -8.70521122 -6.89936338 -6.17448586 -5.67525211 
1.66810054e-10 -9.79448481 -8.70521122 -6.89936338 -6.17448586 -5.67525211 
1.29154967e-10 -9.79448481 -8.70521122 -6.89936338 -6.17448586 -5.67525211 
1.00000000e-10 -9.79448481 -8.70521122 -6.89936338 -6.17448586 -5.67525211 
