Chemical species: N2 H2O CO2 CH4 O2 O3 N2O NH3
P (bar) | log_N2: -2σ | log_N2: -1σ | log_N2: median | log_N2: +1σ | log_N2: +2σ 
1.00000000e+01 -0.04397382 -0.03229224 -0.00572463 -0.00016026 -0.00003228 
7.74263683e+00 -0.04397382 -0.03229224 -0.00572463 -0.00016026 -0.00003228 
5.99484250e+00 -0.04397382 -0.03229224 -0.00572463 -0.00016026 -0.00003228 
4.64158883e+00 -0.04397382 -0.03229224 -0.00572463 -0.00016026 -0.00003228 
3.59381366e+00 -0.04397382 -0.03229224 -0.00572463 -0.00016026 -0.00003228 
2.78255940e+00 -0.04397382 -0.03229224 -0.00572463 -0.00016026 -0.00003228 
2.15443469e+00 -0.04397382 -0.03229224 -0.00572463 -0.00016026 -0.00003228 
1.66810054e+00 -0.04397382 -0.03229224 -0.00572463 -0.00016026 -0.00003228 
1.29154967e+00 -0.04397382 -0.03229224 -0.00572463 -0.00016026 -0.00003228 
1.00000000e+00 -0.04397382 -0.03229224 -0.00572463 -0.00016026 -0.00003228 
7.74263683e-01 -0.04397382 -0.03229224 -0.00572463 -0.00016026 -0.00003228 
5.99484250e-01 -0.04397382 -0.03229224 -0.00572463 -0.00016026 -0.00003228 
4.64158883e-01 -0.04397382 -0.03229224 -0.00572463 -0.00016026 -0.00003228 
3.59381366e-01 -0.04397382 -0.03229224 -0.00572463 -0.00016026 -0.00003228 
2.78255940e-01 -0.04397382 -0.03229224 -0.00572463 -0.00016026 -0.00003228 
2.15443469e-01 -0.04397382 -0.03229224 -0.00572463 -0.00016026 -0.00003228 
1.66810054e-01 -0.04397382 -0.03229224 -0.00572463 -0.00016026 -0.00003228 
1.29154967e-01 -0.04397382 -0.03229224 -0.00572463 -0.00016026 -0.00003228 
1.00000000e-01 -0.04397382 -0.03229224 -0.00572463 -0.00016026 -0.00003228 
7.74263683e-02 -0.04397382 -0.03229224 -0.00572463 -0.00016026 -0.00003228 
5.99484250e-02 -0.04397382 -0.03229224 -0.00572463 -0.00016026 -0.00003228 
4.64158883e-02 -0.04397382 -0.03229224 -0.00572463 -0.00016026 -0.00003228 
3.59381366e-02 -0.04397382 -0.03229224 -0.00572463 -0.00016026 -0.00003228 
2.78255940e-02 -0.04397382 -0.03229224 -0.00572463 -0.00016026 -0.00003228 
2.15443469e-02 -0.04397382 -0.03229224 -0.00572463 -0.00016026 -0.00003228 
1.66810054e-02 -0.04397382 -0.03229224 -0.00572463 -0.00016026 -0.00003228 
1.29154967e-02 -0.04397382 -0.03229224 -0.00572463 -0.00016026 -0.00003228 
1.00000000e-02 -0.04397382 -0.03229224 -0.00572463 -0.00016026 -0.00003228 
7.74263683e-03 -0.04397382 -0.03229224 -0.00572463 -0.00016026 -0.00003228 
5.99484250e-03 -0.04397382 -0.03229224 -0.00572463 -0.00016026 -0.00003228 
4.64158883e-03 -0.04397382 -0.03229224 -0.00572463 -0.00016026 -0.00003228 
3.59381366e-03 -0.04397382 -0.03229224 -0.00572463 -0.00016026 -0.00003228 
2.78255940e-03 -0.04397382 -0.03229224 -0.00572463 -0.00016026 -0.00003228 
2.15443469e-03 -0.04397382 -0.03229224 -0.00572463 -0.00016026 -0.00003228 
1.66810054e-03 -0.04397382 -0.03229224 -0.00572463 -0.00016026 -0.00003228 
1.29154967e-03 -0.04397382 -0.03229224 -0.00572463 -0.00016026 -0.00003228 
1.00000000e-03 -0.04397382 -0.03229224 -0.00572463 -0.00016026 -0.00003228 
7.74263683e-04 -0.04397382 -0.03229224 -0.00572463 -0.00016026 -0.00003228 
5.99484250e-04 -0.04397382 -0.03229224 -0.00572463 -0.00016026 -0.00003228 
4.64158883e-04 -0.04397382 -0.03229224 -0.00572463 -0.00016026 -0.00003228 
3.59381366e-04 -0.04397382 -0.03229224 -0.00572463 -0.00016026 -0.00003228 
2.78255940e-04 -0.04397382 -0.03229224 -0.00572463 -0.00016026 -0.00003228 
2.15443469e-04 -0.04397382 -0.03229224 -0.00572463 -0.00016026 -0.00003228 
1.66810054e-04 -0.04397382 -0.03229224 -0.00572463 -0.00016026 -0.00003228 
1.29154967e-04 -0.04397382 -0.03229224 -0.00572463 -0.00016026 -0.00003228 
1.00000000e-04 -0.04397382 -0.03229224 -0.00572463 -0.00016026 -0.00003228 
7.74263683e-05 -0.04397382 -0.03229224 -0.00572463 -0.00016026 -0.00003228 
5.99484250e-05 -0.04397382 -0.03229224 -0.00572463 -0.00016026 -0.00003228 
4.64158883e-05 -0.04397382 -0.03229224 -0.00572463 -0.00016026 -0.00003228 
3.59381366e-05 -0.04397382 -0.03229224 -0.00572463 -0.00016026 -0.00003228 
2.78255940e-05 -0.04397382 -0.03229224 -0.00572463 -0.00016026 -0.00003228 
2.15443469e-05 -0.04397382 -0.03229224 -0.00572463 -0.00016026 -0.00003228 
1.66810054e-05 -0.04397382 -0.03229224 -0.00572463 -0.00016026 -0.00003228 
1.29154967e-05 -0.04397382 -0.03229224 -0.00572463 -0.00016026 -0.00003228 
1.00000000e-05 -0.04397382 -0.03229224 -0.00572463 -0.00016026 -0.00003228 
7.74263683e-06 -0.04397382 -0.03229224 -0.00572463 -0.00016026 -0.00003228 
5.99484250e-06 -0.04397382 -0.03229224 -0.00572463 -0.00016026 -0.00003228 
4.64158883e-06 -0.04397382 -0.03229224 -0.00572463 -0.00016026 -0.00003228 
3.59381366e-06 -0.04397382 -0.03229224 -0.00572463 -0.00016026 -0.00003228 
2.78255940e-06 -0.04397382 -0.03229224 -0.00572463 -0.00016026 -0.00003228 
2.15443469e-06 -0.04397382 -0.03229224 -0.00572463 -0.00016026 -0.00003228 
1.66810054e-06 -0.04397382 -0.03229224 -0.00572463 -0.00016026 -0.00003228 
1.29154967e-06 -0.04397382 -0.03229224 -0.00572463 -0.00016026 -0.00003228 
1.00000000e-06 -0.04397382 -0.03229224 -0.00572463 -0.00016026 -0.00003228 
7.74263683e-07 -0.04397382 -0.03229224 -0.00572463 -0.00016026 -0.00003228 
5.99484250e-07 -0.04397382 -0.03229224 -0.00572463 -0.00016026 -0.00003228 
4.64158883e-07 -0.04397382 -0.03229224 -0.00572463 -0.00016026 -0.00003228 
3.59381366e-07 -0.04397382 -0.03229224 -0.00572463 -0.00016026 -0.00003228 
2.78255940e-07 -0.04397382 -0.03229224 -0.00572463 -0.00016026 -0.00003228 
2.15443469e-07 -0.04397382 -0.03229224 -0.00572463 -0.00016026 -0.00003228 
1.66810054e-07 -0.04397382 -0.03229224 -0.00572463 -0.00016026 -0.00003228 
1.29154967e-07 -0.04397382 -0.03229224 -0.00572463 -0.00016026 -0.00003228 
1.00000000e-07 -0.04397382 -0.03229224 -0.00572463 -0.00016026 -0.00003228 
7.74263683e-08 -0.04397382 -0.03229224 -0.00572463 -0.00016026 -0.00003228 
5.99484250e-08 -0.04397382 -0.03229224 -0.00572463 -0.00016026 -0.00003228 
4.64158883e-08 -0.04397382 -0.03229224 -0.00572463 -0.00016026 -0.00003228 
3.59381366e-08 -0.04397382 -0.03229224 -0.00572463 -0.00016026 -0.00003228 
2.78255940e-08 -0.04397382 -0.03229224 -0.00572463 -0.00016026 -0.00003228 
2.15443469e-08 -0.04397382 -0.03229224 -0.00572463 -0.00016026 -0.00003228 
1.66810054e-08 -0.04397382 -0.03229224 -0.00572463 -0.00016026 -0.00003228 
1.29154967e-08 -0.04397382 -0.03229224 -0.00572463 -0.00016026 -0.00003228 
1.00000000e-08 -0.04397382 -0.03229224 -0.00572463 -0.00016026 -0.00003228 
7.74263683e-09 -0.04397382 -0.03229224 -0.00572463 -0.00016026 -0.00003228 
5.99484250e-09 -0.04397382 -0.03229224 -0.00572463 -0.00016026 -0.00003228 
4.64158883e-09 -0.04397382 -0.03229224 -0.00572463 -0.00016026 -0.00003228 
3.59381366e-09 -0.04397382 -0.03229224 -0.00572463 -0.00016026 -0.00003228 
2.78255940e-09 -0.04397382 -0.03229224 -0.00572463 -0.00016026 -0.00003228 
2.15443469e-09 -0.04397382 -0.03229224 -0.00572463 -0.00016026 -0.00003228 
1.66810054e-09 -0.04397382 -0.03229224 -0.00572463 -0.00016026 -0.00003228 
1.29154967e-09 -0.04397382 -0.03229224 -0.00572463 -0.00016026 -0.00003228 
1.00000000e-09 -0.04397382 -0.03229224 -0.00572463 -0.00016026 -0.00003228 
7.74263683e-10 -0.04397382 -0.03229224 -0.00572463 -0.00016026 -0.00003228 
5.99484250e-10 -0.04397382 -0.03229224 -0.00572463 -0.00016026 -0.00003228 
4.64158883e-10 -0.04397382 -0.03229224 -0.00572463 -0.00016026 -0.00003228 
3.59381366e-10 -0.04397382 -0.03229224 -0.00572463 -0.00016026 -0.00003228 
2.78255940e-10 -0.04397382 -0.03229224 -0.00572463 -0.00016026 -0.00003228 
2.15443469e-10 -0.04397382 -0.03229224 -0.00572463 -0.00016026 -0.00003228 
1.66810054e-10 -0.04397382 -0.03229224 -0.00572463 -0.00016026 -0.00003228 
1.29154967e-10 -0.04397382 -0.03229224 -0.00572463 -0.00016026 -0.00003228 
1.00000000e-10 -0.04397382 -0.03229224 -0.00572463 -0.00016026 -0.00003228 
P (bar) | log_H2O: -2σ | log_H2O: -1σ | log_H2O: median | log_H2O: +1σ | log_H2O: +2σ 
1.00000000e+01 -5.25651290 -4.62387748 -4.01139171 -3.46093580 -2.95754198 
7.74263683e+00 -5.25651290 -4.62387748 -4.01139171 -3.46093580 -2.95754198 
5.99484250e+00 -5.25651290 -4.62387748 -4.01139171 -3.46093580 -2.95754198 
4.64158883e+00 -5.25651290 -4.62387748 -4.01139171 -3.46093580 -2.95754198 
3.59381366e+00 -5.25651290 -4.62387748 -4.01139171 -3.46093580 -2.95754198 
2.78255940e+00 -5.25651290 -4.62387748 -4.01139171 -3.46093580 -2.95754198 
2.15443469e+00 -5.25651290 -4.62387748 -4.01139171 -3.46093580 -2.95754198 
1.66810054e+00 -5.25651290 -4.62387748 -4.01139171 -3.46093580 -2.95754198 
1.29154967e+00 -5.25651290 -4.62387748 -4.01139171 -3.46093580 -2.95754198 
1.00000000e+00 -5.25651290 -4.62387748 -4.01139171 -3.46093580 -2.95754198 
7.74263683e-01 -5.25651290 -4.62387748 -4.01139171 -3.46093580 -2.95754198 
5.99484250e-01 -5.25651290 -4.62387748 -4.01139171 -3.46093580 -2.95754198 
4.64158883e-01 -5.25651290 -4.62387748 -4.01139171 -3.46093580 -2.95754198 
3.59381366e-01 -5.25651290 -4.62387748 -4.01139171 -3.46093580 -2.95754198 
2.78255940e-01 -5.25651290 -4.62387748 -4.01139171 -3.46093580 -2.95754198 
2.15443469e-01 -5.25651290 -4.62387748 -4.01139171 -3.46093580 -2.95754198 
1.66810054e-01 -5.25651290 -4.62387748 -4.01139171 -3.46093580 -2.95754198 
1.29154967e-01 -5.25651290 -4.62387748 -4.01139171 -3.46093580 -2.95754198 
1.00000000e-01 -5.25651290 -4.62387748 -4.01139171 -3.46093580 -2.95754198 
7.74263683e-02 -5.25651290 -4.62387748 -4.01139171 -3.46093580 -2.95754198 
5.99484250e-02 -5.25651290 -4.62387748 -4.01139171 -3.46093580 -2.95754198 
4.64158883e-02 -5.25651290 -4.62387748 -4.01139171 -3.46093580 -2.95754198 
3.59381366e-02 -5.25651290 -4.62387748 -4.01139171 -3.46093580 -2.95754198 
2.78255940e-02 -5.25651290 -4.62387748 -4.01139171 -3.46093580 -2.95754198 
2.15443469e-02 -5.25651290 -4.62387748 -4.01139171 -3.46093580 -2.95754198 
1.66810054e-02 -5.25651290 -4.62387748 -4.01139171 -3.46093580 -2.95754198 
1.29154967e-02 -5.25651290 -4.62387748 -4.01139171 -3.46093580 -2.95754198 
1.00000000e-02 -5.25651290 -4.62387748 -4.01139171 -3.46093580 -2.95754198 
7.74263683e-03 -5.25651290 -4.62387748 -4.01139171 -3.46093580 -2.95754198 
5.99484250e-03 -5.25651290 -4.62387748 -4.01139171 -3.46093580 -2.95754198 
4.64158883e-03 -5.25651290 -4.62387748 -4.01139171 -3.46093580 -2.95754198 
3.59381366e-03 -5.25651290 -4.62387748 -4.01139171 -3.46093580 -2.95754198 
2.78255940e-03 -5.25651290 -4.62387748 -4.01139171 -3.46093580 -2.95754198 
2.15443469e-03 -5.25651290 -4.62387748 -4.01139171 -3.46093580 -2.95754198 
1.66810054e-03 -5.25651290 -4.62387748 -4.01139171 -3.46093580 -2.95754198 
1.29154967e-03 -5.25651290 -4.62387748 -4.01139171 -3.46093580 -2.95754198 
1.00000000e-03 -5.25651290 -4.62387748 -4.01139171 -3.46093580 -2.95754198 
7.74263683e-04 -5.25651290 -4.62387748 -4.01139171 -3.46093580 -2.95754198 
5.99484250e-04 -5.25651290 -4.62387748 -4.01139171 -3.46093580 -2.95754198 
4.64158883e-04 -5.25651290 -4.62387748 -4.01139171 -3.46093580 -2.95754198 
3.59381366e-04 -5.25651290 -4.62387748 -4.01139171 -3.46093580 -2.95754198 
2.78255940e-04 -5.25651290 -4.62387748 -4.01139171 -3.46093580 -2.95754198 
2.15443469e-04 -5.25651290 -4.62387748 -4.01139171 -3.46093580 -2.95754198 
1.66810054e-04 -5.25651290 -4.62387748 -4.01139171 -3.46093580 -2.95754198 
1.29154967e-04 -5.25651290 -4.62387748 -4.01139171 -3.46093580 -2.95754198 
1.00000000e-04 -5.25651290 -4.62387748 -4.01139171 -3.46093580 -2.95754198 
7.74263683e-05 -5.25651290 -4.62387748 -4.01139171 -3.46093580 -2.95754198 
5.99484250e-05 -5.25651290 -4.62387748 -4.01139171 -3.46093580 -2.95754198 
4.64158883e-05 -5.25651290 -4.62387748 -4.01139171 -3.46093580 -2.95754198 
3.59381366e-05 -5.25651290 -4.62387748 -4.01139171 -3.46093580 -2.95754198 
2.78255940e-05 -5.25651290 -4.62387748 -4.01139171 -3.46093580 -2.95754198 
2.15443469e-05 -5.25651290 -4.62387748 -4.01139171 -3.46093580 -2.95754198 
1.66810054e-05 -5.25651290 -4.62387748 -4.01139171 -3.46093580 -2.95754198 
1.29154967e-05 -5.25651290 -4.62387748 -4.01139171 -3.46093580 -2.95754198 
1.00000000e-05 -5.25651290 -4.62387748 -4.01139171 -3.46093580 -2.95754198 
7.74263683e-06 -5.25651290 -4.62387748 -4.01139171 -3.46093580 -2.95754198 
5.99484250e-06 -5.25651290 -4.62387748 -4.01139171 -3.46093580 -2.95754198 
4.64158883e-06 -5.25651290 -4.62387748 -4.01139171 -3.46093580 -2.95754198 
3.59381366e-06 -5.25651290 -4.62387748 -4.01139171 -3.46093580 -2.95754198 
2.78255940e-06 -5.25651290 -4.62387748 -4.01139171 -3.46093580 -2.95754198 
2.15443469e-06 -5.25651290 -4.62387748 -4.01139171 -3.46093580 -2.95754198 
1.66810054e-06 -5.25651290 -4.62387748 -4.01139171 -3.46093580 -2.95754198 
1.29154967e-06 -5.25651290 -4.62387748 -4.01139171 -3.46093580 -2.95754198 
1.00000000e-06 -5.25651290 -4.62387748 -4.01139171 -3.46093580 -2.95754198 
7.74263683e-07 -5.25651290 -4.62387748 -4.01139171 -3.46093580 -2.95754198 
5.99484250e-07 -5.25651290 -4.62387748 -4.01139171 -3.46093580 -2.95754198 
4.64158883e-07 -5.25651290 -4.62387748 -4.01139171 -3.46093580 -2.95754198 
3.59381366e-07 -5.25651290 -4.62387748 -4.01139171 -3.46093580 -2.95754198 
2.78255940e-07 -5.25651290 -4.62387748 -4.01139171 -3.46093580 -2.95754198 
2.15443469e-07 -5.25651290 -4.62387748 -4.01139171 -3.46093580 -2.95754198 
1.66810054e-07 -5.25651290 -4.62387748 -4.01139171 -3.46093580 -2.95754198 
1.29154967e-07 -5.25651290 -4.62387748 -4.01139171 -3.46093580 -2.95754198 
1.00000000e-07 -5.25651290 -4.62387748 -4.01139171 -3.46093580 -2.95754198 
7.74263683e-08 -5.25651290 -4.62387748 -4.01139171 -3.46093580 -2.95754198 
5.99484250e-08 -5.25651290 -4.62387748 -4.01139171 -3.46093580 -2.95754198 
4.64158883e-08 -5.25651290 -4.62387748 -4.01139171 -3.46093580 -2.95754198 
3.59381366e-08 -5.25651290 -4.62387748 -4.01139171 -3.46093580 -2.95754198 
2.78255940e-08 -5.25651290 -4.62387748 -4.01139171 -3.46093580 -2.95754198 
2.15443469e-08 -5.25651290 -4.62387748 -4.01139171 -3.46093580 -2.95754198 
1.66810054e-08 -5.25651290 -4.62387748 -4.01139171 -3.46093580 -2.95754198 
1.29154967e-08 -5.25651290 -4.62387748 -4.01139171 -3.46093580 -2.95754198 
1.00000000e-08 -5.25651290 -4.62387748 -4.01139171 -3.46093580 -2.95754198 
7.74263683e-09 -5.25651290 -4.62387748 -4.01139171 -3.46093580 -2.95754198 
5.99484250e-09 -5.25651290 -4.62387748 -4.01139171 -3.46093580 -2.95754198 
4.64158883e-09 -5.25651290 -4.62387748 -4.01139171 -3.46093580 -2.95754198 
3.59381366e-09 -5.25651290 -4.62387748 -4.01139171 -3.46093580 -2.95754198 
2.78255940e-09 -5.25651290 -4.62387748 -4.01139171 -3.46093580 -2.95754198 
2.15443469e-09 -5.25651290 -4.62387748 -4.01139171 -3.46093580 -2.95754198 
1.66810054e-09 -5.25651290 -4.62387748 -4.01139171 -3.46093580 -2.95754198 
1.29154967e-09 -5.25651290 -4.62387748 -4.01139171 -3.46093580 -2.95754198 
1.00000000e-09 -5.25651290 -4.62387748 -4.01139171 -3.46093580 -2.95754198 
7.74263683e-10 -5.25651290 -4.62387748 -4.01139171 -3.46093580 -2.95754198 
5.99484250e-10 -5.25651290 -4.62387748 -4.01139171 -3.46093580 -2.95754198 
4.64158883e-10 -5.25651290 -4.62387748 -4.01139171 -3.46093580 -2.95754198 
3.59381366e-10 -5.25651290 -4.62387748 -4.01139171 -3.46093580 -2.95754198 
2.78255940e-10 -5.25651290 -4.62387748 -4.01139171 -3.46093580 -2.95754198 
2.15443469e-10 -5.25651290 -4.62387748 -4.01139171 -3.46093580 -2.95754198 
1.66810054e-10 -5.25651290 -4.62387748 -4.01139171 -3.46093580 -2.95754198 
1.29154967e-10 -5.25651290 -4.62387748 -4.01139171 -3.46093580 -2.95754198 
1.00000000e-10 -5.25651290 -4.62387748 -4.01139171 -3.46093580 -2.95754198 
P (bar) | log_CO2: -2σ | log_CO2: -1σ | log_CO2: median | log_CO2: +1σ | log_CO2: +2σ 
1.00000000e+01 -5.55773300 -4.43541654 -3.59694149 -2.79626314 -2.22120187 
7.74263683e+00 -5.55773300 -4.43541654 -3.59694149 -2.79626314 -2.22120187 
5.99484250e+00 -5.55773300 -4.43541654 -3.59694149 -2.79626314 -2.22120187 
4.64158883e+00 -5.55773300 -4.43541654 -3.59694149 -2.79626314 -2.22120187 
3.59381366e+00 -5.55773300 -4.43541654 -3.59694149 -2.79626314 -2.22120187 
2.78255940e+00 -5.55773300 -4.43541654 -3.59694149 -2.79626314 -2.22120187 
2.15443469e+00 -5.55773300 -4.43541654 -3.59694149 -2.79626314 -2.22120187 
1.66810054e+00 -5.55773300 -4.43541654 -3.59694149 -2.79626314 -2.22120187 
1.29154967e+00 -5.55773300 -4.43541654 -3.59694149 -2.79626314 -2.22120187 
1.00000000e+00 -5.55773300 -4.43541654 -3.59694149 -2.79626314 -2.22120187 
7.74263683e-01 -5.55773300 -4.43541654 -3.59694149 -2.79626314 -2.22120187 
5.99484250e-01 -5.55773300 -4.43541654 -3.59694149 -2.79626314 -2.22120187 
4.64158883e-01 -5.55773300 -4.43541654 -3.59694149 -2.79626314 -2.22120187 
3.59381366e-01 -5.55773300 -4.43541654 -3.59694149 -2.79626314 -2.22120187 
2.78255940e-01 -5.55773300 -4.43541654 -3.59694149 -2.79626314 -2.22120187 
2.15443469e-01 -5.55773300 -4.43541654 -3.59694149 -2.79626314 -2.22120187 
1.66810054e-01 -5.55773300 -4.43541654 -3.59694149 -2.79626314 -2.22120187 
1.29154967e-01 -5.55773300 -4.43541654 -3.59694149 -2.79626314 -2.22120187 
1.00000000e-01 -5.55773300 -4.43541654 -3.59694149 -2.79626314 -2.22120187 
7.74263683e-02 -5.55773300 -4.43541654 -3.59694149 -2.79626314 -2.22120187 
5.99484250e-02 -5.55773300 -4.43541654 -3.59694149 -2.79626314 -2.22120187 
4.64158883e-02 -5.55773300 -4.43541654 -3.59694149 -2.79626314 -2.22120187 
3.59381366e-02 -5.55773300 -4.43541654 -3.59694149 -2.79626314 -2.22120187 
2.78255940e-02 -5.55773300 -4.43541654 -3.59694149 -2.79626314 -2.22120187 
2.15443469e-02 -5.55773300 -4.43541654 -3.59694149 -2.79626314 -2.22120187 
1.66810054e-02 -5.55773300 -4.43541654 -3.59694149 -2.79626314 -2.22120187 
1.29154967e-02 -5.55773300 -4.43541654 -3.59694149 -2.79626314 -2.22120187 
1.00000000e-02 -5.55773300 -4.43541654 -3.59694149 -2.79626314 -2.22120187 
7.74263683e-03 -5.55773300 -4.43541654 -3.59694149 -2.79626314 -2.22120187 
5.99484250e-03 -5.55773300 -4.43541654 -3.59694149 -2.79626314 -2.22120187 
4.64158883e-03 -5.55773300 -4.43541654 -3.59694149 -2.79626314 -2.22120187 
3.59381366e-03 -5.55773300 -4.43541654 -3.59694149 -2.79626314 -2.22120187 
2.78255940e-03 -5.55773300 -4.43541654 -3.59694149 -2.79626314 -2.22120187 
2.15443469e-03 -5.55773300 -4.43541654 -3.59694149 -2.79626314 -2.22120187 
1.66810054e-03 -5.55773300 -4.43541654 -3.59694149 -2.79626314 -2.22120187 
1.29154967e-03 -5.55773300 -4.43541654 -3.59694149 -2.79626314 -2.22120187 
1.00000000e-03 -5.55773300 -4.43541654 -3.59694149 -2.79626314 -2.22120187 
7.74263683e-04 -5.55773300 -4.43541654 -3.59694149 -2.79626314 -2.22120187 
5.99484250e-04 -5.55773300 -4.43541654 -3.59694149 -2.79626314 -2.22120187 
4.64158883e-04 -5.55773300 -4.43541654 -3.59694149 -2.79626314 -2.22120187 
3.59381366e-04 -5.55773300 -4.43541654 -3.59694149 -2.79626314 -2.22120187 
2.78255940e-04 -5.55773300 -4.43541654 -3.59694149 -2.79626314 -2.22120187 
2.15443469e-04 -5.55773300 -4.43541654 -3.59694149 -2.79626314 -2.22120187 
1.66810054e-04 -5.55773300 -4.43541654 -3.59694149 -2.79626314 -2.22120187 
1.29154967e-04 -5.55773300 -4.43541654 -3.59694149 -2.79626314 -2.22120187 
1.00000000e-04 -5.55773300 -4.43541654 -3.59694149 -2.79626314 -2.22120187 
7.74263683e-05 -5.55773300 -4.43541654 -3.59694149 -2.79626314 -2.22120187 
5.99484250e-05 -5.55773300 -4.43541654 -3.59694149 -2.79626314 -2.22120187 
4.64158883e-05 -5.55773300 -4.43541654 -3.59694149 -2.79626314 -2.22120187 
3.59381366e-05 -5.55773300 -4.43541654 -3.59694149 -2.79626314 -2.22120187 
2.78255940e-05 -5.55773300 -4.43541654 -3.59694149 -2.79626314 -2.22120187 
2.15443469e-05 -5.55773300 -4.43541654 -3.59694149 -2.79626314 -2.22120187 
1.66810054e-05 -5.55773300 -4.43541654 -3.59694149 -2.79626314 -2.22120187 
1.29154967e-05 -5.55773300 -4.43541654 -3.59694149 -2.79626314 -2.22120187 
1.00000000e-05 -5.55773300 -4.43541654 -3.59694149 -2.79626314 -2.22120187 
7.74263683e-06 -5.55773300 -4.43541654 -3.59694149 -2.79626314 -2.22120187 
5.99484250e-06 -5.55773300 -4.43541654 -3.59694149 -2.79626314 -2.22120187 
4.64158883e-06 -5.55773300 -4.43541654 -3.59694149 -2.79626314 -2.22120187 
3.59381366e-06 -5.55773300 -4.43541654 -3.59694149 -2.79626314 -2.22120187 
2.78255940e-06 -5.55773300 -4.43541654 -3.59694149 -2.79626314 -2.22120187 
2.15443469e-06 -5.55773300 -4.43541654 -3.59694149 -2.79626314 -2.22120187 
1.66810054e-06 -5.55773300 -4.43541654 -3.59694149 -2.79626314 -2.22120187 
1.29154967e-06 -5.55773300 -4.43541654 -3.59694149 -2.79626314 -2.22120187 
1.00000000e-06 -5.55773300 -4.43541654 -3.59694149 -2.79626314 -2.22120187 
7.74263683e-07 -5.55773300 -4.43541654 -3.59694149 -2.79626314 -2.22120187 
5.99484250e-07 -5.55773300 -4.43541654 -3.59694149 -2.79626314 -2.22120187 
4.64158883e-07 -5.55773300 -4.43541654 -3.59694149 -2.79626314 -2.22120187 
3.59381366e-07 -5.55773300 -4.43541654 -3.59694149 -2.79626314 -2.22120187 
2.78255940e-07 -5.55773300 -4.43541654 -3.59694149 -2.79626314 -2.22120187 
2.15443469e-07 -5.55773300 -4.43541654 -3.59694149 -2.79626314 -2.22120187 
1.66810054e-07 -5.55773300 -4.43541654 -3.59694149 -2.79626314 -2.22120187 
1.29154967e-07 -5.55773300 -4.43541654 -3.59694149 -2.79626314 -2.22120187 
1.00000000e-07 -5.55773300 -4.43541654 -3.59694149 -2.79626314 -2.22120187 
7.74263683e-08 -5.55773300 -4.43541654 -3.59694149 -2.79626314 -2.22120187 
5.99484250e-08 -5.55773300 -4.43541654 -3.59694149 -2.79626314 -2.22120187 
4.64158883e-08 -5.55773300 -4.43541654 -3.59694149 -2.79626314 -2.22120187 
3.59381366e-08 -5.55773300 -4.43541654 -3.59694149 -2.79626314 -2.22120187 
2.78255940e-08 -5.55773300 -4.43541654 -3.59694149 -2.79626314 -2.22120187 
2.15443469e-08 -5.55773300 -4.43541654 -3.59694149 -2.79626314 -2.22120187 
1.66810054e-08 -5.55773300 -4.43541654 -3.59694149 -2.79626314 -2.22120187 
1.29154967e-08 -5.55773300 -4.43541654 -3.59694149 -2.79626314 -2.22120187 
1.00000000e-08 -5.55773300 -4.43541654 -3.59694149 -2.79626314 -2.22120187 
7.74263683e-09 -5.55773300 -4.43541654 -3.59694149 -2.79626314 -2.22120187 
5.99484250e-09 -5.55773300 -4.43541654 -3.59694149 -2.79626314 -2.22120187 
4.64158883e-09 -5.55773300 -4.43541654 -3.59694149 -2.79626314 -2.22120187 
3.59381366e-09 -5.55773300 -4.43541654 -3.59694149 -2.79626314 -2.22120187 
2.78255940e-09 -5.55773300 -4.43541654 -3.59694149 -2.79626314 -2.22120187 
2.15443469e-09 -5.55773300 -4.43541654 -3.59694149 -2.79626314 -2.22120187 
1.66810054e-09 -5.55773300 -4.43541654 -3.59694149 -2.79626314 -2.22120187 
1.29154967e-09 -5.55773300 -4.43541654 -3.59694149 -2.79626314 -2.22120187 
1.00000000e-09 -5.55773300 -4.43541654 -3.59694149 -2.79626314 -2.22120187 
7.74263683e-10 -5.55773300 -4.43541654 -3.59694149 -2.79626314 -2.22120187 
5.99484250e-10 -5.55773300 -4.43541654 -3.59694149 -2.79626314 -2.22120187 
4.64158883e-10 -5.55773300 -4.43541654 -3.59694149 -2.79626314 -2.22120187 
3.59381366e-10 -5.55773300 -4.43541654 -3.59694149 -2.79626314 -2.22120187 
2.78255940e-10 -5.55773300 -4.43541654 -3.59694149 -2.79626314 -2.22120187 
2.15443469e-10 -5.55773300 -4.43541654 -3.59694149 -2.79626314 -2.22120187 
1.66810054e-10 -5.55773300 -4.43541654 -3.59694149 -2.79626314 -2.22120187 
1.29154967e-10 -5.55773300 -4.43541654 -3.59694149 -2.79626314 -2.22120187 
1.00000000e-10 -5.55773300 -4.43541654 -3.59694149 -2.79626314 -2.22120187 
P (bar) | log_CH4: -2σ | log_CH4: -1σ | log_CH4: median | log_CH4: +1σ | log_CH4: +2σ 
1.00000000e+01 -5.36538398 -4.99095195 -4.62037331 -4.24545751 -3.78253430 
7.74263683e+00 -5.36538398 -4.99095195 -4.62037331 -4.24545751 -3.78253430 
5.99484250e+00 -5.36538398 -4.99095195 -4.62037331 -4.24545751 -3.78253430 
4.64158883e+00 -5.36538398 -4.99095195 -4.62037331 -4.24545751 -3.78253430 
3.59381366e+00 -5.36538398 -4.99095195 -4.62037331 -4.24545751 -3.78253430 
2.78255940e+00 -5.36538398 -4.99095195 -4.62037331 -4.24545751 -3.78253430 
2.15443469e+00 -5.36538398 -4.99095195 -4.62037331 -4.24545751 -3.78253430 
1.66810054e+00 -5.36538398 -4.99095195 -4.62037331 -4.24545751 -3.78253430 
1.29154967e+00 -5.36538398 -4.99095195 -4.62037331 -4.24545751 -3.78253430 
1.00000000e+00 -5.36538398 -4.99095195 -4.62037331 -4.24545751 -3.78253430 
7.74263683e-01 -5.36538398 -4.99095195 -4.62037331 -4.24545751 -3.78253430 
5.99484250e-01 -5.36538398 -4.99095195 -4.62037331 -4.24545751 -3.78253430 
4.64158883e-01 -5.36538398 -4.99095195 -4.62037331 -4.24545751 -3.78253430 
3.59381366e-01 -5.36538398 -4.99095195 -4.62037331 -4.24545751 -3.78253430 
2.78255940e-01 -5.36538398 -4.99095195 -4.62037331 -4.24545751 -3.78253430 
2.15443469e-01 -5.36538398 -4.99095195 -4.62037331 -4.24545751 -3.78253430 
1.66810054e-01 -5.36538398 -4.99095195 -4.62037331 -4.24545751 -3.78253430 
1.29154967e-01 -5.36538398 -4.99095195 -4.62037331 -4.24545751 -3.78253430 
1.00000000e-01 -5.36538398 -4.99095195 -4.62037331 -4.24545751 -3.78253430 
7.74263683e-02 -5.36538398 -4.99095195 -4.62037331 -4.24545751 -3.78253430 
5.99484250e-02 -5.36538398 -4.99095195 -4.62037331 -4.24545751 -3.78253430 
4.64158883e-02 -5.36538398 -4.99095195 -4.62037331 -4.24545751 -3.78253430 
3.59381366e-02 -5.36538398 -4.99095195 -4.62037331 -4.24545751 -3.78253430 
2.78255940e-02 -5.36538398 -4.99095195 -4.62037331 -4.24545751 -3.78253430 
2.15443469e-02 -5.36538398 -4.99095195 -4.62037331 -4.24545751 -3.78253430 
1.66810054e-02 -5.36538398 -4.99095195 -4.62037331 -4.24545751 -3.78253430 
1.29154967e-02 -5.36538398 -4.99095195 -4.62037331 -4.24545751 -3.78253430 
1.00000000e-02 -5.36538398 -4.99095195 -4.62037331 -4.24545751 -3.78253430 
7.74263683e-03 -5.36538398 -4.99095195 -4.62037331 -4.24545751 -3.78253430 
5.99484250e-03 -5.36538398 -4.99095195 -4.62037331 -4.24545751 -3.78253430 
4.64158883e-03 -5.36538398 -4.99095195 -4.62037331 -4.24545751 -3.78253430 
3.59381366e-03 -5.36538398 -4.99095195 -4.62037331 -4.24545751 -3.78253430 
2.78255940e-03 -5.36538398 -4.99095195 -4.62037331 -4.24545751 -3.78253430 
2.15443469e-03 -5.36538398 -4.99095195 -4.62037331 -4.24545751 -3.78253430 
1.66810054e-03 -5.36538398 -4.99095195 -4.62037331 -4.24545751 -3.78253430 
1.29154967e-03 -5.36538398 -4.99095195 -4.62037331 -4.24545751 -3.78253430 
1.00000000e-03 -5.36538398 -4.99095195 -4.62037331 -4.24545751 -3.78253430 
7.74263683e-04 -5.36538398 -4.99095195 -4.62037331 -4.24545751 -3.78253430 
5.99484250e-04 -5.36538398 -4.99095195 -4.62037331 -4.24545751 -3.78253430 
4.64158883e-04 -5.36538398 -4.99095195 -4.62037331 -4.24545751 -3.78253430 
3.59381366e-04 -5.36538398 -4.99095195 -4.62037331 -4.24545751 -3.78253430 
2.78255940e-04 -5.36538398 -4.99095195 -4.62037331 -4.24545751 -3.78253430 
2.15443469e-04 -5.36538398 -4.99095195 -4.62037331 -4.24545751 -3.78253430 
1.66810054e-04 -5.36538398 -4.99095195 -4.62037331 -4.24545751 -3.78253430 
1.29154967e-04 -5.36538398 -4.99095195 -4.62037331 -4.24545751 -3.78253430 
1.00000000e-04 -5.36538398 -4.99095195 -4.62037331 -4.24545751 -3.78253430 
7.74263683e-05 -5.36538398 -4.99095195 -4.62037331 -4.24545751 -3.78253430 
5.99484250e-05 -5.36538398 -4.99095195 -4.62037331 -4.24545751 -3.78253430 
4.64158883e-05 -5.36538398 -4.99095195 -4.62037331 -4.24545751 -3.78253430 
3.59381366e-05 -5.36538398 -4.99095195 -4.62037331 -4.24545751 -3.78253430 
2.78255940e-05 -5.36538398 -4.99095195 -4.62037331 -4.24545751 -3.78253430 
2.15443469e-05 -5.36538398 -4.99095195 -4.62037331 -4.24545751 -3.78253430 
1.66810054e-05 -5.36538398 -4.99095195 -4.62037331 -4.24545751 -3.78253430 
1.29154967e-05 -5.36538398 -4.99095195 -4.62037331 -4.24545751 -3.78253430 
1.00000000e-05 -5.36538398 -4.99095195 -4.62037331 -4.24545751 -3.78253430 
7.74263683e-06 -5.36538398 -4.99095195 -4.62037331 -4.24545751 -3.78253430 
5.99484250e-06 -5.36538398 -4.99095195 -4.62037331 -4.24545751 -3.78253430 
4.64158883e-06 -5.36538398 -4.99095195 -4.62037331 -4.24545751 -3.78253430 
3.59381366e-06 -5.36538398 -4.99095195 -4.62037331 -4.24545751 -3.78253430 
2.78255940e-06 -5.36538398 -4.99095195 -4.62037331 -4.24545751 -3.78253430 
2.15443469e-06 -5.36538398 -4.99095195 -4.62037331 -4.24545751 -3.78253430 
1.66810054e-06 -5.36538398 -4.99095195 -4.62037331 -4.24545751 -3.78253430 
1.29154967e-06 -5.36538398 -4.99095195 -4.62037331 -4.24545751 -3.78253430 
1.00000000e-06 -5.36538398 -4.99095195 -4.62037331 -4.24545751 -3.78253430 
7.74263683e-07 -5.36538398 -4.99095195 -4.62037331 -4.24545751 -3.78253430 
5.99484250e-07 -5.36538398 -4.99095195 -4.62037331 -4.24545751 -3.78253430 
4.64158883e-07 -5.36538398 -4.99095195 -4.62037331 -4.24545751 -3.78253430 
3.59381366e-07 -5.36538398 -4.99095195 -4.62037331 -4.24545751 -3.78253430 
2.78255940e-07 -5.36538398 -4.99095195 -4.62037331 -4.24545751 -3.78253430 
2.15443469e-07 -5.36538398 -4.99095195 -4.62037331 -4.24545751 -3.78253430 
1.66810054e-07 -5.36538398 -4.99095195 -4.62037331 -4.24545751 -3.78253430 
1.29154967e-07 -5.36538398 -4.99095195 -4.62037331 -4.24545751 -3.78253430 
1.00000000e-07 -5.36538398 -4.99095195 -4.62037331 -4.24545751 -3.78253430 
7.74263683e-08 -5.36538398 -4.99095195 -4.62037331 -4.24545751 -3.78253430 
5.99484250e-08 -5.36538398 -4.99095195 -4.62037331 -4.24545751 -3.78253430 
4.64158883e-08 -5.36538398 -4.99095195 -4.62037331 -4.24545751 -3.78253430 
3.59381366e-08 -5.36538398 -4.99095195 -4.62037331 -4.24545751 -3.78253430 
2.78255940e-08 -5.36538398 -4.99095195 -4.62037331 -4.24545751 -3.78253430 
2.15443469e-08 -5.36538398 -4.99095195 -4.62037331 -4.24545751 -3.78253430 
1.66810054e-08 -5.36538398 -4.99095195 -4.62037331 -4.24545751 -3.78253430 
1.29154967e-08 -5.36538398 -4.99095195 -4.62037331 -4.24545751 -3.78253430 
1.00000000e-08 -5.36538398 -4.99095195 -4.62037331 -4.24545751 -3.78253430 
7.74263683e-09 -5.36538398 -4.99095195 -4.62037331 -4.24545751 -3.78253430 
5.99484250e-09 -5.36538398 -4.99095195 -4.62037331 -4.24545751 -3.78253430 
4.64158883e-09 -5.36538398 -4.99095195 -4.62037331 -4.24545751 -3.78253430 
3.59381366e-09 -5.36538398 -4.99095195 -4.62037331 -4.24545751 -3.78253430 
2.78255940e-09 -5.36538398 -4.99095195 -4.62037331 -4.24545751 -3.78253430 
2.15443469e-09 -5.36538398 -4.99095195 -4.62037331 -4.24545751 -3.78253430 
1.66810054e-09 -5.36538398 -4.99095195 -4.62037331 -4.24545751 -3.78253430 
1.29154967e-09 -5.36538398 -4.99095195 -4.62037331 -4.24545751 -3.78253430 
1.00000000e-09 -5.36538398 -4.99095195 -4.62037331 -4.24545751 -3.78253430 
7.74263683e-10 -5.36538398 -4.99095195 -4.62037331 -4.24545751 -3.78253430 
5.99484250e-10 -5.36538398 -4.99095195 -4.62037331 -4.24545751 -3.78253430 
4.64158883e-10 -5.36538398 -4.99095195 -4.62037331 -4.24545751 -3.78253430 
3.59381366e-10 -5.36538398 -4.99095195 -4.62037331 -4.24545751 -3.78253430 
2.78255940e-10 -5.36538398 -4.99095195 -4.62037331 -4.24545751 -3.78253430 
2.15443469e-10 -5.36538398 -4.99095195 -4.62037331 -4.24545751 -3.78253430 
1.66810054e-10 -5.36538398 -4.99095195 -4.62037331 -4.24545751 -3.78253430 
1.29154967e-10 -5.36538398 -4.99095195 -4.62037331 -4.24545751 -3.78253430 
1.00000000e-10 -5.36538398 -4.99095195 -4.62037331 -4.24545751 -3.78253430 
P (bar) | log_O2: -2σ | log_O2: -1σ | log_O2: median | log_O2: +1σ | log_O2: +2σ 
1.00000000e+01 -9.57153057 -6.80953511 -1.94594233 -1.15566422 -1.02545379 
7.74263683e+00 -9.57153057 -6.80953511 -1.94594233 -1.15566422 -1.02545379 
5.99484250e+00 -9.57153057 -6.80953511 -1.94594233 -1.15566422 -1.02545379 
4.64158883e+00 -9.57153057 -6.80953511 -1.94594233 -1.15566422 -1.02545379 
3.59381366e+00 -9.57153057 -6.80953511 -1.94594233 -1.15566422 -1.02545379 
2.78255940e+00 -9.57153057 -6.80953511 -1.94594233 -1.15566422 -1.02545379 
2.15443469e+00 -9.57153057 -6.80953511 -1.94594233 -1.15566422 -1.02545379 
1.66810054e+00 -9.57153057 -6.80953511 -1.94594233 -1.15566422 -1.02545379 
1.29154967e+00 -9.57153057 -6.80953511 -1.94594233 -1.15566422 -1.02545379 
1.00000000e+00 -9.57153057 -6.80953511 -1.94594233 -1.15566422 -1.02545379 
7.74263683e-01 -9.57153057 -6.80953511 -1.94594233 -1.15566422 -1.02545379 
5.99484250e-01 -9.57153057 -6.80953511 -1.94594233 -1.15566422 -1.02545379 
4.64158883e-01 -9.57153057 -6.80953511 -1.94594233 -1.15566422 -1.02545379 
3.59381366e-01 -9.57153057 -6.80953511 -1.94594233 -1.15566422 -1.02545379 
2.78255940e-01 -9.57153057 -6.80953511 -1.94594233 -1.15566422 -1.02545379 
2.15443469e-01 -9.57153057 -6.80953511 -1.94594233 -1.15566422 -1.02545379 
1.66810054e-01 -9.57153057 -6.80953511 -1.94594233 -1.15566422 -1.02545379 
1.29154967e-01 -9.57153057 -6.80953511 -1.94594233 -1.15566422 -1.02545379 
1.00000000e-01 -9.57153057 -6.80953511 -1.94594233 -1.15566422 -1.02545379 
7.74263683e-02 -9.57153057 -6.80953511 -1.94594233 -1.15566422 -1.02545379 
5.99484250e-02 -9.57153057 -6.80953511 -1.94594233 -1.15566422 -1.02545379 
4.64158883e-02 -9.57153057 -6.80953511 -1.94594233 -1.15566422 -1.02545379 
3.59381366e-02 -9.57153057 -6.80953511 -1.94594233 -1.15566422 -1.02545379 
2.78255940e-02 -9.57153057 -6.80953511 -1.94594233 -1.15566422 -1.02545379 
2.15443469e-02 -9.57153057 -6.80953511 -1.94594233 -1.15566422 -1.02545379 
1.66810054e-02 -9.57153057 -6.80953511 -1.94594233 -1.15566422 -1.02545379 
1.29154967e-02 -9.57153057 -6.80953511 -1.94594233 -1.15566422 -1.02545379 
1.00000000e-02 -9.57153057 -6.80953511 -1.94594233 -1.15566422 -1.02545379 
7.74263683e-03 -9.57153057 -6.80953511 -1.94594233 -1.15566422 -1.02545379 
5.99484250e-03 -9.57153057 -6.80953511 -1.94594233 -1.15566422 -1.02545379 
4.64158883e-03 -9.57153057 -6.80953511 -1.94594233 -1.15566422 -1.02545379 
3.59381366e-03 -9.57153057 -6.80953511 -1.94594233 -1.15566422 -1.02545379 
2.78255940e-03 -9.57153057 -6.80953511 -1.94594233 -1.15566422 -1.02545379 
2.15443469e-03 -9.57153057 -6.80953511 -1.94594233 -1.15566422 -1.02545379 
1.66810054e-03 -9.57153057 -6.80953511 -1.94594233 -1.15566422 -1.02545379 
1.29154967e-03 -9.57153057 -6.80953511 -1.94594233 -1.15566422 -1.02545379 
1.00000000e-03 -9.57153057 -6.80953511 -1.94594233 -1.15566422 -1.02545379 
7.74263683e-04 -9.57153057 -6.80953511 -1.94594233 -1.15566422 -1.02545379 
5.99484250e-04 -9.57153057 -6.80953511 -1.94594233 -1.15566422 -1.02545379 
4.64158883e-04 -9.57153057 -6.80953511 -1.94594233 -1.15566422 -1.02545379 
3.59381366e-04 -9.57153057 -6.80953511 -1.94594233 -1.15566422 -1.02545379 
2.78255940e-04 -9.57153057 -6.80953511 -1.94594233 -1.15566422 -1.02545379 
2.15443469e-04 -9.57153057 -6.80953511 -1.94594233 -1.15566422 -1.02545379 
1.66810054e-04 -9.57153057 -6.80953511 -1.94594233 -1.15566422 -1.02545379 
1.29154967e-04 -9.57153057 -6.80953511 -1.94594233 -1.15566422 -1.02545379 
1.00000000e-04 -9.57153057 -6.80953511 -1.94594233 -1.15566422 -1.02545379 
7.74263683e-05 -9.57153057 -6.80953511 -1.94594233 -1.15566422 -1.02545379 
5.99484250e-05 -9.57153057 -6.80953511 -1.94594233 -1.15566422 -1.02545379 
4.64158883e-05 -9.57153057 -6.80953511 -1.94594233 -1.15566422 -1.02545379 
3.59381366e-05 -9.57153057 -6.80953511 -1.94594233 -1.15566422 -1.02545379 
2.78255940e-05 -9.57153057 -6.80953511 -1.94594233 -1.15566422 -1.02545379 
2.15443469e-05 -9.57153057 -6.80953511 -1.94594233 -1.15566422 -1.02545379 
1.66810054e-05 -9.57153057 -6.80953511 -1.94594233 -1.15566422 -1.02545379 
1.29154967e-05 -9.57153057 -6.80953511 -1.94594233 -1.15566422 -1.02545379 
1.00000000e-05 -9.57153057 -6.80953511 -1.94594233 -1.15566422 -1.02545379 
7.74263683e-06 -9.57153057 -6.80953511 -1.94594233 -1.15566422 -1.02545379 
5.99484250e-06 -9.57153057 -6.80953511 -1.94594233 -1.15566422 -1.02545379 
4.64158883e-06 -9.57153057 -6.80953511 -1.94594233 -1.15566422 -1.02545379 
3.59381366e-06 -9.57153057 -6.80953511 -1.94594233 -1.15566422 -1.02545379 
2.78255940e-06 -9.57153057 -6.80953511 -1.94594233 -1.15566422 -1.02545379 
2.15443469e-06 -9.57153057 -6.80953511 -1.94594233 -1.15566422 -1.02545379 
1.66810054e-06 -9.57153057 -6.80953511 -1.94594233 -1.15566422 -1.02545379 
1.29154967e-06 -9.57153057 -6.80953511 -1.94594233 -1.15566422 -1.02545379 
1.00000000e-06 -9.57153057 -6.80953511 -1.94594233 -1.15566422 -1.02545379 
7.74263683e-07 -9.57153057 -6.80953511 -1.94594233 -1.15566422 -1.02545379 
5.99484250e-07 -9.57153057 -6.80953511 -1.94594233 -1.15566422 -1.02545379 
4.64158883e-07 -9.57153057 -6.80953511 -1.94594233 -1.15566422 -1.02545379 
3.59381366e-07 -9.57153057 -6.80953511 -1.94594233 -1.15566422 -1.02545379 
2.78255940e-07 -9.57153057 -6.80953511 -1.94594233 -1.15566422 -1.02545379 
2.15443469e-07 -9.57153057 -6.80953511 -1.94594233 -1.15566422 -1.02545379 
1.66810054e-07 -9.57153057 -6.80953511 -1.94594233 -1.15566422 -1.02545379 
1.29154967e-07 -9.57153057 -6.80953511 -1.94594233 -1.15566422 -1.02545379 
1.00000000e-07 -9.57153057 -6.80953511 -1.94594233 -1.15566422 -1.02545379 
7.74263683e-08 -9.57153057 -6.80953511 -1.94594233 -1.15566422 -1.02545379 
5.99484250e-08 -9.57153057 -6.80953511 -1.94594233 -1.15566422 -1.02545379 
4.64158883e-08 -9.57153057 -6.80953511 -1.94594233 -1.15566422 -1.02545379 
3.59381366e-08 -9.57153057 -6.80953511 -1.94594233 -1.15566422 -1.02545379 
2.78255940e-08 -9.57153057 -6.80953511 -1.94594233 -1.15566422 -1.02545379 
2.15443469e-08 -9.57153057 -6.80953511 -1.94594233 -1.15566422 -1.02545379 
1.66810054e-08 -9.57153057 -6.80953511 -1.94594233 -1.15566422 -1.02545379 
1.29154967e-08 -9.57153057 -6.80953511 -1.94594233 -1.15566422 -1.02545379 
1.00000000e-08 -9.57153057 -6.80953511 -1.94594233 -1.15566422 -1.02545379 
7.74263683e-09 -9.57153057 -6.80953511 -1.94594233 -1.15566422 -1.02545379 
5.99484250e-09 -9.57153057 -6.80953511 -1.94594233 -1.15566422 -1.02545379 
4.64158883e-09 -9.57153057 -6.80953511 -1.94594233 -1.15566422 -1.02545379 
3.59381366e-09 -9.57153057 -6.80953511 -1.94594233 -1.15566422 -1.02545379 
2.78255940e-09 -9.57153057 -6.80953511 -1.94594233 -1.15566422 -1.02545379 
2.15443469e-09 -9.57153057 -6.80953511 -1.94594233 -1.15566422 -1.02545379 
1.66810054e-09 -9.57153057 -6.80953511 -1.94594233 -1.15566422 -1.02545379 
1.29154967e-09 -9.57153057 -6.80953511 -1.94594233 -1.15566422 -1.02545379 
1.00000000e-09 -9.57153057 -6.80953511 -1.94594233 -1.15566422 -1.02545379 
7.74263683e-10 -9.57153057 -6.80953511 -1.94594233 -1.15566422 -1.02545379 
5.99484250e-10 -9.57153057 -6.80953511 -1.94594233 -1.15566422 -1.02545379 
4.64158883e-10 -9.57153057 -6.80953511 -1.94594233 -1.15566422 -1.02545379 
3.59381366e-10 -9.57153057 -6.80953511 -1.94594233 -1.15566422 -1.02545379 
2.78255940e-10 -9.57153057 -6.80953511 -1.94594233 -1.15566422 -1.02545379 
2.15443469e-10 -9.57153057 -6.80953511 -1.94594233 -1.15566422 -1.02545379 
1.66810054e-10 -9.57153057 -6.80953511 -1.94594233 -1.15566422 -1.02545379 
1.29154967e-10 -9.57153057 -6.80953511 -1.94594233 -1.15566422 -1.02545379 
1.00000000e-10 -9.57153057 -6.80953511 -1.94594233 -1.15566422 -1.02545379 
P (bar) | log_O3: -2σ | log_O3: -1σ | log_O3: median | log_O3: +1σ | log_O3: +2σ 
1.00000000e+01 -9.77125826 -8.57141764 -6.31734241 -5.27783088 -4.63342520 
7.74263683e+00 -9.77125826 -8.57141764 -6.31734241 -5.27783088 -4.63342520 
5.99484250e+00 -9.77125826 -8.57141764 -6.31734241 -5.27783088 -4.63342520 
4.64158883e+00 -9.77125826 -8.57141764 -6.31734241 -5.27783088 -4.63342520 
3.59381366e+00 -9.77125826 -8.57141764 -6.31734241 -5.27783088 -4.63342520 
2.78255940e+00 -9.77125826 -8.57141764 -6.31734241 -5.27783088 -4.63342520 
2.15443469e+00 -9.77125826 -8.57141764 -6.31734241 -5.27783088 -4.63342520 
1.66810054e+00 -9.77125826 -8.57141764 -6.31734241 -5.27783088 -4.63342520 
1.29154967e+00 -9.77125826 -8.57141764 -6.31734241 -5.27783088 -4.63342520 
1.00000000e+00 -9.77125826 -8.57141764 -6.31734241 -5.27783088 -4.63342520 
7.74263683e-01 -9.77125826 -8.57141764 -6.31734241 -5.27783088 -4.63342520 
5.99484250e-01 -9.77125826 -8.57141764 -6.31734241 -5.27783088 -4.63342520 
4.64158883e-01 -9.77125826 -8.57141764 -6.31734241 -5.27783088 -4.63342520 
3.59381366e-01 -9.77125826 -8.57141764 -6.31734241 -5.27783088 -4.63342520 
2.78255940e-01 -9.77125826 -8.57141764 -6.31734241 -5.27783088 -4.63342520 
2.15443469e-01 -9.77125826 -8.57141764 -6.31734241 -5.27783088 -4.63342520 
1.66810054e-01 -9.77125826 -8.57141764 -6.31734241 -5.27783088 -4.63342520 
1.29154967e-01 -9.77125826 -8.57141764 -6.31734241 -5.27783088 -4.63342520 
1.00000000e-01 -9.77125826 -8.57141764 -6.31734241 -5.27783088 -4.63342520 
7.74263683e-02 -9.77125826 -8.57141764 -6.31734241 -5.27783088 -4.63342520 
5.99484250e-02 -9.77125826 -8.57141764 -6.31734241 -5.27783088 -4.63342520 
4.64158883e-02 -9.77125826 -8.57141764 -6.31734241 -5.27783088 -4.63342520 
3.59381366e-02 -9.77125826 -8.57141764 -6.31734241 -5.27783088 -4.63342520 
2.78255940e-02 -9.77125826 -8.57141764 -6.31734241 -5.27783088 -4.63342520 
2.15443469e-02 -9.77125826 -8.57141764 -6.31734241 -5.27783088 -4.63342520 
1.66810054e-02 -9.77125826 -8.57141764 -6.31734241 -5.27783088 -4.63342520 
1.29154967e-02 -9.77125826 -8.57141764 -6.31734241 -5.27783088 -4.63342520 
1.00000000e-02 -9.77125826 -8.57141764 -6.31734241 -5.27783088 -4.63342520 
7.74263683e-03 -9.77125826 -8.57141764 -6.31734241 -5.27783088 -4.63342520 
5.99484250e-03 -9.77125826 -8.57141764 -6.31734241 -5.27783088 -4.63342520 
4.64158883e-03 -9.77125826 -8.57141764 -6.31734241 -5.27783088 -4.63342520 
3.59381366e-03 -9.77125826 -8.57141764 -6.31734241 -5.27783088 -4.63342520 
2.78255940e-03 -9.77125826 -8.57141764 -6.31734241 -5.27783088 -4.63342520 
2.15443469e-03 -9.77125826 -8.57141764 -6.31734241 -5.27783088 -4.63342520 
1.66810054e-03 -9.77125826 -8.57141764 -6.31734241 -5.27783088 -4.63342520 
1.29154967e-03 -9.77125826 -8.57141764 -6.31734241 -5.27783088 -4.63342520 
1.00000000e-03 -9.77125826 -8.57141764 -6.31734241 -5.27783088 -4.63342520 
7.74263683e-04 -9.77125826 -8.57141764 -6.31734241 -5.27783088 -4.63342520 
5.99484250e-04 -9.77125826 -8.57141764 -6.31734241 -5.27783088 -4.63342520 
4.64158883e-04 -9.77125826 -8.57141764 -6.31734241 -5.27783088 -4.63342520 
3.59381366e-04 -9.77125826 -8.57141764 -6.31734241 -5.27783088 -4.63342520 
2.78255940e-04 -9.77125826 -8.57141764 -6.31734241 -5.27783088 -4.63342520 
2.15443469e-04 -9.77125826 -8.57141764 -6.31734241 -5.27783088 -4.63342520 
1.66810054e-04 -9.77125826 -8.57141764 -6.31734241 -5.27783088 -4.63342520 
1.29154967e-04 -9.77125826 -8.57141764 -6.31734241 -5.27783088 -4.63342520 
1.00000000e-04 -9.77125826 -8.57141764 -6.31734241 -5.27783088 -4.63342520 
7.74263683e-05 -9.77125826 -8.57141764 -6.31734241 -5.27783088 -4.63342520 
5.99484250e-05 -9.77125826 -8.57141764 -6.31734241 -5.27783088 -4.63342520 
4.64158883e-05 -9.77125826 -8.57141764 -6.31734241 -5.27783088 -4.63342520 
3.59381366e-05 -9.77125826 -8.57141764 -6.31734241 -5.27783088 -4.63342520 
2.78255940e-05 -9.77125826 -8.57141764 -6.31734241 -5.27783088 -4.63342520 
2.15443469e-05 -9.77125826 -8.57141764 -6.31734241 -5.27783088 -4.63342520 
1.66810054e-05 -9.77125826 -8.57141764 -6.31734241 -5.27783088 -4.63342520 
1.29154967e-05 -9.77125826 -8.57141764 -6.31734241 -5.27783088 -4.63342520 
1.00000000e-05 -9.77125826 -8.57141764 -6.31734241 -5.27783088 -4.63342520 
7.74263683e-06 -9.77125826 -8.57141764 -6.31734241 -5.27783088 -4.63342520 
5.99484250e-06 -9.77125826 -8.57141764 -6.31734241 -5.27783088 -4.63342520 
4.64158883e-06 -9.77125826 -8.57141764 -6.31734241 -5.27783088 -4.63342520 
3.59381366e-06 -9.77125826 -8.57141764 -6.31734241 -5.27783088 -4.63342520 
2.78255940e-06 -9.77125826 -8.57141764 -6.31734241 -5.27783088 -4.63342520 
2.15443469e-06 -9.77125826 -8.57141764 -6.31734241 -5.27783088 -4.63342520 
1.66810054e-06 -9.77125826 -8.57141764 -6.31734241 -5.27783088 -4.63342520 
1.29154967e-06 -9.77125826 -8.57141764 -6.31734241 -5.27783088 -4.63342520 
1.00000000e-06 -9.77125826 -8.57141764 -6.31734241 -5.27783088 -4.63342520 
7.74263683e-07 -9.77125826 -8.57141764 -6.31734241 -5.27783088 -4.63342520 
5.99484250e-07 -9.77125826 -8.57141764 -6.31734241 -5.27783088 -4.63342520 
4.64158883e-07 -9.77125826 -8.57141764 -6.31734241 -5.27783088 -4.63342520 
3.59381366e-07 -9.77125826 -8.57141764 -6.31734241 -5.27783088 -4.63342520 
2.78255940e-07 -9.77125826 -8.57141764 -6.31734241 -5.27783088 -4.63342520 
2.15443469e-07 -9.77125826 -8.57141764 -6.31734241 -5.27783088 -4.63342520 
1.66810054e-07 -9.77125826 -8.57141764 -6.31734241 -5.27783088 -4.63342520 
1.29154967e-07 -9.77125826 -8.57141764 -6.31734241 -5.27783088 -4.63342520 
1.00000000e-07 -9.77125826 -8.57141764 -6.31734241 -5.27783088 -4.63342520 
7.74263683e-08 -9.77125826 -8.57141764 -6.31734241 -5.27783088 -4.63342520 
5.99484250e-08 -9.77125826 -8.57141764 -6.31734241 -5.27783088 -4.63342520 
4.64158883e-08 -9.77125826 -8.57141764 -6.31734241 -5.27783088 -4.63342520 
3.59381366e-08 -9.77125826 -8.57141764 -6.31734241 -5.27783088 -4.63342520 
2.78255940e-08 -9.77125826 -8.57141764 -6.31734241 -5.27783088 -4.63342520 
2.15443469e-08 -9.77125826 -8.57141764 -6.31734241 -5.27783088 -4.63342520 
1.66810054e-08 -9.77125826 -8.57141764 -6.31734241 -5.27783088 -4.63342520 
1.29154967e-08 -9.77125826 -8.57141764 -6.31734241 -5.27783088 -4.63342520 
1.00000000e-08 -9.77125826 -8.57141764 -6.31734241 -5.27783088 -4.63342520 
7.74263683e-09 -9.77125826 -8.57141764 -6.31734241 -5.27783088 -4.63342520 
5.99484250e-09 -9.77125826 -8.57141764 -6.31734241 -5.27783088 -4.63342520 
4.64158883e-09 -9.77125826 -8.57141764 -6.31734241 -5.27783088 -4.63342520 
3.59381366e-09 -9.77125826 -8.57141764 -6.31734241 -5.27783088 -4.63342520 
2.78255940e-09 -9.77125826 -8.57141764 -6.31734241 -5.27783088 -4.63342520 
2.15443469e-09 -9.77125826 -8.57141764 -6.31734241 -5.27783088 -4.63342520 
1.66810054e-09 -9.77125826 -8.57141764 -6.31734241 -5.27783088 -4.63342520 
1.29154967e-09 -9.77125826 -8.57141764 -6.31734241 -5.27783088 -4.63342520 
1.00000000e-09 -9.77125826 -8.57141764 -6.31734241 -5.27783088 -4.63342520 
7.74263683e-10 -9.77125826 -8.57141764 -6.31734241 -5.27783088 -4.63342520 
5.99484250e-10 -9.77125826 -8.57141764 -6.31734241 -5.27783088 -4.63342520 
4.64158883e-10 -9.77125826 -8.57141764 -6.31734241 -5.27783088 -4.63342520 
3.59381366e-10 -9.77125826 -8.57141764 -6.31734241 -5.27783088 -4.63342520 
2.78255940e-10 -9.77125826 -8.57141764 -6.31734241 -5.27783088 -4.63342520 
2.15443469e-10 -9.77125826 -8.57141764 -6.31734241 -5.27783088 -4.63342520 
1.66810054e-10 -9.77125826 -8.57141764 -6.31734241 -5.27783088 -4.63342520 
1.29154967e-10 -9.77125826 -8.57141764 -6.31734241 -5.27783088 -4.63342520 
1.00000000e-10 -9.77125826 -8.57141764 -6.31734241 -5.27783088 -4.63342520 
P (bar) | log_N2O: -2σ | log_N2O: -1σ | log_N2O: median | log_N2O: +1σ | log_N2O: +2σ 
1.00000000e+01 -9.89145999 -9.23492259 -7.68738156 -6.18030468 -5.11857667 
7.74263683e+00 -9.89145999 -9.23492259 -7.68738156 -6.18030468 -5.11857667 
5.99484250e+00 -9.89145999 -9.23492259 -7.68738156 -6.18030468 -5.11857667 
4.64158883e+00 -9.89145999 -9.23492259 -7.68738156 -6.18030468 -5.11857667 
3.59381366e+00 -9.89145999 -9.23492259 -7.68738156 -6.18030468 -5.11857667 
2.78255940e+00 -9.89145999 -9.23492259 -7.68738156 -6.18030468 -5.11857667 
2.15443469e+00 -9.89145999 -9.23492259 -7.68738156 -6.18030468 -5.11857667 
1.66810054e+00 -9.89145999 -9.23492259 -7.68738156 -6.18030468 -5.11857667 
1.29154967e+00 -9.89145999 -9.23492259 -7.68738156 -6.18030468 -5.11857667 
1.00000000e+00 -9.89145999 -9.23492259 -7.68738156 -6.18030468 -5.11857667 
7.74263683e-01 -9.89145999 -9.23492259 -7.68738156 -6.18030468 -5.11857667 
5.99484250e-01 -9.89145999 -9.23492259 -7.68738156 -6.18030468 -5.11857667 
4.64158883e-01 -9.89145999 -9.23492259 -7.68738156 -6.18030468 -5.11857667 
3.59381366e-01 -9.89145999 -9.23492259 -7.68738156 -6.18030468 -5.11857667 
2.78255940e-01 -9.89145999 -9.23492259 -7.68738156 -6.18030468 -5.11857667 
2.15443469e-01 -9.89145999 -9.23492259 -7.68738156 -6.18030468 -5.11857667 
1.66810054e-01 -9.89145999 -9.23492259 -7.68738156 -6.18030468 -5.11857667 
1.29154967e-01 -9.89145999 -9.23492259 -7.68738156 -6.18030468 -5.11857667 
1.00000000e-01 -9.89145999 -9.23492259 -7.68738156 -6.18030468 -5.11857667 
7.74263683e-02 -9.89145999 -9.23492259 -7.68738156 -6.18030468 -5.11857667 
5.99484250e-02 -9.89145999 -9.23492259 -7.68738156 -6.18030468 -5.11857667 
4.64158883e-02 -9.89145999 -9.23492259 -7.68738156 -6.18030468 -5.11857667 
3.59381366e-02 -9.89145999 -9.23492259 -7.68738156 -6.18030468 -5.11857667 
2.78255940e-02 -9.89145999 -9.23492259 -7.68738156 -6.18030468 -5.11857667 
2.15443469e-02 -9.89145999 -9.23492259 -7.68738156 -6.18030468 -5.11857667 
1.66810054e-02 -9.89145999 -9.23492259 -7.68738156 -6.18030468 -5.11857667 
1.29154967e-02 -9.89145999 -9.23492259 -7.68738156 -6.18030468 -5.11857667 
1.00000000e-02 -9.89145999 -9.23492259 -7.68738156 -6.18030468 -5.11857667 
7.74263683e-03 -9.89145999 -9.23492259 -7.68738156 -6.18030468 -5.11857667 
5.99484250e-03 -9.89145999 -9.23492259 -7.68738156 -6.18030468 -5.11857667 
4.64158883e-03 -9.89145999 -9.23492259 -7.68738156 -6.18030468 -5.11857667 
3.59381366e-03 -9.89145999 -9.23492259 -7.68738156 -6.18030468 -5.11857667 
2.78255940e-03 -9.89145999 -9.23492259 -7.68738156 -6.18030468 -5.11857667 
2.15443469e-03 -9.89145999 -9.23492259 -7.68738156 -6.18030468 -5.11857667 
1.66810054e-03 -9.89145999 -9.23492259 -7.68738156 -6.18030468 -5.11857667 
1.29154967e-03 -9.89145999 -9.23492259 -7.68738156 -6.18030468 -5.11857667 
1.00000000e-03 -9.89145999 -9.23492259 -7.68738156 -6.18030468 -5.11857667 
7.74263683e-04 -9.89145999 -9.23492259 -7.68738156 -6.18030468 -5.11857667 
5.99484250e-04 -9.89145999 -9.23492259 -7.68738156 -6.18030468 -5.11857667 
4.64158883e-04 -9.89145999 -9.23492259 -7.68738156 -6.18030468 -5.11857667 
3.59381366e-04 -9.89145999 -9.23492259 -7.68738156 -6.18030468 -5.11857667 
2.78255940e-04 -9.89145999 -9.23492259 -7.68738156 -6.18030468 -5.11857667 
2.15443469e-04 -9.89145999 -9.23492259 -7.68738156 -6.18030468 -5.11857667 
1.66810054e-04 -9.89145999 -9.23492259 -7.68738156 -6.18030468 -5.11857667 
1.29154967e-04 -9.89145999 -9.23492259 -7.68738156 -6.18030468 -5.11857667 
1.00000000e-04 -9.89145999 -9.23492259 -7.68738156 -6.18030468 -5.11857667 
7.74263683e-05 -9.89145999 -9.23492259 -7.68738156 -6.18030468 -5.11857667 
5.99484250e-05 -9.89145999 -9.23492259 -7.68738156 -6.18030468 -5.11857667 
4.64158883e-05 -9.89145999 -9.23492259 -7.68738156 -6.18030468 -5.11857667 
3.59381366e-05 -9.89145999 -9.23492259 -7.68738156 -6.18030468 -5.11857667 
2.78255940e-05 -9.89145999 -9.23492259 -7.68738156 -6.18030468 -5.11857667 
2.15443469e-05 -9.89145999 -9.23492259 -7.68738156 -6.18030468 -5.11857667 
1.66810054e-05 -9.89145999 -9.23492259 -7.68738156 -6.18030468 -5.11857667 
1.29154967e-05 -9.89145999 -9.23492259 -7.68738156 -6.18030468 -5.11857667 
1.00000000e-05 -9.89145999 -9.23492259 -7.68738156 -6.18030468 -5.11857667 
7.74263683e-06 -9.89145999 -9.23492259 -7.68738156 -6.18030468 -5.11857667 
5.99484250e-06 -9.89145999 -9.23492259 -7.68738156 -6.18030468 -5.11857667 
4.64158883e-06 -9.89145999 -9.23492259 -7.68738156 -6.18030468 -5.11857667 
3.59381366e-06 -9.89145999 -9.23492259 -7.68738156 -6.18030468 -5.11857667 
2.78255940e-06 -9.89145999 -9.23492259 -7.68738156 -6.18030468 -5.11857667 
2.15443469e-06 -9.89145999 -9.23492259 -7.68738156 -6.18030468 -5.11857667 
1.66810054e-06 -9.89145999 -9.23492259 -7.68738156 -6.18030468 -5.11857667 
1.29154967e-06 -9.89145999 -9.23492259 -7.68738156 -6.18030468 -5.11857667 
1.00000000e-06 -9.89145999 -9.23492259 -7.68738156 -6.18030468 -5.11857667 
7.74263683e-07 -9.89145999 -9.23492259 -7.68738156 -6.18030468 -5.11857667 
5.99484250e-07 -9.89145999 -9.23492259 -7.68738156 -6.18030468 -5.11857667 
4.64158883e-07 -9.89145999 -9.23492259 -7.68738156 -6.18030468 -5.11857667 
3.59381366e-07 -9.89145999 -9.23492259 -7.68738156 -6.18030468 -5.11857667 
2.78255940e-07 -9.89145999 -9.23492259 -7.68738156 -6.18030468 -5.11857667 
2.15443469e-07 -9.89145999 -9.23492259 -7.68738156 -6.18030468 -5.11857667 
1.66810054e-07 -9.89145999 -9.23492259 -7.68738156 -6.18030468 -5.11857667 
1.29154967e-07 -9.89145999 -9.23492259 -7.68738156 -6.18030468 -5.11857667 
1.00000000e-07 -9.89145999 -9.23492259 -7.68738156 -6.18030468 -5.11857667 
7.74263683e-08 -9.89145999 -9.23492259 -7.68738156 -6.18030468 -5.11857667 
5.99484250e-08 -9.89145999 -9.23492259 -7.68738156 -6.18030468 -5.11857667 
4.64158883e-08 -9.89145999 -9.23492259 -7.68738156 -6.18030468 -5.11857667 
3.59381366e-08 -9.89145999 -9.23492259 -7.68738156 -6.18030468 -5.11857667 
2.78255940e-08 -9.89145999 -9.23492259 -7.68738156 -6.18030468 -5.11857667 
2.15443469e-08 -9.89145999 -9.23492259 -7.68738156 -6.18030468 -5.11857667 
1.66810054e-08 -9.89145999 -9.23492259 -7.68738156 -6.18030468 -5.11857667 
1.29154967e-08 -9.89145999 -9.23492259 -7.68738156 -6.18030468 -5.11857667 
1.00000000e-08 -9.89145999 -9.23492259 -7.68738156 -6.18030468 -5.11857667 
7.74263683e-09 -9.89145999 -9.23492259 -7.68738156 -6.18030468 -5.11857667 
5.99484250e-09 -9.89145999 -9.23492259 -7.68738156 -6.18030468 -5.11857667 
4.64158883e-09 -9.89145999 -9.23492259 -7.68738156 -6.18030468 -5.11857667 
3.59381366e-09 -9.89145999 -9.23492259 -7.68738156 -6.18030468 -5.11857667 
2.78255940e-09 -9.89145999 -9.23492259 -7.68738156 -6.18030468 -5.11857667 
2.15443469e-09 -9.89145999 -9.23492259 -7.68738156 -6.18030468 -5.11857667 
1.66810054e-09 -9.89145999 -9.23492259 -7.68738156 -6.18030468 -5.11857667 
1.29154967e-09 -9.89145999 -9.23492259 -7.68738156 -6.18030468 -5.11857667 
1.00000000e-09 -9.89145999 -9.23492259 -7.68738156 -6.18030468 -5.11857667 
7.74263683e-10 -9.89145999 -9.23492259 -7.68738156 -6.18030468 -5.11857667 
5.99484250e-10 -9.89145999 -9.23492259 -7.68738156 -6.18030468 -5.11857667 
4.64158883e-10 -9.89145999 -9.23492259 -7.68738156 -6.18030468 -5.11857667 
3.59381366e-10 -9.89145999 -9.23492259 -7.68738156 -6.18030468 -5.11857667 
2.78255940e-10 -9.89145999 -9.23492259 -7.68738156 -6.18030468 -5.11857667 
2.15443469e-10 -9.89145999 -9.23492259 -7.68738156 -6.18030468 -5.11857667 
1.66810054e-10 -9.89145999 -9.23492259 -7.68738156 -6.18030468 -5.11857667 
1.29154967e-10 -9.89145999 -9.23492259 -7.68738156 -6.18030468 -5.11857667 
1.00000000e-10 -9.89145999 -9.23492259 -7.68738156 -6.18030468 -5.11857667 
P (bar) | log_NH3: -2σ | log_NH3: -1σ | log_NH3: median | log_NH3: +1σ | log_NH3: +2σ 
1.00000000e+01 -9.85069507 -9.08720668 -7.13805512 -5.73665017 -4.90398816 
7.74263683e+00 -9.85069507 -9.08720668 -7.13805512 -5.73665017 -4.90398816 
5.99484250e+00 -9.85069507 -9.08720668 -7.13805512 -5.73665017 -4.90398816 
4.64158883e+00 -9.85069507 -9.08720668 -7.13805512 -5.73665017 -4.90398816 
3.59381366e+00 -9.85069507 -9.08720668 -7.13805512 -5.73665017 -4.90398816 
2.78255940e+00 -9.85069507 -9.08720668 -7.13805512 -5.73665017 -4.90398816 
2.15443469e+00 -9.85069507 -9.08720668 -7.13805512 -5.73665017 -4.90398816 
1.66810054e+00 -9.85069507 -9.08720668 -7.13805512 -5.73665017 -4.90398816 
1.29154967e+00 -9.85069507 -9.08720668 -7.13805512 -5.73665017 -4.90398816 
1.00000000e+00 -9.85069507 -9.08720668 -7.13805512 -5.73665017 -4.90398816 
7.74263683e-01 -9.85069507 -9.08720668 -7.13805512 -5.73665017 -4.90398816 
5.99484250e-01 -9.85069507 -9.08720668 -7.13805512 -5.73665017 -4.90398816 
4.64158883e-01 -9.85069507 -9.08720668 -7.13805512 -5.73665017 -4.90398816 
3.59381366e-01 -9.85069507 -9.08720668 -7.13805512 -5.73665017 -4.90398816 
2.78255940e-01 -9.85069507 -9.08720668 -7.13805512 -5.73665017 -4.90398816 
2.15443469e-01 -9.85069507 -9.08720668 -7.13805512 -5.73665017 -4.90398816 
1.66810054e-01 -9.85069507 -9.08720668 -7.13805512 -5.73665017 -4.90398816 
1.29154967e-01 -9.85069507 -9.08720668 -7.13805512 -5.73665017 -4.90398816 
1.00000000e-01 -9.85069507 -9.08720668 -7.13805512 -5.73665017 -4.90398816 
7.74263683e-02 -9.85069507 -9.08720668 -7.13805512 -5.73665017 -4.90398816 
5.99484250e-02 -9.85069507 -9.08720668 -7.13805512 -5.73665017 -4.90398816 
4.64158883e-02 -9.85069507 -9.08720668 -7.13805512 -5.73665017 -4.90398816 
3.59381366e-02 -9.85069507 -9.08720668 -7.13805512 -5.73665017 -4.90398816 
2.78255940e-02 -9.85069507 -9.08720668 -7.13805512 -5.73665017 -4.90398816 
2.15443469e-02 -9.85069507 -9.08720668 -7.13805512 -5.73665017 -4.90398816 
1.66810054e-02 -9.85069507 -9.08720668 -7.13805512 -5.73665017 -4.90398816 
1.29154967e-02 -9.85069507 -9.08720668 -7.13805512 -5.73665017 -4.90398816 
1.00000000e-02 -9.85069507 -9.08720668 -7.13805512 -5.73665017 -4.90398816 
7.74263683e-03 -9.85069507 -9.08720668 -7.13805512 -5.73665017 -4.90398816 
5.99484250e-03 -9.85069507 -9.08720668 -7.13805512 -5.73665017 -4.90398816 
4.64158883e-03 -9.85069507 -9.08720668 -7.13805512 -5.73665017 -4.90398816 
3.59381366e-03 -9.85069507 -9.08720668 -7.13805512 -5.73665017 -4.90398816 
2.78255940e-03 -9.85069507 -9.08720668 -7.13805512 -5.73665017 -4.90398816 
2.15443469e-03 -9.85069507 -9.08720668 -7.13805512 -5.73665017 -4.90398816 
1.66810054e-03 -9.85069507 -9.08720668 -7.13805512 -5.73665017 -4.90398816 
1.29154967e-03 -9.85069507 -9.08720668 -7.13805512 -5.73665017 -4.90398816 
1.00000000e-03 -9.85069507 -9.08720668 -7.13805512 -5.73665017 -4.90398816 
7.74263683e-04 -9.85069507 -9.08720668 -7.13805512 -5.73665017 -4.90398816 
5.99484250e-04 -9.85069507 -9.08720668 -7.13805512 -5.73665017 -4.90398816 
4.64158883e-04 -9.85069507 -9.08720668 -7.13805512 -5.73665017 -4.90398816 
3.59381366e-04 -9.85069507 -9.08720668 -7.13805512 -5.73665017 -4.90398816 
2.78255940e-04 -9.85069507 -9.08720668 -7.13805512 -5.73665017 -4.90398816 
2.15443469e-04 -9.85069507 -9.08720668 -7.13805512 -5.73665017 -4.90398816 
1.66810054e-04 -9.85069507 -9.08720668 -7.13805512 -5.73665017 -4.90398816 
1.29154967e-04 -9.85069507 -9.08720668 -7.13805512 -5.73665017 -4.90398816 
1.00000000e-04 -9.85069507 -9.08720668 -7.13805512 -5.73665017 -4.90398816 
7.74263683e-05 -9.85069507 -9.08720668 -7.13805512 -5.73665017 -4.90398816 
5.99484250e-05 -9.85069507 -9.08720668 -7.13805512 -5.73665017 -4.90398816 
4.64158883e-05 -9.85069507 -9.08720668 -7.13805512 -5.73665017 -4.90398816 
3.59381366e-05 -9.85069507 -9.08720668 -7.13805512 -5.73665017 -4.90398816 
2.78255940e-05 -9.85069507 -9.08720668 -7.13805512 -5.73665017 -4.90398816 
2.15443469e-05 -9.85069507 -9.08720668 -7.13805512 -5.73665017 -4.90398816 
1.66810054e-05 -9.85069507 -9.08720668 -7.13805512 -5.73665017 -4.90398816 
1.29154967e-05 -9.85069507 -9.08720668 -7.13805512 -5.73665017 -4.90398816 
1.00000000e-05 -9.85069507 -9.08720668 -7.13805512 -5.73665017 -4.90398816 
7.74263683e-06 -9.85069507 -9.08720668 -7.13805512 -5.73665017 -4.90398816 
5.99484250e-06 -9.85069507 -9.08720668 -7.13805512 -5.73665017 -4.90398816 
4.64158883e-06 -9.85069507 -9.08720668 -7.13805512 -5.73665017 -4.90398816 
3.59381366e-06 -9.85069507 -9.08720668 -7.13805512 -5.73665017 -4.90398816 
2.78255940e-06 -9.85069507 -9.08720668 -7.13805512 -5.73665017 -4.90398816 
2.15443469e-06 -9.85069507 -9.08720668 -7.13805512 -5.73665017 -4.90398816 
1.66810054e-06 -9.85069507 -9.08720668 -7.13805512 -5.73665017 -4.90398816 
1.29154967e-06 -9.85069507 -9.08720668 -7.13805512 -5.73665017 -4.90398816 
1.00000000e-06 -9.85069507 -9.08720668 -7.13805512 -5.73665017 -4.90398816 
7.74263683e-07 -9.85069507 -9.08720668 -7.13805512 -5.73665017 -4.90398816 
5.99484250e-07 -9.85069507 -9.08720668 -7.13805512 -5.73665017 -4.90398816 
4.64158883e-07 -9.85069507 -9.08720668 -7.13805512 -5.73665017 -4.90398816 
3.59381366e-07 -9.85069507 -9.08720668 -7.13805512 -5.73665017 -4.90398816 
2.78255940e-07 -9.85069507 -9.08720668 -7.13805512 -5.73665017 -4.90398816 
2.15443469e-07 -9.85069507 -9.08720668 -7.13805512 -5.73665017 -4.90398816 
1.66810054e-07 -9.85069507 -9.08720668 -7.13805512 -5.73665017 -4.90398816 
1.29154967e-07 -9.85069507 -9.08720668 -7.13805512 -5.73665017 -4.90398816 
1.00000000e-07 -9.85069507 -9.08720668 -7.13805512 -5.73665017 -4.90398816 
7.74263683e-08 -9.85069507 -9.08720668 -7.13805512 -5.73665017 -4.90398816 
5.99484250e-08 -9.85069507 -9.08720668 -7.13805512 -5.73665017 -4.90398816 
4.64158883e-08 -9.85069507 -9.08720668 -7.13805512 -5.73665017 -4.90398816 
3.59381366e-08 -9.85069507 -9.08720668 -7.13805512 -5.73665017 -4.90398816 
2.78255940e-08 -9.85069507 -9.08720668 -7.13805512 -5.73665017 -4.90398816 
2.15443469e-08 -9.85069507 -9.08720668 -7.13805512 -5.73665017 -4.90398816 
1.66810054e-08 -9.85069507 -9.08720668 -7.13805512 -5.73665017 -4.90398816 
1.29154967e-08 -9.85069507 -9.08720668 -7.13805512 -5.73665017 -4.90398816 
1.00000000e-08 -9.85069507 -9.08720668 -7.13805512 -5.73665017 -4.90398816 
7.74263683e-09 -9.85069507 -9.08720668 -7.13805512 -5.73665017 -4.90398816 
5.99484250e-09 -9.85069507 -9.08720668 -7.13805512 -5.73665017 -4.90398816 
4.64158883e-09 -9.85069507 -9.08720668 -7.13805512 -5.73665017 -4.90398816 
3.59381366e-09 -9.85069507 -9.08720668 -7.13805512 -5.73665017 -4.90398816 
2.78255940e-09 -9.85069507 -9.08720668 -7.13805512 -5.73665017 -4.90398816 
2.15443469e-09 -9.85069507 -9.08720668 -7.13805512 -5.73665017 -4.90398816 
1.66810054e-09 -9.85069507 -9.08720668 -7.13805512 -5.73665017 -4.90398816 
1.29154967e-09 -9.85069507 -9.08720668 -7.13805512 -5.73665017 -4.90398816 
1.00000000e-09 -9.85069507 -9.08720668 -7.13805512 -5.73665017 -4.90398816 
7.74263683e-10 -9.85069507 -9.08720668 -7.13805512 -5.73665017 -4.90398816 
5.99484250e-10 -9.85069507 -9.08720668 -7.13805512 -5.73665017 -4.90398816 
4.64158883e-10 -9.85069507 -9.08720668 -7.13805512 -5.73665017 -4.90398816 
3.59381366e-10 -9.85069507 -9.08720668 -7.13805512 -5.73665017 -4.90398816 
2.78255940e-10 -9.85069507 -9.08720668 -7.13805512 -5.73665017 -4.90398816 
2.15443469e-10 -9.85069507 -9.08720668 -7.13805512 -5.73665017 -4.90398816 
1.66810054e-10 -9.85069507 -9.08720668 -7.13805512 -5.73665017 -4.90398816 
1.29154967e-10 -9.85069507 -9.08720668 -7.13805512 -5.73665017 -4.90398816 
1.00000000e-10 -9.85069507 -9.08720668 -7.13805512 -5.73665017 -4.90398816 
