Chemical species: N2 H2O CO2 CH4 O2 O3 N2O NH3
P (bar) | log_N2: -2σ | log_N2: -1σ | log_N2: median | log_N2: +1σ | log_N2: +2σ 
1.00000000e+01 -0.04385931 -0.03440692 -0.01213222 -0.00012900 -0.00004234 
7.74263683e+00 -0.04385931 -0.03440692 -0.01213222 -0.00012900 -0.00004234 
5.99484250e+00 -0.04385931 -0.03440692 -0.01213222 -0.00012900 -0.00004234 
4.64158883e+00 -0.04385931 -0.03440692 -0.01213222 -0.00012900 -0.00004234 
3.59381366e+00 -0.04385931 -0.03440692 -0.01213222 -0.00012900 -0.00004234 
2.78255940e+00 -0.04385931 -0.03440692 -0.01213222 -0.00012900 -0.00004234 
2.15443469e+00 -0.04385931 -0.03440692 -0.01213222 -0.00012900 -0.00004234 
1.66810054e+00 -0.04385931 -0.03440692 -0.01213222 -0.00012900 -0.00004234 
1.29154967e+00 -0.04385931 -0.03440692 -0.01213222 -0.00012900 -0.00004234 
1.00000000e+00 -0.04385931 -0.03440692 -0.01213222 -0.00012900 -0.00004234 
7.74263683e-01 -0.04385931 -0.03440692 -0.01213222 -0.00012900 -0.00004234 
5.99484250e-01 -0.04385931 -0.03440692 -0.01213222 -0.00012900 -0.00004234 
4.64158883e-01 -0.04385931 -0.03440692 -0.01213222 -0.00012900 -0.00004234 
3.59381366e-01 -0.04385931 -0.03440692 -0.01213222 -0.00012900 -0.00004234 
2.78255940e-01 -0.04385931 -0.03440692 -0.01213222 -0.00012900 -0.00004234 
2.15443469e-01 -0.04385931 -0.03440692 -0.01213222 -0.00012900 -0.00004234 
1.66810054e-01 -0.04385931 -0.03440692 -0.01213222 -0.00012900 -0.00004234 
1.29154967e-01 -0.04385931 -0.03440692 -0.01213222 -0.00012900 -0.00004234 
1.00000000e-01 -0.04385931 -0.03440692 -0.01213222 -0.00012900 -0.00004234 
7.74263683e-02 -0.04385931 -0.03440692 -0.01213222 -0.00012900 -0.00004234 
5.99484250e-02 -0.04385931 -0.03440692 -0.01213222 -0.00012900 -0.00004234 
4.64158883e-02 -0.04385931 -0.03440692 -0.01213222 -0.00012900 -0.00004234 
3.59381366e-02 -0.04385931 -0.03440692 -0.01213222 -0.00012900 -0.00004234 
2.78255940e-02 -0.04385931 -0.03440692 -0.01213222 -0.00012900 -0.00004234 
2.15443469e-02 -0.04385931 -0.03440692 -0.01213222 -0.00012900 -0.00004234 
1.66810054e-02 -0.04385931 -0.03440692 -0.01213222 -0.00012900 -0.00004234 
1.29154967e-02 -0.04385931 -0.03440692 -0.01213222 -0.00012900 -0.00004234 
1.00000000e-02 -0.04385931 -0.03440692 -0.01213222 -0.00012900 -0.00004234 
7.74263683e-03 -0.04385931 -0.03440692 -0.01213222 -0.00012900 -0.00004234 
5.99484250e-03 -0.04385931 -0.03440692 -0.01213222 -0.00012900 -0.00004234 
4.64158883e-03 -0.04385931 -0.03440692 -0.01213222 -0.00012900 -0.00004234 
3.59381366e-03 -0.04385931 -0.03440692 -0.01213222 -0.00012900 -0.00004234 
2.78255940e-03 -0.04385931 -0.03440692 -0.01213222 -0.00012900 -0.00004234 
2.15443469e-03 -0.04385931 -0.03440692 -0.01213222 -0.00012900 -0.00004234 
1.66810054e-03 -0.04385931 -0.03440692 -0.01213222 -0.00012900 -0.00004234 
1.29154967e-03 -0.04385931 -0.03440692 -0.01213222 -0.00012900 -0.00004234 
1.00000000e-03 -0.04385931 -0.03440692 -0.01213222 -0.00012900 -0.00004234 
7.74263683e-04 -0.04385931 -0.03440692 -0.01213222 -0.00012900 -0.00004234 
5.99484250e-04 -0.04385931 -0.03440692 -0.01213222 -0.00012900 -0.00004234 
4.64158883e-04 -0.04385931 -0.03440692 -0.01213222 -0.00012900 -0.00004234 
3.59381366e-04 -0.04385931 -0.03440692 -0.01213222 -0.00012900 -0.00004234 
2.78255940e-04 -0.04385931 -0.03440692 -0.01213222 -0.00012900 -0.00004234 
2.15443469e-04 -0.04385931 -0.03440692 -0.01213222 -0.00012900 -0.00004234 
1.66810054e-04 -0.04385931 -0.03440692 -0.01213222 -0.00012900 -0.00004234 
1.29154967e-04 -0.04385931 -0.03440692 -0.01213222 -0.00012900 -0.00004234 
1.00000000e-04 -0.04385931 -0.03440692 -0.01213222 -0.00012900 -0.00004234 
7.74263683e-05 -0.04385931 -0.03440692 -0.01213222 -0.00012900 -0.00004234 
5.99484250e-05 -0.04385931 -0.03440692 -0.01213222 -0.00012900 -0.00004234 
4.64158883e-05 -0.04385931 -0.03440692 -0.01213222 -0.00012900 -0.00004234 
3.59381366e-05 -0.04385931 -0.03440692 -0.01213222 -0.00012900 -0.00004234 
2.78255940e-05 -0.04385931 -0.03440692 -0.01213222 -0.00012900 -0.00004234 
2.15443469e-05 -0.04385931 -0.03440692 -0.01213222 -0.00012900 -0.00004234 
1.66810054e-05 -0.04385931 -0.03440692 -0.01213222 -0.00012900 -0.00004234 
1.29154967e-05 -0.04385931 -0.03440692 -0.01213222 -0.00012900 -0.00004234 
1.00000000e-05 -0.04385931 -0.03440692 -0.01213222 -0.00012900 -0.00004234 
7.74263683e-06 -0.04385931 -0.03440692 -0.01213222 -0.00012900 -0.00004234 
5.99484250e-06 -0.04385931 -0.03440692 -0.01213222 -0.00012900 -0.00004234 
4.64158883e-06 -0.04385931 -0.03440692 -0.01213222 -0.00012900 -0.00004234 
3.59381366e-06 -0.04385931 -0.03440692 -0.01213222 -0.00012900 -0.00004234 
2.78255940e-06 -0.04385931 -0.03440692 -0.01213222 -0.00012900 -0.00004234 
2.15443469e-06 -0.04385931 -0.03440692 -0.01213222 -0.00012900 -0.00004234 
1.66810054e-06 -0.04385931 -0.03440692 -0.01213222 -0.00012900 -0.00004234 
1.29154967e-06 -0.04385931 -0.03440692 -0.01213222 -0.00012900 -0.00004234 
1.00000000e-06 -0.04385931 -0.03440692 -0.01213222 -0.00012900 -0.00004234 
7.74263683e-07 -0.04385931 -0.03440692 -0.01213222 -0.00012900 -0.00004234 
5.99484250e-07 -0.04385931 -0.03440692 -0.01213222 -0.00012900 -0.00004234 
4.64158883e-07 -0.04385931 -0.03440692 -0.01213222 -0.00012900 -0.00004234 
3.59381366e-07 -0.04385931 -0.03440692 -0.01213222 -0.00012900 -0.00004234 
2.78255940e-07 -0.04385931 -0.03440692 -0.01213222 -0.00012900 -0.00004234 
2.15443469e-07 -0.04385931 -0.03440692 -0.01213222 -0.00012900 -0.00004234 
1.66810054e-07 -0.04385931 -0.03440692 -0.01213222 -0.00012900 -0.00004234 
1.29154967e-07 -0.04385931 -0.03440692 -0.01213222 -0.00012900 -0.00004234 
1.00000000e-07 -0.04385931 -0.03440692 -0.01213222 -0.00012900 -0.00004234 
7.74263683e-08 -0.04385931 -0.03440692 -0.01213222 -0.00012900 -0.00004234 
5.99484250e-08 -0.04385931 -0.03440692 -0.01213222 -0.00012900 -0.00004234 
4.64158883e-08 -0.04385931 -0.03440692 -0.01213222 -0.00012900 -0.00004234 
3.59381366e-08 -0.04385931 -0.03440692 -0.01213222 -0.00012900 -0.00004234 
2.78255940e-08 -0.04385931 -0.03440692 -0.01213222 -0.00012900 -0.00004234 
2.15443469e-08 -0.04385931 -0.03440692 -0.01213222 -0.00012900 -0.00004234 
1.66810054e-08 -0.04385931 -0.03440692 -0.01213222 -0.00012900 -0.00004234 
1.29154967e-08 -0.04385931 -0.03440692 -0.01213222 -0.00012900 -0.00004234 
1.00000000e-08 -0.04385931 -0.03440692 -0.01213222 -0.00012900 -0.00004234 
7.74263683e-09 -0.04385931 -0.03440692 -0.01213222 -0.00012900 -0.00004234 
5.99484250e-09 -0.04385931 -0.03440692 -0.01213222 -0.00012900 -0.00004234 
4.64158883e-09 -0.04385931 -0.03440692 -0.01213222 -0.00012900 -0.00004234 
3.59381366e-09 -0.04385931 -0.03440692 -0.01213222 -0.00012900 -0.00004234 
2.78255940e-09 -0.04385931 -0.03440692 -0.01213222 -0.00012900 -0.00004234 
2.15443469e-09 -0.04385931 -0.03440692 -0.01213222 -0.00012900 -0.00004234 
1.66810054e-09 -0.04385931 -0.03440692 -0.01213222 -0.00012900 -0.00004234 
1.29154967e-09 -0.04385931 -0.03440692 -0.01213222 -0.00012900 -0.00004234 
1.00000000e-09 -0.04385931 -0.03440692 -0.01213222 -0.00012900 -0.00004234 
7.74263683e-10 -0.04385931 -0.03440692 -0.01213222 -0.00012900 -0.00004234 
5.99484250e-10 -0.04385931 -0.03440692 -0.01213222 -0.00012900 -0.00004234 
4.64158883e-10 -0.04385931 -0.03440692 -0.01213222 -0.00012900 -0.00004234 
3.59381366e-10 -0.04385931 -0.03440692 -0.01213222 -0.00012900 -0.00004234 
2.78255940e-10 -0.04385931 -0.03440692 -0.01213222 -0.00012900 -0.00004234 
2.15443469e-10 -0.04385931 -0.03440692 -0.01213222 -0.00012900 -0.00004234 
1.66810054e-10 -0.04385931 -0.03440692 -0.01213222 -0.00012900 -0.00004234 
1.29154967e-10 -0.04385931 -0.03440692 -0.01213222 -0.00012900 -0.00004234 
1.00000000e-10 -0.04385931 -0.03440692 -0.01213222 -0.00012900 -0.00004234 
P (bar) | log_H2O: -2σ | log_H2O: -1σ | log_H2O: median | log_H2O: +1σ | log_H2O: +2σ 
1.00000000e+01 -4.85609309 -4.48482633 -4.11384235 -3.75848428 -3.44172616 
7.74263683e+00 -4.85609309 -4.48482633 -4.11384235 -3.75848428 -3.44172616 
5.99484250e+00 -4.85609309 -4.48482633 -4.11384235 -3.75848428 -3.44172616 
4.64158883e+00 -4.85609309 -4.48482633 -4.11384235 -3.75848428 -3.44172616 
3.59381366e+00 -4.85609309 -4.48482633 -4.11384235 -3.75848428 -3.44172616 
2.78255940e+00 -4.85609309 -4.48482633 -4.11384235 -3.75848428 -3.44172616 
2.15443469e+00 -4.85609309 -4.48482633 -4.11384235 -3.75848428 -3.44172616 
1.66810054e+00 -4.85609309 -4.48482633 -4.11384235 -3.75848428 -3.44172616 
1.29154967e+00 -4.85609309 -4.48482633 -4.11384235 -3.75848428 -3.44172616 
1.00000000e+00 -4.85609309 -4.48482633 -4.11384235 -3.75848428 -3.44172616 
7.74263683e-01 -4.85609309 -4.48482633 -4.11384235 -3.75848428 -3.44172616 
5.99484250e-01 -4.85609309 -4.48482633 -4.11384235 -3.75848428 -3.44172616 
4.64158883e-01 -4.85609309 -4.48482633 -4.11384235 -3.75848428 -3.44172616 
3.59381366e-01 -4.85609309 -4.48482633 -4.11384235 -3.75848428 -3.44172616 
2.78255940e-01 -4.85609309 -4.48482633 -4.11384235 -3.75848428 -3.44172616 
2.15443469e-01 -4.85609309 -4.48482633 -4.11384235 -3.75848428 -3.44172616 
1.66810054e-01 -4.85609309 -4.48482633 -4.11384235 -3.75848428 -3.44172616 
1.29154967e-01 -4.85609309 -4.48482633 -4.11384235 -3.75848428 -3.44172616 
1.00000000e-01 -4.85609309 -4.48482633 -4.11384235 -3.75848428 -3.44172616 
7.74263683e-02 -4.85609309 -4.48482633 -4.11384235 -3.75848428 -3.44172616 
5.99484250e-02 -4.85609309 -4.48482633 -4.11384235 -3.75848428 -3.44172616 
4.64158883e-02 -4.85609309 -4.48482633 -4.11384235 -3.75848428 -3.44172616 
3.59381366e-02 -4.85609309 -4.48482633 -4.11384235 -3.75848428 -3.44172616 
2.78255940e-02 -4.85609309 -4.48482633 -4.11384235 -3.75848428 -3.44172616 
2.15443469e-02 -4.85609309 -4.48482633 -4.11384235 -3.75848428 -3.44172616 
1.66810054e-02 -4.85609309 -4.48482633 -4.11384235 -3.75848428 -3.44172616 
1.29154967e-02 -4.85609309 -4.48482633 -4.11384235 -3.75848428 -3.44172616 
1.00000000e-02 -4.85609309 -4.48482633 -4.11384235 -3.75848428 -3.44172616 
7.74263683e-03 -4.85609309 -4.48482633 -4.11384235 -3.75848428 -3.44172616 
5.99484250e-03 -4.85609309 -4.48482633 -4.11384235 -3.75848428 -3.44172616 
4.64158883e-03 -4.85609309 -4.48482633 -4.11384235 -3.75848428 -3.44172616 
3.59381366e-03 -4.85609309 -4.48482633 -4.11384235 -3.75848428 -3.44172616 
2.78255940e-03 -4.85609309 -4.48482633 -4.11384235 -3.75848428 -3.44172616 
2.15443469e-03 -4.85609309 -4.48482633 -4.11384235 -3.75848428 -3.44172616 
1.66810054e-03 -4.85609309 -4.48482633 -4.11384235 -3.75848428 -3.44172616 
1.29154967e-03 -4.85609309 -4.48482633 -4.11384235 -3.75848428 -3.44172616 
1.00000000e-03 -4.85609309 -4.48482633 -4.11384235 -3.75848428 -3.44172616 
7.74263683e-04 -4.85609309 -4.48482633 -4.11384235 -3.75848428 -3.44172616 
5.99484250e-04 -4.85609309 -4.48482633 -4.11384235 -3.75848428 -3.44172616 
4.64158883e-04 -4.85609309 -4.48482633 -4.11384235 -3.75848428 -3.44172616 
3.59381366e-04 -4.85609309 -4.48482633 -4.11384235 -3.75848428 -3.44172616 
2.78255940e-04 -4.85609309 -4.48482633 -4.11384235 -3.75848428 -3.44172616 
2.15443469e-04 -4.85609309 -4.48482633 -4.11384235 -3.75848428 -3.44172616 
1.66810054e-04 -4.85609309 -4.48482633 -4.11384235 -3.75848428 -3.44172616 
1.29154967e-04 -4.85609309 -4.48482633 -4.11384235 -3.75848428 -3.44172616 
1.00000000e-04 -4.85609309 -4.48482633 -4.11384235 -3.75848428 -3.44172616 
7.74263683e-05 -4.85609309 -4.48482633 -4.11384235 -3.75848428 -3.44172616 
5.99484250e-05 -4.85609309 -4.48482633 -4.11384235 -3.75848428 -3.44172616 
4.64158883e-05 -4.85609309 -4.48482633 -4.11384235 -3.75848428 -3.44172616 
3.59381366e-05 -4.85609309 -4.48482633 -4.11384235 -3.75848428 -3.44172616 
2.78255940e-05 -4.85609309 -4.48482633 -4.11384235 -3.75848428 -3.44172616 
2.15443469e-05 -4.85609309 -4.48482633 -4.11384235 -3.75848428 -3.44172616 
1.66810054e-05 -4.85609309 -4.48482633 -4.11384235 -3.75848428 -3.44172616 
1.29154967e-05 -4.85609309 -4.48482633 -4.11384235 -3.75848428 -3.44172616 
1.00000000e-05 -4.85609309 -4.48482633 -4.11384235 -3.75848428 -3.44172616 
7.74263683e-06 -4.85609309 -4.48482633 -4.11384235 -3.75848428 -3.44172616 
5.99484250e-06 -4.85609309 -4.48482633 -4.11384235 -3.75848428 -3.44172616 
4.64158883e-06 -4.85609309 -4.48482633 -4.11384235 -3.75848428 -3.44172616 
3.59381366e-06 -4.85609309 -4.48482633 -4.11384235 -3.75848428 -3.44172616 
2.78255940e-06 -4.85609309 -4.48482633 -4.11384235 -3.75848428 -3.44172616 
2.15443469e-06 -4.85609309 -4.48482633 -4.11384235 -3.75848428 -3.44172616 
1.66810054e-06 -4.85609309 -4.48482633 -4.11384235 -3.75848428 -3.44172616 
1.29154967e-06 -4.85609309 -4.48482633 -4.11384235 -3.75848428 -3.44172616 
1.00000000e-06 -4.85609309 -4.48482633 -4.11384235 -3.75848428 -3.44172616 
7.74263683e-07 -4.85609309 -4.48482633 -4.11384235 -3.75848428 -3.44172616 
5.99484250e-07 -4.85609309 -4.48482633 -4.11384235 -3.75848428 -3.44172616 
4.64158883e-07 -4.85609309 -4.48482633 -4.11384235 -3.75848428 -3.44172616 
3.59381366e-07 -4.85609309 -4.48482633 -4.11384235 -3.75848428 -3.44172616 
2.78255940e-07 -4.85609309 -4.48482633 -4.11384235 -3.75848428 -3.44172616 
2.15443469e-07 -4.85609309 -4.48482633 -4.11384235 -3.75848428 -3.44172616 
1.66810054e-07 -4.85609309 -4.48482633 -4.11384235 -3.75848428 -3.44172616 
1.29154967e-07 -4.85609309 -4.48482633 -4.11384235 -3.75848428 -3.44172616 
1.00000000e-07 -4.85609309 -4.48482633 -4.11384235 -3.75848428 -3.44172616 
7.74263683e-08 -4.85609309 -4.48482633 -4.11384235 -3.75848428 -3.44172616 
5.99484250e-08 -4.85609309 -4.48482633 -4.11384235 -3.75848428 -3.44172616 
4.64158883e-08 -4.85609309 -4.48482633 -4.11384235 -3.75848428 -3.44172616 
3.59381366e-08 -4.85609309 -4.48482633 -4.11384235 -3.75848428 -3.44172616 
2.78255940e-08 -4.85609309 -4.48482633 -4.11384235 -3.75848428 -3.44172616 
2.15443469e-08 -4.85609309 -4.48482633 -4.11384235 -3.75848428 -3.44172616 
1.66810054e-08 -4.85609309 -4.48482633 -4.11384235 -3.75848428 -3.44172616 
1.29154967e-08 -4.85609309 -4.48482633 -4.11384235 -3.75848428 -3.44172616 
1.00000000e-08 -4.85609309 -4.48482633 -4.11384235 -3.75848428 -3.44172616 
7.74263683e-09 -4.85609309 -4.48482633 -4.11384235 -3.75848428 -3.44172616 
5.99484250e-09 -4.85609309 -4.48482633 -4.11384235 -3.75848428 -3.44172616 
4.64158883e-09 -4.85609309 -4.48482633 -4.11384235 -3.75848428 -3.44172616 
3.59381366e-09 -4.85609309 -4.48482633 -4.11384235 -3.75848428 -3.44172616 
2.78255940e-09 -4.85609309 -4.48482633 -4.11384235 -3.75848428 -3.44172616 
2.15443469e-09 -4.85609309 -4.48482633 -4.11384235 -3.75848428 -3.44172616 
1.66810054e-09 -4.85609309 -4.48482633 -4.11384235 -3.75848428 -3.44172616 
1.29154967e-09 -4.85609309 -4.48482633 -4.11384235 -3.75848428 -3.44172616 
1.00000000e-09 -4.85609309 -4.48482633 -4.11384235 -3.75848428 -3.44172616 
7.74263683e-10 -4.85609309 -4.48482633 -4.11384235 -3.75848428 -3.44172616 
5.99484250e-10 -4.85609309 -4.48482633 -4.11384235 -3.75848428 -3.44172616 
4.64158883e-10 -4.85609309 -4.48482633 -4.11384235 -3.75848428 -3.44172616 
3.59381366e-10 -4.85609309 -4.48482633 -4.11384235 -3.75848428 -3.44172616 
2.78255940e-10 -4.85609309 -4.48482633 -4.11384235 -3.75848428 -3.44172616 
2.15443469e-10 -4.85609309 -4.48482633 -4.11384235 -3.75848428 -3.44172616 
1.66810054e-10 -4.85609309 -4.48482633 -4.11384235 -3.75848428 -3.44172616 
1.29154967e-10 -4.85609309 -4.48482633 -4.11384235 -3.75848428 -3.44172616 
1.00000000e-10 -4.85609309 -4.48482633 -4.11384235 -3.75848428 -3.44172616 
P (bar) | log_CO2: -2σ | log_CO2: -1σ | log_CO2: median | log_CO2: +1σ | log_CO2: +2σ 
1.00000000e+01 -4.83101617 -4.33979900 -3.93682028 -3.51248160 -3.10226291 
7.74263683e+00 -4.83101617 -4.33979900 -3.93682028 -3.51248160 -3.10226291 
5.99484250e+00 -4.83101617 -4.33979900 -3.93682028 -3.51248160 -3.10226291 
4.64158883e+00 -4.83101617 -4.33979900 -3.93682028 -3.51248160 -3.10226291 
3.59381366e+00 -4.83101617 -4.33979900 -3.93682028 -3.51248160 -3.10226291 
2.78255940e+00 -4.83101617 -4.33979900 -3.93682028 -3.51248160 -3.10226291 
2.15443469e+00 -4.83101617 -4.33979900 -3.93682028 -3.51248160 -3.10226291 
1.66810054e+00 -4.83101617 -4.33979900 -3.93682028 -3.51248160 -3.10226291 
1.29154967e+00 -4.83101617 -4.33979900 -3.93682028 -3.51248160 -3.10226291 
1.00000000e+00 -4.83101617 -4.33979900 -3.93682028 -3.51248160 -3.10226291 
7.74263683e-01 -4.83101617 -4.33979900 -3.93682028 -3.51248160 -3.10226291 
5.99484250e-01 -4.83101617 -4.33979900 -3.93682028 -3.51248160 -3.10226291 
4.64158883e-01 -4.83101617 -4.33979900 -3.93682028 -3.51248160 -3.10226291 
3.59381366e-01 -4.83101617 -4.33979900 -3.93682028 -3.51248160 -3.10226291 
2.78255940e-01 -4.83101617 -4.33979900 -3.93682028 -3.51248160 -3.10226291 
2.15443469e-01 -4.83101617 -4.33979900 -3.93682028 -3.51248160 -3.10226291 
1.66810054e-01 -4.83101617 -4.33979900 -3.93682028 -3.51248160 -3.10226291 
1.29154967e-01 -4.83101617 -4.33979900 -3.93682028 -3.51248160 -3.10226291 
1.00000000e-01 -4.83101617 -4.33979900 -3.93682028 -3.51248160 -3.10226291 
7.74263683e-02 -4.83101617 -4.33979900 -3.93682028 -3.51248160 -3.10226291 
5.99484250e-02 -4.83101617 -4.33979900 -3.93682028 -3.51248160 -3.10226291 
4.64158883e-02 -4.83101617 -4.33979900 -3.93682028 -3.51248160 -3.10226291 
3.59381366e-02 -4.83101617 -4.33979900 -3.93682028 -3.51248160 -3.10226291 
2.78255940e-02 -4.83101617 -4.33979900 -3.93682028 -3.51248160 -3.10226291 
2.15443469e-02 -4.83101617 -4.33979900 -3.93682028 -3.51248160 -3.10226291 
1.66810054e-02 -4.83101617 -4.33979900 -3.93682028 -3.51248160 -3.10226291 
1.29154967e-02 -4.83101617 -4.33979900 -3.93682028 -3.51248160 -3.10226291 
1.00000000e-02 -4.83101617 -4.33979900 -3.93682028 -3.51248160 -3.10226291 
7.74263683e-03 -4.83101617 -4.33979900 -3.93682028 -3.51248160 -3.10226291 
5.99484250e-03 -4.83101617 -4.33979900 -3.93682028 -3.51248160 -3.10226291 
4.64158883e-03 -4.83101617 -4.33979900 -3.93682028 -3.51248160 -3.10226291 
3.59381366e-03 -4.83101617 -4.33979900 -3.93682028 -3.51248160 -3.10226291 
2.78255940e-03 -4.83101617 -4.33979900 -3.93682028 -3.51248160 -3.10226291 
2.15443469e-03 -4.83101617 -4.33979900 -3.93682028 -3.51248160 -3.10226291 
1.66810054e-03 -4.83101617 -4.33979900 -3.93682028 -3.51248160 -3.10226291 
1.29154967e-03 -4.83101617 -4.33979900 -3.93682028 -3.51248160 -3.10226291 
1.00000000e-03 -4.83101617 -4.33979900 -3.93682028 -3.51248160 -3.10226291 
7.74263683e-04 -4.83101617 -4.33979900 -3.93682028 -3.51248160 -3.10226291 
5.99484250e-04 -4.83101617 -4.33979900 -3.93682028 -3.51248160 -3.10226291 
4.64158883e-04 -4.83101617 -4.33979900 -3.93682028 -3.51248160 -3.10226291 
3.59381366e-04 -4.83101617 -4.33979900 -3.93682028 -3.51248160 -3.10226291 
2.78255940e-04 -4.83101617 -4.33979900 -3.93682028 -3.51248160 -3.10226291 
2.15443469e-04 -4.83101617 -4.33979900 -3.93682028 -3.51248160 -3.10226291 
1.66810054e-04 -4.83101617 -4.33979900 -3.93682028 -3.51248160 -3.10226291 
1.29154967e-04 -4.83101617 -4.33979900 -3.93682028 -3.51248160 -3.10226291 
1.00000000e-04 -4.83101617 -4.33979900 -3.93682028 -3.51248160 -3.10226291 
7.74263683e-05 -4.83101617 -4.33979900 -3.93682028 -3.51248160 -3.10226291 
5.99484250e-05 -4.83101617 -4.33979900 -3.93682028 -3.51248160 -3.10226291 
4.64158883e-05 -4.83101617 -4.33979900 -3.93682028 -3.51248160 -3.10226291 
3.59381366e-05 -4.83101617 -4.33979900 -3.93682028 -3.51248160 -3.10226291 
2.78255940e-05 -4.83101617 -4.33979900 -3.93682028 -3.51248160 -3.10226291 
2.15443469e-05 -4.83101617 -4.33979900 -3.93682028 -3.51248160 -3.10226291 
1.66810054e-05 -4.83101617 -4.33979900 -3.93682028 -3.51248160 -3.10226291 
1.29154967e-05 -4.83101617 -4.33979900 -3.93682028 -3.51248160 -3.10226291 
1.00000000e-05 -4.83101617 -4.33979900 -3.93682028 -3.51248160 -3.10226291 
7.74263683e-06 -4.83101617 -4.33979900 -3.93682028 -3.51248160 -3.10226291 
5.99484250e-06 -4.83101617 -4.33979900 -3.93682028 -3.51248160 -3.10226291 
4.64158883e-06 -4.83101617 -4.33979900 -3.93682028 -3.51248160 -3.10226291 
3.59381366e-06 -4.83101617 -4.33979900 -3.93682028 -3.51248160 -3.10226291 
2.78255940e-06 -4.83101617 -4.33979900 -3.93682028 -3.51248160 -3.10226291 
2.15443469e-06 -4.83101617 -4.33979900 -3.93682028 -3.51248160 -3.10226291 
1.66810054e-06 -4.83101617 -4.33979900 -3.93682028 -3.51248160 -3.10226291 
1.29154967e-06 -4.83101617 -4.33979900 -3.93682028 -3.51248160 -3.10226291 
1.00000000e-06 -4.83101617 -4.33979900 -3.93682028 -3.51248160 -3.10226291 
7.74263683e-07 -4.83101617 -4.33979900 -3.93682028 -3.51248160 -3.10226291 
5.99484250e-07 -4.83101617 -4.33979900 -3.93682028 -3.51248160 -3.10226291 
4.64158883e-07 -4.83101617 -4.33979900 -3.93682028 -3.51248160 -3.10226291 
3.59381366e-07 -4.83101617 -4.33979900 -3.93682028 -3.51248160 -3.10226291 
2.78255940e-07 -4.83101617 -4.33979900 -3.93682028 -3.51248160 -3.10226291 
2.15443469e-07 -4.83101617 -4.33979900 -3.93682028 -3.51248160 -3.10226291 
1.66810054e-07 -4.83101617 -4.33979900 -3.93682028 -3.51248160 -3.10226291 
1.29154967e-07 -4.83101617 -4.33979900 -3.93682028 -3.51248160 -3.10226291 
1.00000000e-07 -4.83101617 -4.33979900 -3.93682028 -3.51248160 -3.10226291 
7.74263683e-08 -4.83101617 -4.33979900 -3.93682028 -3.51248160 -3.10226291 
5.99484250e-08 -4.83101617 -4.33979900 -3.93682028 -3.51248160 -3.10226291 
4.64158883e-08 -4.83101617 -4.33979900 -3.93682028 -3.51248160 -3.10226291 
3.59381366e-08 -4.83101617 -4.33979900 -3.93682028 -3.51248160 -3.10226291 
2.78255940e-08 -4.83101617 -4.33979900 -3.93682028 -3.51248160 -3.10226291 
2.15443469e-08 -4.83101617 -4.33979900 -3.93682028 -3.51248160 -3.10226291 
1.66810054e-08 -4.83101617 -4.33979900 -3.93682028 -3.51248160 -3.10226291 
1.29154967e-08 -4.83101617 -4.33979900 -3.93682028 -3.51248160 -3.10226291 
1.00000000e-08 -4.83101617 -4.33979900 -3.93682028 -3.51248160 -3.10226291 
7.74263683e-09 -4.83101617 -4.33979900 -3.93682028 -3.51248160 -3.10226291 
5.99484250e-09 -4.83101617 -4.33979900 -3.93682028 -3.51248160 -3.10226291 
4.64158883e-09 -4.83101617 -4.33979900 -3.93682028 -3.51248160 -3.10226291 
3.59381366e-09 -4.83101617 -4.33979900 -3.93682028 -3.51248160 -3.10226291 
2.78255940e-09 -4.83101617 -4.33979900 -3.93682028 -3.51248160 -3.10226291 
2.15443469e-09 -4.83101617 -4.33979900 -3.93682028 -3.51248160 -3.10226291 
1.66810054e-09 -4.83101617 -4.33979900 -3.93682028 -3.51248160 -3.10226291 
1.29154967e-09 -4.83101617 -4.33979900 -3.93682028 -3.51248160 -3.10226291 
1.00000000e-09 -4.83101617 -4.33979900 -3.93682028 -3.51248160 -3.10226291 
7.74263683e-10 -4.83101617 -4.33979900 -3.93682028 -3.51248160 -3.10226291 
5.99484250e-10 -4.83101617 -4.33979900 -3.93682028 -3.51248160 -3.10226291 
4.64158883e-10 -4.83101617 -4.33979900 -3.93682028 -3.51248160 -3.10226291 
3.59381366e-10 -4.83101617 -4.33979900 -3.93682028 -3.51248160 -3.10226291 
2.78255940e-10 -4.83101617 -4.33979900 -3.93682028 -3.51248160 -3.10226291 
2.15443469e-10 -4.83101617 -4.33979900 -3.93682028 -3.51248160 -3.10226291 
1.66810054e-10 -4.83101617 -4.33979900 -3.93682028 -3.51248160 -3.10226291 
1.29154967e-10 -4.83101617 -4.33979900 -3.93682028 -3.51248160 -3.10226291 
1.00000000e-10 -4.83101617 -4.33979900 -3.93682028 -3.51248160 -3.10226291 
P (bar) | log_CH4: -2σ | log_CH4: -1σ | log_CH4: median | log_CH4: +1σ | log_CH4: +2σ 
1.00000000e+01 -4.68317587 -4.45047762 -4.23754201 -4.01422135 -3.75576095 
7.74263683e+00 -4.68317587 -4.45047762 -4.23754201 -4.01422135 -3.75576095 
5.99484250e+00 -4.68317587 -4.45047762 -4.23754201 -4.01422135 -3.75576095 
4.64158883e+00 -4.68317587 -4.45047762 -4.23754201 -4.01422135 -3.75576095 
3.59381366e+00 -4.68317587 -4.45047762 -4.23754201 -4.01422135 -3.75576095 
2.78255940e+00 -4.68317587 -4.45047762 -4.23754201 -4.01422135 -3.75576095 
2.15443469e+00 -4.68317587 -4.45047762 -4.23754201 -4.01422135 -3.75576095 
1.66810054e+00 -4.68317587 -4.45047762 -4.23754201 -4.01422135 -3.75576095 
1.29154967e+00 -4.68317587 -4.45047762 -4.23754201 -4.01422135 -3.75576095 
1.00000000e+00 -4.68317587 -4.45047762 -4.23754201 -4.01422135 -3.75576095 
7.74263683e-01 -4.68317587 -4.45047762 -4.23754201 -4.01422135 -3.75576095 
5.99484250e-01 -4.68317587 -4.45047762 -4.23754201 -4.01422135 -3.75576095 
4.64158883e-01 -4.68317587 -4.45047762 -4.23754201 -4.01422135 -3.75576095 
3.59381366e-01 -4.68317587 -4.45047762 -4.23754201 -4.01422135 -3.75576095 
2.78255940e-01 -4.68317587 -4.45047762 -4.23754201 -4.01422135 -3.75576095 
2.15443469e-01 -4.68317587 -4.45047762 -4.23754201 -4.01422135 -3.75576095 
1.66810054e-01 -4.68317587 -4.45047762 -4.23754201 -4.01422135 -3.75576095 
1.29154967e-01 -4.68317587 -4.45047762 -4.23754201 -4.01422135 -3.75576095 
1.00000000e-01 -4.68317587 -4.45047762 -4.23754201 -4.01422135 -3.75576095 
7.74263683e-02 -4.68317587 -4.45047762 -4.23754201 -4.01422135 -3.75576095 
5.99484250e-02 -4.68317587 -4.45047762 -4.23754201 -4.01422135 -3.75576095 
4.64158883e-02 -4.68317587 -4.45047762 -4.23754201 -4.01422135 -3.75576095 
3.59381366e-02 -4.68317587 -4.45047762 -4.23754201 -4.01422135 -3.75576095 
2.78255940e-02 -4.68317587 -4.45047762 -4.23754201 -4.01422135 -3.75576095 
2.15443469e-02 -4.68317587 -4.45047762 -4.23754201 -4.01422135 -3.75576095 
1.66810054e-02 -4.68317587 -4.45047762 -4.23754201 -4.01422135 -3.75576095 
1.29154967e-02 -4.68317587 -4.45047762 -4.23754201 -4.01422135 -3.75576095 
1.00000000e-02 -4.68317587 -4.45047762 -4.23754201 -4.01422135 -3.75576095 
7.74263683e-03 -4.68317587 -4.45047762 -4.23754201 -4.01422135 -3.75576095 
5.99484250e-03 -4.68317587 -4.45047762 -4.23754201 -4.01422135 -3.75576095 
4.64158883e-03 -4.68317587 -4.45047762 -4.23754201 -4.01422135 -3.75576095 
3.59381366e-03 -4.68317587 -4.45047762 -4.23754201 -4.01422135 -3.75576095 
2.78255940e-03 -4.68317587 -4.45047762 -4.23754201 -4.01422135 -3.75576095 
2.15443469e-03 -4.68317587 -4.45047762 -4.23754201 -4.01422135 -3.75576095 
1.66810054e-03 -4.68317587 -4.45047762 -4.23754201 -4.01422135 -3.75576095 
1.29154967e-03 -4.68317587 -4.45047762 -4.23754201 -4.01422135 -3.75576095 
1.00000000e-03 -4.68317587 -4.45047762 -4.23754201 -4.01422135 -3.75576095 
7.74263683e-04 -4.68317587 -4.45047762 -4.23754201 -4.01422135 -3.75576095 
5.99484250e-04 -4.68317587 -4.45047762 -4.23754201 -4.01422135 -3.75576095 
4.64158883e-04 -4.68317587 -4.45047762 -4.23754201 -4.01422135 -3.75576095 
3.59381366e-04 -4.68317587 -4.45047762 -4.23754201 -4.01422135 -3.75576095 
2.78255940e-04 -4.68317587 -4.45047762 -4.23754201 -4.01422135 -3.75576095 
2.15443469e-04 -4.68317587 -4.45047762 -4.23754201 -4.01422135 -3.75576095 
1.66810054e-04 -4.68317587 -4.45047762 -4.23754201 -4.01422135 -3.75576095 
1.29154967e-04 -4.68317587 -4.45047762 -4.23754201 -4.01422135 -3.75576095 
1.00000000e-04 -4.68317587 -4.45047762 -4.23754201 -4.01422135 -3.75576095 
7.74263683e-05 -4.68317587 -4.45047762 -4.23754201 -4.01422135 -3.75576095 
5.99484250e-05 -4.68317587 -4.45047762 -4.23754201 -4.01422135 -3.75576095 
4.64158883e-05 -4.68317587 -4.45047762 -4.23754201 -4.01422135 -3.75576095 
3.59381366e-05 -4.68317587 -4.45047762 -4.23754201 -4.01422135 -3.75576095 
2.78255940e-05 -4.68317587 -4.45047762 -4.23754201 -4.01422135 -3.75576095 
2.15443469e-05 -4.68317587 -4.45047762 -4.23754201 -4.01422135 -3.75576095 
1.66810054e-05 -4.68317587 -4.45047762 -4.23754201 -4.01422135 -3.75576095 
1.29154967e-05 -4.68317587 -4.45047762 -4.23754201 -4.01422135 -3.75576095 
1.00000000e-05 -4.68317587 -4.45047762 -4.23754201 -4.01422135 -3.75576095 
7.74263683e-06 -4.68317587 -4.45047762 -4.23754201 -4.01422135 -3.75576095 
5.99484250e-06 -4.68317587 -4.45047762 -4.23754201 -4.01422135 -3.75576095 
4.64158883e-06 -4.68317587 -4.45047762 -4.23754201 -4.01422135 -3.75576095 
3.59381366e-06 -4.68317587 -4.45047762 -4.23754201 -4.01422135 -3.75576095 
2.78255940e-06 -4.68317587 -4.45047762 -4.23754201 -4.01422135 -3.75576095 
2.15443469e-06 -4.68317587 -4.45047762 -4.23754201 -4.01422135 -3.75576095 
1.66810054e-06 -4.68317587 -4.45047762 -4.23754201 -4.01422135 -3.75576095 
1.29154967e-06 -4.68317587 -4.45047762 -4.23754201 -4.01422135 -3.75576095 
1.00000000e-06 -4.68317587 -4.45047762 -4.23754201 -4.01422135 -3.75576095 
7.74263683e-07 -4.68317587 -4.45047762 -4.23754201 -4.01422135 -3.75576095 
5.99484250e-07 -4.68317587 -4.45047762 -4.23754201 -4.01422135 -3.75576095 
4.64158883e-07 -4.68317587 -4.45047762 -4.23754201 -4.01422135 -3.75576095 
3.59381366e-07 -4.68317587 -4.45047762 -4.23754201 -4.01422135 -3.75576095 
2.78255940e-07 -4.68317587 -4.45047762 -4.23754201 -4.01422135 -3.75576095 
2.15443469e-07 -4.68317587 -4.45047762 -4.23754201 -4.01422135 -3.75576095 
1.66810054e-07 -4.68317587 -4.45047762 -4.23754201 -4.01422135 -3.75576095 
1.29154967e-07 -4.68317587 -4.45047762 -4.23754201 -4.01422135 -3.75576095 
1.00000000e-07 -4.68317587 -4.45047762 -4.23754201 -4.01422135 -3.75576095 
7.74263683e-08 -4.68317587 -4.45047762 -4.23754201 -4.01422135 -3.75576095 
5.99484250e-08 -4.68317587 -4.45047762 -4.23754201 -4.01422135 -3.75576095 
4.64158883e-08 -4.68317587 -4.45047762 -4.23754201 -4.01422135 -3.75576095 
3.59381366e-08 -4.68317587 -4.45047762 -4.23754201 -4.01422135 -3.75576095 
2.78255940e-08 -4.68317587 -4.45047762 -4.23754201 -4.01422135 -3.75576095 
2.15443469e-08 -4.68317587 -4.45047762 -4.23754201 -4.01422135 -3.75576095 
1.66810054e-08 -4.68317587 -4.45047762 -4.23754201 -4.01422135 -3.75576095 
1.29154967e-08 -4.68317587 -4.45047762 -4.23754201 -4.01422135 -3.75576095 
1.00000000e-08 -4.68317587 -4.45047762 -4.23754201 -4.01422135 -3.75576095 
7.74263683e-09 -4.68317587 -4.45047762 -4.23754201 -4.01422135 -3.75576095 
5.99484250e-09 -4.68317587 -4.45047762 -4.23754201 -4.01422135 -3.75576095 
4.64158883e-09 -4.68317587 -4.45047762 -4.23754201 -4.01422135 -3.75576095 
3.59381366e-09 -4.68317587 -4.45047762 -4.23754201 -4.01422135 -3.75576095 
2.78255940e-09 -4.68317587 -4.45047762 -4.23754201 -4.01422135 -3.75576095 
2.15443469e-09 -4.68317587 -4.45047762 -4.23754201 -4.01422135 -3.75576095 
1.66810054e-09 -4.68317587 -4.45047762 -4.23754201 -4.01422135 -3.75576095 
1.29154967e-09 -4.68317587 -4.45047762 -4.23754201 -4.01422135 -3.75576095 
1.00000000e-09 -4.68317587 -4.45047762 -4.23754201 -4.01422135 -3.75576095 
7.74263683e-10 -4.68317587 -4.45047762 -4.23754201 -4.01422135 -3.75576095 
5.99484250e-10 -4.68317587 -4.45047762 -4.23754201 -4.01422135 -3.75576095 
4.64158883e-10 -4.68317587 -4.45047762 -4.23754201 -4.01422135 -3.75576095 
3.59381366e-10 -4.68317587 -4.45047762 -4.23754201 -4.01422135 -3.75576095 
2.78255940e-10 -4.68317587 -4.45047762 -4.23754201 -4.01422135 -3.75576095 
2.15443469e-10 -4.68317587 -4.45047762 -4.23754201 -4.01422135 -3.75576095 
1.66810054e-10 -4.68317587 -4.45047762 -4.23754201 -4.01422135 -3.75576095 
1.29154967e-10 -4.68317587 -4.45047762 -4.23754201 -4.01422135 -3.75576095 
1.00000000e-10 -4.68317587 -4.45047762 -4.23754201 -4.01422135 -3.75576095 
P (bar) | log_O2: -2σ | log_O2: -1σ | log_O2: median | log_O2: +1σ | log_O2: +2σ 
1.00000000e+01 -9.13423772 -5.60529180 -1.56874819 -1.12087966 -1.02219731 
7.74263683e+00 -9.13423772 -5.60529180 -1.56874819 -1.12087966 -1.02219731 
5.99484250e+00 -9.13423772 -5.60529180 -1.56874819 -1.12087966 -1.02219731 
4.64158883e+00 -9.13423772 -5.60529180 -1.56874819 -1.12087966 -1.02219731 
3.59381366e+00 -9.13423772 -5.60529180 -1.56874819 -1.12087966 -1.02219731 
2.78255940e+00 -9.13423772 -5.60529180 -1.56874819 -1.12087966 -1.02219731 
2.15443469e+00 -9.13423772 -5.60529180 -1.56874819 -1.12087966 -1.02219731 
1.66810054e+00 -9.13423772 -5.60529180 -1.56874819 -1.12087966 -1.02219731 
1.29154967e+00 -9.13423772 -5.60529180 -1.56874819 -1.12087966 -1.02219731 
1.00000000e+00 -9.13423772 -5.60529180 -1.56874819 -1.12087966 -1.02219731 
7.74263683e-01 -9.13423772 -5.60529180 -1.56874819 -1.12087966 -1.02219731 
5.99484250e-01 -9.13423772 -5.60529180 -1.56874819 -1.12087966 -1.02219731 
4.64158883e-01 -9.13423772 -5.60529180 -1.56874819 -1.12087966 -1.02219731 
3.59381366e-01 -9.13423772 -5.60529180 -1.56874819 -1.12087966 -1.02219731 
2.78255940e-01 -9.13423772 -5.60529180 -1.56874819 -1.12087966 -1.02219731 
2.15443469e-01 -9.13423772 -5.60529180 -1.56874819 -1.12087966 -1.02219731 
1.66810054e-01 -9.13423772 -5.60529180 -1.56874819 -1.12087966 -1.02219731 
1.29154967e-01 -9.13423772 -5.60529180 -1.56874819 -1.12087966 -1.02219731 
1.00000000e-01 -9.13423772 -5.60529180 -1.56874819 -1.12087966 -1.02219731 
7.74263683e-02 -9.13423772 -5.60529180 -1.56874819 -1.12087966 -1.02219731 
5.99484250e-02 -9.13423772 -5.60529180 -1.56874819 -1.12087966 -1.02219731 
4.64158883e-02 -9.13423772 -5.60529180 -1.56874819 -1.12087966 -1.02219731 
3.59381366e-02 -9.13423772 -5.60529180 -1.56874819 -1.12087966 -1.02219731 
2.78255940e-02 -9.13423772 -5.60529180 -1.56874819 -1.12087966 -1.02219731 
2.15443469e-02 -9.13423772 -5.60529180 -1.56874819 -1.12087966 -1.02219731 
1.66810054e-02 -9.13423772 -5.60529180 -1.56874819 -1.12087966 -1.02219731 
1.29154967e-02 -9.13423772 -5.60529180 -1.56874819 -1.12087966 -1.02219731 
1.00000000e-02 -9.13423772 -5.60529180 -1.56874819 -1.12087966 -1.02219731 
7.74263683e-03 -9.13423772 -5.60529180 -1.56874819 -1.12087966 -1.02219731 
5.99484250e-03 -9.13423772 -5.60529180 -1.56874819 -1.12087966 -1.02219731 
4.64158883e-03 -9.13423772 -5.60529180 -1.56874819 -1.12087966 -1.02219731 
3.59381366e-03 -9.13423772 -5.60529180 -1.56874819 -1.12087966 -1.02219731 
2.78255940e-03 -9.13423772 -5.60529180 -1.56874819 -1.12087966 -1.02219731 
2.15443469e-03 -9.13423772 -5.60529180 -1.56874819 -1.12087966 -1.02219731 
1.66810054e-03 -9.13423772 -5.60529180 -1.56874819 -1.12087966 -1.02219731 
1.29154967e-03 -9.13423772 -5.60529180 -1.56874819 -1.12087966 -1.02219731 
1.00000000e-03 -9.13423772 -5.60529180 -1.56874819 -1.12087966 -1.02219731 
7.74263683e-04 -9.13423772 -5.60529180 -1.56874819 -1.12087966 -1.02219731 
5.99484250e-04 -9.13423772 -5.60529180 -1.56874819 -1.12087966 -1.02219731 
4.64158883e-04 -9.13423772 -5.60529180 -1.56874819 -1.12087966 -1.02219731 
3.59381366e-04 -9.13423772 -5.60529180 -1.56874819 -1.12087966 -1.02219731 
2.78255940e-04 -9.13423772 -5.60529180 -1.56874819 -1.12087966 -1.02219731 
2.15443469e-04 -9.13423772 -5.60529180 -1.56874819 -1.12087966 -1.02219731 
1.66810054e-04 -9.13423772 -5.60529180 -1.56874819 -1.12087966 -1.02219731 
1.29154967e-04 -9.13423772 -5.60529180 -1.56874819 -1.12087966 -1.02219731 
1.00000000e-04 -9.13423772 -5.60529180 -1.56874819 -1.12087966 -1.02219731 
7.74263683e-05 -9.13423772 -5.60529180 -1.56874819 -1.12087966 -1.02219731 
5.99484250e-05 -9.13423772 -5.60529180 -1.56874819 -1.12087966 -1.02219731 
4.64158883e-05 -9.13423772 -5.60529180 -1.56874819 -1.12087966 -1.02219731 
3.59381366e-05 -9.13423772 -5.60529180 -1.56874819 -1.12087966 -1.02219731 
2.78255940e-05 -9.13423772 -5.60529180 -1.56874819 -1.12087966 -1.02219731 
2.15443469e-05 -9.13423772 -5.60529180 -1.56874819 -1.12087966 -1.02219731 
1.66810054e-05 -9.13423772 -5.60529180 -1.56874819 -1.12087966 -1.02219731 
1.29154967e-05 -9.13423772 -5.60529180 -1.56874819 -1.12087966 -1.02219731 
1.00000000e-05 -9.13423772 -5.60529180 -1.56874819 -1.12087966 -1.02219731 
7.74263683e-06 -9.13423772 -5.60529180 -1.56874819 -1.12087966 -1.02219731 
5.99484250e-06 -9.13423772 -5.60529180 -1.56874819 -1.12087966 -1.02219731 
4.64158883e-06 -9.13423772 -5.60529180 -1.56874819 -1.12087966 -1.02219731 
3.59381366e-06 -9.13423772 -5.60529180 -1.56874819 -1.12087966 -1.02219731 
2.78255940e-06 -9.13423772 -5.60529180 -1.56874819 -1.12087966 -1.02219731 
2.15443469e-06 -9.13423772 -5.60529180 -1.56874819 -1.12087966 -1.02219731 
1.66810054e-06 -9.13423772 -5.60529180 -1.56874819 -1.12087966 -1.02219731 
1.29154967e-06 -9.13423772 -5.60529180 -1.56874819 -1.12087966 -1.02219731 
1.00000000e-06 -9.13423772 -5.60529180 -1.56874819 -1.12087966 -1.02219731 
7.74263683e-07 -9.13423772 -5.60529180 -1.56874819 -1.12087966 -1.02219731 
5.99484250e-07 -9.13423772 -5.60529180 -1.56874819 -1.12087966 -1.02219731 
4.64158883e-07 -9.13423772 -5.60529180 -1.56874819 -1.12087966 -1.02219731 
3.59381366e-07 -9.13423772 -5.60529180 -1.56874819 -1.12087966 -1.02219731 
2.78255940e-07 -9.13423772 -5.60529180 -1.56874819 -1.12087966 -1.02219731 
2.15443469e-07 -9.13423772 -5.60529180 -1.56874819 -1.12087966 -1.02219731 
1.66810054e-07 -9.13423772 -5.60529180 -1.56874819 -1.12087966 -1.02219731 
1.29154967e-07 -9.13423772 -5.60529180 -1.56874819 -1.12087966 -1.02219731 
1.00000000e-07 -9.13423772 -5.60529180 -1.56874819 -1.12087966 -1.02219731 
7.74263683e-08 -9.13423772 -5.60529180 -1.56874819 -1.12087966 -1.02219731 
5.99484250e-08 -9.13423772 -5.60529180 -1.56874819 -1.12087966 -1.02219731 
4.64158883e-08 -9.13423772 -5.60529180 -1.56874819 -1.12087966 -1.02219731 
3.59381366e-08 -9.13423772 -5.60529180 -1.56874819 -1.12087966 -1.02219731 
2.78255940e-08 -9.13423772 -5.60529180 -1.56874819 -1.12087966 -1.02219731 
2.15443469e-08 -9.13423772 -5.60529180 -1.56874819 -1.12087966 -1.02219731 
1.66810054e-08 -9.13423772 -5.60529180 -1.56874819 -1.12087966 -1.02219731 
1.29154967e-08 -9.13423772 -5.60529180 -1.56874819 -1.12087966 -1.02219731 
1.00000000e-08 -9.13423772 -5.60529180 -1.56874819 -1.12087966 -1.02219731 
7.74263683e-09 -9.13423772 -5.60529180 -1.56874819 -1.12087966 -1.02219731 
5.99484250e-09 -9.13423772 -5.60529180 -1.56874819 -1.12087966 -1.02219731 
4.64158883e-09 -9.13423772 -5.60529180 -1.56874819 -1.12087966 -1.02219731 
3.59381366e-09 -9.13423772 -5.60529180 -1.56874819 -1.12087966 -1.02219731 
2.78255940e-09 -9.13423772 -5.60529180 -1.56874819 -1.12087966 -1.02219731 
2.15443469e-09 -9.13423772 -5.60529180 -1.56874819 -1.12087966 -1.02219731 
1.66810054e-09 -9.13423772 -5.60529180 -1.56874819 -1.12087966 -1.02219731 
1.29154967e-09 -9.13423772 -5.60529180 -1.56874819 -1.12087966 -1.02219731 
1.00000000e-09 -9.13423772 -5.60529180 -1.56874819 -1.12087966 -1.02219731 
7.74263683e-10 -9.13423772 -5.60529180 -1.56874819 -1.12087966 -1.02219731 
5.99484250e-10 -9.13423772 -5.60529180 -1.56874819 -1.12087966 -1.02219731 
4.64158883e-10 -9.13423772 -5.60529180 -1.56874819 -1.12087966 -1.02219731 
3.59381366e-10 -9.13423772 -5.60529180 -1.56874819 -1.12087966 -1.02219731 
2.78255940e-10 -9.13423772 -5.60529180 -1.56874819 -1.12087966 -1.02219731 
2.15443469e-10 -9.13423772 -5.60529180 -1.56874819 -1.12087966 -1.02219731 
1.66810054e-10 -9.13423772 -5.60529180 -1.56874819 -1.12087966 -1.02219731 
1.29154967e-10 -9.13423772 -5.60529180 -1.56874819 -1.12087966 -1.02219731 
1.00000000e-10 -9.13423772 -5.60529180 -1.56874819 -1.12087966 -1.02219731 
P (bar) | log_O3: -2σ | log_O3: -1σ | log_O3: median | log_O3: +1σ | log_O3: +2σ 
1.00000000e+01 -9.92912773 -9.50190537 -8.45506334 -7.34041115 -6.50040171 
7.74263683e+00 -9.92912773 -9.50190537 -8.45506334 -7.34041115 -6.50040171 
5.99484250e+00 -9.92912773 -9.50190537 -8.45506334 -7.34041115 -6.50040171 
4.64158883e+00 -9.92912773 -9.50190537 -8.45506334 -7.34041115 -6.50040171 
3.59381366e+00 -9.92912773 -9.50190537 -8.45506334 -7.34041115 -6.50040171 
2.78255940e+00 -9.92912773 -9.50190537 -8.45506334 -7.34041115 -6.50040171 
2.15443469e+00 -9.92912773 -9.50190537 -8.45506334 -7.34041115 -6.50040171 
1.66810054e+00 -9.92912773 -9.50190537 -8.45506334 -7.34041115 -6.50040171 
1.29154967e+00 -9.92912773 -9.50190537 -8.45506334 -7.34041115 -6.50040171 
1.00000000e+00 -9.92912773 -9.50190537 -8.45506334 -7.34041115 -6.50040171 
7.74263683e-01 -9.92912773 -9.50190537 -8.45506334 -7.34041115 -6.50040171 
5.99484250e-01 -9.92912773 -9.50190537 -8.45506334 -7.34041115 -6.50040171 
4.64158883e-01 -9.92912773 -9.50190537 -8.45506334 -7.34041115 -6.50040171 
3.59381366e-01 -9.92912773 -9.50190537 -8.45506334 -7.34041115 -6.50040171 
2.78255940e-01 -9.92912773 -9.50190537 -8.45506334 -7.34041115 -6.50040171 
2.15443469e-01 -9.92912773 -9.50190537 -8.45506334 -7.34041115 -6.50040171 
1.66810054e-01 -9.92912773 -9.50190537 -8.45506334 -7.34041115 -6.50040171 
1.29154967e-01 -9.92912773 -9.50190537 -8.45506334 -7.34041115 -6.50040171 
1.00000000e-01 -9.92912773 -9.50190537 -8.45506334 -7.34041115 -6.50040171 
7.74263683e-02 -9.92912773 -9.50190537 -8.45506334 -7.34041115 -6.50040171 
5.99484250e-02 -9.92912773 -9.50190537 -8.45506334 -7.34041115 -6.50040171 
4.64158883e-02 -9.92912773 -9.50190537 -8.45506334 -7.34041115 -6.50040171 
3.59381366e-02 -9.92912773 -9.50190537 -8.45506334 -7.34041115 -6.50040171 
2.78255940e-02 -9.92912773 -9.50190537 -8.45506334 -7.34041115 -6.50040171 
2.15443469e-02 -9.92912773 -9.50190537 -8.45506334 -7.34041115 -6.50040171 
1.66810054e-02 -9.92912773 -9.50190537 -8.45506334 -7.34041115 -6.50040171 
1.29154967e-02 -9.92912773 -9.50190537 -8.45506334 -7.34041115 -6.50040171 
1.00000000e-02 -9.92912773 -9.50190537 -8.45506334 -7.34041115 -6.50040171 
7.74263683e-03 -9.92912773 -9.50190537 -8.45506334 -7.34041115 -6.50040171 
5.99484250e-03 -9.92912773 -9.50190537 -8.45506334 -7.34041115 -6.50040171 
4.64158883e-03 -9.92912773 -9.50190537 -8.45506334 -7.34041115 -6.50040171 
3.59381366e-03 -9.92912773 -9.50190537 -8.45506334 -7.34041115 -6.50040171 
2.78255940e-03 -9.92912773 -9.50190537 -8.45506334 -7.34041115 -6.50040171 
2.15443469e-03 -9.92912773 -9.50190537 -8.45506334 -7.34041115 -6.50040171 
1.66810054e-03 -9.92912773 -9.50190537 -8.45506334 -7.34041115 -6.50040171 
1.29154967e-03 -9.92912773 -9.50190537 -8.45506334 -7.34041115 -6.50040171 
1.00000000e-03 -9.92912773 -9.50190537 -8.45506334 -7.34041115 -6.50040171 
7.74263683e-04 -9.92912773 -9.50190537 -8.45506334 -7.34041115 -6.50040171 
5.99484250e-04 -9.92912773 -9.50190537 -8.45506334 -7.34041115 -6.50040171 
4.64158883e-04 -9.92912773 -9.50190537 -8.45506334 -7.34041115 -6.50040171 
3.59381366e-04 -9.92912773 -9.50190537 -8.45506334 -7.34041115 -6.50040171 
2.78255940e-04 -9.92912773 -9.50190537 -8.45506334 -7.34041115 -6.50040171 
2.15443469e-04 -9.92912773 -9.50190537 -8.45506334 -7.34041115 -6.50040171 
1.66810054e-04 -9.92912773 -9.50190537 -8.45506334 -7.34041115 -6.50040171 
1.29154967e-04 -9.92912773 -9.50190537 -8.45506334 -7.34041115 -6.50040171 
1.00000000e-04 -9.92912773 -9.50190537 -8.45506334 -7.34041115 -6.50040171 
7.74263683e-05 -9.92912773 -9.50190537 -8.45506334 -7.34041115 -6.50040171 
5.99484250e-05 -9.92912773 -9.50190537 -8.45506334 -7.34041115 -6.50040171 
4.64158883e-05 -9.92912773 -9.50190537 -8.45506334 -7.34041115 -6.50040171 
3.59381366e-05 -9.92912773 -9.50190537 -8.45506334 -7.34041115 -6.50040171 
2.78255940e-05 -9.92912773 -9.50190537 -8.45506334 -7.34041115 -6.50040171 
2.15443469e-05 -9.92912773 -9.50190537 -8.45506334 -7.34041115 -6.50040171 
1.66810054e-05 -9.92912773 -9.50190537 -8.45506334 -7.34041115 -6.50040171 
1.29154967e-05 -9.92912773 -9.50190537 -8.45506334 -7.34041115 -6.50040171 
1.00000000e-05 -9.92912773 -9.50190537 -8.45506334 -7.34041115 -6.50040171 
7.74263683e-06 -9.92912773 -9.50190537 -8.45506334 -7.34041115 -6.50040171 
5.99484250e-06 -9.92912773 -9.50190537 -8.45506334 -7.34041115 -6.50040171 
4.64158883e-06 -9.92912773 -9.50190537 -8.45506334 -7.34041115 -6.50040171 
3.59381366e-06 -9.92912773 -9.50190537 -8.45506334 -7.34041115 -6.50040171 
2.78255940e-06 -9.92912773 -9.50190537 -8.45506334 -7.34041115 -6.50040171 
2.15443469e-06 -9.92912773 -9.50190537 -8.45506334 -7.34041115 -6.50040171 
1.66810054e-06 -9.92912773 -9.50190537 -8.45506334 -7.34041115 -6.50040171 
1.29154967e-06 -9.92912773 -9.50190537 -8.45506334 -7.34041115 -6.50040171 
1.00000000e-06 -9.92912773 -9.50190537 -8.45506334 -7.34041115 -6.50040171 
7.74263683e-07 -9.92912773 -9.50190537 -8.45506334 -7.34041115 -6.50040171 
5.99484250e-07 -9.92912773 -9.50190537 -8.45506334 -7.34041115 -6.50040171 
4.64158883e-07 -9.92912773 -9.50190537 -8.45506334 -7.34041115 -6.50040171 
3.59381366e-07 -9.92912773 -9.50190537 -8.45506334 -7.34041115 -6.50040171 
2.78255940e-07 -9.92912773 -9.50190537 -8.45506334 -7.34041115 -6.50040171 
2.15443469e-07 -9.92912773 -9.50190537 -8.45506334 -7.34041115 -6.50040171 
1.66810054e-07 -9.92912773 -9.50190537 -8.45506334 -7.34041115 -6.50040171 
1.29154967e-07 -9.92912773 -9.50190537 -8.45506334 -7.34041115 -6.50040171 
1.00000000e-07 -9.92912773 -9.50190537 -8.45506334 -7.34041115 -6.50040171 
7.74263683e-08 -9.92912773 -9.50190537 -8.45506334 -7.34041115 -6.50040171 
5.99484250e-08 -9.92912773 -9.50190537 -8.45506334 -7.34041115 -6.50040171 
4.64158883e-08 -9.92912773 -9.50190537 -8.45506334 -7.34041115 -6.50040171 
3.59381366e-08 -9.92912773 -9.50190537 -8.45506334 -7.34041115 -6.50040171 
2.78255940e-08 -9.92912773 -9.50190537 -8.45506334 -7.34041115 -6.50040171 
2.15443469e-08 -9.92912773 -9.50190537 -8.45506334 -7.34041115 -6.50040171 
1.66810054e-08 -9.92912773 -9.50190537 -8.45506334 -7.34041115 -6.50040171 
1.29154967e-08 -9.92912773 -9.50190537 -8.45506334 -7.34041115 -6.50040171 
1.00000000e-08 -9.92912773 -9.50190537 -8.45506334 -7.34041115 -6.50040171 
7.74263683e-09 -9.92912773 -9.50190537 -8.45506334 -7.34041115 -6.50040171 
5.99484250e-09 -9.92912773 -9.50190537 -8.45506334 -7.34041115 -6.50040171 
4.64158883e-09 -9.92912773 -9.50190537 -8.45506334 -7.34041115 -6.50040171 
3.59381366e-09 -9.92912773 -9.50190537 -8.45506334 -7.34041115 -6.50040171 
2.78255940e-09 -9.92912773 -9.50190537 -8.45506334 -7.34041115 -6.50040171 
2.15443469e-09 -9.92912773 -9.50190537 -8.45506334 -7.34041115 -6.50040171 
1.66810054e-09 -9.92912773 -9.50190537 -8.45506334 -7.34041115 -6.50040171 
1.29154967e-09 -9.92912773 -9.50190537 -8.45506334 -7.34041115 -6.50040171 
1.00000000e-09 -9.92912773 -9.50190537 -8.45506334 -7.34041115 -6.50040171 
7.74263683e-10 -9.92912773 -9.50190537 -8.45506334 -7.34041115 -6.50040171 
5.99484250e-10 -9.92912773 -9.50190537 -8.45506334 -7.34041115 -6.50040171 
4.64158883e-10 -9.92912773 -9.50190537 -8.45506334 -7.34041115 -6.50040171 
3.59381366e-10 -9.92912773 -9.50190537 -8.45506334 -7.34041115 -6.50040171 
2.78255940e-10 -9.92912773 -9.50190537 -8.45506334 -7.34041115 -6.50040171 
2.15443469e-10 -9.92912773 -9.50190537 -8.45506334 -7.34041115 -6.50040171 
1.66810054e-10 -9.92912773 -9.50190537 -8.45506334 -7.34041115 -6.50040171 
1.29154967e-10 -9.92912773 -9.50190537 -8.45506334 -7.34041115 -6.50040171 
1.00000000e-10 -9.92912773 -9.50190537 -8.45506334 -7.34041115 -6.50040171 
P (bar) | log_N2O: -2σ | log_N2O: -1σ | log_N2O: median | log_N2O: +1σ | log_N2O: +2σ 
1.00000000e+01 -9.90823703 -9.42931177 -8.29281029 -7.01777252 -6.03888857 
7.74263683e+00 -9.90823703 -9.42931177 -8.29281029 -7.01777252 -6.03888857 
5.99484250e+00 -9.90823703 -9.42931177 -8.29281029 -7.01777252 -6.03888857 
4.64158883e+00 -9.90823703 -9.42931177 -8.29281029 -7.01777252 -6.03888857 
3.59381366e+00 -9.90823703 -9.42931177 -8.29281029 -7.01777252 -6.03888857 
2.78255940e+00 -9.90823703 -9.42931177 -8.29281029 -7.01777252 -6.03888857 
2.15443469e+00 -9.90823703 -9.42931177 -8.29281029 -7.01777252 -6.03888857 
1.66810054e+00 -9.90823703 -9.42931177 -8.29281029 -7.01777252 -6.03888857 
1.29154967e+00 -9.90823703 -9.42931177 -8.29281029 -7.01777252 -6.03888857 
1.00000000e+00 -9.90823703 -9.42931177 -8.29281029 -7.01777252 -6.03888857 
7.74263683e-01 -9.90823703 -9.42931177 -8.29281029 -7.01777252 -6.03888857 
5.99484250e-01 -9.90823703 -9.42931177 -8.29281029 -7.01777252 -6.03888857 
4.64158883e-01 -9.90823703 -9.42931177 -8.29281029 -7.01777252 -6.03888857 
3.59381366e-01 -9.90823703 -9.42931177 -8.29281029 -7.01777252 -6.03888857 
2.78255940e-01 -9.90823703 -9.42931177 -8.29281029 -7.01777252 -6.03888857 
2.15443469e-01 -9.90823703 -9.42931177 -8.29281029 -7.01777252 -6.03888857 
1.66810054e-01 -9.90823703 -9.42931177 -8.29281029 -7.01777252 -6.03888857 
1.29154967e-01 -9.90823703 -9.42931177 -8.29281029 -7.01777252 -6.03888857 
1.00000000e-01 -9.90823703 -9.42931177 -8.29281029 -7.01777252 -6.03888857 
7.74263683e-02 -9.90823703 -9.42931177 -8.29281029 -7.01777252 -6.03888857 
5.99484250e-02 -9.90823703 -9.42931177 -8.29281029 -7.01777252 -6.03888857 
4.64158883e-02 -9.90823703 -9.42931177 -8.29281029 -7.01777252 -6.03888857 
3.59381366e-02 -9.90823703 -9.42931177 -8.29281029 -7.01777252 -6.03888857 
2.78255940e-02 -9.90823703 -9.42931177 -8.29281029 -7.01777252 -6.03888857 
2.15443469e-02 -9.90823703 -9.42931177 -8.29281029 -7.01777252 -6.03888857 
1.66810054e-02 -9.90823703 -9.42931177 -8.29281029 -7.01777252 -6.03888857 
1.29154967e-02 -9.90823703 -9.42931177 -8.29281029 -7.01777252 -6.03888857 
1.00000000e-02 -9.90823703 -9.42931177 -8.29281029 -7.01777252 -6.03888857 
7.74263683e-03 -9.90823703 -9.42931177 -8.29281029 -7.01777252 -6.03888857 
5.99484250e-03 -9.90823703 -9.42931177 -8.29281029 -7.01777252 -6.03888857 
4.64158883e-03 -9.90823703 -9.42931177 -8.29281029 -7.01777252 -6.03888857 
3.59381366e-03 -9.90823703 -9.42931177 -8.29281029 -7.01777252 -6.03888857 
2.78255940e-03 -9.90823703 -9.42931177 -8.29281029 -7.01777252 -6.03888857 
2.15443469e-03 -9.90823703 -9.42931177 -8.29281029 -7.01777252 -6.03888857 
1.66810054e-03 -9.90823703 -9.42931177 -8.29281029 -7.01777252 -6.03888857 
1.29154967e-03 -9.90823703 -9.42931177 -8.29281029 -7.01777252 -6.03888857 
1.00000000e-03 -9.90823703 -9.42931177 -8.29281029 -7.01777252 -6.03888857 
7.74263683e-04 -9.90823703 -9.42931177 -8.29281029 -7.01777252 -6.03888857 
5.99484250e-04 -9.90823703 -9.42931177 -8.29281029 -7.01777252 -6.03888857 
4.64158883e-04 -9.90823703 -9.42931177 -8.29281029 -7.01777252 -6.03888857 
3.59381366e-04 -9.90823703 -9.42931177 -8.29281029 -7.01777252 -6.03888857 
2.78255940e-04 -9.90823703 -9.42931177 -8.29281029 -7.01777252 -6.03888857 
2.15443469e-04 -9.90823703 -9.42931177 -8.29281029 -7.01777252 -6.03888857 
1.66810054e-04 -9.90823703 -9.42931177 -8.29281029 -7.01777252 -6.03888857 
1.29154967e-04 -9.90823703 -9.42931177 -8.29281029 -7.01777252 -6.03888857 
1.00000000e-04 -9.90823703 -9.42931177 -8.29281029 -7.01777252 -6.03888857 
7.74263683e-05 -9.90823703 -9.42931177 -8.29281029 -7.01777252 -6.03888857 
5.99484250e-05 -9.90823703 -9.42931177 -8.29281029 -7.01777252 -6.03888857 
4.64158883e-05 -9.90823703 -9.42931177 -8.29281029 -7.01777252 -6.03888857 
3.59381366e-05 -9.90823703 -9.42931177 -8.29281029 -7.01777252 -6.03888857 
2.78255940e-05 -9.90823703 -9.42931177 -8.29281029 -7.01777252 -6.03888857 
2.15443469e-05 -9.90823703 -9.42931177 -8.29281029 -7.01777252 -6.03888857 
1.66810054e-05 -9.90823703 -9.42931177 -8.29281029 -7.01777252 -6.03888857 
1.29154967e-05 -9.90823703 -9.42931177 -8.29281029 -7.01777252 -6.03888857 
1.00000000e-05 -9.90823703 -9.42931177 -8.29281029 -7.01777252 -6.03888857 
7.74263683e-06 -9.90823703 -9.42931177 -8.29281029 -7.01777252 -6.03888857 
5.99484250e-06 -9.90823703 -9.42931177 -8.29281029 -7.01777252 -6.03888857 
4.64158883e-06 -9.90823703 -9.42931177 -8.29281029 -7.01777252 -6.03888857 
3.59381366e-06 -9.90823703 -9.42931177 -8.29281029 -7.01777252 -6.03888857 
2.78255940e-06 -9.90823703 -9.42931177 -8.29281029 -7.01777252 -6.03888857 
2.15443469e-06 -9.90823703 -9.42931177 -8.29281029 -7.01777252 -6.03888857 
1.66810054e-06 -9.90823703 -9.42931177 -8.29281029 -7.01777252 -6.03888857 
1.29154967e-06 -9.90823703 -9.42931177 -8.29281029 -7.01777252 -6.03888857 
1.00000000e-06 -9.90823703 -9.42931177 -8.29281029 -7.01777252 -6.03888857 
7.74263683e-07 -9.90823703 -9.42931177 -8.29281029 -7.01777252 -6.03888857 
5.99484250e-07 -9.90823703 -9.42931177 -8.29281029 -7.01777252 -6.03888857 
4.64158883e-07 -9.90823703 -9.42931177 -8.29281029 -7.01777252 -6.03888857 
3.59381366e-07 -9.90823703 -9.42931177 -8.29281029 -7.01777252 -6.03888857 
2.78255940e-07 -9.90823703 -9.42931177 -8.29281029 -7.01777252 -6.03888857 
2.15443469e-07 -9.90823703 -9.42931177 -8.29281029 -7.01777252 -6.03888857 
1.66810054e-07 -9.90823703 -9.42931177 -8.29281029 -7.01777252 -6.03888857 
1.29154967e-07 -9.90823703 -9.42931177 -8.29281029 -7.01777252 -6.03888857 
1.00000000e-07 -9.90823703 -9.42931177 -8.29281029 -7.01777252 -6.03888857 
7.74263683e-08 -9.90823703 -9.42931177 -8.29281029 -7.01777252 -6.03888857 
5.99484250e-08 -9.90823703 -9.42931177 -8.29281029 -7.01777252 -6.03888857 
4.64158883e-08 -9.90823703 -9.42931177 -8.29281029 -7.01777252 -6.03888857 
3.59381366e-08 -9.90823703 -9.42931177 -8.29281029 -7.01777252 -6.03888857 
2.78255940e-08 -9.90823703 -9.42931177 -8.29281029 -7.01777252 -6.03888857 
2.15443469e-08 -9.90823703 -9.42931177 -8.29281029 -7.01777252 -6.03888857 
1.66810054e-08 -9.90823703 -9.42931177 -8.29281029 -7.01777252 -6.03888857 
1.29154967e-08 -9.90823703 -9.42931177 -8.29281029 -7.01777252 -6.03888857 
1.00000000e-08 -9.90823703 -9.42931177 -8.29281029 -7.01777252 -6.03888857 
7.74263683e-09 -9.90823703 -9.42931177 -8.29281029 -7.01777252 -6.03888857 
5.99484250e-09 -9.90823703 -9.42931177 -8.29281029 -7.01777252 -6.03888857 
4.64158883e-09 -9.90823703 -9.42931177 -8.29281029 -7.01777252 -6.03888857 
3.59381366e-09 -9.90823703 -9.42931177 -8.29281029 -7.01777252 -6.03888857 
2.78255940e-09 -9.90823703 -9.42931177 -8.29281029 -7.01777252 -6.03888857 
2.15443469e-09 -9.90823703 -9.42931177 -8.29281029 -7.01777252 -6.03888857 
1.66810054e-09 -9.90823703 -9.42931177 -8.29281029 -7.01777252 -6.03888857 
1.29154967e-09 -9.90823703 -9.42931177 -8.29281029 -7.01777252 -6.03888857 
1.00000000e-09 -9.90823703 -9.42931177 -8.29281029 -7.01777252 -6.03888857 
7.74263683e-10 -9.90823703 -9.42931177 -8.29281029 -7.01777252 -6.03888857 
5.99484250e-10 -9.90823703 -9.42931177 -8.29281029 -7.01777252 -6.03888857 
4.64158883e-10 -9.90823703 -9.42931177 -8.29281029 -7.01777252 -6.03888857 
3.59381366e-10 -9.90823703 -9.42931177 -8.29281029 -7.01777252 -6.03888857 
2.78255940e-10 -9.90823703 -9.42931177 -8.29281029 -7.01777252 -6.03888857 
2.15443469e-10 -9.90823703 -9.42931177 -8.29281029 -7.01777252 -6.03888857 
1.66810054e-10 -9.90823703 -9.42931177 -8.29281029 -7.01777252 -6.03888857 
1.29154967e-10 -9.90823703 -9.42931177 -8.29281029 -7.01777252 -6.03888857 
1.00000000e-10 -9.90823703 -9.42931177 -8.29281029 -7.01777252 -6.03888857 
P (bar) | log_NH3: -2σ | log_NH3: -1σ | log_NH3: median | log_NH3: +1σ | log_NH3: +2σ 
1.00000000e+01 -9.54077710 -7.81196527 -6.44662535 -5.88673475 -5.48150682 
7.74263683e+00 -9.54077710 -7.81196527 -6.44662535 -5.88673475 -5.48150682 
5.99484250e+00 -9.54077710 -7.81196527 -6.44662535 -5.88673475 -5.48150682 
4.64158883e+00 -9.54077710 -7.81196527 -6.44662535 -5.88673475 -5.48150682 
3.59381366e+00 -9.54077710 -7.81196527 -6.44662535 -5.88673475 -5.48150682 
2.78255940e+00 -9.54077710 -7.81196527 -6.44662535 -5.88673475 -5.48150682 
2.15443469e+00 -9.54077710 -7.81196527 -6.44662535 -5.88673475 -5.48150682 
1.66810054e+00 -9.54077710 -7.81196527 -6.44662535 -5.88673475 -5.48150682 
1.29154967e+00 -9.54077710 -7.81196527 -6.44662535 -5.88673475 -5.48150682 
1.00000000e+00 -9.54077710 -7.81196527 -6.44662535 -5.88673475 -5.48150682 
7.74263683e-01 -9.54077710 -7.81196527 -6.44662535 -5.88673475 -5.48150682 
5.99484250e-01 -9.54077710 -7.81196527 -6.44662535 -5.88673475 -5.48150682 
4.64158883e-01 -9.54077710 -7.81196527 -6.44662535 -5.88673475 -5.48150682 
3.59381366e-01 -9.54077710 -7.81196527 -6.44662535 -5.88673475 -5.48150682 
2.78255940e-01 -9.54077710 -7.81196527 -6.44662535 -5.88673475 -5.48150682 
2.15443469e-01 -9.54077710 -7.81196527 -6.44662535 -5.88673475 -5.48150682 
1.66810054e-01 -9.54077710 -7.81196527 -6.44662535 -5.88673475 -5.48150682 
1.29154967e-01 -9.54077710 -7.81196527 -6.44662535 -5.88673475 -5.48150682 
1.00000000e-01 -9.54077710 -7.81196527 -6.44662535 -5.88673475 -5.48150682 
7.74263683e-02 -9.54077710 -7.81196527 -6.44662535 -5.88673475 -5.48150682 
5.99484250e-02 -9.54077710 -7.81196527 -6.44662535 -5.88673475 -5.48150682 
4.64158883e-02 -9.54077710 -7.81196527 -6.44662535 -5.88673475 -5.48150682 
3.59381366e-02 -9.54077710 -7.81196527 -6.44662535 -5.88673475 -5.48150682 
2.78255940e-02 -9.54077710 -7.81196527 -6.44662535 -5.88673475 -5.48150682 
2.15443469e-02 -9.54077710 -7.81196527 -6.44662535 -5.88673475 -5.48150682 
1.66810054e-02 -9.54077710 -7.81196527 -6.44662535 -5.88673475 -5.48150682 
1.29154967e-02 -9.54077710 -7.81196527 -6.44662535 -5.88673475 -5.48150682 
1.00000000e-02 -9.54077710 -7.81196527 -6.44662535 -5.88673475 -5.48150682 
7.74263683e-03 -9.54077710 -7.81196527 -6.44662535 -5.88673475 -5.48150682 
5.99484250e-03 -9.54077710 -7.81196527 -6.44662535 -5.88673475 -5.48150682 
4.64158883e-03 -9.54077710 -7.81196527 -6.44662535 -5.88673475 -5.48150682 
3.59381366e-03 -9.54077710 -7.81196527 -6.44662535 -5.88673475 -5.48150682 
2.78255940e-03 -9.54077710 -7.81196527 -6.44662535 -5.88673475 -5.48150682 
2.15443469e-03 -9.54077710 -7.81196527 -6.44662535 -5.88673475 -5.48150682 
1.66810054e-03 -9.54077710 -7.81196527 -6.44662535 -5.88673475 -5.48150682 
1.29154967e-03 -9.54077710 -7.81196527 -6.44662535 -5.88673475 -5.48150682 
1.00000000e-03 -9.54077710 -7.81196527 -6.44662535 -5.88673475 -5.48150682 
7.74263683e-04 -9.54077710 -7.81196527 -6.44662535 -5.88673475 -5.48150682 
5.99484250e-04 -9.54077710 -7.81196527 -6.44662535 -5.88673475 -5.48150682 
4.64158883e-04 -9.54077710 -7.81196527 -6.44662535 -5.88673475 -5.48150682 
3.59381366e-04 -9.54077710 -7.81196527 -6.44662535 -5.88673475 -5.48150682 
2.78255940e-04 -9.54077710 -7.81196527 -6.44662535 -5.88673475 -5.48150682 
2.15443469e-04 -9.54077710 -7.81196527 -6.44662535 -5.88673475 -5.48150682 
1.66810054e-04 -9.54077710 -7.81196527 -6.44662535 -5.88673475 -5.48150682 
1.29154967e-04 -9.54077710 -7.81196527 -6.44662535 -5.88673475 -5.48150682 
1.00000000e-04 -9.54077710 -7.81196527 -6.44662535 -5.88673475 -5.48150682 
7.74263683e-05 -9.54077710 -7.81196527 -6.44662535 -5.88673475 -5.48150682 
5.99484250e-05 -9.54077710 -7.81196527 -6.44662535 -5.88673475 -5.48150682 
4.64158883e-05 -9.54077710 -7.81196527 -6.44662535 -5.88673475 -5.48150682 
3.59381366e-05 -9.54077710 -7.81196527 -6.44662535 -5.88673475 -5.48150682 
2.78255940e-05 -9.54077710 -7.81196527 -6.44662535 -5.88673475 -5.48150682 
2.15443469e-05 -9.54077710 -7.81196527 -6.44662535 -5.88673475 -5.48150682 
1.66810054e-05 -9.54077710 -7.81196527 -6.44662535 -5.88673475 -5.48150682 
1.29154967e-05 -9.54077710 -7.81196527 -6.44662535 -5.88673475 -5.48150682 
1.00000000e-05 -9.54077710 -7.81196527 -6.44662535 -5.88673475 -5.48150682 
7.74263683e-06 -9.54077710 -7.81196527 -6.44662535 -5.88673475 -5.48150682 
5.99484250e-06 -9.54077710 -7.81196527 -6.44662535 -5.88673475 -5.48150682 
4.64158883e-06 -9.54077710 -7.81196527 -6.44662535 -5.88673475 -5.48150682 
3.59381366e-06 -9.54077710 -7.81196527 -6.44662535 -5.88673475 -5.48150682 
2.78255940e-06 -9.54077710 -7.81196527 -6.44662535 -5.88673475 -5.48150682 
2.15443469e-06 -9.54077710 -7.81196527 -6.44662535 -5.88673475 -5.48150682 
1.66810054e-06 -9.54077710 -7.81196527 -6.44662535 -5.88673475 -5.48150682 
1.29154967e-06 -9.54077710 -7.81196527 -6.44662535 -5.88673475 -5.48150682 
1.00000000e-06 -9.54077710 -7.81196527 -6.44662535 -5.88673475 -5.48150682 
7.74263683e-07 -9.54077710 -7.81196527 -6.44662535 -5.88673475 -5.48150682 
5.99484250e-07 -9.54077710 -7.81196527 -6.44662535 -5.88673475 -5.48150682 
4.64158883e-07 -9.54077710 -7.81196527 -6.44662535 -5.88673475 -5.48150682 
3.59381366e-07 -9.54077710 -7.81196527 -6.44662535 -5.88673475 -5.48150682 
2.78255940e-07 -9.54077710 -7.81196527 -6.44662535 -5.88673475 -5.48150682 
2.15443469e-07 -9.54077710 -7.81196527 -6.44662535 -5.88673475 -5.48150682 
1.66810054e-07 -9.54077710 -7.81196527 -6.44662535 -5.88673475 -5.48150682 
1.29154967e-07 -9.54077710 -7.81196527 -6.44662535 -5.88673475 -5.48150682 
1.00000000e-07 -9.54077710 -7.81196527 -6.44662535 -5.88673475 -5.48150682 
7.74263683e-08 -9.54077710 -7.81196527 -6.44662535 -5.88673475 -5.48150682 
5.99484250e-08 -9.54077710 -7.81196527 -6.44662535 -5.88673475 -5.48150682 
4.64158883e-08 -9.54077710 -7.81196527 -6.44662535 -5.88673475 -5.48150682 
3.59381366e-08 -9.54077710 -7.81196527 -6.44662535 -5.88673475 -5.48150682 
2.78255940e-08 -9.54077710 -7.81196527 -6.44662535 -5.88673475 -5.48150682 
2.15443469e-08 -9.54077710 -7.81196527 -6.44662535 -5.88673475 -5.48150682 
1.66810054e-08 -9.54077710 -7.81196527 -6.44662535 -5.88673475 -5.48150682 
1.29154967e-08 -9.54077710 -7.81196527 -6.44662535 -5.88673475 -5.48150682 
1.00000000e-08 -9.54077710 -7.81196527 -6.44662535 -5.88673475 -5.48150682 
7.74263683e-09 -9.54077710 -7.81196527 -6.44662535 -5.88673475 -5.48150682 
5.99484250e-09 -9.54077710 -7.81196527 -6.44662535 -5.88673475 -5.48150682 
4.64158883e-09 -9.54077710 -7.81196527 -6.44662535 -5.88673475 -5.48150682 
3.59381366e-09 -9.54077710 -7.81196527 -6.44662535 -5.88673475 -5.48150682 
2.78255940e-09 -9.54077710 -7.81196527 -6.44662535 -5.88673475 -5.48150682 
2.15443469e-09 -9.54077710 -7.81196527 -6.44662535 -5.88673475 -5.48150682 
1.66810054e-09 -9.54077710 -7.81196527 -6.44662535 -5.88673475 -5.48150682 
1.29154967e-09 -9.54077710 -7.81196527 -6.44662535 -5.88673475 -5.48150682 
1.00000000e-09 -9.54077710 -7.81196527 -6.44662535 -5.88673475 -5.48150682 
7.74263683e-10 -9.54077710 -7.81196527 -6.44662535 -5.88673475 -5.48150682 
5.99484250e-10 -9.54077710 -7.81196527 -6.44662535 -5.88673475 -5.48150682 
4.64158883e-10 -9.54077710 -7.81196527 -6.44662535 -5.88673475 -5.48150682 
3.59381366e-10 -9.54077710 -7.81196527 -6.44662535 -5.88673475 -5.48150682 
2.78255940e-10 -9.54077710 -7.81196527 -6.44662535 -5.88673475 -5.48150682 
2.15443469e-10 -9.54077710 -7.81196527 -6.44662535 -5.88673475 -5.48150682 
1.66810054e-10 -9.54077710 -7.81196527 -6.44662535 -5.88673475 -5.48150682 
1.29154967e-10 -9.54077710 -7.81196527 -6.44662535 -5.88673475 -5.48150682 
1.00000000e-10 -9.54077710 -7.81196527 -6.44662535 -5.88673475 -5.48150682 
