Chemical species: N2 H2O CO2 CH4 O2 O3 N2O NH3
P (bar) | log_N2: -2σ | log_N2: -1σ | log_N2: median | log_N2: +1σ | log_N2: +2σ 
1.00000000e+01 -0.01281145 -0.00116471 -0.00013034 -0.00003087 -0.00001136 
7.74263683e+00 -0.01281145 -0.00116471 -0.00013034 -0.00003087 -0.00001136 
5.99484250e+00 -0.01281145 -0.00116471 -0.00013034 -0.00003087 -0.00001136 
4.64158883e+00 -0.01281145 -0.00116471 -0.00013034 -0.00003087 -0.00001136 
3.59381366e+00 -0.01281145 -0.00116471 -0.00013034 -0.00003087 -0.00001136 
2.78255940e+00 -0.01281145 -0.00116471 -0.00013034 -0.00003087 -0.00001136 
2.15443469e+00 -0.01281145 -0.00116471 -0.00013034 -0.00003087 -0.00001136 
1.66810054e+00 -0.01281145 -0.00116471 -0.00013034 -0.00003087 -0.00001136 
1.29154967e+00 -0.01281145 -0.00116471 -0.00013034 -0.00003087 -0.00001136 
1.00000000e+00 -0.01281145 -0.00116471 -0.00013034 -0.00003087 -0.00001136 
7.74263683e-01 -0.01281145 -0.00116471 -0.00013034 -0.00003087 -0.00001136 
5.99484250e-01 -0.01281145 -0.00116471 -0.00013034 -0.00003087 -0.00001136 
4.64158883e-01 -0.01281145 -0.00116471 -0.00013034 -0.00003087 -0.00001136 
3.59381366e-01 -0.01281145 -0.00116471 -0.00013034 -0.00003087 -0.00001136 
2.78255940e-01 -0.01281145 -0.00116471 -0.00013034 -0.00003087 -0.00001136 
2.15443469e-01 -0.01281145 -0.00116471 -0.00013034 -0.00003087 -0.00001136 
1.66810054e-01 -0.01281145 -0.00116471 -0.00013034 -0.00003087 -0.00001136 
1.29154967e-01 -0.01281145 -0.00116471 -0.00013034 -0.00003087 -0.00001136 
1.00000000e-01 -0.01281145 -0.00116471 -0.00013034 -0.00003087 -0.00001136 
7.74263683e-02 -0.01281145 -0.00116471 -0.00013034 -0.00003087 -0.00001136 
5.99484250e-02 -0.01281145 -0.00116471 -0.00013034 -0.00003087 -0.00001136 
4.64158883e-02 -0.01281145 -0.00116471 -0.00013034 -0.00003087 -0.00001136 
3.59381366e-02 -0.01281145 -0.00116471 -0.00013034 -0.00003087 -0.00001136 
2.78255940e-02 -0.01281145 -0.00116471 -0.00013034 -0.00003087 -0.00001136 
2.15443469e-02 -0.01281145 -0.00116471 -0.00013034 -0.00003087 -0.00001136 
1.66810054e-02 -0.01281145 -0.00116471 -0.00013034 -0.00003087 -0.00001136 
1.29154967e-02 -0.01281145 -0.00116471 -0.00013034 -0.00003087 -0.00001136 
1.00000000e-02 -0.01281145 -0.00116471 -0.00013034 -0.00003087 -0.00001136 
7.74263683e-03 -0.01281145 -0.00116471 -0.00013034 -0.00003087 -0.00001136 
5.99484250e-03 -0.01281145 -0.00116471 -0.00013034 -0.00003087 -0.00001136 
4.64158883e-03 -0.01281145 -0.00116471 -0.00013034 -0.00003087 -0.00001136 
3.59381366e-03 -0.01281145 -0.00116471 -0.00013034 -0.00003087 -0.00001136 
2.78255940e-03 -0.01281145 -0.00116471 -0.00013034 -0.00003087 -0.00001136 
2.15443469e-03 -0.01281145 -0.00116471 -0.00013034 -0.00003087 -0.00001136 
1.66810054e-03 -0.01281145 -0.00116471 -0.00013034 -0.00003087 -0.00001136 
1.29154967e-03 -0.01281145 -0.00116471 -0.00013034 -0.00003087 -0.00001136 
1.00000000e-03 -0.01281145 -0.00116471 -0.00013034 -0.00003087 -0.00001136 
7.74263683e-04 -0.01281145 -0.00116471 -0.00013034 -0.00003087 -0.00001136 
5.99484250e-04 -0.01281145 -0.00116471 -0.00013034 -0.00003087 -0.00001136 
4.64158883e-04 -0.01281145 -0.00116471 -0.00013034 -0.00003087 -0.00001136 
3.59381366e-04 -0.01281145 -0.00116471 -0.00013034 -0.00003087 -0.00001136 
2.78255940e-04 -0.01281145 -0.00116471 -0.00013034 -0.00003087 -0.00001136 
2.15443469e-04 -0.01281145 -0.00116471 -0.00013034 -0.00003087 -0.00001136 
1.66810054e-04 -0.01281145 -0.00116471 -0.00013034 -0.00003087 -0.00001136 
1.29154967e-04 -0.01281145 -0.00116471 -0.00013034 -0.00003087 -0.00001136 
1.00000000e-04 -0.01281145 -0.00116471 -0.00013034 -0.00003087 -0.00001136 
7.74263683e-05 -0.01281145 -0.00116471 -0.00013034 -0.00003087 -0.00001136 
5.99484250e-05 -0.01281145 -0.00116471 -0.00013034 -0.00003087 -0.00001136 
4.64158883e-05 -0.01281145 -0.00116471 -0.00013034 -0.00003087 -0.00001136 
3.59381366e-05 -0.01281145 -0.00116471 -0.00013034 -0.00003087 -0.00001136 
2.78255940e-05 -0.01281145 -0.00116471 -0.00013034 -0.00003087 -0.00001136 
2.15443469e-05 -0.01281145 -0.00116471 -0.00013034 -0.00003087 -0.00001136 
1.66810054e-05 -0.01281145 -0.00116471 -0.00013034 -0.00003087 -0.00001136 
1.29154967e-05 -0.01281145 -0.00116471 -0.00013034 -0.00003087 -0.00001136 
1.00000000e-05 -0.01281145 -0.00116471 -0.00013034 -0.00003087 -0.00001136 
7.74263683e-06 -0.01281145 -0.00116471 -0.00013034 -0.00003087 -0.00001136 
5.99484250e-06 -0.01281145 -0.00116471 -0.00013034 -0.00003087 -0.00001136 
4.64158883e-06 -0.01281145 -0.00116471 -0.00013034 -0.00003087 -0.00001136 
3.59381366e-06 -0.01281145 -0.00116471 -0.00013034 -0.00003087 -0.00001136 
2.78255940e-06 -0.01281145 -0.00116471 -0.00013034 -0.00003087 -0.00001136 
2.15443469e-06 -0.01281145 -0.00116471 -0.00013034 -0.00003087 -0.00001136 
1.66810054e-06 -0.01281145 -0.00116471 -0.00013034 -0.00003087 -0.00001136 
1.29154967e-06 -0.01281145 -0.00116471 -0.00013034 -0.00003087 -0.00001136 
1.00000000e-06 -0.01281145 -0.00116471 -0.00013034 -0.00003087 -0.00001136 
7.74263683e-07 -0.01281145 -0.00116471 -0.00013034 -0.00003087 -0.00001136 
5.99484250e-07 -0.01281145 -0.00116471 -0.00013034 -0.00003087 -0.00001136 
4.64158883e-07 -0.01281145 -0.00116471 -0.00013034 -0.00003087 -0.00001136 
3.59381366e-07 -0.01281145 -0.00116471 -0.00013034 -0.00003087 -0.00001136 
2.78255940e-07 -0.01281145 -0.00116471 -0.00013034 -0.00003087 -0.00001136 
2.15443469e-07 -0.01281145 -0.00116471 -0.00013034 -0.00003087 -0.00001136 
1.66810054e-07 -0.01281145 -0.00116471 -0.00013034 -0.00003087 -0.00001136 
1.29154967e-07 -0.01281145 -0.00116471 -0.00013034 -0.00003087 -0.00001136 
1.00000000e-07 -0.01281145 -0.00116471 -0.00013034 -0.00003087 -0.00001136 
7.74263683e-08 -0.01281145 -0.00116471 -0.00013034 -0.00003087 -0.00001136 
5.99484250e-08 -0.01281145 -0.00116471 -0.00013034 -0.00003087 -0.00001136 
4.64158883e-08 -0.01281145 -0.00116471 -0.00013034 -0.00003087 -0.00001136 
3.59381366e-08 -0.01281145 -0.00116471 -0.00013034 -0.00003087 -0.00001136 
2.78255940e-08 -0.01281145 -0.00116471 -0.00013034 -0.00003087 -0.00001136 
2.15443469e-08 -0.01281145 -0.00116471 -0.00013034 -0.00003087 -0.00001136 
1.66810054e-08 -0.01281145 -0.00116471 -0.00013034 -0.00003087 -0.00001136 
1.29154967e-08 -0.01281145 -0.00116471 -0.00013034 -0.00003087 -0.00001136 
1.00000000e-08 -0.01281145 -0.00116471 -0.00013034 -0.00003087 -0.00001136 
7.74263683e-09 -0.01281145 -0.00116471 -0.00013034 -0.00003087 -0.00001136 
5.99484250e-09 -0.01281145 -0.00116471 -0.00013034 -0.00003087 -0.00001136 
4.64158883e-09 -0.01281145 -0.00116471 -0.00013034 -0.00003087 -0.00001136 
3.59381366e-09 -0.01281145 -0.00116471 -0.00013034 -0.00003087 -0.00001136 
2.78255940e-09 -0.01281145 -0.00116471 -0.00013034 -0.00003087 -0.00001136 
2.15443469e-09 -0.01281145 -0.00116471 -0.00013034 -0.00003087 -0.00001136 
1.66810054e-09 -0.01281145 -0.00116471 -0.00013034 -0.00003087 -0.00001136 
1.29154967e-09 -0.01281145 -0.00116471 -0.00013034 -0.00003087 -0.00001136 
1.00000000e-09 -0.01281145 -0.00116471 -0.00013034 -0.00003087 -0.00001136 
7.74263683e-10 -0.01281145 -0.00116471 -0.00013034 -0.00003087 -0.00001136 
5.99484250e-10 -0.01281145 -0.00116471 -0.00013034 -0.00003087 -0.00001136 
4.64158883e-10 -0.01281145 -0.00116471 -0.00013034 -0.00003087 -0.00001136 
3.59381366e-10 -0.01281145 -0.00116471 -0.00013034 -0.00003087 -0.00001136 
2.78255940e-10 -0.01281145 -0.00116471 -0.00013034 -0.00003087 -0.00001136 
2.15443469e-10 -0.01281145 -0.00116471 -0.00013034 -0.00003087 -0.00001136 
1.66810054e-10 -0.01281145 -0.00116471 -0.00013034 -0.00003087 -0.00001136 
1.29154967e-10 -0.01281145 -0.00116471 -0.00013034 -0.00003087 -0.00001136 
1.00000000e-10 -0.01281145 -0.00116471 -0.00013034 -0.00003087 -0.00001136 
P (bar) | log_H2O: -2σ | log_H2O: -1σ | log_H2O: median | log_H2O: +1σ | log_H2O: +2σ 
1.00000000e+01 -6.90250972 -5.75947751 -5.16411166 -4.57966482 -4.01947059 
7.74263683e+00 -6.90250972 -5.75947751 -5.16411166 -4.57966482 -4.01947059 
5.99484250e+00 -6.90250972 -5.75947751 -5.16411166 -4.57966482 -4.01947059 
4.64158883e+00 -6.90250972 -5.75947751 -5.16411166 -4.57966482 -4.01947059 
3.59381366e+00 -6.90250972 -5.75947751 -5.16411166 -4.57966482 -4.01947059 
2.78255940e+00 -6.90250972 -5.75947751 -5.16411166 -4.57966482 -4.01947059 
2.15443469e+00 -6.90250972 -5.75947751 -5.16411166 -4.57966482 -4.01947059 
1.66810054e+00 -6.90250972 -5.75947751 -5.16411166 -4.57966482 -4.01947059 
1.29154967e+00 -6.90250972 -5.75947751 -5.16411166 -4.57966482 -4.01947059 
1.00000000e+00 -6.90250972 -5.75947751 -5.16411166 -4.57966482 -4.01947059 
7.74263683e-01 -6.90250972 -5.75947751 -5.16411166 -4.57966482 -4.01947059 
5.99484250e-01 -6.90250972 -5.75947751 -5.16411166 -4.57966482 -4.01947059 
4.64158883e-01 -6.90250972 -5.75947751 -5.16411166 -4.57966482 -4.01947059 
3.59381366e-01 -6.90250972 -5.75947751 -5.16411166 -4.57966482 -4.01947059 
2.78255940e-01 -6.90250972 -5.75947751 -5.16411166 -4.57966482 -4.01947059 
2.15443469e-01 -6.90250972 -5.75947751 -5.16411166 -4.57966482 -4.01947059 
1.66810054e-01 -6.90250972 -5.75947751 -5.16411166 -4.57966482 -4.01947059 
1.29154967e-01 -6.90250972 -5.75947751 -5.16411166 -4.57966482 -4.01947059 
1.00000000e-01 -6.90250972 -5.75947751 -5.16411166 -4.57966482 -4.01947059 
7.74263683e-02 -6.90250972 -5.75947751 -5.16411166 -4.57966482 -4.01947059 
5.99484250e-02 -6.90250972 -5.75947751 -5.16411166 -4.57966482 -4.01947059 
4.64158883e-02 -6.90250972 -5.75947751 -5.16411166 -4.57966482 -4.01947059 
3.59381366e-02 -6.90250972 -5.75947751 -5.16411166 -4.57966482 -4.01947059 
2.78255940e-02 -6.90250972 -5.75947751 -5.16411166 -4.57966482 -4.01947059 
2.15443469e-02 -6.90250972 -5.75947751 -5.16411166 -4.57966482 -4.01947059 
1.66810054e-02 -6.90250972 -5.75947751 -5.16411166 -4.57966482 -4.01947059 
1.29154967e-02 -6.90250972 -5.75947751 -5.16411166 -4.57966482 -4.01947059 
1.00000000e-02 -6.90250972 -5.75947751 -5.16411166 -4.57966482 -4.01947059 
7.74263683e-03 -6.90250972 -5.75947751 -5.16411166 -4.57966482 -4.01947059 
5.99484250e-03 -6.90250972 -5.75947751 -5.16411166 -4.57966482 -4.01947059 
4.64158883e-03 -6.90250972 -5.75947751 -5.16411166 -4.57966482 -4.01947059 
3.59381366e-03 -6.90250972 -5.75947751 -5.16411166 -4.57966482 -4.01947059 
2.78255940e-03 -6.90250972 -5.75947751 -5.16411166 -4.57966482 -4.01947059 
2.15443469e-03 -6.90250972 -5.75947751 -5.16411166 -4.57966482 -4.01947059 
1.66810054e-03 -6.90250972 -5.75947751 -5.16411166 -4.57966482 -4.01947059 
1.29154967e-03 -6.90250972 -5.75947751 -5.16411166 -4.57966482 -4.01947059 
1.00000000e-03 -6.90250972 -5.75947751 -5.16411166 -4.57966482 -4.01947059 
7.74263683e-04 -6.90250972 -5.75947751 -5.16411166 -4.57966482 -4.01947059 
5.99484250e-04 -6.90250972 -5.75947751 -5.16411166 -4.57966482 -4.01947059 
4.64158883e-04 -6.90250972 -5.75947751 -5.16411166 -4.57966482 -4.01947059 
3.59381366e-04 -6.90250972 -5.75947751 -5.16411166 -4.57966482 -4.01947059 
2.78255940e-04 -6.90250972 -5.75947751 -5.16411166 -4.57966482 -4.01947059 
2.15443469e-04 -6.90250972 -5.75947751 -5.16411166 -4.57966482 -4.01947059 
1.66810054e-04 -6.90250972 -5.75947751 -5.16411166 -4.57966482 -4.01947059 
1.29154967e-04 -6.90250972 -5.75947751 -5.16411166 -4.57966482 -4.01947059 
1.00000000e-04 -6.90250972 -5.75947751 -5.16411166 -4.57966482 -4.01947059 
7.74263683e-05 -6.90250972 -5.75947751 -5.16411166 -4.57966482 -4.01947059 
5.99484250e-05 -6.90250972 -5.75947751 -5.16411166 -4.57966482 -4.01947059 
4.64158883e-05 -6.90250972 -5.75947751 -5.16411166 -4.57966482 -4.01947059 
3.59381366e-05 -6.90250972 -5.75947751 -5.16411166 -4.57966482 -4.01947059 
2.78255940e-05 -6.90250972 -5.75947751 -5.16411166 -4.57966482 -4.01947059 
2.15443469e-05 -6.90250972 -5.75947751 -5.16411166 -4.57966482 -4.01947059 
1.66810054e-05 -6.90250972 -5.75947751 -5.16411166 -4.57966482 -4.01947059 
1.29154967e-05 -6.90250972 -5.75947751 -5.16411166 -4.57966482 -4.01947059 
1.00000000e-05 -6.90250972 -5.75947751 -5.16411166 -4.57966482 -4.01947059 
7.74263683e-06 -6.90250972 -5.75947751 -5.16411166 -4.57966482 -4.01947059 
5.99484250e-06 -6.90250972 -5.75947751 -5.16411166 -4.57966482 -4.01947059 
4.64158883e-06 -6.90250972 -5.75947751 -5.16411166 -4.57966482 -4.01947059 
3.59381366e-06 -6.90250972 -5.75947751 -5.16411166 -4.57966482 -4.01947059 
2.78255940e-06 -6.90250972 -5.75947751 -5.16411166 -4.57966482 -4.01947059 
2.15443469e-06 -6.90250972 -5.75947751 -5.16411166 -4.57966482 -4.01947059 
1.66810054e-06 -6.90250972 -5.75947751 -5.16411166 -4.57966482 -4.01947059 
1.29154967e-06 -6.90250972 -5.75947751 -5.16411166 -4.57966482 -4.01947059 
1.00000000e-06 -6.90250972 -5.75947751 -5.16411166 -4.57966482 -4.01947059 
7.74263683e-07 -6.90250972 -5.75947751 -5.16411166 -4.57966482 -4.01947059 
5.99484250e-07 -6.90250972 -5.75947751 -5.16411166 -4.57966482 -4.01947059 
4.64158883e-07 -6.90250972 -5.75947751 -5.16411166 -4.57966482 -4.01947059 
3.59381366e-07 -6.90250972 -5.75947751 -5.16411166 -4.57966482 -4.01947059 
2.78255940e-07 -6.90250972 -5.75947751 -5.16411166 -4.57966482 -4.01947059 
2.15443469e-07 -6.90250972 -5.75947751 -5.16411166 -4.57966482 -4.01947059 
1.66810054e-07 -6.90250972 -5.75947751 -5.16411166 -4.57966482 -4.01947059 
1.29154967e-07 -6.90250972 -5.75947751 -5.16411166 -4.57966482 -4.01947059 
1.00000000e-07 -6.90250972 -5.75947751 -5.16411166 -4.57966482 -4.01947059 
7.74263683e-08 -6.90250972 -5.75947751 -5.16411166 -4.57966482 -4.01947059 
5.99484250e-08 -6.90250972 -5.75947751 -5.16411166 -4.57966482 -4.01947059 
4.64158883e-08 -6.90250972 -5.75947751 -5.16411166 -4.57966482 -4.01947059 
3.59381366e-08 -6.90250972 -5.75947751 -5.16411166 -4.57966482 -4.01947059 
2.78255940e-08 -6.90250972 -5.75947751 -5.16411166 -4.57966482 -4.01947059 
2.15443469e-08 -6.90250972 -5.75947751 -5.16411166 -4.57966482 -4.01947059 
1.66810054e-08 -6.90250972 -5.75947751 -5.16411166 -4.57966482 -4.01947059 
1.29154967e-08 -6.90250972 -5.75947751 -5.16411166 -4.57966482 -4.01947059 
1.00000000e-08 -6.90250972 -5.75947751 -5.16411166 -4.57966482 -4.01947059 
7.74263683e-09 -6.90250972 -5.75947751 -5.16411166 -4.57966482 -4.01947059 
5.99484250e-09 -6.90250972 -5.75947751 -5.16411166 -4.57966482 -4.01947059 
4.64158883e-09 -6.90250972 -5.75947751 -5.16411166 -4.57966482 -4.01947059 
3.59381366e-09 -6.90250972 -5.75947751 -5.16411166 -4.57966482 -4.01947059 
2.78255940e-09 -6.90250972 -5.75947751 -5.16411166 -4.57966482 -4.01947059 
2.15443469e-09 -6.90250972 -5.75947751 -5.16411166 -4.57966482 -4.01947059 
1.66810054e-09 -6.90250972 -5.75947751 -5.16411166 -4.57966482 -4.01947059 
1.29154967e-09 -6.90250972 -5.75947751 -5.16411166 -4.57966482 -4.01947059 
1.00000000e-09 -6.90250972 -5.75947751 -5.16411166 -4.57966482 -4.01947059 
7.74263683e-10 -6.90250972 -5.75947751 -5.16411166 -4.57966482 -4.01947059 
5.99484250e-10 -6.90250972 -5.75947751 -5.16411166 -4.57966482 -4.01947059 
4.64158883e-10 -6.90250972 -5.75947751 -5.16411166 -4.57966482 -4.01947059 
3.59381366e-10 -6.90250972 -5.75947751 -5.16411166 -4.57966482 -4.01947059 
2.78255940e-10 -6.90250972 -5.75947751 -5.16411166 -4.57966482 -4.01947059 
2.15443469e-10 -6.90250972 -5.75947751 -5.16411166 -4.57966482 -4.01947059 
1.66810054e-10 -6.90250972 -5.75947751 -5.16411166 -4.57966482 -4.01947059 
1.29154967e-10 -6.90250972 -5.75947751 -5.16411166 -4.57966482 -4.01947059 
1.00000000e-10 -6.90250972 -5.75947751 -5.16411166 -4.57966482 -4.01947059 
P (bar) | log_CO2: -2σ | log_CO2: -1σ | log_CO2: median | log_CO2: +1σ | log_CO2: +2σ 
1.00000000e+01 -5.14487086 -4.53866795 -3.90676709 -3.12593193 -2.32939357 
7.74263683e+00 -5.14487086 -4.53866795 -3.90676709 -3.12593193 -2.32939357 
5.99484250e+00 -5.14487086 -4.53866795 -3.90676709 -3.12593193 -2.32939357 
4.64158883e+00 -5.14487086 -4.53866795 -3.90676709 -3.12593193 -2.32939357 
3.59381366e+00 -5.14487086 -4.53866795 -3.90676709 -3.12593193 -2.32939357 
2.78255940e+00 -5.14487086 -4.53866795 -3.90676709 -3.12593193 -2.32939357 
2.15443469e+00 -5.14487086 -4.53866795 -3.90676709 -3.12593193 -2.32939357 
1.66810054e+00 -5.14487086 -4.53866795 -3.90676709 -3.12593193 -2.32939357 
1.29154967e+00 -5.14487086 -4.53866795 -3.90676709 -3.12593193 -2.32939357 
1.00000000e+00 -5.14487086 -4.53866795 -3.90676709 -3.12593193 -2.32939357 
7.74263683e-01 -5.14487086 -4.53866795 -3.90676709 -3.12593193 -2.32939357 
5.99484250e-01 -5.14487086 -4.53866795 -3.90676709 -3.12593193 -2.32939357 
4.64158883e-01 -5.14487086 -4.53866795 -3.90676709 -3.12593193 -2.32939357 
3.59381366e-01 -5.14487086 -4.53866795 -3.90676709 -3.12593193 -2.32939357 
2.78255940e-01 -5.14487086 -4.53866795 -3.90676709 -3.12593193 -2.32939357 
2.15443469e-01 -5.14487086 -4.53866795 -3.90676709 -3.12593193 -2.32939357 
1.66810054e-01 -5.14487086 -4.53866795 -3.90676709 -3.12593193 -2.32939357 
1.29154967e-01 -5.14487086 -4.53866795 -3.90676709 -3.12593193 -2.32939357 
1.00000000e-01 -5.14487086 -4.53866795 -3.90676709 -3.12593193 -2.32939357 
7.74263683e-02 -5.14487086 -4.53866795 -3.90676709 -3.12593193 -2.32939357 
5.99484250e-02 -5.14487086 -4.53866795 -3.90676709 -3.12593193 -2.32939357 
4.64158883e-02 -5.14487086 -4.53866795 -3.90676709 -3.12593193 -2.32939357 
3.59381366e-02 -5.14487086 -4.53866795 -3.90676709 -3.12593193 -2.32939357 
2.78255940e-02 -5.14487086 -4.53866795 -3.90676709 -3.12593193 -2.32939357 
2.15443469e-02 -5.14487086 -4.53866795 -3.90676709 -3.12593193 -2.32939357 
1.66810054e-02 -5.14487086 -4.53866795 -3.90676709 -3.12593193 -2.32939357 
1.29154967e-02 -5.14487086 -4.53866795 -3.90676709 -3.12593193 -2.32939357 
1.00000000e-02 -5.14487086 -4.53866795 -3.90676709 -3.12593193 -2.32939357 
7.74263683e-03 -5.14487086 -4.53866795 -3.90676709 -3.12593193 -2.32939357 
5.99484250e-03 -5.14487086 -4.53866795 -3.90676709 -3.12593193 -2.32939357 
4.64158883e-03 -5.14487086 -4.53866795 -3.90676709 -3.12593193 -2.32939357 
3.59381366e-03 -5.14487086 -4.53866795 -3.90676709 -3.12593193 -2.32939357 
2.78255940e-03 -5.14487086 -4.53866795 -3.90676709 -3.12593193 -2.32939357 
2.15443469e-03 -5.14487086 -4.53866795 -3.90676709 -3.12593193 -2.32939357 
1.66810054e-03 -5.14487086 -4.53866795 -3.90676709 -3.12593193 -2.32939357 
1.29154967e-03 -5.14487086 -4.53866795 -3.90676709 -3.12593193 -2.32939357 
1.00000000e-03 -5.14487086 -4.53866795 -3.90676709 -3.12593193 -2.32939357 
7.74263683e-04 -5.14487086 -4.53866795 -3.90676709 -3.12593193 -2.32939357 
5.99484250e-04 -5.14487086 -4.53866795 -3.90676709 -3.12593193 -2.32939357 
4.64158883e-04 -5.14487086 -4.53866795 -3.90676709 -3.12593193 -2.32939357 
3.59381366e-04 -5.14487086 -4.53866795 -3.90676709 -3.12593193 -2.32939357 
2.78255940e-04 -5.14487086 -4.53866795 -3.90676709 -3.12593193 -2.32939357 
2.15443469e-04 -5.14487086 -4.53866795 -3.90676709 -3.12593193 -2.32939357 
1.66810054e-04 -5.14487086 -4.53866795 -3.90676709 -3.12593193 -2.32939357 
1.29154967e-04 -5.14487086 -4.53866795 -3.90676709 -3.12593193 -2.32939357 
1.00000000e-04 -5.14487086 -4.53866795 -3.90676709 -3.12593193 -2.32939357 
7.74263683e-05 -5.14487086 -4.53866795 -3.90676709 -3.12593193 -2.32939357 
5.99484250e-05 -5.14487086 -4.53866795 -3.90676709 -3.12593193 -2.32939357 
4.64158883e-05 -5.14487086 -4.53866795 -3.90676709 -3.12593193 -2.32939357 
3.59381366e-05 -5.14487086 -4.53866795 -3.90676709 -3.12593193 -2.32939357 
2.78255940e-05 -5.14487086 -4.53866795 -3.90676709 -3.12593193 -2.32939357 
2.15443469e-05 -5.14487086 -4.53866795 -3.90676709 -3.12593193 -2.32939357 
1.66810054e-05 -5.14487086 -4.53866795 -3.90676709 -3.12593193 -2.32939357 
1.29154967e-05 -5.14487086 -4.53866795 -3.90676709 -3.12593193 -2.32939357 
1.00000000e-05 -5.14487086 -4.53866795 -3.90676709 -3.12593193 -2.32939357 
7.74263683e-06 -5.14487086 -4.53866795 -3.90676709 -3.12593193 -2.32939357 
5.99484250e-06 -5.14487086 -4.53866795 -3.90676709 -3.12593193 -2.32939357 
4.64158883e-06 -5.14487086 -4.53866795 -3.90676709 -3.12593193 -2.32939357 
3.59381366e-06 -5.14487086 -4.53866795 -3.90676709 -3.12593193 -2.32939357 
2.78255940e-06 -5.14487086 -4.53866795 -3.90676709 -3.12593193 -2.32939357 
2.15443469e-06 -5.14487086 -4.53866795 -3.90676709 -3.12593193 -2.32939357 
1.66810054e-06 -5.14487086 -4.53866795 -3.90676709 -3.12593193 -2.32939357 
1.29154967e-06 -5.14487086 -4.53866795 -3.90676709 -3.12593193 -2.32939357 
1.00000000e-06 -5.14487086 -4.53866795 -3.90676709 -3.12593193 -2.32939357 
7.74263683e-07 -5.14487086 -4.53866795 -3.90676709 -3.12593193 -2.32939357 
5.99484250e-07 -5.14487086 -4.53866795 -3.90676709 -3.12593193 -2.32939357 
4.64158883e-07 -5.14487086 -4.53866795 -3.90676709 -3.12593193 -2.32939357 
3.59381366e-07 -5.14487086 -4.53866795 -3.90676709 -3.12593193 -2.32939357 
2.78255940e-07 -5.14487086 -4.53866795 -3.90676709 -3.12593193 -2.32939357 
2.15443469e-07 -5.14487086 -4.53866795 -3.90676709 -3.12593193 -2.32939357 
1.66810054e-07 -5.14487086 -4.53866795 -3.90676709 -3.12593193 -2.32939357 
1.29154967e-07 -5.14487086 -4.53866795 -3.90676709 -3.12593193 -2.32939357 
1.00000000e-07 -5.14487086 -4.53866795 -3.90676709 -3.12593193 -2.32939357 
7.74263683e-08 -5.14487086 -4.53866795 -3.90676709 -3.12593193 -2.32939357 
5.99484250e-08 -5.14487086 -4.53866795 -3.90676709 -3.12593193 -2.32939357 
4.64158883e-08 -5.14487086 -4.53866795 -3.90676709 -3.12593193 -2.32939357 
3.59381366e-08 -5.14487086 -4.53866795 -3.90676709 -3.12593193 -2.32939357 
2.78255940e-08 -5.14487086 -4.53866795 -3.90676709 -3.12593193 -2.32939357 
2.15443469e-08 -5.14487086 -4.53866795 -3.90676709 -3.12593193 -2.32939357 
1.66810054e-08 -5.14487086 -4.53866795 -3.90676709 -3.12593193 -2.32939357 
1.29154967e-08 -5.14487086 -4.53866795 -3.90676709 -3.12593193 -2.32939357 
1.00000000e-08 -5.14487086 -4.53866795 -3.90676709 -3.12593193 -2.32939357 
7.74263683e-09 -5.14487086 -4.53866795 -3.90676709 -3.12593193 -2.32939357 
5.99484250e-09 -5.14487086 -4.53866795 -3.90676709 -3.12593193 -2.32939357 
4.64158883e-09 -5.14487086 -4.53866795 -3.90676709 -3.12593193 -2.32939357 
3.59381366e-09 -5.14487086 -4.53866795 -3.90676709 -3.12593193 -2.32939357 
2.78255940e-09 -5.14487086 -4.53866795 -3.90676709 -3.12593193 -2.32939357 
2.15443469e-09 -5.14487086 -4.53866795 -3.90676709 -3.12593193 -2.32939357 
1.66810054e-09 -5.14487086 -4.53866795 -3.90676709 -3.12593193 -2.32939357 
1.29154967e-09 -5.14487086 -4.53866795 -3.90676709 -3.12593193 -2.32939357 
1.00000000e-09 -5.14487086 -4.53866795 -3.90676709 -3.12593193 -2.32939357 
7.74263683e-10 -5.14487086 -4.53866795 -3.90676709 -3.12593193 -2.32939357 
5.99484250e-10 -5.14487086 -4.53866795 -3.90676709 -3.12593193 -2.32939357 
4.64158883e-10 -5.14487086 -4.53866795 -3.90676709 -3.12593193 -2.32939357 
3.59381366e-10 -5.14487086 -4.53866795 -3.90676709 -3.12593193 -2.32939357 
2.78255940e-10 -5.14487086 -4.53866795 -3.90676709 -3.12593193 -2.32939357 
2.15443469e-10 -5.14487086 -4.53866795 -3.90676709 -3.12593193 -2.32939357 
1.66810054e-10 -5.14487086 -4.53866795 -3.90676709 -3.12593193 -2.32939357 
1.29154967e-10 -5.14487086 -4.53866795 -3.90676709 -3.12593193 -2.32939357 
1.00000000e-10 -5.14487086 -4.53866795 -3.90676709 -3.12593193 -2.32939357 
P (bar) | log_CH4: -2σ | log_CH4: -1σ | log_CH4: median | log_CH4: +1σ | log_CH4: +2σ 
1.00000000e+01 -5.33200015 -5.03277745 -4.61941829 -4.15373549 -3.59008113 
7.74263683e+00 -5.33200015 -5.03277745 -4.61941829 -4.15373549 -3.59008113 
5.99484250e+00 -5.33200015 -5.03277745 -4.61941829 -4.15373549 -3.59008113 
4.64158883e+00 -5.33200015 -5.03277745 -4.61941829 -4.15373549 -3.59008113 
3.59381366e+00 -5.33200015 -5.03277745 -4.61941829 -4.15373549 -3.59008113 
2.78255940e+00 -5.33200015 -5.03277745 -4.61941829 -4.15373549 -3.59008113 
2.15443469e+00 -5.33200015 -5.03277745 -4.61941829 -4.15373549 -3.59008113 
1.66810054e+00 -5.33200015 -5.03277745 -4.61941829 -4.15373549 -3.59008113 
1.29154967e+00 -5.33200015 -5.03277745 -4.61941829 -4.15373549 -3.59008113 
1.00000000e+00 -5.33200015 -5.03277745 -4.61941829 -4.15373549 -3.59008113 
7.74263683e-01 -5.33200015 -5.03277745 -4.61941829 -4.15373549 -3.59008113 
5.99484250e-01 -5.33200015 -5.03277745 -4.61941829 -4.15373549 -3.59008113 
4.64158883e-01 -5.33200015 -5.03277745 -4.61941829 -4.15373549 -3.59008113 
3.59381366e-01 -5.33200015 -5.03277745 -4.61941829 -4.15373549 -3.59008113 
2.78255940e-01 -5.33200015 -5.03277745 -4.61941829 -4.15373549 -3.59008113 
2.15443469e-01 -5.33200015 -5.03277745 -4.61941829 -4.15373549 -3.59008113 
1.66810054e-01 -5.33200015 -5.03277745 -4.61941829 -4.15373549 -3.59008113 
1.29154967e-01 -5.33200015 -5.03277745 -4.61941829 -4.15373549 -3.59008113 
1.00000000e-01 -5.33200015 -5.03277745 -4.61941829 -4.15373549 -3.59008113 
7.74263683e-02 -5.33200015 -5.03277745 -4.61941829 -4.15373549 -3.59008113 
5.99484250e-02 -5.33200015 -5.03277745 -4.61941829 -4.15373549 -3.59008113 
4.64158883e-02 -5.33200015 -5.03277745 -4.61941829 -4.15373549 -3.59008113 
3.59381366e-02 -5.33200015 -5.03277745 -4.61941829 -4.15373549 -3.59008113 
2.78255940e-02 -5.33200015 -5.03277745 -4.61941829 -4.15373549 -3.59008113 
2.15443469e-02 -5.33200015 -5.03277745 -4.61941829 -4.15373549 -3.59008113 
1.66810054e-02 -5.33200015 -5.03277745 -4.61941829 -4.15373549 -3.59008113 
1.29154967e-02 -5.33200015 -5.03277745 -4.61941829 -4.15373549 -3.59008113 
1.00000000e-02 -5.33200015 -5.03277745 -4.61941829 -4.15373549 -3.59008113 
7.74263683e-03 -5.33200015 -5.03277745 -4.61941829 -4.15373549 -3.59008113 
5.99484250e-03 -5.33200015 -5.03277745 -4.61941829 -4.15373549 -3.59008113 
4.64158883e-03 -5.33200015 -5.03277745 -4.61941829 -4.15373549 -3.59008113 
3.59381366e-03 -5.33200015 -5.03277745 -4.61941829 -4.15373549 -3.59008113 
2.78255940e-03 -5.33200015 -5.03277745 -4.61941829 -4.15373549 -3.59008113 
2.15443469e-03 -5.33200015 -5.03277745 -4.61941829 -4.15373549 -3.59008113 
1.66810054e-03 -5.33200015 -5.03277745 -4.61941829 -4.15373549 -3.59008113 
1.29154967e-03 -5.33200015 -5.03277745 -4.61941829 -4.15373549 -3.59008113 
1.00000000e-03 -5.33200015 -5.03277745 -4.61941829 -4.15373549 -3.59008113 
7.74263683e-04 -5.33200015 -5.03277745 -4.61941829 -4.15373549 -3.59008113 
5.99484250e-04 -5.33200015 -5.03277745 -4.61941829 -4.15373549 -3.59008113 
4.64158883e-04 -5.33200015 -5.03277745 -4.61941829 -4.15373549 -3.59008113 
3.59381366e-04 -5.33200015 -5.03277745 -4.61941829 -4.15373549 -3.59008113 
2.78255940e-04 -5.33200015 -5.03277745 -4.61941829 -4.15373549 -3.59008113 
2.15443469e-04 -5.33200015 -5.03277745 -4.61941829 -4.15373549 -3.59008113 
1.66810054e-04 -5.33200015 -5.03277745 -4.61941829 -4.15373549 -3.59008113 
1.29154967e-04 -5.33200015 -5.03277745 -4.61941829 -4.15373549 -3.59008113 
1.00000000e-04 -5.33200015 -5.03277745 -4.61941829 -4.15373549 -3.59008113 
7.74263683e-05 -5.33200015 -5.03277745 -4.61941829 -4.15373549 -3.59008113 
5.99484250e-05 -5.33200015 -5.03277745 -4.61941829 -4.15373549 -3.59008113 
4.64158883e-05 -5.33200015 -5.03277745 -4.61941829 -4.15373549 -3.59008113 
3.59381366e-05 -5.33200015 -5.03277745 -4.61941829 -4.15373549 -3.59008113 
2.78255940e-05 -5.33200015 -5.03277745 -4.61941829 -4.15373549 -3.59008113 
2.15443469e-05 -5.33200015 -5.03277745 -4.61941829 -4.15373549 -3.59008113 
1.66810054e-05 -5.33200015 -5.03277745 -4.61941829 -4.15373549 -3.59008113 
1.29154967e-05 -5.33200015 -5.03277745 -4.61941829 -4.15373549 -3.59008113 
1.00000000e-05 -5.33200015 -5.03277745 -4.61941829 -4.15373549 -3.59008113 
7.74263683e-06 -5.33200015 -5.03277745 -4.61941829 -4.15373549 -3.59008113 
5.99484250e-06 -5.33200015 -5.03277745 -4.61941829 -4.15373549 -3.59008113 
4.64158883e-06 -5.33200015 -5.03277745 -4.61941829 -4.15373549 -3.59008113 
3.59381366e-06 -5.33200015 -5.03277745 -4.61941829 -4.15373549 -3.59008113 
2.78255940e-06 -5.33200015 -5.03277745 -4.61941829 -4.15373549 -3.59008113 
2.15443469e-06 -5.33200015 -5.03277745 -4.61941829 -4.15373549 -3.59008113 
1.66810054e-06 -5.33200015 -5.03277745 -4.61941829 -4.15373549 -3.59008113 
1.29154967e-06 -5.33200015 -5.03277745 -4.61941829 -4.15373549 -3.59008113 
1.00000000e-06 -5.33200015 -5.03277745 -4.61941829 -4.15373549 -3.59008113 
7.74263683e-07 -5.33200015 -5.03277745 -4.61941829 -4.15373549 -3.59008113 
5.99484250e-07 -5.33200015 -5.03277745 -4.61941829 -4.15373549 -3.59008113 
4.64158883e-07 -5.33200015 -5.03277745 -4.61941829 -4.15373549 -3.59008113 
3.59381366e-07 -5.33200015 -5.03277745 -4.61941829 -4.15373549 -3.59008113 
2.78255940e-07 -5.33200015 -5.03277745 -4.61941829 -4.15373549 -3.59008113 
2.15443469e-07 -5.33200015 -5.03277745 -4.61941829 -4.15373549 -3.59008113 
1.66810054e-07 -5.33200015 -5.03277745 -4.61941829 -4.15373549 -3.59008113 
1.29154967e-07 -5.33200015 -5.03277745 -4.61941829 -4.15373549 -3.59008113 
1.00000000e-07 -5.33200015 -5.03277745 -4.61941829 -4.15373549 -3.59008113 
7.74263683e-08 -5.33200015 -5.03277745 -4.61941829 -4.15373549 -3.59008113 
5.99484250e-08 -5.33200015 -5.03277745 -4.61941829 -4.15373549 -3.59008113 
4.64158883e-08 -5.33200015 -5.03277745 -4.61941829 -4.15373549 -3.59008113 
3.59381366e-08 -5.33200015 -5.03277745 -4.61941829 -4.15373549 -3.59008113 
2.78255940e-08 -5.33200015 -5.03277745 -4.61941829 -4.15373549 -3.59008113 
2.15443469e-08 -5.33200015 -5.03277745 -4.61941829 -4.15373549 -3.59008113 
1.66810054e-08 -5.33200015 -5.03277745 -4.61941829 -4.15373549 -3.59008113 
1.29154967e-08 -5.33200015 -5.03277745 -4.61941829 -4.15373549 -3.59008113 
1.00000000e-08 -5.33200015 -5.03277745 -4.61941829 -4.15373549 -3.59008113 
7.74263683e-09 -5.33200015 -5.03277745 -4.61941829 -4.15373549 -3.59008113 
5.99484250e-09 -5.33200015 -5.03277745 -4.61941829 -4.15373549 -3.59008113 
4.64158883e-09 -5.33200015 -5.03277745 -4.61941829 -4.15373549 -3.59008113 
3.59381366e-09 -5.33200015 -5.03277745 -4.61941829 -4.15373549 -3.59008113 
2.78255940e-09 -5.33200015 -5.03277745 -4.61941829 -4.15373549 -3.59008113 
2.15443469e-09 -5.33200015 -5.03277745 -4.61941829 -4.15373549 -3.59008113 
1.66810054e-09 -5.33200015 -5.03277745 -4.61941829 -4.15373549 -3.59008113 
1.29154967e-09 -5.33200015 -5.03277745 -4.61941829 -4.15373549 -3.59008113 
1.00000000e-09 -5.33200015 -5.03277745 -4.61941829 -4.15373549 -3.59008113 
7.74263683e-10 -5.33200015 -5.03277745 -4.61941829 -4.15373549 -3.59008113 
5.99484250e-10 -5.33200015 -5.03277745 -4.61941829 -4.15373549 -3.59008113 
4.64158883e-10 -5.33200015 -5.03277745 -4.61941829 -4.15373549 -3.59008113 
3.59381366e-10 -5.33200015 -5.03277745 -4.61941829 -4.15373549 -3.59008113 
2.78255940e-10 -5.33200015 -5.03277745 -4.61941829 -4.15373549 -3.59008113 
2.15443469e-10 -5.33200015 -5.03277745 -4.61941829 -4.15373549 -3.59008113 
1.66810054e-10 -5.33200015 -5.03277745 -4.61941829 -4.15373549 -3.59008113 
1.29154967e-10 -5.33200015 -5.03277745 -4.61941829 -4.15373549 -3.59008113 
1.00000000e-10 -5.33200015 -5.03277745 -4.61941829 -4.15373549 -3.59008113 
P (bar) | log_O2: -2σ | log_O2: -1σ | log_O2: median | log_O2: +1σ | log_O2: +2σ 
1.00000000e+01 -9.82107329 -8.62654097 -5.94045599 -3.08306403 -1.59547721 
7.74263683e+00 -9.82107329 -8.62654097 -5.94045599 -3.08306403 -1.59547721 
5.99484250e+00 -9.82107329 -8.62654097 -5.94045599 -3.08306403 -1.59547721 
4.64158883e+00 -9.82107329 -8.62654097 -5.94045599 -3.08306403 -1.59547721 
3.59381366e+00 -9.82107329 -8.62654097 -5.94045599 -3.08306403 -1.59547721 
2.78255940e+00 -9.82107329 -8.62654097 -5.94045599 -3.08306403 -1.59547721 
2.15443469e+00 -9.82107329 -8.62654097 -5.94045599 -3.08306403 -1.59547721 
1.66810054e+00 -9.82107329 -8.62654097 -5.94045599 -3.08306403 -1.59547721 
1.29154967e+00 -9.82107329 -8.62654097 -5.94045599 -3.08306403 -1.59547721 
1.00000000e+00 -9.82107329 -8.62654097 -5.94045599 -3.08306403 -1.59547721 
7.74263683e-01 -9.82107329 -8.62654097 -5.94045599 -3.08306403 -1.59547721 
5.99484250e-01 -9.82107329 -8.62654097 -5.94045599 -3.08306403 -1.59547721 
4.64158883e-01 -9.82107329 -8.62654097 -5.94045599 -3.08306403 -1.59547721 
3.59381366e-01 -9.82107329 -8.62654097 -5.94045599 -3.08306403 -1.59547721 
2.78255940e-01 -9.82107329 -8.62654097 -5.94045599 -3.08306403 -1.59547721 
2.15443469e-01 -9.82107329 -8.62654097 -5.94045599 -3.08306403 -1.59547721 
1.66810054e-01 -9.82107329 -8.62654097 -5.94045599 -3.08306403 -1.59547721 
1.29154967e-01 -9.82107329 -8.62654097 -5.94045599 -3.08306403 -1.59547721 
1.00000000e-01 -9.82107329 -8.62654097 -5.94045599 -3.08306403 -1.59547721 
7.74263683e-02 -9.82107329 -8.62654097 -5.94045599 -3.08306403 -1.59547721 
5.99484250e-02 -9.82107329 -8.62654097 -5.94045599 -3.08306403 -1.59547721 
4.64158883e-02 -9.82107329 -8.62654097 -5.94045599 -3.08306403 -1.59547721 
3.59381366e-02 -9.82107329 -8.62654097 -5.94045599 -3.08306403 -1.59547721 
2.78255940e-02 -9.82107329 -8.62654097 -5.94045599 -3.08306403 -1.59547721 
2.15443469e-02 -9.82107329 -8.62654097 -5.94045599 -3.08306403 -1.59547721 
1.66810054e-02 -9.82107329 -8.62654097 -5.94045599 -3.08306403 -1.59547721 
1.29154967e-02 -9.82107329 -8.62654097 -5.94045599 -3.08306403 -1.59547721 
1.00000000e-02 -9.82107329 -8.62654097 -5.94045599 -3.08306403 -1.59547721 
7.74263683e-03 -9.82107329 -8.62654097 -5.94045599 -3.08306403 -1.59547721 
5.99484250e-03 -9.82107329 -8.62654097 -5.94045599 -3.08306403 -1.59547721 
4.64158883e-03 -9.82107329 -8.62654097 -5.94045599 -3.08306403 -1.59547721 
3.59381366e-03 -9.82107329 -8.62654097 -5.94045599 -3.08306403 -1.59547721 
2.78255940e-03 -9.82107329 -8.62654097 -5.94045599 -3.08306403 -1.59547721 
2.15443469e-03 -9.82107329 -8.62654097 -5.94045599 -3.08306403 -1.59547721 
1.66810054e-03 -9.82107329 -8.62654097 -5.94045599 -3.08306403 -1.59547721 
1.29154967e-03 -9.82107329 -8.62654097 -5.94045599 -3.08306403 -1.59547721 
1.00000000e-03 -9.82107329 -8.62654097 -5.94045599 -3.08306403 -1.59547721 
7.74263683e-04 -9.82107329 -8.62654097 -5.94045599 -3.08306403 -1.59547721 
5.99484250e-04 -9.82107329 -8.62654097 -5.94045599 -3.08306403 -1.59547721 
4.64158883e-04 -9.82107329 -8.62654097 -5.94045599 -3.08306403 -1.59547721 
3.59381366e-04 -9.82107329 -8.62654097 -5.94045599 -3.08306403 -1.59547721 
2.78255940e-04 -9.82107329 -8.62654097 -5.94045599 -3.08306403 -1.59547721 
2.15443469e-04 -9.82107329 -8.62654097 -5.94045599 -3.08306403 -1.59547721 
1.66810054e-04 -9.82107329 -8.62654097 -5.94045599 -3.08306403 -1.59547721 
1.29154967e-04 -9.82107329 -8.62654097 -5.94045599 -3.08306403 -1.59547721 
1.00000000e-04 -9.82107329 -8.62654097 -5.94045599 -3.08306403 -1.59547721 
7.74263683e-05 -9.82107329 -8.62654097 -5.94045599 -3.08306403 -1.59547721 
5.99484250e-05 -9.82107329 -8.62654097 -5.94045599 -3.08306403 -1.59547721 
4.64158883e-05 -9.82107329 -8.62654097 -5.94045599 -3.08306403 -1.59547721 
3.59381366e-05 -9.82107329 -8.62654097 -5.94045599 -3.08306403 -1.59547721 
2.78255940e-05 -9.82107329 -8.62654097 -5.94045599 -3.08306403 -1.59547721 
2.15443469e-05 -9.82107329 -8.62654097 -5.94045599 -3.08306403 -1.59547721 
1.66810054e-05 -9.82107329 -8.62654097 -5.94045599 -3.08306403 -1.59547721 
1.29154967e-05 -9.82107329 -8.62654097 -5.94045599 -3.08306403 -1.59547721 
1.00000000e-05 -9.82107329 -8.62654097 -5.94045599 -3.08306403 -1.59547721 
7.74263683e-06 -9.82107329 -8.62654097 -5.94045599 -3.08306403 -1.59547721 
5.99484250e-06 -9.82107329 -8.62654097 -5.94045599 -3.08306403 -1.59547721 
4.64158883e-06 -9.82107329 -8.62654097 -5.94045599 -3.08306403 -1.59547721 
3.59381366e-06 -9.82107329 -8.62654097 -5.94045599 -3.08306403 -1.59547721 
2.78255940e-06 -9.82107329 -8.62654097 -5.94045599 -3.08306403 -1.59547721 
2.15443469e-06 -9.82107329 -8.62654097 -5.94045599 -3.08306403 -1.59547721 
1.66810054e-06 -9.82107329 -8.62654097 -5.94045599 -3.08306403 -1.59547721 
1.29154967e-06 -9.82107329 -8.62654097 -5.94045599 -3.08306403 -1.59547721 
1.00000000e-06 -9.82107329 -8.62654097 -5.94045599 -3.08306403 -1.59547721 
7.74263683e-07 -9.82107329 -8.62654097 -5.94045599 -3.08306403 -1.59547721 
5.99484250e-07 -9.82107329 -8.62654097 -5.94045599 -3.08306403 -1.59547721 
4.64158883e-07 -9.82107329 -8.62654097 -5.94045599 -3.08306403 -1.59547721 
3.59381366e-07 -9.82107329 -8.62654097 -5.94045599 -3.08306403 -1.59547721 
2.78255940e-07 -9.82107329 -8.62654097 -5.94045599 -3.08306403 -1.59547721 
2.15443469e-07 -9.82107329 -8.62654097 -5.94045599 -3.08306403 -1.59547721 
1.66810054e-07 -9.82107329 -8.62654097 -5.94045599 -3.08306403 -1.59547721 
1.29154967e-07 -9.82107329 -8.62654097 -5.94045599 -3.08306403 -1.59547721 
1.00000000e-07 -9.82107329 -8.62654097 -5.94045599 -3.08306403 -1.59547721 
7.74263683e-08 -9.82107329 -8.62654097 -5.94045599 -3.08306403 -1.59547721 
5.99484250e-08 -9.82107329 -8.62654097 -5.94045599 -3.08306403 -1.59547721 
4.64158883e-08 -9.82107329 -8.62654097 -5.94045599 -3.08306403 -1.59547721 
3.59381366e-08 -9.82107329 -8.62654097 -5.94045599 -3.08306403 -1.59547721 
2.78255940e-08 -9.82107329 -8.62654097 -5.94045599 -3.08306403 -1.59547721 
2.15443469e-08 -9.82107329 -8.62654097 -5.94045599 -3.08306403 -1.59547721 
1.66810054e-08 -9.82107329 -8.62654097 -5.94045599 -3.08306403 -1.59547721 
1.29154967e-08 -9.82107329 -8.62654097 -5.94045599 -3.08306403 -1.59547721 
1.00000000e-08 -9.82107329 -8.62654097 -5.94045599 -3.08306403 -1.59547721 
7.74263683e-09 -9.82107329 -8.62654097 -5.94045599 -3.08306403 -1.59547721 
5.99484250e-09 -9.82107329 -8.62654097 -5.94045599 -3.08306403 -1.59547721 
4.64158883e-09 -9.82107329 -8.62654097 -5.94045599 -3.08306403 -1.59547721 
3.59381366e-09 -9.82107329 -8.62654097 -5.94045599 -3.08306403 -1.59547721 
2.78255940e-09 -9.82107329 -8.62654097 -5.94045599 -3.08306403 -1.59547721 
2.15443469e-09 -9.82107329 -8.62654097 -5.94045599 -3.08306403 -1.59547721 
1.66810054e-09 -9.82107329 -8.62654097 -5.94045599 -3.08306403 -1.59547721 
1.29154967e-09 -9.82107329 -8.62654097 -5.94045599 -3.08306403 -1.59547721 
1.00000000e-09 -9.82107329 -8.62654097 -5.94045599 -3.08306403 -1.59547721 
7.74263683e-10 -9.82107329 -8.62654097 -5.94045599 -3.08306403 -1.59547721 
5.99484250e-10 -9.82107329 -8.62654097 -5.94045599 -3.08306403 -1.59547721 
4.64158883e-10 -9.82107329 -8.62654097 -5.94045599 -3.08306403 -1.59547721 
3.59381366e-10 -9.82107329 -8.62654097 -5.94045599 -3.08306403 -1.59547721 
2.78255940e-10 -9.82107329 -8.62654097 -5.94045599 -3.08306403 -1.59547721 
2.15443469e-10 -9.82107329 -8.62654097 -5.94045599 -3.08306403 -1.59547721 
1.66810054e-10 -9.82107329 -8.62654097 -5.94045599 -3.08306403 -1.59547721 
1.29154967e-10 -9.82107329 -8.62654097 -5.94045599 -3.08306403 -1.59547721 
1.00000000e-10 -9.82107329 -8.62654097 -5.94045599 -3.08306403 -1.59547721 
P (bar) | log_O3: -2σ | log_O3: -1σ | log_O3: median | log_O3: +1σ | log_O3: +2σ 
1.00000000e+01 -9.94687400 -9.61314285 -8.85426415 -7.69486860 -6.50611529 
7.74263683e+00 -9.94687400 -9.61314285 -8.85426415 -7.69486860 -6.50611529 
5.99484250e+00 -9.94687400 -9.61314285 -8.85426415 -7.69486860 -6.50611529 
4.64158883e+00 -9.94687400 -9.61314285 -8.85426415 -7.69486860 -6.50611529 
3.59381366e+00 -9.94687400 -9.61314285 -8.85426415 -7.69486860 -6.50611529 
2.78255940e+00 -9.94687400 -9.61314285 -8.85426415 -7.69486860 -6.50611529 
2.15443469e+00 -9.94687400 -9.61314285 -8.85426415 -7.69486860 -6.50611529 
1.66810054e+00 -9.94687400 -9.61314285 -8.85426415 -7.69486860 -6.50611529 
1.29154967e+00 -9.94687400 -9.61314285 -8.85426415 -7.69486860 -6.50611529 
1.00000000e+00 -9.94687400 -9.61314285 -8.85426415 -7.69486860 -6.50611529 
7.74263683e-01 -9.94687400 -9.61314285 -8.85426415 -7.69486860 -6.50611529 
5.99484250e-01 -9.94687400 -9.61314285 -8.85426415 -7.69486860 -6.50611529 
4.64158883e-01 -9.94687400 -9.61314285 -8.85426415 -7.69486860 -6.50611529 
3.59381366e-01 -9.94687400 -9.61314285 -8.85426415 -7.69486860 -6.50611529 
2.78255940e-01 -9.94687400 -9.61314285 -8.85426415 -7.69486860 -6.50611529 
2.15443469e-01 -9.94687400 -9.61314285 -8.85426415 -7.69486860 -6.50611529 
1.66810054e-01 -9.94687400 -9.61314285 -8.85426415 -7.69486860 -6.50611529 
1.29154967e-01 -9.94687400 -9.61314285 -8.85426415 -7.69486860 -6.50611529 
1.00000000e-01 -9.94687400 -9.61314285 -8.85426415 -7.69486860 -6.50611529 
7.74263683e-02 -9.94687400 -9.61314285 -8.85426415 -7.69486860 -6.50611529 
5.99484250e-02 -9.94687400 -9.61314285 -8.85426415 -7.69486860 -6.50611529 
4.64158883e-02 -9.94687400 -9.61314285 -8.85426415 -7.69486860 -6.50611529 
3.59381366e-02 -9.94687400 -9.61314285 -8.85426415 -7.69486860 -6.50611529 
2.78255940e-02 -9.94687400 -9.61314285 -8.85426415 -7.69486860 -6.50611529 
2.15443469e-02 -9.94687400 -9.61314285 -8.85426415 -7.69486860 -6.50611529 
1.66810054e-02 -9.94687400 -9.61314285 -8.85426415 -7.69486860 -6.50611529 
1.29154967e-02 -9.94687400 -9.61314285 -8.85426415 -7.69486860 -6.50611529 
1.00000000e-02 -9.94687400 -9.61314285 -8.85426415 -7.69486860 -6.50611529 
7.74263683e-03 -9.94687400 -9.61314285 -8.85426415 -7.69486860 -6.50611529 
5.99484250e-03 -9.94687400 -9.61314285 -8.85426415 -7.69486860 -6.50611529 
4.64158883e-03 -9.94687400 -9.61314285 -8.85426415 -7.69486860 -6.50611529 
3.59381366e-03 -9.94687400 -9.61314285 -8.85426415 -7.69486860 -6.50611529 
2.78255940e-03 -9.94687400 -9.61314285 -8.85426415 -7.69486860 -6.50611529 
2.15443469e-03 -9.94687400 -9.61314285 -8.85426415 -7.69486860 -6.50611529 
1.66810054e-03 -9.94687400 -9.61314285 -8.85426415 -7.69486860 -6.50611529 
1.29154967e-03 -9.94687400 -9.61314285 -8.85426415 -7.69486860 -6.50611529 
1.00000000e-03 -9.94687400 -9.61314285 -8.85426415 -7.69486860 -6.50611529 
7.74263683e-04 -9.94687400 -9.61314285 -8.85426415 -7.69486860 -6.50611529 
5.99484250e-04 -9.94687400 -9.61314285 -8.85426415 -7.69486860 -6.50611529 
4.64158883e-04 -9.94687400 -9.61314285 -8.85426415 -7.69486860 -6.50611529 
3.59381366e-04 -9.94687400 -9.61314285 -8.85426415 -7.69486860 -6.50611529 
2.78255940e-04 -9.94687400 -9.61314285 -8.85426415 -7.69486860 -6.50611529 
2.15443469e-04 -9.94687400 -9.61314285 -8.85426415 -7.69486860 -6.50611529 
1.66810054e-04 -9.94687400 -9.61314285 -8.85426415 -7.69486860 -6.50611529 
1.29154967e-04 -9.94687400 -9.61314285 -8.85426415 -7.69486860 -6.50611529 
1.00000000e-04 -9.94687400 -9.61314285 -8.85426415 -7.69486860 -6.50611529 
7.74263683e-05 -9.94687400 -9.61314285 -8.85426415 -7.69486860 -6.50611529 
5.99484250e-05 -9.94687400 -9.61314285 -8.85426415 -7.69486860 -6.50611529 
4.64158883e-05 -9.94687400 -9.61314285 -8.85426415 -7.69486860 -6.50611529 
3.59381366e-05 -9.94687400 -9.61314285 -8.85426415 -7.69486860 -6.50611529 
2.78255940e-05 -9.94687400 -9.61314285 -8.85426415 -7.69486860 -6.50611529 
2.15443469e-05 -9.94687400 -9.61314285 -8.85426415 -7.69486860 -6.50611529 
1.66810054e-05 -9.94687400 -9.61314285 -8.85426415 -7.69486860 -6.50611529 
1.29154967e-05 -9.94687400 -9.61314285 -8.85426415 -7.69486860 -6.50611529 
1.00000000e-05 -9.94687400 -9.61314285 -8.85426415 -7.69486860 -6.50611529 
7.74263683e-06 -9.94687400 -9.61314285 -8.85426415 -7.69486860 -6.50611529 
5.99484250e-06 -9.94687400 -9.61314285 -8.85426415 -7.69486860 -6.50611529 
4.64158883e-06 -9.94687400 -9.61314285 -8.85426415 -7.69486860 -6.50611529 
3.59381366e-06 -9.94687400 -9.61314285 -8.85426415 -7.69486860 -6.50611529 
2.78255940e-06 -9.94687400 -9.61314285 -8.85426415 -7.69486860 -6.50611529 
2.15443469e-06 -9.94687400 -9.61314285 -8.85426415 -7.69486860 -6.50611529 
1.66810054e-06 -9.94687400 -9.61314285 -8.85426415 -7.69486860 -6.50611529 
1.29154967e-06 -9.94687400 -9.61314285 -8.85426415 -7.69486860 -6.50611529 
1.00000000e-06 -9.94687400 -9.61314285 -8.85426415 -7.69486860 -6.50611529 
7.74263683e-07 -9.94687400 -9.61314285 -8.85426415 -7.69486860 -6.50611529 
5.99484250e-07 -9.94687400 -9.61314285 -8.85426415 -7.69486860 -6.50611529 
4.64158883e-07 -9.94687400 -9.61314285 -8.85426415 -7.69486860 -6.50611529 
3.59381366e-07 -9.94687400 -9.61314285 -8.85426415 -7.69486860 -6.50611529 
2.78255940e-07 -9.94687400 -9.61314285 -8.85426415 -7.69486860 -6.50611529 
2.15443469e-07 -9.94687400 -9.61314285 -8.85426415 -7.69486860 -6.50611529 
1.66810054e-07 -9.94687400 -9.61314285 -8.85426415 -7.69486860 -6.50611529 
1.29154967e-07 -9.94687400 -9.61314285 -8.85426415 -7.69486860 -6.50611529 
1.00000000e-07 -9.94687400 -9.61314285 -8.85426415 -7.69486860 -6.50611529 
7.74263683e-08 -9.94687400 -9.61314285 -8.85426415 -7.69486860 -6.50611529 
5.99484250e-08 -9.94687400 -9.61314285 -8.85426415 -7.69486860 -6.50611529 
4.64158883e-08 -9.94687400 -9.61314285 -8.85426415 -7.69486860 -6.50611529 
3.59381366e-08 -9.94687400 -9.61314285 -8.85426415 -7.69486860 -6.50611529 
2.78255940e-08 -9.94687400 -9.61314285 -8.85426415 -7.69486860 -6.50611529 
2.15443469e-08 -9.94687400 -9.61314285 -8.85426415 -7.69486860 -6.50611529 
1.66810054e-08 -9.94687400 -9.61314285 -8.85426415 -7.69486860 -6.50611529 
1.29154967e-08 -9.94687400 -9.61314285 -8.85426415 -7.69486860 -6.50611529 
1.00000000e-08 -9.94687400 -9.61314285 -8.85426415 -7.69486860 -6.50611529 
7.74263683e-09 -9.94687400 -9.61314285 -8.85426415 -7.69486860 -6.50611529 
5.99484250e-09 -9.94687400 -9.61314285 -8.85426415 -7.69486860 -6.50611529 
4.64158883e-09 -9.94687400 -9.61314285 -8.85426415 -7.69486860 -6.50611529 
3.59381366e-09 -9.94687400 -9.61314285 -8.85426415 -7.69486860 -6.50611529 
2.78255940e-09 -9.94687400 -9.61314285 -8.85426415 -7.69486860 -6.50611529 
2.15443469e-09 -9.94687400 -9.61314285 -8.85426415 -7.69486860 -6.50611529 
1.66810054e-09 -9.94687400 -9.61314285 -8.85426415 -7.69486860 -6.50611529 
1.29154967e-09 -9.94687400 -9.61314285 -8.85426415 -7.69486860 -6.50611529 
1.00000000e-09 -9.94687400 -9.61314285 -8.85426415 -7.69486860 -6.50611529 
7.74263683e-10 -9.94687400 -9.61314285 -8.85426415 -7.69486860 -6.50611529 
5.99484250e-10 -9.94687400 -9.61314285 -8.85426415 -7.69486860 -6.50611529 
4.64158883e-10 -9.94687400 -9.61314285 -8.85426415 -7.69486860 -6.50611529 
3.59381366e-10 -9.94687400 -9.61314285 -8.85426415 -7.69486860 -6.50611529 
2.78255940e-10 -9.94687400 -9.61314285 -8.85426415 -7.69486860 -6.50611529 
2.15443469e-10 -9.94687400 -9.61314285 -8.85426415 -7.69486860 -6.50611529 
1.66810054e-10 -9.94687400 -9.61314285 -8.85426415 -7.69486860 -6.50611529 
1.29154967e-10 -9.94687400 -9.61314285 -8.85426415 -7.69486860 -6.50611529 
1.00000000e-10 -9.94687400 -9.61314285 -8.85426415 -7.69486860 -6.50611529 
P (bar) | log_N2O: -2σ | log_N2O: -1σ | log_N2O: median | log_N2O: +1σ | log_N2O: +2σ 
1.00000000e+01 -9.68886275 -8.29380877 -6.60465901 -5.47198739 -4.52462166 
7.74263683e+00 -9.68886275 -8.29380877 -6.60465901 -5.47198739 -4.52462166 
5.99484250e+00 -9.68886275 -8.29380877 -6.60465901 -5.47198739 -4.52462166 
4.64158883e+00 -9.68886275 -8.29380877 -6.60465901 -5.47198739 -4.52462166 
3.59381366e+00 -9.68886275 -8.29380877 -6.60465901 -5.47198739 -4.52462166 
2.78255940e+00 -9.68886275 -8.29380877 -6.60465901 -5.47198739 -4.52462166 
2.15443469e+00 -9.68886275 -8.29380877 -6.60465901 -5.47198739 -4.52462166 
1.66810054e+00 -9.68886275 -8.29380877 -6.60465901 -5.47198739 -4.52462166 
1.29154967e+00 -9.68886275 -8.29380877 -6.60465901 -5.47198739 -4.52462166 
1.00000000e+00 -9.68886275 -8.29380877 -6.60465901 -5.47198739 -4.52462166 
7.74263683e-01 -9.68886275 -8.29380877 -6.60465901 -5.47198739 -4.52462166 
5.99484250e-01 -9.68886275 -8.29380877 -6.60465901 -5.47198739 -4.52462166 
4.64158883e-01 -9.68886275 -8.29380877 -6.60465901 -5.47198739 -4.52462166 
3.59381366e-01 -9.68886275 -8.29380877 -6.60465901 -5.47198739 -4.52462166 
2.78255940e-01 -9.68886275 -8.29380877 -6.60465901 -5.47198739 -4.52462166 
2.15443469e-01 -9.68886275 -8.29380877 -6.60465901 -5.47198739 -4.52462166 
1.66810054e-01 -9.68886275 -8.29380877 -6.60465901 -5.47198739 -4.52462166 
1.29154967e-01 -9.68886275 -8.29380877 -6.60465901 -5.47198739 -4.52462166 
1.00000000e-01 -9.68886275 -8.29380877 -6.60465901 -5.47198739 -4.52462166 
7.74263683e-02 -9.68886275 -8.29380877 -6.60465901 -5.47198739 -4.52462166 
5.99484250e-02 -9.68886275 -8.29380877 -6.60465901 -5.47198739 -4.52462166 
4.64158883e-02 -9.68886275 -8.29380877 -6.60465901 -5.47198739 -4.52462166 
3.59381366e-02 -9.68886275 -8.29380877 -6.60465901 -5.47198739 -4.52462166 
2.78255940e-02 -9.68886275 -8.29380877 -6.60465901 -5.47198739 -4.52462166 
2.15443469e-02 -9.68886275 -8.29380877 -6.60465901 -5.47198739 -4.52462166 
1.66810054e-02 -9.68886275 -8.29380877 -6.60465901 -5.47198739 -4.52462166 
1.29154967e-02 -9.68886275 -8.29380877 -6.60465901 -5.47198739 -4.52462166 
1.00000000e-02 -9.68886275 -8.29380877 -6.60465901 -5.47198739 -4.52462166 
7.74263683e-03 -9.68886275 -8.29380877 -6.60465901 -5.47198739 -4.52462166 
5.99484250e-03 -9.68886275 -8.29380877 -6.60465901 -5.47198739 -4.52462166 
4.64158883e-03 -9.68886275 -8.29380877 -6.60465901 -5.47198739 -4.52462166 
3.59381366e-03 -9.68886275 -8.29380877 -6.60465901 -5.47198739 -4.52462166 
2.78255940e-03 -9.68886275 -8.29380877 -6.60465901 -5.47198739 -4.52462166 
2.15443469e-03 -9.68886275 -8.29380877 -6.60465901 -5.47198739 -4.52462166 
1.66810054e-03 -9.68886275 -8.29380877 -6.60465901 -5.47198739 -4.52462166 
1.29154967e-03 -9.68886275 -8.29380877 -6.60465901 -5.47198739 -4.52462166 
1.00000000e-03 -9.68886275 -8.29380877 -6.60465901 -5.47198739 -4.52462166 
7.74263683e-04 -9.68886275 -8.29380877 -6.60465901 -5.47198739 -4.52462166 
5.99484250e-04 -9.68886275 -8.29380877 -6.60465901 -5.47198739 -4.52462166 
4.64158883e-04 -9.68886275 -8.29380877 -6.60465901 -5.47198739 -4.52462166 
3.59381366e-04 -9.68886275 -8.29380877 -6.60465901 -5.47198739 -4.52462166 
2.78255940e-04 -9.68886275 -8.29380877 -6.60465901 -5.47198739 -4.52462166 
2.15443469e-04 -9.68886275 -8.29380877 -6.60465901 -5.47198739 -4.52462166 
1.66810054e-04 -9.68886275 -8.29380877 -6.60465901 -5.47198739 -4.52462166 
1.29154967e-04 -9.68886275 -8.29380877 -6.60465901 -5.47198739 -4.52462166 
1.00000000e-04 -9.68886275 -8.29380877 -6.60465901 -5.47198739 -4.52462166 
7.74263683e-05 -9.68886275 -8.29380877 -6.60465901 -5.47198739 -4.52462166 
5.99484250e-05 -9.68886275 -8.29380877 -6.60465901 -5.47198739 -4.52462166 
4.64158883e-05 -9.68886275 -8.29380877 -6.60465901 -5.47198739 -4.52462166 
3.59381366e-05 -9.68886275 -8.29380877 -6.60465901 -5.47198739 -4.52462166 
2.78255940e-05 -9.68886275 -8.29380877 -6.60465901 -5.47198739 -4.52462166 
2.15443469e-05 -9.68886275 -8.29380877 -6.60465901 -5.47198739 -4.52462166 
1.66810054e-05 -9.68886275 -8.29380877 -6.60465901 -5.47198739 -4.52462166 
1.29154967e-05 -9.68886275 -8.29380877 -6.60465901 -5.47198739 -4.52462166 
1.00000000e-05 -9.68886275 -8.29380877 -6.60465901 -5.47198739 -4.52462166 
7.74263683e-06 -9.68886275 -8.29380877 -6.60465901 -5.47198739 -4.52462166 
5.99484250e-06 -9.68886275 -8.29380877 -6.60465901 -5.47198739 -4.52462166 
4.64158883e-06 -9.68886275 -8.29380877 -6.60465901 -5.47198739 -4.52462166 
3.59381366e-06 -9.68886275 -8.29380877 -6.60465901 -5.47198739 -4.52462166 
2.78255940e-06 -9.68886275 -8.29380877 -6.60465901 -5.47198739 -4.52462166 
2.15443469e-06 -9.68886275 -8.29380877 -6.60465901 -5.47198739 -4.52462166 
1.66810054e-06 -9.68886275 -8.29380877 -6.60465901 -5.47198739 -4.52462166 
1.29154967e-06 -9.68886275 -8.29380877 -6.60465901 -5.47198739 -4.52462166 
1.00000000e-06 -9.68886275 -8.29380877 -6.60465901 -5.47198739 -4.52462166 
7.74263683e-07 -9.68886275 -8.29380877 -6.60465901 -5.47198739 -4.52462166 
5.99484250e-07 -9.68886275 -8.29380877 -6.60465901 -5.47198739 -4.52462166 
4.64158883e-07 -9.68886275 -8.29380877 -6.60465901 -5.47198739 -4.52462166 
3.59381366e-07 -9.68886275 -8.29380877 -6.60465901 -5.47198739 -4.52462166 
2.78255940e-07 -9.68886275 -8.29380877 -6.60465901 -5.47198739 -4.52462166 
2.15443469e-07 -9.68886275 -8.29380877 -6.60465901 -5.47198739 -4.52462166 
1.66810054e-07 -9.68886275 -8.29380877 -6.60465901 -5.47198739 -4.52462166 
1.29154967e-07 -9.68886275 -8.29380877 -6.60465901 -5.47198739 -4.52462166 
1.00000000e-07 -9.68886275 -8.29380877 -6.60465901 -5.47198739 -4.52462166 
7.74263683e-08 -9.68886275 -8.29380877 -6.60465901 -5.47198739 -4.52462166 
5.99484250e-08 -9.68886275 -8.29380877 -6.60465901 -5.47198739 -4.52462166 
4.64158883e-08 -9.68886275 -8.29380877 -6.60465901 -5.47198739 -4.52462166 
3.59381366e-08 -9.68886275 -8.29380877 -6.60465901 -5.47198739 -4.52462166 
2.78255940e-08 -9.68886275 -8.29380877 -6.60465901 -5.47198739 -4.52462166 
2.15443469e-08 -9.68886275 -8.29380877 -6.60465901 -5.47198739 -4.52462166 
1.66810054e-08 -9.68886275 -8.29380877 -6.60465901 -5.47198739 -4.52462166 
1.29154967e-08 -9.68886275 -8.29380877 -6.60465901 -5.47198739 -4.52462166 
1.00000000e-08 -9.68886275 -8.29380877 -6.60465901 -5.47198739 -4.52462166 
7.74263683e-09 -9.68886275 -8.29380877 -6.60465901 -5.47198739 -4.52462166 
5.99484250e-09 -9.68886275 -8.29380877 -6.60465901 -5.47198739 -4.52462166 
4.64158883e-09 -9.68886275 -8.29380877 -6.60465901 -5.47198739 -4.52462166 
3.59381366e-09 -9.68886275 -8.29380877 -6.60465901 -5.47198739 -4.52462166 
2.78255940e-09 -9.68886275 -8.29380877 -6.60465901 -5.47198739 -4.52462166 
2.15443469e-09 -9.68886275 -8.29380877 -6.60465901 -5.47198739 -4.52462166 
1.66810054e-09 -9.68886275 -8.29380877 -6.60465901 -5.47198739 -4.52462166 
1.29154967e-09 -9.68886275 -8.29380877 -6.60465901 -5.47198739 -4.52462166 
1.00000000e-09 -9.68886275 -8.29380877 -6.60465901 -5.47198739 -4.52462166 
7.74263683e-10 -9.68886275 -8.29380877 -6.60465901 -5.47198739 -4.52462166 
5.99484250e-10 -9.68886275 -8.29380877 -6.60465901 -5.47198739 -4.52462166 
4.64158883e-10 -9.68886275 -8.29380877 -6.60465901 -5.47198739 -4.52462166 
3.59381366e-10 -9.68886275 -8.29380877 -6.60465901 -5.47198739 -4.52462166 
2.78255940e-10 -9.68886275 -8.29380877 -6.60465901 -5.47198739 -4.52462166 
2.15443469e-10 -9.68886275 -8.29380877 -6.60465901 -5.47198739 -4.52462166 
1.66810054e-10 -9.68886275 -8.29380877 -6.60465901 -5.47198739 -4.52462166 
1.29154967e-10 -9.68886275 -8.29380877 -6.60465901 -5.47198739 -4.52462166 
1.00000000e-10 -9.68886275 -8.29380877 -6.60465901 -5.47198739 -4.52462166 
P (bar) | log_NH3: -2σ | log_NH3: -1σ | log_NH3: median | log_NH3: +1σ | log_NH3: +2σ 
1.00000000e+01 -9.91212170 -9.52994493 -8.56294176 -7.11400948 -6.11342831 
7.74263683e+00 -9.91212170 -9.52994493 -8.56294176 -7.11400948 -6.11342831 
5.99484250e+00 -9.91212170 -9.52994493 -8.56294176 -7.11400948 -6.11342831 
4.64158883e+00 -9.91212170 -9.52994493 -8.56294176 -7.11400948 -6.11342831 
3.59381366e+00 -9.91212170 -9.52994493 -8.56294176 -7.11400948 -6.11342831 
2.78255940e+00 -9.91212170 -9.52994493 -8.56294176 -7.11400948 -6.11342831 
2.15443469e+00 -9.91212170 -9.52994493 -8.56294176 -7.11400948 -6.11342831 
1.66810054e+00 -9.91212170 -9.52994493 -8.56294176 -7.11400948 -6.11342831 
1.29154967e+00 -9.91212170 -9.52994493 -8.56294176 -7.11400948 -6.11342831 
1.00000000e+00 -9.91212170 -9.52994493 -8.56294176 -7.11400948 -6.11342831 
7.74263683e-01 -9.91212170 -9.52994493 -8.56294176 -7.11400948 -6.11342831 
5.99484250e-01 -9.91212170 -9.52994493 -8.56294176 -7.11400948 -6.11342831 
4.64158883e-01 -9.91212170 -9.52994493 -8.56294176 -7.11400948 -6.11342831 
3.59381366e-01 -9.91212170 -9.52994493 -8.56294176 -7.11400948 -6.11342831 
2.78255940e-01 -9.91212170 -9.52994493 -8.56294176 -7.11400948 -6.11342831 
2.15443469e-01 -9.91212170 -9.52994493 -8.56294176 -7.11400948 -6.11342831 
1.66810054e-01 -9.91212170 -9.52994493 -8.56294176 -7.11400948 -6.11342831 
1.29154967e-01 -9.91212170 -9.52994493 -8.56294176 -7.11400948 -6.11342831 
1.00000000e-01 -9.91212170 -9.52994493 -8.56294176 -7.11400948 -6.11342831 
7.74263683e-02 -9.91212170 -9.52994493 -8.56294176 -7.11400948 -6.11342831 
5.99484250e-02 -9.91212170 -9.52994493 -8.56294176 -7.11400948 -6.11342831 
4.64158883e-02 -9.91212170 -9.52994493 -8.56294176 -7.11400948 -6.11342831 
3.59381366e-02 -9.91212170 -9.52994493 -8.56294176 -7.11400948 -6.11342831 
2.78255940e-02 -9.91212170 -9.52994493 -8.56294176 -7.11400948 -6.11342831 
2.15443469e-02 -9.91212170 -9.52994493 -8.56294176 -7.11400948 -6.11342831 
1.66810054e-02 -9.91212170 -9.52994493 -8.56294176 -7.11400948 -6.11342831 
1.29154967e-02 -9.91212170 -9.52994493 -8.56294176 -7.11400948 -6.11342831 
1.00000000e-02 -9.91212170 -9.52994493 -8.56294176 -7.11400948 -6.11342831 
7.74263683e-03 -9.91212170 -9.52994493 -8.56294176 -7.11400948 -6.11342831 
5.99484250e-03 -9.91212170 -9.52994493 -8.56294176 -7.11400948 -6.11342831 
4.64158883e-03 -9.91212170 -9.52994493 -8.56294176 -7.11400948 -6.11342831 
3.59381366e-03 -9.91212170 -9.52994493 -8.56294176 -7.11400948 -6.11342831 
2.78255940e-03 -9.91212170 -9.52994493 -8.56294176 -7.11400948 -6.11342831 
2.15443469e-03 -9.91212170 -9.52994493 -8.56294176 -7.11400948 -6.11342831 
1.66810054e-03 -9.91212170 -9.52994493 -8.56294176 -7.11400948 -6.11342831 
1.29154967e-03 -9.91212170 -9.52994493 -8.56294176 -7.11400948 -6.11342831 
1.00000000e-03 -9.91212170 -9.52994493 -8.56294176 -7.11400948 -6.11342831 
7.74263683e-04 -9.91212170 -9.52994493 -8.56294176 -7.11400948 -6.11342831 
5.99484250e-04 -9.91212170 -9.52994493 -8.56294176 -7.11400948 -6.11342831 
4.64158883e-04 -9.91212170 -9.52994493 -8.56294176 -7.11400948 -6.11342831 
3.59381366e-04 -9.91212170 -9.52994493 -8.56294176 -7.11400948 -6.11342831 
2.78255940e-04 -9.91212170 -9.52994493 -8.56294176 -7.11400948 -6.11342831 
2.15443469e-04 -9.91212170 -9.52994493 -8.56294176 -7.11400948 -6.11342831 
1.66810054e-04 -9.91212170 -9.52994493 -8.56294176 -7.11400948 -6.11342831 
1.29154967e-04 -9.91212170 -9.52994493 -8.56294176 -7.11400948 -6.11342831 
1.00000000e-04 -9.91212170 -9.52994493 -8.56294176 -7.11400948 -6.11342831 
7.74263683e-05 -9.91212170 -9.52994493 -8.56294176 -7.11400948 -6.11342831 
5.99484250e-05 -9.91212170 -9.52994493 -8.56294176 -7.11400948 -6.11342831 
4.64158883e-05 -9.91212170 -9.52994493 -8.56294176 -7.11400948 -6.11342831 
3.59381366e-05 -9.91212170 -9.52994493 -8.56294176 -7.11400948 -6.11342831 
2.78255940e-05 -9.91212170 -9.52994493 -8.56294176 -7.11400948 -6.11342831 
2.15443469e-05 -9.91212170 -9.52994493 -8.56294176 -7.11400948 -6.11342831 
1.66810054e-05 -9.91212170 -9.52994493 -8.56294176 -7.11400948 -6.11342831 
1.29154967e-05 -9.91212170 -9.52994493 -8.56294176 -7.11400948 -6.11342831 
1.00000000e-05 -9.91212170 -9.52994493 -8.56294176 -7.11400948 -6.11342831 
7.74263683e-06 -9.91212170 -9.52994493 -8.56294176 -7.11400948 -6.11342831 
5.99484250e-06 -9.91212170 -9.52994493 -8.56294176 -7.11400948 -6.11342831 
4.64158883e-06 -9.91212170 -9.52994493 -8.56294176 -7.11400948 -6.11342831 
3.59381366e-06 -9.91212170 -9.52994493 -8.56294176 -7.11400948 -6.11342831 
2.78255940e-06 -9.91212170 -9.52994493 -8.56294176 -7.11400948 -6.11342831 
2.15443469e-06 -9.91212170 -9.52994493 -8.56294176 -7.11400948 -6.11342831 
1.66810054e-06 -9.91212170 -9.52994493 -8.56294176 -7.11400948 -6.11342831 
1.29154967e-06 -9.91212170 -9.52994493 -8.56294176 -7.11400948 -6.11342831 
1.00000000e-06 -9.91212170 -9.52994493 -8.56294176 -7.11400948 -6.11342831 
7.74263683e-07 -9.91212170 -9.52994493 -8.56294176 -7.11400948 -6.11342831 
5.99484250e-07 -9.91212170 -9.52994493 -8.56294176 -7.11400948 -6.11342831 
4.64158883e-07 -9.91212170 -9.52994493 -8.56294176 -7.11400948 -6.11342831 
3.59381366e-07 -9.91212170 -9.52994493 -8.56294176 -7.11400948 -6.11342831 
2.78255940e-07 -9.91212170 -9.52994493 -8.56294176 -7.11400948 -6.11342831 
2.15443469e-07 -9.91212170 -9.52994493 -8.56294176 -7.11400948 -6.11342831 
1.66810054e-07 -9.91212170 -9.52994493 -8.56294176 -7.11400948 -6.11342831 
1.29154967e-07 -9.91212170 -9.52994493 -8.56294176 -7.11400948 -6.11342831 
1.00000000e-07 -9.91212170 -9.52994493 -8.56294176 -7.11400948 -6.11342831 
7.74263683e-08 -9.91212170 -9.52994493 -8.56294176 -7.11400948 -6.11342831 
5.99484250e-08 -9.91212170 -9.52994493 -8.56294176 -7.11400948 -6.11342831 
4.64158883e-08 -9.91212170 -9.52994493 -8.56294176 -7.11400948 -6.11342831 
3.59381366e-08 -9.91212170 -9.52994493 -8.56294176 -7.11400948 -6.11342831 
2.78255940e-08 -9.91212170 -9.52994493 -8.56294176 -7.11400948 -6.11342831 
2.15443469e-08 -9.91212170 -9.52994493 -8.56294176 -7.11400948 -6.11342831 
1.66810054e-08 -9.91212170 -9.52994493 -8.56294176 -7.11400948 -6.11342831 
1.29154967e-08 -9.91212170 -9.52994493 -8.56294176 -7.11400948 -6.11342831 
1.00000000e-08 -9.91212170 -9.52994493 -8.56294176 -7.11400948 -6.11342831 
7.74263683e-09 -9.91212170 -9.52994493 -8.56294176 -7.11400948 -6.11342831 
5.99484250e-09 -9.91212170 -9.52994493 -8.56294176 -7.11400948 -6.11342831 
4.64158883e-09 -9.91212170 -9.52994493 -8.56294176 -7.11400948 -6.11342831 
3.59381366e-09 -9.91212170 -9.52994493 -8.56294176 -7.11400948 -6.11342831 
2.78255940e-09 -9.91212170 -9.52994493 -8.56294176 -7.11400948 -6.11342831 
2.15443469e-09 -9.91212170 -9.52994493 -8.56294176 -7.11400948 -6.11342831 
1.66810054e-09 -9.91212170 -9.52994493 -8.56294176 -7.11400948 -6.11342831 
1.29154967e-09 -9.91212170 -9.52994493 -8.56294176 -7.11400948 -6.11342831 
1.00000000e-09 -9.91212170 -9.52994493 -8.56294176 -7.11400948 -6.11342831 
7.74263683e-10 -9.91212170 -9.52994493 -8.56294176 -7.11400948 -6.11342831 
5.99484250e-10 -9.91212170 -9.52994493 -8.56294176 -7.11400948 -6.11342831 
4.64158883e-10 -9.91212170 -9.52994493 -8.56294176 -7.11400948 -6.11342831 
3.59381366e-10 -9.91212170 -9.52994493 -8.56294176 -7.11400948 -6.11342831 
2.78255940e-10 -9.91212170 -9.52994493 -8.56294176 -7.11400948 -6.11342831 
2.15443469e-10 -9.91212170 -9.52994493 -8.56294176 -7.11400948 -6.11342831 
1.66810054e-10 -9.91212170 -9.52994493 -8.56294176 -7.11400948 -6.11342831 
1.29154967e-10 -9.91212170 -9.52994493 -8.56294176 -7.11400948 -6.11342831 
1.00000000e-10 -9.91212170 -9.52994493 -8.56294176 -7.11400948 -6.11342831 
