Chemical species: N2 H2O CO2 CH4 O2 O3 N2O NH3
P (bar) | log_N2: -2σ | log_N2: -1σ | log_N2: median | log_N2: +1σ | log_N2: +2σ 
1.00000000e+01 -0.05063378 -0.02844620 -0.00638921 -0.00070612 -0.00003697 
7.74263683e+00 -0.05063378 -0.02844620 -0.00638921 -0.00070612 -0.00003697 
5.99484250e+00 -0.05063378 -0.02844620 -0.00638921 -0.00070612 -0.00003697 
4.64158883e+00 -0.05063378 -0.02844620 -0.00638921 -0.00070612 -0.00003697 
3.59381366e+00 -0.05063378 -0.02844620 -0.00638921 -0.00070612 -0.00003697 
2.78255940e+00 -0.05063378 -0.02844620 -0.00638921 -0.00070612 -0.00003697 
2.15443469e+00 -0.05063378 -0.02844620 -0.00638921 -0.00070612 -0.00003697 
1.66810054e+00 -0.05063378 -0.02844620 -0.00638921 -0.00070612 -0.00003697 
1.29154967e+00 -0.05063378 -0.02844620 -0.00638921 -0.00070612 -0.00003697 
1.00000000e+00 -0.05063378 -0.02844620 -0.00638921 -0.00070612 -0.00003697 
7.74263683e-01 -0.05063378 -0.02844620 -0.00638921 -0.00070612 -0.00003697 
5.99484250e-01 -0.05063378 -0.02844620 -0.00638921 -0.00070612 -0.00003697 
4.64158883e-01 -0.05063378 -0.02844620 -0.00638921 -0.00070612 -0.00003697 
3.59381366e-01 -0.05063378 -0.02844620 -0.00638921 -0.00070612 -0.00003697 
2.78255940e-01 -0.05063378 -0.02844620 -0.00638921 -0.00070612 -0.00003697 
2.15443469e-01 -0.05063378 -0.02844620 -0.00638921 -0.00070612 -0.00003697 
1.66810054e-01 -0.05063378 -0.02844620 -0.00638921 -0.00070612 -0.00003697 
1.29154967e-01 -0.05063378 -0.02844620 -0.00638921 -0.00070612 -0.00003697 
1.00000000e-01 -0.05063378 -0.02844620 -0.00638921 -0.00070612 -0.00003697 
7.74263683e-02 -0.05063378 -0.02844620 -0.00638921 -0.00070612 -0.00003697 
5.99484250e-02 -0.05063378 -0.02844620 -0.00638921 -0.00070612 -0.00003697 
4.64158883e-02 -0.05063378 -0.02844620 -0.00638921 -0.00070612 -0.00003697 
3.59381366e-02 -0.05063378 -0.02844620 -0.00638921 -0.00070612 -0.00003697 
2.78255940e-02 -0.05063378 -0.02844620 -0.00638921 -0.00070612 -0.00003697 
2.15443469e-02 -0.05063378 -0.02844620 -0.00638921 -0.00070612 -0.00003697 
1.66810054e-02 -0.05063378 -0.02844620 -0.00638921 -0.00070612 -0.00003697 
1.29154967e-02 -0.05063378 -0.02844620 -0.00638921 -0.00070612 -0.00003697 
1.00000000e-02 -0.05063378 -0.02844620 -0.00638921 -0.00070612 -0.00003697 
7.74263683e-03 -0.05063378 -0.02844620 -0.00638921 -0.00070612 -0.00003697 
5.99484250e-03 -0.05063378 -0.02844620 -0.00638921 -0.00070612 -0.00003697 
4.64158883e-03 -0.05063378 -0.02844620 -0.00638921 -0.00070612 -0.00003697 
3.59381366e-03 -0.05063378 -0.02844620 -0.00638921 -0.00070612 -0.00003697 
2.78255940e-03 -0.05063378 -0.02844620 -0.00638921 -0.00070612 -0.00003697 
2.15443469e-03 -0.05063378 -0.02844620 -0.00638921 -0.00070612 -0.00003697 
1.66810054e-03 -0.05063378 -0.02844620 -0.00638921 -0.00070612 -0.00003697 
1.29154967e-03 -0.05063378 -0.02844620 -0.00638921 -0.00070612 -0.00003697 
1.00000000e-03 -0.05063378 -0.02844620 -0.00638921 -0.00070612 -0.00003697 
7.74263683e-04 -0.05063378 -0.02844620 -0.00638921 -0.00070612 -0.00003697 
5.99484250e-04 -0.05063378 -0.02844620 -0.00638921 -0.00070612 -0.00003697 
4.64158883e-04 -0.05063378 -0.02844620 -0.00638921 -0.00070612 -0.00003697 
3.59381366e-04 -0.05063378 -0.02844620 -0.00638921 -0.00070612 -0.00003697 
2.78255940e-04 -0.05063378 -0.02844620 -0.00638921 -0.00070612 -0.00003697 
2.15443469e-04 -0.05063378 -0.02844620 -0.00638921 -0.00070612 -0.00003697 
1.66810054e-04 -0.05063378 -0.02844620 -0.00638921 -0.00070612 -0.00003697 
1.29154967e-04 -0.05063378 -0.02844620 -0.00638921 -0.00070612 -0.00003697 
1.00000000e-04 -0.05063378 -0.02844620 -0.00638921 -0.00070612 -0.00003697 
7.74263683e-05 -0.05063378 -0.02844620 -0.00638921 -0.00070612 -0.00003697 
5.99484250e-05 -0.05063378 -0.02844620 -0.00638921 -0.00070612 -0.00003697 
4.64158883e-05 -0.05063378 -0.02844620 -0.00638921 -0.00070612 -0.00003697 
3.59381366e-05 -0.05063378 -0.02844620 -0.00638921 -0.00070612 -0.00003697 
2.78255940e-05 -0.05063378 -0.02844620 -0.00638921 -0.00070612 -0.00003697 
2.15443469e-05 -0.05063378 -0.02844620 -0.00638921 -0.00070612 -0.00003697 
1.66810054e-05 -0.05063378 -0.02844620 -0.00638921 -0.00070612 -0.00003697 
1.29154967e-05 -0.05063378 -0.02844620 -0.00638921 -0.00070612 -0.00003697 
1.00000000e-05 -0.05063378 -0.02844620 -0.00638921 -0.00070612 -0.00003697 
7.74263683e-06 -0.05063378 -0.02844620 -0.00638921 -0.00070612 -0.00003697 
5.99484250e-06 -0.05063378 -0.02844620 -0.00638921 -0.00070612 -0.00003697 
4.64158883e-06 -0.05063378 -0.02844620 -0.00638921 -0.00070612 -0.00003697 
3.59381366e-06 -0.05063378 -0.02844620 -0.00638921 -0.00070612 -0.00003697 
2.78255940e-06 -0.05063378 -0.02844620 -0.00638921 -0.00070612 -0.00003697 
2.15443469e-06 -0.05063378 -0.02844620 -0.00638921 -0.00070612 -0.00003697 
1.66810054e-06 -0.05063378 -0.02844620 -0.00638921 -0.00070612 -0.00003697 
1.29154967e-06 -0.05063378 -0.02844620 -0.00638921 -0.00070612 -0.00003697 
1.00000000e-06 -0.05063378 -0.02844620 -0.00638921 -0.00070612 -0.00003697 
7.74263683e-07 -0.05063378 -0.02844620 -0.00638921 -0.00070612 -0.00003697 
5.99484250e-07 -0.05063378 -0.02844620 -0.00638921 -0.00070612 -0.00003697 
4.64158883e-07 -0.05063378 -0.02844620 -0.00638921 -0.00070612 -0.00003697 
3.59381366e-07 -0.05063378 -0.02844620 -0.00638921 -0.00070612 -0.00003697 
2.78255940e-07 -0.05063378 -0.02844620 -0.00638921 -0.00070612 -0.00003697 
2.15443469e-07 -0.05063378 -0.02844620 -0.00638921 -0.00070612 -0.00003697 
1.66810054e-07 -0.05063378 -0.02844620 -0.00638921 -0.00070612 -0.00003697 
1.29154967e-07 -0.05063378 -0.02844620 -0.00638921 -0.00070612 -0.00003697 
1.00000000e-07 -0.05063378 -0.02844620 -0.00638921 -0.00070612 -0.00003697 
7.74263683e-08 -0.05063378 -0.02844620 -0.00638921 -0.00070612 -0.00003697 
5.99484250e-08 -0.05063378 -0.02844620 -0.00638921 -0.00070612 -0.00003697 
4.64158883e-08 -0.05063378 -0.02844620 -0.00638921 -0.00070612 -0.00003697 
3.59381366e-08 -0.05063378 -0.02844620 -0.00638921 -0.00070612 -0.00003697 
2.78255940e-08 -0.05063378 -0.02844620 -0.00638921 -0.00070612 -0.00003697 
2.15443469e-08 -0.05063378 -0.02844620 -0.00638921 -0.00070612 -0.00003697 
1.66810054e-08 -0.05063378 -0.02844620 -0.00638921 -0.00070612 -0.00003697 
1.29154967e-08 -0.05063378 -0.02844620 -0.00638921 -0.00070612 -0.00003697 
1.00000000e-08 -0.05063378 -0.02844620 -0.00638921 -0.00070612 -0.00003697 
7.74263683e-09 -0.05063378 -0.02844620 -0.00638921 -0.00070612 -0.00003697 
5.99484250e-09 -0.05063378 -0.02844620 -0.00638921 -0.00070612 -0.00003697 
4.64158883e-09 -0.05063378 -0.02844620 -0.00638921 -0.00070612 -0.00003697 
3.59381366e-09 -0.05063378 -0.02844620 -0.00638921 -0.00070612 -0.00003697 
2.78255940e-09 -0.05063378 -0.02844620 -0.00638921 -0.00070612 -0.00003697 
2.15443469e-09 -0.05063378 -0.02844620 -0.00638921 -0.00070612 -0.00003697 
1.66810054e-09 -0.05063378 -0.02844620 -0.00638921 -0.00070612 -0.00003697 
1.29154967e-09 -0.05063378 -0.02844620 -0.00638921 -0.00070612 -0.00003697 
1.00000000e-09 -0.05063378 -0.02844620 -0.00638921 -0.00070612 -0.00003697 
7.74263683e-10 -0.05063378 -0.02844620 -0.00638921 -0.00070612 -0.00003697 
5.99484250e-10 -0.05063378 -0.02844620 -0.00638921 -0.00070612 -0.00003697 
4.64158883e-10 -0.05063378 -0.02844620 -0.00638921 -0.00070612 -0.00003697 
3.59381366e-10 -0.05063378 -0.02844620 -0.00638921 -0.00070612 -0.00003697 
2.78255940e-10 -0.05063378 -0.02844620 -0.00638921 -0.00070612 -0.00003697 
2.15443469e-10 -0.05063378 -0.02844620 -0.00638921 -0.00070612 -0.00003697 
1.66810054e-10 -0.05063378 -0.02844620 -0.00638921 -0.00070612 -0.00003697 
1.29154967e-10 -0.05063378 -0.02844620 -0.00638921 -0.00070612 -0.00003697 
1.00000000e-10 -0.05063378 -0.02844620 -0.00638921 -0.00070612 -0.00003697 
P (bar) | log_H2O: -2σ | log_H2O: -1σ | log_H2O: median | log_H2O: +1σ | log_H2O: +2σ 
1.00000000e+01 -9.60721223 -7.85163465 -4.70010789 -2.46064723 -1.31966715 
7.74263683e+00 -9.60721223 -7.85163465 -4.70010789 -2.46064723 -1.31966715 
5.99484250e+00 -9.60721223 -7.85163465 -4.70010789 -2.46064723 -1.31966715 
4.64158883e+00 -9.60721223 -7.85163465 -4.70010789 -2.46064723 -1.31966715 
3.59381366e+00 -9.60721223 -7.85163465 -4.70010789 -2.46064723 -1.31966715 
2.78255940e+00 -9.60721223 -7.85163465 -4.70010789 -2.46064723 -1.31966715 
2.15443469e+00 -9.60721223 -7.85163465 -4.70010789 -2.46064723 -1.31966715 
1.66810054e+00 -9.60721223 -7.85163465 -4.70010789 -2.46064723 -1.31966715 
1.29154967e+00 -9.60721223 -7.85163465 -4.70010789 -2.46064723 -1.31966715 
1.00000000e+00 -9.60721223 -7.85163465 -4.70010789 -2.46064723 -1.31966715 
7.74263683e-01 -9.60721223 -7.85163465 -4.70010789 -2.46064723 -1.31966715 
5.99484250e-01 -9.60721223 -7.85163465 -4.70010789 -2.46064723 -1.31966715 
4.64158883e-01 -9.60721223 -7.85163465 -4.70010789 -2.46064723 -1.31966715 
3.59381366e-01 -9.60721223 -7.85163465 -4.70010789 -2.46064723 -1.31966715 
2.78255940e-01 -9.60721223 -7.85163465 -4.70010789 -2.46064723 -1.31966715 
2.15443469e-01 -9.60721223 -7.85163465 -4.70010789 -2.46064723 -1.31966715 
1.66810054e-01 -9.60721223 -7.85163465 -4.70010789 -2.46064723 -1.31966715 
1.29154967e-01 -9.60721223 -7.85163465 -4.70010789 -2.46064723 -1.31966715 
1.00000000e-01 -9.60721223 -7.85163465 -4.70010789 -2.46064723 -1.31966715 
7.74263683e-02 -9.60721223 -7.85163465 -4.70010789 -2.46064723 -1.31966715 
5.99484250e-02 -9.60721223 -7.85163465 -4.70010789 -2.46064723 -1.31966715 
4.64158883e-02 -9.60721223 -7.85163465 -4.70010789 -2.46064723 -1.31966715 
3.59381366e-02 -9.60721223 -7.85163465 -4.70010789 -2.46064723 -1.31966715 
2.78255940e-02 -9.60721223 -7.85163465 -4.70010789 -2.46064723 -1.31966715 
2.15443469e-02 -9.60721223 -7.85163465 -4.70010789 -2.46064723 -1.31966715 
1.66810054e-02 -9.60721223 -7.85163465 -4.70010789 -2.46064723 -1.31966715 
1.29154967e-02 -9.60721223 -7.85163465 -4.70010789 -2.46064723 -1.31966715 
1.00000000e-02 -9.60721223 -7.85163465 -4.70010789 -2.46064723 -1.31966715 
7.74263683e-03 -9.60721223 -7.85163465 -4.70010789 -2.46064723 -1.31966715 
5.99484250e-03 -9.60721223 -7.85163465 -4.70010789 -2.46064723 -1.31966715 
4.64158883e-03 -9.60721223 -7.85163465 -4.70010789 -2.46064723 -1.31966715 
3.59381366e-03 -9.60721223 -7.85163465 -4.70010789 -2.46064723 -1.31966715 
2.78255940e-03 -9.60721223 -7.85163465 -4.70010789 -2.46064723 -1.31966715 
2.15443469e-03 -9.60721223 -7.85163465 -4.70010789 -2.46064723 -1.31966715 
1.66810054e-03 -9.60721223 -7.85163465 -4.70010789 -2.46064723 -1.31966715 
1.29154967e-03 -9.60721223 -7.85163465 -4.70010789 -2.46064723 -1.31966715 
1.00000000e-03 -9.60721223 -7.85163465 -4.70010789 -2.46064723 -1.31966715 
7.74263683e-04 -9.60721223 -7.85163465 -4.70010789 -2.46064723 -1.31966715 
5.99484250e-04 -9.60721223 -7.85163465 -4.70010789 -2.46064723 -1.31966715 
4.64158883e-04 -9.60721223 -7.85163465 -4.70010789 -2.46064723 -1.31966715 
3.59381366e-04 -9.60721223 -7.85163465 -4.70010789 -2.46064723 -1.31966715 
2.78255940e-04 -9.60721223 -7.85163465 -4.70010789 -2.46064723 -1.31966715 
2.15443469e-04 -9.60721223 -7.85163465 -4.70010789 -2.46064723 -1.31966715 
1.66810054e-04 -9.60721223 -7.85163465 -4.70010789 -2.46064723 -1.31966715 
1.29154967e-04 -9.60721223 -7.85163465 -4.70010789 -2.46064723 -1.31966715 
1.00000000e-04 -9.60721223 -7.85163465 -4.70010789 -2.46064723 -1.31966715 
7.74263683e-05 -9.60721223 -7.85163465 -4.70010789 -2.46064723 -1.31966715 
5.99484250e-05 -9.60721223 -7.85163465 -4.70010789 -2.46064723 -1.31966715 
4.64158883e-05 -9.60721223 -7.85163465 -4.70010789 -2.46064723 -1.31966715 
3.59381366e-05 -9.60721223 -7.85163465 -4.70010789 -2.46064723 -1.31966715 
2.78255940e-05 -9.60721223 -7.85163465 -4.70010789 -2.46064723 -1.31966715 
2.15443469e-05 -9.60721223 -7.85163465 -4.70010789 -2.46064723 -1.31966715 
1.66810054e-05 -9.60721223 -7.85163465 -4.70010789 -2.46064723 -1.31966715 
1.29154967e-05 -9.60721223 -7.85163465 -4.70010789 -2.46064723 -1.31966715 
1.00000000e-05 -9.60721223 -7.85163465 -4.70010789 -2.46064723 -1.31966715 
7.74263683e-06 -9.60721223 -7.85163465 -4.70010789 -2.46064723 -1.31966715 
5.99484250e-06 -9.60721223 -7.85163465 -4.70010789 -2.46064723 -1.31966715 
4.64158883e-06 -9.60721223 -7.85163465 -4.70010789 -2.46064723 -1.31966715 
3.59381366e-06 -9.60721223 -7.85163465 -4.70010789 -2.46064723 -1.31966715 
2.78255940e-06 -9.60721223 -7.85163465 -4.70010789 -2.46064723 -1.31966715 
2.15443469e-06 -9.60721223 -7.85163465 -4.70010789 -2.46064723 -1.31966715 
1.66810054e-06 -9.60721223 -7.85163465 -4.70010789 -2.46064723 -1.31966715 
1.29154967e-06 -9.60721223 -7.85163465 -4.70010789 -2.46064723 -1.31966715 
1.00000000e-06 -9.60721223 -7.85163465 -4.70010789 -2.46064723 -1.31966715 
7.74263683e-07 -9.60721223 -7.85163465 -4.70010789 -2.46064723 -1.31966715 
5.99484250e-07 -9.60721223 -7.85163465 -4.70010789 -2.46064723 -1.31966715 
4.64158883e-07 -9.60721223 -7.85163465 -4.70010789 -2.46064723 -1.31966715 
3.59381366e-07 -9.60721223 -7.85163465 -4.70010789 -2.46064723 -1.31966715 
2.78255940e-07 -9.60721223 -7.85163465 -4.70010789 -2.46064723 -1.31966715 
2.15443469e-07 -9.60721223 -7.85163465 -4.70010789 -2.46064723 -1.31966715 
1.66810054e-07 -9.60721223 -7.85163465 -4.70010789 -2.46064723 -1.31966715 
1.29154967e-07 -9.60721223 -7.85163465 -4.70010789 -2.46064723 -1.31966715 
1.00000000e-07 -9.60721223 -7.85163465 -4.70010789 -2.46064723 -1.31966715 
7.74263683e-08 -9.60721223 -7.85163465 -4.70010789 -2.46064723 -1.31966715 
5.99484250e-08 -9.60721223 -7.85163465 -4.70010789 -2.46064723 -1.31966715 
4.64158883e-08 -9.60721223 -7.85163465 -4.70010789 -2.46064723 -1.31966715 
3.59381366e-08 -9.60721223 -7.85163465 -4.70010789 -2.46064723 -1.31966715 
2.78255940e-08 -9.60721223 -7.85163465 -4.70010789 -2.46064723 -1.31966715 
2.15443469e-08 -9.60721223 -7.85163465 -4.70010789 -2.46064723 -1.31966715 
1.66810054e-08 -9.60721223 -7.85163465 -4.70010789 -2.46064723 -1.31966715 
1.29154967e-08 -9.60721223 -7.85163465 -4.70010789 -2.46064723 -1.31966715 
1.00000000e-08 -9.60721223 -7.85163465 -4.70010789 -2.46064723 -1.31966715 
7.74263683e-09 -9.60721223 -7.85163465 -4.70010789 -2.46064723 -1.31966715 
5.99484250e-09 -9.60721223 -7.85163465 -4.70010789 -2.46064723 -1.31966715 
4.64158883e-09 -9.60721223 -7.85163465 -4.70010789 -2.46064723 -1.31966715 
3.59381366e-09 -9.60721223 -7.85163465 -4.70010789 -2.46064723 -1.31966715 
2.78255940e-09 -9.60721223 -7.85163465 -4.70010789 -2.46064723 -1.31966715 
2.15443469e-09 -9.60721223 -7.85163465 -4.70010789 -2.46064723 -1.31966715 
1.66810054e-09 -9.60721223 -7.85163465 -4.70010789 -2.46064723 -1.31966715 
1.29154967e-09 -9.60721223 -7.85163465 -4.70010789 -2.46064723 -1.31966715 
1.00000000e-09 -9.60721223 -7.85163465 -4.70010789 -2.46064723 -1.31966715 
7.74263683e-10 -9.60721223 -7.85163465 -4.70010789 -2.46064723 -1.31966715 
5.99484250e-10 -9.60721223 -7.85163465 -4.70010789 -2.46064723 -1.31966715 
4.64158883e-10 -9.60721223 -7.85163465 -4.70010789 -2.46064723 -1.31966715 
3.59381366e-10 -9.60721223 -7.85163465 -4.70010789 -2.46064723 -1.31966715 
2.78255940e-10 -9.60721223 -7.85163465 -4.70010789 -2.46064723 -1.31966715 
2.15443469e-10 -9.60721223 -7.85163465 -4.70010789 -2.46064723 -1.31966715 
1.66810054e-10 -9.60721223 -7.85163465 -4.70010789 -2.46064723 -1.31966715 
1.29154967e-10 -9.60721223 -7.85163465 -4.70010789 -2.46064723 -1.31966715 
1.00000000e-10 -9.60721223 -7.85163465 -4.70010789 -2.46064723 -1.31966715 
P (bar) | log_CO2: -2σ | log_CO2: -1σ | log_CO2: median | log_CO2: +1σ | log_CO2: +2σ 
1.00000000e+01 -9.57009749 -7.86212369 -5.10848166 -2.53245002 -1.35604905 
7.74263683e+00 -9.57009749 -7.86212369 -5.10848166 -2.53245002 -1.35604905 
5.99484250e+00 -9.57009749 -7.86212369 -5.10848166 -2.53245002 -1.35604905 
4.64158883e+00 -9.57009749 -7.86212369 -5.10848166 -2.53245002 -1.35604905 
3.59381366e+00 -9.57009749 -7.86212369 -5.10848166 -2.53245002 -1.35604905 
2.78255940e+00 -9.57009749 -7.86212369 -5.10848166 -2.53245002 -1.35604905 
2.15443469e+00 -9.57009749 -7.86212369 -5.10848166 -2.53245002 -1.35604905 
1.66810054e+00 -9.57009749 -7.86212369 -5.10848166 -2.53245002 -1.35604905 
1.29154967e+00 -9.57009749 -7.86212369 -5.10848166 -2.53245002 -1.35604905 
1.00000000e+00 -9.57009749 -7.86212369 -5.10848166 -2.53245002 -1.35604905 
7.74263683e-01 -9.57009749 -7.86212369 -5.10848166 -2.53245002 -1.35604905 
5.99484250e-01 -9.57009749 -7.86212369 -5.10848166 -2.53245002 -1.35604905 
4.64158883e-01 -9.57009749 -7.86212369 -5.10848166 -2.53245002 -1.35604905 
3.59381366e-01 -9.57009749 -7.86212369 -5.10848166 -2.53245002 -1.35604905 
2.78255940e-01 -9.57009749 -7.86212369 -5.10848166 -2.53245002 -1.35604905 
2.15443469e-01 -9.57009749 -7.86212369 -5.10848166 -2.53245002 -1.35604905 
1.66810054e-01 -9.57009749 -7.86212369 -5.10848166 -2.53245002 -1.35604905 
1.29154967e-01 -9.57009749 -7.86212369 -5.10848166 -2.53245002 -1.35604905 
1.00000000e-01 -9.57009749 -7.86212369 -5.10848166 -2.53245002 -1.35604905 
7.74263683e-02 -9.57009749 -7.86212369 -5.10848166 -2.53245002 -1.35604905 
5.99484250e-02 -9.57009749 -7.86212369 -5.10848166 -2.53245002 -1.35604905 
4.64158883e-02 -9.57009749 -7.86212369 -5.10848166 -2.53245002 -1.35604905 
3.59381366e-02 -9.57009749 -7.86212369 -5.10848166 -2.53245002 -1.35604905 
2.78255940e-02 -9.57009749 -7.86212369 -5.10848166 -2.53245002 -1.35604905 
2.15443469e-02 -9.57009749 -7.86212369 -5.10848166 -2.53245002 -1.35604905 
1.66810054e-02 -9.57009749 -7.86212369 -5.10848166 -2.53245002 -1.35604905 
1.29154967e-02 -9.57009749 -7.86212369 -5.10848166 -2.53245002 -1.35604905 
1.00000000e-02 -9.57009749 -7.86212369 -5.10848166 -2.53245002 -1.35604905 
7.74263683e-03 -9.57009749 -7.86212369 -5.10848166 -2.53245002 -1.35604905 
5.99484250e-03 -9.57009749 -7.86212369 -5.10848166 -2.53245002 -1.35604905 
4.64158883e-03 -9.57009749 -7.86212369 -5.10848166 -2.53245002 -1.35604905 
3.59381366e-03 -9.57009749 -7.86212369 -5.10848166 -2.53245002 -1.35604905 
2.78255940e-03 -9.57009749 -7.86212369 -5.10848166 -2.53245002 -1.35604905 
2.15443469e-03 -9.57009749 -7.86212369 -5.10848166 -2.53245002 -1.35604905 
1.66810054e-03 -9.57009749 -7.86212369 -5.10848166 -2.53245002 -1.35604905 
1.29154967e-03 -9.57009749 -7.86212369 -5.10848166 -2.53245002 -1.35604905 
1.00000000e-03 -9.57009749 -7.86212369 -5.10848166 -2.53245002 -1.35604905 
7.74263683e-04 -9.57009749 -7.86212369 -5.10848166 -2.53245002 -1.35604905 
5.99484250e-04 -9.57009749 -7.86212369 -5.10848166 -2.53245002 -1.35604905 
4.64158883e-04 -9.57009749 -7.86212369 -5.10848166 -2.53245002 -1.35604905 
3.59381366e-04 -9.57009749 -7.86212369 -5.10848166 -2.53245002 -1.35604905 
2.78255940e-04 -9.57009749 -7.86212369 -5.10848166 -2.53245002 -1.35604905 
2.15443469e-04 -9.57009749 -7.86212369 -5.10848166 -2.53245002 -1.35604905 
1.66810054e-04 -9.57009749 -7.86212369 -5.10848166 -2.53245002 -1.35604905 
1.29154967e-04 -9.57009749 -7.86212369 -5.10848166 -2.53245002 -1.35604905 
1.00000000e-04 -9.57009749 -7.86212369 -5.10848166 -2.53245002 -1.35604905 
7.74263683e-05 -9.57009749 -7.86212369 -5.10848166 -2.53245002 -1.35604905 
5.99484250e-05 -9.57009749 -7.86212369 -5.10848166 -2.53245002 -1.35604905 
4.64158883e-05 -9.57009749 -7.86212369 -5.10848166 -2.53245002 -1.35604905 
3.59381366e-05 -9.57009749 -7.86212369 -5.10848166 -2.53245002 -1.35604905 
2.78255940e-05 -9.57009749 -7.86212369 -5.10848166 -2.53245002 -1.35604905 
2.15443469e-05 -9.57009749 -7.86212369 -5.10848166 -2.53245002 -1.35604905 
1.66810054e-05 -9.57009749 -7.86212369 -5.10848166 -2.53245002 -1.35604905 
1.29154967e-05 -9.57009749 -7.86212369 -5.10848166 -2.53245002 -1.35604905 
1.00000000e-05 -9.57009749 -7.86212369 -5.10848166 -2.53245002 -1.35604905 
7.74263683e-06 -9.57009749 -7.86212369 -5.10848166 -2.53245002 -1.35604905 
5.99484250e-06 -9.57009749 -7.86212369 -5.10848166 -2.53245002 -1.35604905 
4.64158883e-06 -9.57009749 -7.86212369 -5.10848166 -2.53245002 -1.35604905 
3.59381366e-06 -9.57009749 -7.86212369 -5.10848166 -2.53245002 -1.35604905 
2.78255940e-06 -9.57009749 -7.86212369 -5.10848166 -2.53245002 -1.35604905 
2.15443469e-06 -9.57009749 -7.86212369 -5.10848166 -2.53245002 -1.35604905 
1.66810054e-06 -9.57009749 -7.86212369 -5.10848166 -2.53245002 -1.35604905 
1.29154967e-06 -9.57009749 -7.86212369 -5.10848166 -2.53245002 -1.35604905 
1.00000000e-06 -9.57009749 -7.86212369 -5.10848166 -2.53245002 -1.35604905 
7.74263683e-07 -9.57009749 -7.86212369 -5.10848166 -2.53245002 -1.35604905 
5.99484250e-07 -9.57009749 -7.86212369 -5.10848166 -2.53245002 -1.35604905 
4.64158883e-07 -9.57009749 -7.86212369 -5.10848166 -2.53245002 -1.35604905 
3.59381366e-07 -9.57009749 -7.86212369 -5.10848166 -2.53245002 -1.35604905 
2.78255940e-07 -9.57009749 -7.86212369 -5.10848166 -2.53245002 -1.35604905 
2.15443469e-07 -9.57009749 -7.86212369 -5.10848166 -2.53245002 -1.35604905 
1.66810054e-07 -9.57009749 -7.86212369 -5.10848166 -2.53245002 -1.35604905 
1.29154967e-07 -9.57009749 -7.86212369 -5.10848166 -2.53245002 -1.35604905 
1.00000000e-07 -9.57009749 -7.86212369 -5.10848166 -2.53245002 -1.35604905 
7.74263683e-08 -9.57009749 -7.86212369 -5.10848166 -2.53245002 -1.35604905 
5.99484250e-08 -9.57009749 -7.86212369 -5.10848166 -2.53245002 -1.35604905 
4.64158883e-08 -9.57009749 -7.86212369 -5.10848166 -2.53245002 -1.35604905 
3.59381366e-08 -9.57009749 -7.86212369 -5.10848166 -2.53245002 -1.35604905 
2.78255940e-08 -9.57009749 -7.86212369 -5.10848166 -2.53245002 -1.35604905 
2.15443469e-08 -9.57009749 -7.86212369 -5.10848166 -2.53245002 -1.35604905 
1.66810054e-08 -9.57009749 -7.86212369 -5.10848166 -2.53245002 -1.35604905 
1.29154967e-08 -9.57009749 -7.86212369 -5.10848166 -2.53245002 -1.35604905 
1.00000000e-08 -9.57009749 -7.86212369 -5.10848166 -2.53245002 -1.35604905 
7.74263683e-09 -9.57009749 -7.86212369 -5.10848166 -2.53245002 -1.35604905 
5.99484250e-09 -9.57009749 -7.86212369 -5.10848166 -2.53245002 -1.35604905 
4.64158883e-09 -9.57009749 -7.86212369 -5.10848166 -2.53245002 -1.35604905 
3.59381366e-09 -9.57009749 -7.86212369 -5.10848166 -2.53245002 -1.35604905 
2.78255940e-09 -9.57009749 -7.86212369 -5.10848166 -2.53245002 -1.35604905 
2.15443469e-09 -9.57009749 -7.86212369 -5.10848166 -2.53245002 -1.35604905 
1.66810054e-09 -9.57009749 -7.86212369 -5.10848166 -2.53245002 -1.35604905 
1.29154967e-09 -9.57009749 -7.86212369 -5.10848166 -2.53245002 -1.35604905 
1.00000000e-09 -9.57009749 -7.86212369 -5.10848166 -2.53245002 -1.35604905 
7.74263683e-10 -9.57009749 -7.86212369 -5.10848166 -2.53245002 -1.35604905 
5.99484250e-10 -9.57009749 -7.86212369 -5.10848166 -2.53245002 -1.35604905 
4.64158883e-10 -9.57009749 -7.86212369 -5.10848166 -2.53245002 -1.35604905 
3.59381366e-10 -9.57009749 -7.86212369 -5.10848166 -2.53245002 -1.35604905 
2.78255940e-10 -9.57009749 -7.86212369 -5.10848166 -2.53245002 -1.35604905 
2.15443469e-10 -9.57009749 -7.86212369 -5.10848166 -2.53245002 -1.35604905 
1.66810054e-10 -9.57009749 -7.86212369 -5.10848166 -2.53245002 -1.35604905 
1.29154967e-10 -9.57009749 -7.86212369 -5.10848166 -2.53245002 -1.35604905 
1.00000000e-10 -9.57009749 -7.86212369 -5.10848166 -2.53245002 -1.35604905 
P (bar) | log_CH4: -2σ | log_CH4: -1σ | log_CH4: median | log_CH4: +1σ | log_CH4: +2σ 
1.00000000e+01 -9.81599848 -8.79364280 -6.80259421 -4.39765900 -2.61264885 
7.74263683e+00 -9.81599848 -8.79364280 -6.80259421 -4.39765900 -2.61264885 
5.99484250e+00 -9.81599848 -8.79364280 -6.80259421 -4.39765900 -2.61264885 
4.64158883e+00 -9.81599848 -8.79364280 -6.80259421 -4.39765900 -2.61264885 
3.59381366e+00 -9.81599848 -8.79364280 -6.80259421 -4.39765900 -2.61264885 
2.78255940e+00 -9.81599848 -8.79364280 -6.80259421 -4.39765900 -2.61264885 
2.15443469e+00 -9.81599848 -8.79364280 -6.80259421 -4.39765900 -2.61264885 
1.66810054e+00 -9.81599848 -8.79364280 -6.80259421 -4.39765900 -2.61264885 
1.29154967e+00 -9.81599848 -8.79364280 -6.80259421 -4.39765900 -2.61264885 
1.00000000e+00 -9.81599848 -8.79364280 -6.80259421 -4.39765900 -2.61264885 
7.74263683e-01 -9.81599848 -8.79364280 -6.80259421 -4.39765900 -2.61264885 
5.99484250e-01 -9.81599848 -8.79364280 -6.80259421 -4.39765900 -2.61264885 
4.64158883e-01 -9.81599848 -8.79364280 -6.80259421 -4.39765900 -2.61264885 
3.59381366e-01 -9.81599848 -8.79364280 -6.80259421 -4.39765900 -2.61264885 
2.78255940e-01 -9.81599848 -8.79364280 -6.80259421 -4.39765900 -2.61264885 
2.15443469e-01 -9.81599848 -8.79364280 -6.80259421 -4.39765900 -2.61264885 
1.66810054e-01 -9.81599848 -8.79364280 -6.80259421 -4.39765900 -2.61264885 
1.29154967e-01 -9.81599848 -8.79364280 -6.80259421 -4.39765900 -2.61264885 
1.00000000e-01 -9.81599848 -8.79364280 -6.80259421 -4.39765900 -2.61264885 
7.74263683e-02 -9.81599848 -8.79364280 -6.80259421 -4.39765900 -2.61264885 
5.99484250e-02 -9.81599848 -8.79364280 -6.80259421 -4.39765900 -2.61264885 
4.64158883e-02 -9.81599848 -8.79364280 -6.80259421 -4.39765900 -2.61264885 
3.59381366e-02 -9.81599848 -8.79364280 -6.80259421 -4.39765900 -2.61264885 
2.78255940e-02 -9.81599848 -8.79364280 -6.80259421 -4.39765900 -2.61264885 
2.15443469e-02 -9.81599848 -8.79364280 -6.80259421 -4.39765900 -2.61264885 
1.66810054e-02 -9.81599848 -8.79364280 -6.80259421 -4.39765900 -2.61264885 
1.29154967e-02 -9.81599848 -8.79364280 -6.80259421 -4.39765900 -2.61264885 
1.00000000e-02 -9.81599848 -8.79364280 -6.80259421 -4.39765900 -2.61264885 
7.74263683e-03 -9.81599848 -8.79364280 -6.80259421 -4.39765900 -2.61264885 
5.99484250e-03 -9.81599848 -8.79364280 -6.80259421 -4.39765900 -2.61264885 
4.64158883e-03 -9.81599848 -8.79364280 -6.80259421 -4.39765900 -2.61264885 
3.59381366e-03 -9.81599848 -8.79364280 -6.80259421 -4.39765900 -2.61264885 
2.78255940e-03 -9.81599848 -8.79364280 -6.80259421 -4.39765900 -2.61264885 
2.15443469e-03 -9.81599848 -8.79364280 -6.80259421 -4.39765900 -2.61264885 
1.66810054e-03 -9.81599848 -8.79364280 -6.80259421 -4.39765900 -2.61264885 
1.29154967e-03 -9.81599848 -8.79364280 -6.80259421 -4.39765900 -2.61264885 
1.00000000e-03 -9.81599848 -8.79364280 -6.80259421 -4.39765900 -2.61264885 
7.74263683e-04 -9.81599848 -8.79364280 -6.80259421 -4.39765900 -2.61264885 
5.99484250e-04 -9.81599848 -8.79364280 -6.80259421 -4.39765900 -2.61264885 
4.64158883e-04 -9.81599848 -8.79364280 -6.80259421 -4.39765900 -2.61264885 
3.59381366e-04 -9.81599848 -8.79364280 -6.80259421 -4.39765900 -2.61264885 
2.78255940e-04 -9.81599848 -8.79364280 -6.80259421 -4.39765900 -2.61264885 
2.15443469e-04 -9.81599848 -8.79364280 -6.80259421 -4.39765900 -2.61264885 
1.66810054e-04 -9.81599848 -8.79364280 -6.80259421 -4.39765900 -2.61264885 
1.29154967e-04 -9.81599848 -8.79364280 -6.80259421 -4.39765900 -2.61264885 
1.00000000e-04 -9.81599848 -8.79364280 -6.80259421 -4.39765900 -2.61264885 
7.74263683e-05 -9.81599848 -8.79364280 -6.80259421 -4.39765900 -2.61264885 
5.99484250e-05 -9.81599848 -8.79364280 -6.80259421 -4.39765900 -2.61264885 
4.64158883e-05 -9.81599848 -8.79364280 -6.80259421 -4.39765900 -2.61264885 
3.59381366e-05 -9.81599848 -8.79364280 -6.80259421 -4.39765900 -2.61264885 
2.78255940e-05 -9.81599848 -8.79364280 -6.80259421 -4.39765900 -2.61264885 
2.15443469e-05 -9.81599848 -8.79364280 -6.80259421 -4.39765900 -2.61264885 
1.66810054e-05 -9.81599848 -8.79364280 -6.80259421 -4.39765900 -2.61264885 
1.29154967e-05 -9.81599848 -8.79364280 -6.80259421 -4.39765900 -2.61264885 
1.00000000e-05 -9.81599848 -8.79364280 -6.80259421 -4.39765900 -2.61264885 
7.74263683e-06 -9.81599848 -8.79364280 -6.80259421 -4.39765900 -2.61264885 
5.99484250e-06 -9.81599848 -8.79364280 -6.80259421 -4.39765900 -2.61264885 
4.64158883e-06 -9.81599848 -8.79364280 -6.80259421 -4.39765900 -2.61264885 
3.59381366e-06 -9.81599848 -8.79364280 -6.80259421 -4.39765900 -2.61264885 
2.78255940e-06 -9.81599848 -8.79364280 -6.80259421 -4.39765900 -2.61264885 
2.15443469e-06 -9.81599848 -8.79364280 -6.80259421 -4.39765900 -2.61264885 
1.66810054e-06 -9.81599848 -8.79364280 -6.80259421 -4.39765900 -2.61264885 
1.29154967e-06 -9.81599848 -8.79364280 -6.80259421 -4.39765900 -2.61264885 
1.00000000e-06 -9.81599848 -8.79364280 -6.80259421 -4.39765900 -2.61264885 
7.74263683e-07 -9.81599848 -8.79364280 -6.80259421 -4.39765900 -2.61264885 
5.99484250e-07 -9.81599848 -8.79364280 -6.80259421 -4.39765900 -2.61264885 
4.64158883e-07 -9.81599848 -8.79364280 -6.80259421 -4.39765900 -2.61264885 
3.59381366e-07 -9.81599848 -8.79364280 -6.80259421 -4.39765900 -2.61264885 
2.78255940e-07 -9.81599848 -8.79364280 -6.80259421 -4.39765900 -2.61264885 
2.15443469e-07 -9.81599848 -8.79364280 -6.80259421 -4.39765900 -2.61264885 
1.66810054e-07 -9.81599848 -8.79364280 -6.80259421 -4.39765900 -2.61264885 
1.29154967e-07 -9.81599848 -8.79364280 -6.80259421 -4.39765900 -2.61264885 
1.00000000e-07 -9.81599848 -8.79364280 -6.80259421 -4.39765900 -2.61264885 
7.74263683e-08 -9.81599848 -8.79364280 -6.80259421 -4.39765900 -2.61264885 
5.99484250e-08 -9.81599848 -8.79364280 -6.80259421 -4.39765900 -2.61264885 
4.64158883e-08 -9.81599848 -8.79364280 -6.80259421 -4.39765900 -2.61264885 
3.59381366e-08 -9.81599848 -8.79364280 -6.80259421 -4.39765900 -2.61264885 
2.78255940e-08 -9.81599848 -8.79364280 -6.80259421 -4.39765900 -2.61264885 
2.15443469e-08 -9.81599848 -8.79364280 -6.80259421 -4.39765900 -2.61264885 
1.66810054e-08 -9.81599848 -8.79364280 -6.80259421 -4.39765900 -2.61264885 
1.29154967e-08 -9.81599848 -8.79364280 -6.80259421 -4.39765900 -2.61264885 
1.00000000e-08 -9.81599848 -8.79364280 -6.80259421 -4.39765900 -2.61264885 
7.74263683e-09 -9.81599848 -8.79364280 -6.80259421 -4.39765900 -2.61264885 
5.99484250e-09 -9.81599848 -8.79364280 -6.80259421 -4.39765900 -2.61264885 
4.64158883e-09 -9.81599848 -8.79364280 -6.80259421 -4.39765900 -2.61264885 
3.59381366e-09 -9.81599848 -8.79364280 -6.80259421 -4.39765900 -2.61264885 
2.78255940e-09 -9.81599848 -8.79364280 -6.80259421 -4.39765900 -2.61264885 
2.15443469e-09 -9.81599848 -8.79364280 -6.80259421 -4.39765900 -2.61264885 
1.66810054e-09 -9.81599848 -8.79364280 -6.80259421 -4.39765900 -2.61264885 
1.29154967e-09 -9.81599848 -8.79364280 -6.80259421 -4.39765900 -2.61264885 
1.00000000e-09 -9.81599848 -8.79364280 -6.80259421 -4.39765900 -2.61264885 
7.74263683e-10 -9.81599848 -8.79364280 -6.80259421 -4.39765900 -2.61264885 
5.99484250e-10 -9.81599848 -8.79364280 -6.80259421 -4.39765900 -2.61264885 
4.64158883e-10 -9.81599848 -8.79364280 -6.80259421 -4.39765900 -2.61264885 
3.59381366e-10 -9.81599848 -8.79364280 -6.80259421 -4.39765900 -2.61264885 
2.78255940e-10 -9.81599848 -8.79364280 -6.80259421 -4.39765900 -2.61264885 
2.15443469e-10 -9.81599848 -8.79364280 -6.80259421 -4.39765900 -2.61264885 
1.66810054e-10 -9.81599848 -8.79364280 -6.80259421 -4.39765900 -2.61264885 
1.29154967e-10 -9.81599848 -8.79364280 -6.80259421 -4.39765900 -2.61264885 
1.00000000e-10 -9.81599848 -8.79364280 -6.80259421 -4.39765900 -2.61264885 
P (bar) | log_O2: -2σ | log_O2: -1σ | log_O2: median | log_O2: +1σ | log_O2: +2σ 
1.00000000e+01 -9.66446743 -8.28913847 -5.70854652 -2.81135897 -1.45056671 
7.74263683e+00 -9.66446743 -8.28913847 -5.70854652 -2.81135897 -1.45056671 
5.99484250e+00 -9.66446743 -8.28913847 -5.70854652 -2.81135897 -1.45056671 
4.64158883e+00 -9.66446743 -8.28913847 -5.70854652 -2.81135897 -1.45056671 
3.59381366e+00 -9.66446743 -8.28913847 -5.70854652 -2.81135897 -1.45056671 
2.78255940e+00 -9.66446743 -8.28913847 -5.70854652 -2.81135897 -1.45056671 
2.15443469e+00 -9.66446743 -8.28913847 -5.70854652 -2.81135897 -1.45056671 
1.66810054e+00 -9.66446743 -8.28913847 -5.70854652 -2.81135897 -1.45056671 
1.29154967e+00 -9.66446743 -8.28913847 -5.70854652 -2.81135897 -1.45056671 
1.00000000e+00 -9.66446743 -8.28913847 -5.70854652 -2.81135897 -1.45056671 
7.74263683e-01 -9.66446743 -8.28913847 -5.70854652 -2.81135897 -1.45056671 
5.99484250e-01 -9.66446743 -8.28913847 -5.70854652 -2.81135897 -1.45056671 
4.64158883e-01 -9.66446743 -8.28913847 -5.70854652 -2.81135897 -1.45056671 
3.59381366e-01 -9.66446743 -8.28913847 -5.70854652 -2.81135897 -1.45056671 
2.78255940e-01 -9.66446743 -8.28913847 -5.70854652 -2.81135897 -1.45056671 
2.15443469e-01 -9.66446743 -8.28913847 -5.70854652 -2.81135897 -1.45056671 
1.66810054e-01 -9.66446743 -8.28913847 -5.70854652 -2.81135897 -1.45056671 
1.29154967e-01 -9.66446743 -8.28913847 -5.70854652 -2.81135897 -1.45056671 
1.00000000e-01 -9.66446743 -8.28913847 -5.70854652 -2.81135897 -1.45056671 
7.74263683e-02 -9.66446743 -8.28913847 -5.70854652 -2.81135897 -1.45056671 
5.99484250e-02 -9.66446743 -8.28913847 -5.70854652 -2.81135897 -1.45056671 
4.64158883e-02 -9.66446743 -8.28913847 -5.70854652 -2.81135897 -1.45056671 
3.59381366e-02 -9.66446743 -8.28913847 -5.70854652 -2.81135897 -1.45056671 
2.78255940e-02 -9.66446743 -8.28913847 -5.70854652 -2.81135897 -1.45056671 
2.15443469e-02 -9.66446743 -8.28913847 -5.70854652 -2.81135897 -1.45056671 
1.66810054e-02 -9.66446743 -8.28913847 -5.70854652 -2.81135897 -1.45056671 
1.29154967e-02 -9.66446743 -8.28913847 -5.70854652 -2.81135897 -1.45056671 
1.00000000e-02 -9.66446743 -8.28913847 -5.70854652 -2.81135897 -1.45056671 
7.74263683e-03 -9.66446743 -8.28913847 -5.70854652 -2.81135897 -1.45056671 
5.99484250e-03 -9.66446743 -8.28913847 -5.70854652 -2.81135897 -1.45056671 
4.64158883e-03 -9.66446743 -8.28913847 -5.70854652 -2.81135897 -1.45056671 
3.59381366e-03 -9.66446743 -8.28913847 -5.70854652 -2.81135897 -1.45056671 
2.78255940e-03 -9.66446743 -8.28913847 -5.70854652 -2.81135897 -1.45056671 
2.15443469e-03 -9.66446743 -8.28913847 -5.70854652 -2.81135897 -1.45056671 
1.66810054e-03 -9.66446743 -8.28913847 -5.70854652 -2.81135897 -1.45056671 
1.29154967e-03 -9.66446743 -8.28913847 -5.70854652 -2.81135897 -1.45056671 
1.00000000e-03 -9.66446743 -8.28913847 -5.70854652 -2.81135897 -1.45056671 
7.74263683e-04 -9.66446743 -8.28913847 -5.70854652 -2.81135897 -1.45056671 
5.99484250e-04 -9.66446743 -8.28913847 -5.70854652 -2.81135897 -1.45056671 
4.64158883e-04 -9.66446743 -8.28913847 -5.70854652 -2.81135897 -1.45056671 
3.59381366e-04 -9.66446743 -8.28913847 -5.70854652 -2.81135897 -1.45056671 
2.78255940e-04 -9.66446743 -8.28913847 -5.70854652 -2.81135897 -1.45056671 
2.15443469e-04 -9.66446743 -8.28913847 -5.70854652 -2.81135897 -1.45056671 
1.66810054e-04 -9.66446743 -8.28913847 -5.70854652 -2.81135897 -1.45056671 
1.29154967e-04 -9.66446743 -8.28913847 -5.70854652 -2.81135897 -1.45056671 
1.00000000e-04 -9.66446743 -8.28913847 -5.70854652 -2.81135897 -1.45056671 
7.74263683e-05 -9.66446743 -8.28913847 -5.70854652 -2.81135897 -1.45056671 
5.99484250e-05 -9.66446743 -8.28913847 -5.70854652 -2.81135897 -1.45056671 
4.64158883e-05 -9.66446743 -8.28913847 -5.70854652 -2.81135897 -1.45056671 
3.59381366e-05 -9.66446743 -8.28913847 -5.70854652 -2.81135897 -1.45056671 
2.78255940e-05 -9.66446743 -8.28913847 -5.70854652 -2.81135897 -1.45056671 
2.15443469e-05 -9.66446743 -8.28913847 -5.70854652 -2.81135897 -1.45056671 
1.66810054e-05 -9.66446743 -8.28913847 -5.70854652 -2.81135897 -1.45056671 
1.29154967e-05 -9.66446743 -8.28913847 -5.70854652 -2.81135897 -1.45056671 
1.00000000e-05 -9.66446743 -8.28913847 -5.70854652 -2.81135897 -1.45056671 
7.74263683e-06 -9.66446743 -8.28913847 -5.70854652 -2.81135897 -1.45056671 
5.99484250e-06 -9.66446743 -8.28913847 -5.70854652 -2.81135897 -1.45056671 
4.64158883e-06 -9.66446743 -8.28913847 -5.70854652 -2.81135897 -1.45056671 
3.59381366e-06 -9.66446743 -8.28913847 -5.70854652 -2.81135897 -1.45056671 
2.78255940e-06 -9.66446743 -8.28913847 -5.70854652 -2.81135897 -1.45056671 
2.15443469e-06 -9.66446743 -8.28913847 -5.70854652 -2.81135897 -1.45056671 
1.66810054e-06 -9.66446743 -8.28913847 -5.70854652 -2.81135897 -1.45056671 
1.29154967e-06 -9.66446743 -8.28913847 -5.70854652 -2.81135897 -1.45056671 
1.00000000e-06 -9.66446743 -8.28913847 -5.70854652 -2.81135897 -1.45056671 
7.74263683e-07 -9.66446743 -8.28913847 -5.70854652 -2.81135897 -1.45056671 
5.99484250e-07 -9.66446743 -8.28913847 -5.70854652 -2.81135897 -1.45056671 
4.64158883e-07 -9.66446743 -8.28913847 -5.70854652 -2.81135897 -1.45056671 
3.59381366e-07 -9.66446743 -8.28913847 -5.70854652 -2.81135897 -1.45056671 
2.78255940e-07 -9.66446743 -8.28913847 -5.70854652 -2.81135897 -1.45056671 
2.15443469e-07 -9.66446743 -8.28913847 -5.70854652 -2.81135897 -1.45056671 
1.66810054e-07 -9.66446743 -8.28913847 -5.70854652 -2.81135897 -1.45056671 
1.29154967e-07 -9.66446743 -8.28913847 -5.70854652 -2.81135897 -1.45056671 
1.00000000e-07 -9.66446743 -8.28913847 -5.70854652 -2.81135897 -1.45056671 
7.74263683e-08 -9.66446743 -8.28913847 -5.70854652 -2.81135897 -1.45056671 
5.99484250e-08 -9.66446743 -8.28913847 -5.70854652 -2.81135897 -1.45056671 
4.64158883e-08 -9.66446743 -8.28913847 -5.70854652 -2.81135897 -1.45056671 
3.59381366e-08 -9.66446743 -8.28913847 -5.70854652 -2.81135897 -1.45056671 
2.78255940e-08 -9.66446743 -8.28913847 -5.70854652 -2.81135897 -1.45056671 
2.15443469e-08 -9.66446743 -8.28913847 -5.70854652 -2.81135897 -1.45056671 
1.66810054e-08 -9.66446743 -8.28913847 -5.70854652 -2.81135897 -1.45056671 
1.29154967e-08 -9.66446743 -8.28913847 -5.70854652 -2.81135897 -1.45056671 
1.00000000e-08 -9.66446743 -8.28913847 -5.70854652 -2.81135897 -1.45056671 
7.74263683e-09 -9.66446743 -8.28913847 -5.70854652 -2.81135897 -1.45056671 
5.99484250e-09 -9.66446743 -8.28913847 -5.70854652 -2.81135897 -1.45056671 
4.64158883e-09 -9.66446743 -8.28913847 -5.70854652 -2.81135897 -1.45056671 
3.59381366e-09 -9.66446743 -8.28913847 -5.70854652 -2.81135897 -1.45056671 
2.78255940e-09 -9.66446743 -8.28913847 -5.70854652 -2.81135897 -1.45056671 
2.15443469e-09 -9.66446743 -8.28913847 -5.70854652 -2.81135897 -1.45056671 
1.66810054e-09 -9.66446743 -8.28913847 -5.70854652 -2.81135897 -1.45056671 
1.29154967e-09 -9.66446743 -8.28913847 -5.70854652 -2.81135897 -1.45056671 
1.00000000e-09 -9.66446743 -8.28913847 -5.70854652 -2.81135897 -1.45056671 
7.74263683e-10 -9.66446743 -8.28913847 -5.70854652 -2.81135897 -1.45056671 
5.99484250e-10 -9.66446743 -8.28913847 -5.70854652 -2.81135897 -1.45056671 
4.64158883e-10 -9.66446743 -8.28913847 -5.70854652 -2.81135897 -1.45056671 
3.59381366e-10 -9.66446743 -8.28913847 -5.70854652 -2.81135897 -1.45056671 
2.78255940e-10 -9.66446743 -8.28913847 -5.70854652 -2.81135897 -1.45056671 
2.15443469e-10 -9.66446743 -8.28913847 -5.70854652 -2.81135897 -1.45056671 
1.66810054e-10 -9.66446743 -8.28913847 -5.70854652 -2.81135897 -1.45056671 
1.29154967e-10 -9.66446743 -8.28913847 -5.70854652 -2.81135897 -1.45056671 
1.00000000e-10 -9.66446743 -8.28913847 -5.70854652 -2.81135897 -1.45056671 
P (bar) | log_O3: -2σ | log_O3: -1σ | log_O3: median | log_O3: +1σ | log_O3: +2σ 
1.00000000e+01 -9.89736407 -9.14238266 -7.62465418 -5.93067391 -4.06564949 
7.74263683e+00 -9.89736407 -9.14238266 -7.62465418 -5.93067391 -4.06564949 
5.99484250e+00 -9.89736407 -9.14238266 -7.62465418 -5.93067391 -4.06564949 
4.64158883e+00 -9.89736407 -9.14238266 -7.62465418 -5.93067391 -4.06564949 
3.59381366e+00 -9.89736407 -9.14238266 -7.62465418 -5.93067391 -4.06564949 
2.78255940e+00 -9.89736407 -9.14238266 -7.62465418 -5.93067391 -4.06564949 
2.15443469e+00 -9.89736407 -9.14238266 -7.62465418 -5.93067391 -4.06564949 
1.66810054e+00 -9.89736407 -9.14238266 -7.62465418 -5.93067391 -4.06564949 
1.29154967e+00 -9.89736407 -9.14238266 -7.62465418 -5.93067391 -4.06564949 
1.00000000e+00 -9.89736407 -9.14238266 -7.62465418 -5.93067391 -4.06564949 
7.74263683e-01 -9.89736407 -9.14238266 -7.62465418 -5.93067391 -4.06564949 
5.99484250e-01 -9.89736407 -9.14238266 -7.62465418 -5.93067391 -4.06564949 
4.64158883e-01 -9.89736407 -9.14238266 -7.62465418 -5.93067391 -4.06564949 
3.59381366e-01 -9.89736407 -9.14238266 -7.62465418 -5.93067391 -4.06564949 
2.78255940e-01 -9.89736407 -9.14238266 -7.62465418 -5.93067391 -4.06564949 
2.15443469e-01 -9.89736407 -9.14238266 -7.62465418 -5.93067391 -4.06564949 
1.66810054e-01 -9.89736407 -9.14238266 -7.62465418 -5.93067391 -4.06564949 
1.29154967e-01 -9.89736407 -9.14238266 -7.62465418 -5.93067391 -4.06564949 
1.00000000e-01 -9.89736407 -9.14238266 -7.62465418 -5.93067391 -4.06564949 
7.74263683e-02 -9.89736407 -9.14238266 -7.62465418 -5.93067391 -4.06564949 
5.99484250e-02 -9.89736407 -9.14238266 -7.62465418 -5.93067391 -4.06564949 
4.64158883e-02 -9.89736407 -9.14238266 -7.62465418 -5.93067391 -4.06564949 
3.59381366e-02 -9.89736407 -9.14238266 -7.62465418 -5.93067391 -4.06564949 
2.78255940e-02 -9.89736407 -9.14238266 -7.62465418 -5.93067391 -4.06564949 
2.15443469e-02 -9.89736407 -9.14238266 -7.62465418 -5.93067391 -4.06564949 
1.66810054e-02 -9.89736407 -9.14238266 -7.62465418 -5.93067391 -4.06564949 
1.29154967e-02 -9.89736407 -9.14238266 -7.62465418 -5.93067391 -4.06564949 
1.00000000e-02 -9.89736407 -9.14238266 -7.62465418 -5.93067391 -4.06564949 
7.74263683e-03 -9.89736407 -9.14238266 -7.62465418 -5.93067391 -4.06564949 
5.99484250e-03 -9.89736407 -9.14238266 -7.62465418 -5.93067391 -4.06564949 
4.64158883e-03 -9.89736407 -9.14238266 -7.62465418 -5.93067391 -4.06564949 
3.59381366e-03 -9.89736407 -9.14238266 -7.62465418 -5.93067391 -4.06564949 
2.78255940e-03 -9.89736407 -9.14238266 -7.62465418 -5.93067391 -4.06564949 
2.15443469e-03 -9.89736407 -9.14238266 -7.62465418 -5.93067391 -4.06564949 
1.66810054e-03 -9.89736407 -9.14238266 -7.62465418 -5.93067391 -4.06564949 
1.29154967e-03 -9.89736407 -9.14238266 -7.62465418 -5.93067391 -4.06564949 
1.00000000e-03 -9.89736407 -9.14238266 -7.62465418 -5.93067391 -4.06564949 
7.74263683e-04 -9.89736407 -9.14238266 -7.62465418 -5.93067391 -4.06564949 
5.99484250e-04 -9.89736407 -9.14238266 -7.62465418 -5.93067391 -4.06564949 
4.64158883e-04 -9.89736407 -9.14238266 -7.62465418 -5.93067391 -4.06564949 
3.59381366e-04 -9.89736407 -9.14238266 -7.62465418 -5.93067391 -4.06564949 
2.78255940e-04 -9.89736407 -9.14238266 -7.62465418 -5.93067391 -4.06564949 
2.15443469e-04 -9.89736407 -9.14238266 -7.62465418 -5.93067391 -4.06564949 
1.66810054e-04 -9.89736407 -9.14238266 -7.62465418 -5.93067391 -4.06564949 
1.29154967e-04 -9.89736407 -9.14238266 -7.62465418 -5.93067391 -4.06564949 
1.00000000e-04 -9.89736407 -9.14238266 -7.62465418 -5.93067391 -4.06564949 
7.74263683e-05 -9.89736407 -9.14238266 -7.62465418 -5.93067391 -4.06564949 
5.99484250e-05 -9.89736407 -9.14238266 -7.62465418 -5.93067391 -4.06564949 
4.64158883e-05 -9.89736407 -9.14238266 -7.62465418 -5.93067391 -4.06564949 
3.59381366e-05 -9.89736407 -9.14238266 -7.62465418 -5.93067391 -4.06564949 
2.78255940e-05 -9.89736407 -9.14238266 -7.62465418 -5.93067391 -4.06564949 
2.15443469e-05 -9.89736407 -9.14238266 -7.62465418 -5.93067391 -4.06564949 
1.66810054e-05 -9.89736407 -9.14238266 -7.62465418 -5.93067391 -4.06564949 
1.29154967e-05 -9.89736407 -9.14238266 -7.62465418 -5.93067391 -4.06564949 
1.00000000e-05 -9.89736407 -9.14238266 -7.62465418 -5.93067391 -4.06564949 
7.74263683e-06 -9.89736407 -9.14238266 -7.62465418 -5.93067391 -4.06564949 
5.99484250e-06 -9.89736407 -9.14238266 -7.62465418 -5.93067391 -4.06564949 
4.64158883e-06 -9.89736407 -9.14238266 -7.62465418 -5.93067391 -4.06564949 
3.59381366e-06 -9.89736407 -9.14238266 -7.62465418 -5.93067391 -4.06564949 
2.78255940e-06 -9.89736407 -9.14238266 -7.62465418 -5.93067391 -4.06564949 
2.15443469e-06 -9.89736407 -9.14238266 -7.62465418 -5.93067391 -4.06564949 
1.66810054e-06 -9.89736407 -9.14238266 -7.62465418 -5.93067391 -4.06564949 
1.29154967e-06 -9.89736407 -9.14238266 -7.62465418 -5.93067391 -4.06564949 
1.00000000e-06 -9.89736407 -9.14238266 -7.62465418 -5.93067391 -4.06564949 
7.74263683e-07 -9.89736407 -9.14238266 -7.62465418 -5.93067391 -4.06564949 
5.99484250e-07 -9.89736407 -9.14238266 -7.62465418 -5.93067391 -4.06564949 
4.64158883e-07 -9.89736407 -9.14238266 -7.62465418 -5.93067391 -4.06564949 
3.59381366e-07 -9.89736407 -9.14238266 -7.62465418 -5.93067391 -4.06564949 
2.78255940e-07 -9.89736407 -9.14238266 -7.62465418 -5.93067391 -4.06564949 
2.15443469e-07 -9.89736407 -9.14238266 -7.62465418 -5.93067391 -4.06564949 
1.66810054e-07 -9.89736407 -9.14238266 -7.62465418 -5.93067391 -4.06564949 
1.29154967e-07 -9.89736407 -9.14238266 -7.62465418 -5.93067391 -4.06564949 
1.00000000e-07 -9.89736407 -9.14238266 -7.62465418 -5.93067391 -4.06564949 
7.74263683e-08 -9.89736407 -9.14238266 -7.62465418 -5.93067391 -4.06564949 
5.99484250e-08 -9.89736407 -9.14238266 -7.62465418 -5.93067391 -4.06564949 
4.64158883e-08 -9.89736407 -9.14238266 -7.62465418 -5.93067391 -4.06564949 
3.59381366e-08 -9.89736407 -9.14238266 -7.62465418 -5.93067391 -4.06564949 
2.78255940e-08 -9.89736407 -9.14238266 -7.62465418 -5.93067391 -4.06564949 
2.15443469e-08 -9.89736407 -9.14238266 -7.62465418 -5.93067391 -4.06564949 
1.66810054e-08 -9.89736407 -9.14238266 -7.62465418 -5.93067391 -4.06564949 
1.29154967e-08 -9.89736407 -9.14238266 -7.62465418 -5.93067391 -4.06564949 
1.00000000e-08 -9.89736407 -9.14238266 -7.62465418 -5.93067391 -4.06564949 
7.74263683e-09 -9.89736407 -9.14238266 -7.62465418 -5.93067391 -4.06564949 
5.99484250e-09 -9.89736407 -9.14238266 -7.62465418 -5.93067391 -4.06564949 
4.64158883e-09 -9.89736407 -9.14238266 -7.62465418 -5.93067391 -4.06564949 
3.59381366e-09 -9.89736407 -9.14238266 -7.62465418 -5.93067391 -4.06564949 
2.78255940e-09 -9.89736407 -9.14238266 -7.62465418 -5.93067391 -4.06564949 
2.15443469e-09 -9.89736407 -9.14238266 -7.62465418 -5.93067391 -4.06564949 
1.66810054e-09 -9.89736407 -9.14238266 -7.62465418 -5.93067391 -4.06564949 
1.29154967e-09 -9.89736407 -9.14238266 -7.62465418 -5.93067391 -4.06564949 
1.00000000e-09 -9.89736407 -9.14238266 -7.62465418 -5.93067391 -4.06564949 
7.74263683e-10 -9.89736407 -9.14238266 -7.62465418 -5.93067391 -4.06564949 
5.99484250e-10 -9.89736407 -9.14238266 -7.62465418 -5.93067391 -4.06564949 
4.64158883e-10 -9.89736407 -9.14238266 -7.62465418 -5.93067391 -4.06564949 
3.59381366e-10 -9.89736407 -9.14238266 -7.62465418 -5.93067391 -4.06564949 
2.78255940e-10 -9.89736407 -9.14238266 -7.62465418 -5.93067391 -4.06564949 
2.15443469e-10 -9.89736407 -9.14238266 -7.62465418 -5.93067391 -4.06564949 
1.66810054e-10 -9.89736407 -9.14238266 -7.62465418 -5.93067391 -4.06564949 
1.29154967e-10 -9.89736407 -9.14238266 -7.62465418 -5.93067391 -4.06564949 
1.00000000e-10 -9.89736407 -9.14238266 -7.62465418 -5.93067391 -4.06564949 
P (bar) | log_N2O: -2σ | log_N2O: -1σ | log_N2O: median | log_N2O: +1σ | log_N2O: +2σ 
1.00000000e+01 -7.98879654 -4.08616334 -2.45704139 -1.43840833 -1.05081617 
7.74263683e+00 -7.98879654 -4.08616334 -2.45704139 -1.43840833 -1.05081617 
5.99484250e+00 -7.98879654 -4.08616334 -2.45704139 -1.43840833 -1.05081617 
4.64158883e+00 -7.98879654 -4.08616334 -2.45704139 -1.43840833 -1.05081617 
3.59381366e+00 -7.98879654 -4.08616334 -2.45704139 -1.43840833 -1.05081617 
2.78255940e+00 -7.98879654 -4.08616334 -2.45704139 -1.43840833 -1.05081617 
2.15443469e+00 -7.98879654 -4.08616334 -2.45704139 -1.43840833 -1.05081617 
1.66810054e+00 -7.98879654 -4.08616334 -2.45704139 -1.43840833 -1.05081617 
1.29154967e+00 -7.98879654 -4.08616334 -2.45704139 -1.43840833 -1.05081617 
1.00000000e+00 -7.98879654 -4.08616334 -2.45704139 -1.43840833 -1.05081617 
7.74263683e-01 -7.98879654 -4.08616334 -2.45704139 -1.43840833 -1.05081617 
5.99484250e-01 -7.98879654 -4.08616334 -2.45704139 -1.43840833 -1.05081617 
4.64158883e-01 -7.98879654 -4.08616334 -2.45704139 -1.43840833 -1.05081617 
3.59381366e-01 -7.98879654 -4.08616334 -2.45704139 -1.43840833 -1.05081617 
2.78255940e-01 -7.98879654 -4.08616334 -2.45704139 -1.43840833 -1.05081617 
2.15443469e-01 -7.98879654 -4.08616334 -2.45704139 -1.43840833 -1.05081617 
1.66810054e-01 -7.98879654 -4.08616334 -2.45704139 -1.43840833 -1.05081617 
1.29154967e-01 -7.98879654 -4.08616334 -2.45704139 -1.43840833 -1.05081617 
1.00000000e-01 -7.98879654 -4.08616334 -2.45704139 -1.43840833 -1.05081617 
7.74263683e-02 -7.98879654 -4.08616334 -2.45704139 -1.43840833 -1.05081617 
5.99484250e-02 -7.98879654 -4.08616334 -2.45704139 -1.43840833 -1.05081617 
4.64158883e-02 -7.98879654 -4.08616334 -2.45704139 -1.43840833 -1.05081617 
3.59381366e-02 -7.98879654 -4.08616334 -2.45704139 -1.43840833 -1.05081617 
2.78255940e-02 -7.98879654 -4.08616334 -2.45704139 -1.43840833 -1.05081617 
2.15443469e-02 -7.98879654 -4.08616334 -2.45704139 -1.43840833 -1.05081617 
1.66810054e-02 -7.98879654 -4.08616334 -2.45704139 -1.43840833 -1.05081617 
1.29154967e-02 -7.98879654 -4.08616334 -2.45704139 -1.43840833 -1.05081617 
1.00000000e-02 -7.98879654 -4.08616334 -2.45704139 -1.43840833 -1.05081617 
7.74263683e-03 -7.98879654 -4.08616334 -2.45704139 -1.43840833 -1.05081617 
5.99484250e-03 -7.98879654 -4.08616334 -2.45704139 -1.43840833 -1.05081617 
4.64158883e-03 -7.98879654 -4.08616334 -2.45704139 -1.43840833 -1.05081617 
3.59381366e-03 -7.98879654 -4.08616334 -2.45704139 -1.43840833 -1.05081617 
2.78255940e-03 -7.98879654 -4.08616334 -2.45704139 -1.43840833 -1.05081617 
2.15443469e-03 -7.98879654 -4.08616334 -2.45704139 -1.43840833 -1.05081617 
1.66810054e-03 -7.98879654 -4.08616334 -2.45704139 -1.43840833 -1.05081617 
1.29154967e-03 -7.98879654 -4.08616334 -2.45704139 -1.43840833 -1.05081617 
1.00000000e-03 -7.98879654 -4.08616334 -2.45704139 -1.43840833 -1.05081617 
7.74263683e-04 -7.98879654 -4.08616334 -2.45704139 -1.43840833 -1.05081617 
5.99484250e-04 -7.98879654 -4.08616334 -2.45704139 -1.43840833 -1.05081617 
4.64158883e-04 -7.98879654 -4.08616334 -2.45704139 -1.43840833 -1.05081617 
3.59381366e-04 -7.98879654 -4.08616334 -2.45704139 -1.43840833 -1.05081617 
2.78255940e-04 -7.98879654 -4.08616334 -2.45704139 -1.43840833 -1.05081617 
2.15443469e-04 -7.98879654 -4.08616334 -2.45704139 -1.43840833 -1.05081617 
1.66810054e-04 -7.98879654 -4.08616334 -2.45704139 -1.43840833 -1.05081617 
1.29154967e-04 -7.98879654 -4.08616334 -2.45704139 -1.43840833 -1.05081617 
1.00000000e-04 -7.98879654 -4.08616334 -2.45704139 -1.43840833 -1.05081617 
7.74263683e-05 -7.98879654 -4.08616334 -2.45704139 -1.43840833 -1.05081617 
5.99484250e-05 -7.98879654 -4.08616334 -2.45704139 -1.43840833 -1.05081617 
4.64158883e-05 -7.98879654 -4.08616334 -2.45704139 -1.43840833 -1.05081617 
3.59381366e-05 -7.98879654 -4.08616334 -2.45704139 -1.43840833 -1.05081617 
2.78255940e-05 -7.98879654 -4.08616334 -2.45704139 -1.43840833 -1.05081617 
2.15443469e-05 -7.98879654 -4.08616334 -2.45704139 -1.43840833 -1.05081617 
1.66810054e-05 -7.98879654 -4.08616334 -2.45704139 -1.43840833 -1.05081617 
1.29154967e-05 -7.98879654 -4.08616334 -2.45704139 -1.43840833 -1.05081617 
1.00000000e-05 -7.98879654 -4.08616334 -2.45704139 -1.43840833 -1.05081617 
7.74263683e-06 -7.98879654 -4.08616334 -2.45704139 -1.43840833 -1.05081617 
5.99484250e-06 -7.98879654 -4.08616334 -2.45704139 -1.43840833 -1.05081617 
4.64158883e-06 -7.98879654 -4.08616334 -2.45704139 -1.43840833 -1.05081617 
3.59381366e-06 -7.98879654 -4.08616334 -2.45704139 -1.43840833 -1.05081617 
2.78255940e-06 -7.98879654 -4.08616334 -2.45704139 -1.43840833 -1.05081617 
2.15443469e-06 -7.98879654 -4.08616334 -2.45704139 -1.43840833 -1.05081617 
1.66810054e-06 -7.98879654 -4.08616334 -2.45704139 -1.43840833 -1.05081617 
1.29154967e-06 -7.98879654 -4.08616334 -2.45704139 -1.43840833 -1.05081617 
1.00000000e-06 -7.98879654 -4.08616334 -2.45704139 -1.43840833 -1.05081617 
7.74263683e-07 -7.98879654 -4.08616334 -2.45704139 -1.43840833 -1.05081617 
5.99484250e-07 -7.98879654 -4.08616334 -2.45704139 -1.43840833 -1.05081617 
4.64158883e-07 -7.98879654 -4.08616334 -2.45704139 -1.43840833 -1.05081617 
3.59381366e-07 -7.98879654 -4.08616334 -2.45704139 -1.43840833 -1.05081617 
2.78255940e-07 -7.98879654 -4.08616334 -2.45704139 -1.43840833 -1.05081617 
2.15443469e-07 -7.98879654 -4.08616334 -2.45704139 -1.43840833 -1.05081617 
1.66810054e-07 -7.98879654 -4.08616334 -2.45704139 -1.43840833 -1.05081617 
1.29154967e-07 -7.98879654 -4.08616334 -2.45704139 -1.43840833 -1.05081617 
1.00000000e-07 -7.98879654 -4.08616334 -2.45704139 -1.43840833 -1.05081617 
7.74263683e-08 -7.98879654 -4.08616334 -2.45704139 -1.43840833 -1.05081617 
5.99484250e-08 -7.98879654 -4.08616334 -2.45704139 -1.43840833 -1.05081617 
4.64158883e-08 -7.98879654 -4.08616334 -2.45704139 -1.43840833 -1.05081617 
3.59381366e-08 -7.98879654 -4.08616334 -2.45704139 -1.43840833 -1.05081617 
2.78255940e-08 -7.98879654 -4.08616334 -2.45704139 -1.43840833 -1.05081617 
2.15443469e-08 -7.98879654 -4.08616334 -2.45704139 -1.43840833 -1.05081617 
1.66810054e-08 -7.98879654 -4.08616334 -2.45704139 -1.43840833 -1.05081617 
1.29154967e-08 -7.98879654 -4.08616334 -2.45704139 -1.43840833 -1.05081617 
1.00000000e-08 -7.98879654 -4.08616334 -2.45704139 -1.43840833 -1.05081617 
7.74263683e-09 -7.98879654 -4.08616334 -2.45704139 -1.43840833 -1.05081617 
5.99484250e-09 -7.98879654 -4.08616334 -2.45704139 -1.43840833 -1.05081617 
4.64158883e-09 -7.98879654 -4.08616334 -2.45704139 -1.43840833 -1.05081617 
3.59381366e-09 -7.98879654 -4.08616334 -2.45704139 -1.43840833 -1.05081617 
2.78255940e-09 -7.98879654 -4.08616334 -2.45704139 -1.43840833 -1.05081617 
2.15443469e-09 -7.98879654 -4.08616334 -2.45704139 -1.43840833 -1.05081617 
1.66810054e-09 -7.98879654 -4.08616334 -2.45704139 -1.43840833 -1.05081617 
1.29154967e-09 -7.98879654 -4.08616334 -2.45704139 -1.43840833 -1.05081617 
1.00000000e-09 -7.98879654 -4.08616334 -2.45704139 -1.43840833 -1.05081617 
7.74263683e-10 -7.98879654 -4.08616334 -2.45704139 -1.43840833 -1.05081617 
5.99484250e-10 -7.98879654 -4.08616334 -2.45704139 -1.43840833 -1.05081617 
4.64158883e-10 -7.98879654 -4.08616334 -2.45704139 -1.43840833 -1.05081617 
3.59381366e-10 -7.98879654 -4.08616334 -2.45704139 -1.43840833 -1.05081617 
2.78255940e-10 -7.98879654 -4.08616334 -2.45704139 -1.43840833 -1.05081617 
2.15443469e-10 -7.98879654 -4.08616334 -2.45704139 -1.43840833 -1.05081617 
1.66810054e-10 -7.98879654 -4.08616334 -2.45704139 -1.43840833 -1.05081617 
1.29154967e-10 -7.98879654 -4.08616334 -2.45704139 -1.43840833 -1.05081617 
1.00000000e-10 -7.98879654 -4.08616334 -2.45704139 -1.43840833 -1.05081617 
P (bar) | log_NH3: -2σ | log_NH3: -1σ | log_NH3: median | log_NH3: +1σ | log_NH3: +2σ 
1.00000000e+01 -9.53633636 -8.04320028 -5.34412632 -3.01229066 -1.57194757 
7.74263683e+00 -9.53633636 -8.04320028 -5.34412632 -3.01229066 -1.57194757 
5.99484250e+00 -9.53633636 -8.04320028 -5.34412632 -3.01229066 -1.57194757 
4.64158883e+00 -9.53633636 -8.04320028 -5.34412632 -3.01229066 -1.57194757 
3.59381366e+00 -9.53633636 -8.04320028 -5.34412632 -3.01229066 -1.57194757 
2.78255940e+00 -9.53633636 -8.04320028 -5.34412632 -3.01229066 -1.57194757 
2.15443469e+00 -9.53633636 -8.04320028 -5.34412632 -3.01229066 -1.57194757 
1.66810054e+00 -9.53633636 -8.04320028 -5.34412632 -3.01229066 -1.57194757 
1.29154967e+00 -9.53633636 -8.04320028 -5.34412632 -3.01229066 -1.57194757 
1.00000000e+00 -9.53633636 -8.04320028 -5.34412632 -3.01229066 -1.57194757 
7.74263683e-01 -9.53633636 -8.04320028 -5.34412632 -3.01229066 -1.57194757 
5.99484250e-01 -9.53633636 -8.04320028 -5.34412632 -3.01229066 -1.57194757 
4.64158883e-01 -9.53633636 -8.04320028 -5.34412632 -3.01229066 -1.57194757 
3.59381366e-01 -9.53633636 -8.04320028 -5.34412632 -3.01229066 -1.57194757 
2.78255940e-01 -9.53633636 -8.04320028 -5.34412632 -3.01229066 -1.57194757 
2.15443469e-01 -9.53633636 -8.04320028 -5.34412632 -3.01229066 -1.57194757 
1.66810054e-01 -9.53633636 -8.04320028 -5.34412632 -3.01229066 -1.57194757 
1.29154967e-01 -9.53633636 -8.04320028 -5.34412632 -3.01229066 -1.57194757 
1.00000000e-01 -9.53633636 -8.04320028 -5.34412632 -3.01229066 -1.57194757 
7.74263683e-02 -9.53633636 -8.04320028 -5.34412632 -3.01229066 -1.57194757 
5.99484250e-02 -9.53633636 -8.04320028 -5.34412632 -3.01229066 -1.57194757 
4.64158883e-02 -9.53633636 -8.04320028 -5.34412632 -3.01229066 -1.57194757 
3.59381366e-02 -9.53633636 -8.04320028 -5.34412632 -3.01229066 -1.57194757 
2.78255940e-02 -9.53633636 -8.04320028 -5.34412632 -3.01229066 -1.57194757 
2.15443469e-02 -9.53633636 -8.04320028 -5.34412632 -3.01229066 -1.57194757 
1.66810054e-02 -9.53633636 -8.04320028 -5.34412632 -3.01229066 -1.57194757 
1.29154967e-02 -9.53633636 -8.04320028 -5.34412632 -3.01229066 -1.57194757 
1.00000000e-02 -9.53633636 -8.04320028 -5.34412632 -3.01229066 -1.57194757 
7.74263683e-03 -9.53633636 -8.04320028 -5.34412632 -3.01229066 -1.57194757 
5.99484250e-03 -9.53633636 -8.04320028 -5.34412632 -3.01229066 -1.57194757 
4.64158883e-03 -9.53633636 -8.04320028 -5.34412632 -3.01229066 -1.57194757 
3.59381366e-03 -9.53633636 -8.04320028 -5.34412632 -3.01229066 -1.57194757 
2.78255940e-03 -9.53633636 -8.04320028 -5.34412632 -3.01229066 -1.57194757 
2.15443469e-03 -9.53633636 -8.04320028 -5.34412632 -3.01229066 -1.57194757 
1.66810054e-03 -9.53633636 -8.04320028 -5.34412632 -3.01229066 -1.57194757 
1.29154967e-03 -9.53633636 -8.04320028 -5.34412632 -3.01229066 -1.57194757 
1.00000000e-03 -9.53633636 -8.04320028 -5.34412632 -3.01229066 -1.57194757 
7.74263683e-04 -9.53633636 -8.04320028 -5.34412632 -3.01229066 -1.57194757 
5.99484250e-04 -9.53633636 -8.04320028 -5.34412632 -3.01229066 -1.57194757 
4.64158883e-04 -9.53633636 -8.04320028 -5.34412632 -3.01229066 -1.57194757 
3.59381366e-04 -9.53633636 -8.04320028 -5.34412632 -3.01229066 -1.57194757 
2.78255940e-04 -9.53633636 -8.04320028 -5.34412632 -3.01229066 -1.57194757 
2.15443469e-04 -9.53633636 -8.04320028 -5.34412632 -3.01229066 -1.57194757 
1.66810054e-04 -9.53633636 -8.04320028 -5.34412632 -3.01229066 -1.57194757 
1.29154967e-04 -9.53633636 -8.04320028 -5.34412632 -3.01229066 -1.57194757 
1.00000000e-04 -9.53633636 -8.04320028 -5.34412632 -3.01229066 -1.57194757 
7.74263683e-05 -9.53633636 -8.04320028 -5.34412632 -3.01229066 -1.57194757 
5.99484250e-05 -9.53633636 -8.04320028 -5.34412632 -3.01229066 -1.57194757 
4.64158883e-05 -9.53633636 -8.04320028 -5.34412632 -3.01229066 -1.57194757 
3.59381366e-05 -9.53633636 -8.04320028 -5.34412632 -3.01229066 -1.57194757 
2.78255940e-05 -9.53633636 -8.04320028 -5.34412632 -3.01229066 -1.57194757 
2.15443469e-05 -9.53633636 -8.04320028 -5.34412632 -3.01229066 -1.57194757 
1.66810054e-05 -9.53633636 -8.04320028 -5.34412632 -3.01229066 -1.57194757 
1.29154967e-05 -9.53633636 -8.04320028 -5.34412632 -3.01229066 -1.57194757 
1.00000000e-05 -9.53633636 -8.04320028 -5.34412632 -3.01229066 -1.57194757 
7.74263683e-06 -9.53633636 -8.04320028 -5.34412632 -3.01229066 -1.57194757 
5.99484250e-06 -9.53633636 -8.04320028 -5.34412632 -3.01229066 -1.57194757 
4.64158883e-06 -9.53633636 -8.04320028 -5.34412632 -3.01229066 -1.57194757 
3.59381366e-06 -9.53633636 -8.04320028 -5.34412632 -3.01229066 -1.57194757 
2.78255940e-06 -9.53633636 -8.04320028 -5.34412632 -3.01229066 -1.57194757 
2.15443469e-06 -9.53633636 -8.04320028 -5.34412632 -3.01229066 -1.57194757 
1.66810054e-06 -9.53633636 -8.04320028 -5.34412632 -3.01229066 -1.57194757 
1.29154967e-06 -9.53633636 -8.04320028 -5.34412632 -3.01229066 -1.57194757 
1.00000000e-06 -9.53633636 -8.04320028 -5.34412632 -3.01229066 -1.57194757 
7.74263683e-07 -9.53633636 -8.04320028 -5.34412632 -3.01229066 -1.57194757 
5.99484250e-07 -9.53633636 -8.04320028 -5.34412632 -3.01229066 -1.57194757 
4.64158883e-07 -9.53633636 -8.04320028 -5.34412632 -3.01229066 -1.57194757 
3.59381366e-07 -9.53633636 -8.04320028 -5.34412632 -3.01229066 -1.57194757 
2.78255940e-07 -9.53633636 -8.04320028 -5.34412632 -3.01229066 -1.57194757 
2.15443469e-07 -9.53633636 -8.04320028 -5.34412632 -3.01229066 -1.57194757 
1.66810054e-07 -9.53633636 -8.04320028 -5.34412632 -3.01229066 -1.57194757 
1.29154967e-07 -9.53633636 -8.04320028 -5.34412632 -3.01229066 -1.57194757 
1.00000000e-07 -9.53633636 -8.04320028 -5.34412632 -3.01229066 -1.57194757 
7.74263683e-08 -9.53633636 -8.04320028 -5.34412632 -3.01229066 -1.57194757 
5.99484250e-08 -9.53633636 -8.04320028 -5.34412632 -3.01229066 -1.57194757 
4.64158883e-08 -9.53633636 -8.04320028 -5.34412632 -3.01229066 -1.57194757 
3.59381366e-08 -9.53633636 -8.04320028 -5.34412632 -3.01229066 -1.57194757 
2.78255940e-08 -9.53633636 -8.04320028 -5.34412632 -3.01229066 -1.57194757 
2.15443469e-08 -9.53633636 -8.04320028 -5.34412632 -3.01229066 -1.57194757 
1.66810054e-08 -9.53633636 -8.04320028 -5.34412632 -3.01229066 -1.57194757 
1.29154967e-08 -9.53633636 -8.04320028 -5.34412632 -3.01229066 -1.57194757 
1.00000000e-08 -9.53633636 -8.04320028 -5.34412632 -3.01229066 -1.57194757 
7.74263683e-09 -9.53633636 -8.04320028 -5.34412632 -3.01229066 -1.57194757 
5.99484250e-09 -9.53633636 -8.04320028 -5.34412632 -3.01229066 -1.57194757 
4.64158883e-09 -9.53633636 -8.04320028 -5.34412632 -3.01229066 -1.57194757 
3.59381366e-09 -9.53633636 -8.04320028 -5.34412632 -3.01229066 -1.57194757 
2.78255940e-09 -9.53633636 -8.04320028 -5.34412632 -3.01229066 -1.57194757 
2.15443469e-09 -9.53633636 -8.04320028 -5.34412632 -3.01229066 -1.57194757 
1.66810054e-09 -9.53633636 -8.04320028 -5.34412632 -3.01229066 -1.57194757 
1.29154967e-09 -9.53633636 -8.04320028 -5.34412632 -3.01229066 -1.57194757 
1.00000000e-09 -9.53633636 -8.04320028 -5.34412632 -3.01229066 -1.57194757 
7.74263683e-10 -9.53633636 -8.04320028 -5.34412632 -3.01229066 -1.57194757 
5.99484250e-10 -9.53633636 -8.04320028 -5.34412632 -3.01229066 -1.57194757 
4.64158883e-10 -9.53633636 -8.04320028 -5.34412632 -3.01229066 -1.57194757 
3.59381366e-10 -9.53633636 -8.04320028 -5.34412632 -3.01229066 -1.57194757 
2.78255940e-10 -9.53633636 -8.04320028 -5.34412632 -3.01229066 -1.57194757 
2.15443469e-10 -9.53633636 -8.04320028 -5.34412632 -3.01229066 -1.57194757 
1.66810054e-10 -9.53633636 -8.04320028 -5.34412632 -3.01229066 -1.57194757 
1.29154967e-10 -9.53633636 -8.04320028 -5.34412632 -3.01229066 -1.57194757 
1.00000000e-10 -9.53633636 -8.04320028 -5.34412632 -3.01229066 -1.57194757 
