Chemical species: N2 H2O CO2 CH4 O2 O3 N2O NH3
P (bar) | log_N2: -2σ | log_N2: -1σ | log_N2: median | log_N2: +1σ | log_N2: +2σ 
1.00000000e+01 -0.04011197 -0.01783566 -0.00029597 -0.00007120 -0.00003385 
7.74263683e+00 -0.04011197 -0.01783566 -0.00029597 -0.00007120 -0.00003385 
5.99484250e+00 -0.04011197 -0.01783566 -0.00029597 -0.00007120 -0.00003385 
4.64158883e+00 -0.04011197 -0.01783566 -0.00029597 -0.00007120 -0.00003385 
3.59381366e+00 -0.04011197 -0.01783566 -0.00029597 -0.00007120 -0.00003385 
2.78255940e+00 -0.04011197 -0.01783566 -0.00029597 -0.00007120 -0.00003385 
2.15443469e+00 -0.04011197 -0.01783566 -0.00029597 -0.00007120 -0.00003385 
1.66810054e+00 -0.04011197 -0.01783566 -0.00029597 -0.00007120 -0.00003385 
1.29154967e+00 -0.04011197 -0.01783566 -0.00029597 -0.00007120 -0.00003385 
1.00000000e+00 -0.04011197 -0.01783566 -0.00029597 -0.00007120 -0.00003385 
7.74263683e-01 -0.04011197 -0.01783566 -0.00029597 -0.00007120 -0.00003385 
5.99484250e-01 -0.04011197 -0.01783566 -0.00029597 -0.00007120 -0.00003385 
4.64158883e-01 -0.04011197 -0.01783566 -0.00029597 -0.00007120 -0.00003385 
3.59381366e-01 -0.04011197 -0.01783566 -0.00029597 -0.00007120 -0.00003385 
2.78255940e-01 -0.04011197 -0.01783566 -0.00029597 -0.00007120 -0.00003385 
2.15443469e-01 -0.04011197 -0.01783566 -0.00029597 -0.00007120 -0.00003385 
1.66810054e-01 -0.04011197 -0.01783566 -0.00029597 -0.00007120 -0.00003385 
1.29154967e-01 -0.04011197 -0.01783566 -0.00029597 -0.00007120 -0.00003385 
1.00000000e-01 -0.04011197 -0.01783566 -0.00029597 -0.00007120 -0.00003385 
7.74263683e-02 -0.04011197 -0.01783566 -0.00029597 -0.00007120 -0.00003385 
5.99484250e-02 -0.04011197 -0.01783566 -0.00029597 -0.00007120 -0.00003385 
4.64158883e-02 -0.04011197 -0.01783566 -0.00029597 -0.00007120 -0.00003385 
3.59381366e-02 -0.04011197 -0.01783566 -0.00029597 -0.00007120 -0.00003385 
2.78255940e-02 -0.04011197 -0.01783566 -0.00029597 -0.00007120 -0.00003385 
2.15443469e-02 -0.04011197 -0.01783566 -0.00029597 -0.00007120 -0.00003385 
1.66810054e-02 -0.04011197 -0.01783566 -0.00029597 -0.00007120 -0.00003385 
1.29154967e-02 -0.04011197 -0.01783566 -0.00029597 -0.00007120 -0.00003385 
1.00000000e-02 -0.04011197 -0.01783566 -0.00029597 -0.00007120 -0.00003385 
7.74263683e-03 -0.04011197 -0.01783566 -0.00029597 -0.00007120 -0.00003385 
5.99484250e-03 -0.04011197 -0.01783566 -0.00029597 -0.00007120 -0.00003385 
4.64158883e-03 -0.04011197 -0.01783566 -0.00029597 -0.00007120 -0.00003385 
3.59381366e-03 -0.04011197 -0.01783566 -0.00029597 -0.00007120 -0.00003385 
2.78255940e-03 -0.04011197 -0.01783566 -0.00029597 -0.00007120 -0.00003385 
2.15443469e-03 -0.04011197 -0.01783566 -0.00029597 -0.00007120 -0.00003385 
1.66810054e-03 -0.04011197 -0.01783566 -0.00029597 -0.00007120 -0.00003385 
1.29154967e-03 -0.04011197 -0.01783566 -0.00029597 -0.00007120 -0.00003385 
1.00000000e-03 -0.04011197 -0.01783566 -0.00029597 -0.00007120 -0.00003385 
7.74263683e-04 -0.04011197 -0.01783566 -0.00029597 -0.00007120 -0.00003385 
5.99484250e-04 -0.04011197 -0.01783566 -0.00029597 -0.00007120 -0.00003385 
4.64158883e-04 -0.04011197 -0.01783566 -0.00029597 -0.00007120 -0.00003385 
3.59381366e-04 -0.04011197 -0.01783566 -0.00029597 -0.00007120 -0.00003385 
2.78255940e-04 -0.04011197 -0.01783566 -0.00029597 -0.00007120 -0.00003385 
2.15443469e-04 -0.04011197 -0.01783566 -0.00029597 -0.00007120 -0.00003385 
1.66810054e-04 -0.04011197 -0.01783566 -0.00029597 -0.00007120 -0.00003385 
1.29154967e-04 -0.04011197 -0.01783566 -0.00029597 -0.00007120 -0.00003385 
1.00000000e-04 -0.04011197 -0.01783566 -0.00029597 -0.00007120 -0.00003385 
7.74263683e-05 -0.04011197 -0.01783566 -0.00029597 -0.00007120 -0.00003385 
5.99484250e-05 -0.04011197 -0.01783566 -0.00029597 -0.00007120 -0.00003385 
4.64158883e-05 -0.04011197 -0.01783566 -0.00029597 -0.00007120 -0.00003385 
3.59381366e-05 -0.04011197 -0.01783566 -0.00029597 -0.00007120 -0.00003385 
2.78255940e-05 -0.04011197 -0.01783566 -0.00029597 -0.00007120 -0.00003385 
2.15443469e-05 -0.04011197 -0.01783566 -0.00029597 -0.00007120 -0.00003385 
1.66810054e-05 -0.04011197 -0.01783566 -0.00029597 -0.00007120 -0.00003385 
1.29154967e-05 -0.04011197 -0.01783566 -0.00029597 -0.00007120 -0.00003385 
1.00000000e-05 -0.04011197 -0.01783566 -0.00029597 -0.00007120 -0.00003385 
7.74263683e-06 -0.04011197 -0.01783566 -0.00029597 -0.00007120 -0.00003385 
5.99484250e-06 -0.04011197 -0.01783566 -0.00029597 -0.00007120 -0.00003385 
4.64158883e-06 -0.04011197 -0.01783566 -0.00029597 -0.00007120 -0.00003385 
3.59381366e-06 -0.04011197 -0.01783566 -0.00029597 -0.00007120 -0.00003385 
2.78255940e-06 -0.04011197 -0.01783566 -0.00029597 -0.00007120 -0.00003385 
2.15443469e-06 -0.04011197 -0.01783566 -0.00029597 -0.00007120 -0.00003385 
1.66810054e-06 -0.04011197 -0.01783566 -0.00029597 -0.00007120 -0.00003385 
1.29154967e-06 -0.04011197 -0.01783566 -0.00029597 -0.00007120 -0.00003385 
1.00000000e-06 -0.04011197 -0.01783566 -0.00029597 -0.00007120 -0.00003385 
7.74263683e-07 -0.04011197 -0.01783566 -0.00029597 -0.00007120 -0.00003385 
5.99484250e-07 -0.04011197 -0.01783566 -0.00029597 -0.00007120 -0.00003385 
4.64158883e-07 -0.04011197 -0.01783566 -0.00029597 -0.00007120 -0.00003385 
3.59381366e-07 -0.04011197 -0.01783566 -0.00029597 -0.00007120 -0.00003385 
2.78255940e-07 -0.04011197 -0.01783566 -0.00029597 -0.00007120 -0.00003385 
2.15443469e-07 -0.04011197 -0.01783566 -0.00029597 -0.00007120 -0.00003385 
1.66810054e-07 -0.04011197 -0.01783566 -0.00029597 -0.00007120 -0.00003385 
1.29154967e-07 -0.04011197 -0.01783566 -0.00029597 -0.00007120 -0.00003385 
1.00000000e-07 -0.04011197 -0.01783566 -0.00029597 -0.00007120 -0.00003385 
7.74263683e-08 -0.04011197 -0.01783566 -0.00029597 -0.00007120 -0.00003385 
5.99484250e-08 -0.04011197 -0.01783566 -0.00029597 -0.00007120 -0.00003385 
4.64158883e-08 -0.04011197 -0.01783566 -0.00029597 -0.00007120 -0.00003385 
3.59381366e-08 -0.04011197 -0.01783566 -0.00029597 -0.00007120 -0.00003385 
2.78255940e-08 -0.04011197 -0.01783566 -0.00029597 -0.00007120 -0.00003385 
2.15443469e-08 -0.04011197 -0.01783566 -0.00029597 -0.00007120 -0.00003385 
1.66810054e-08 -0.04011197 -0.01783566 -0.00029597 -0.00007120 -0.00003385 
1.29154967e-08 -0.04011197 -0.01783566 -0.00029597 -0.00007120 -0.00003385 
1.00000000e-08 -0.04011197 -0.01783566 -0.00029597 -0.00007120 -0.00003385 
7.74263683e-09 -0.04011197 -0.01783566 -0.00029597 -0.00007120 -0.00003385 
5.99484250e-09 -0.04011197 -0.01783566 -0.00029597 -0.00007120 -0.00003385 
4.64158883e-09 -0.04011197 -0.01783566 -0.00029597 -0.00007120 -0.00003385 
3.59381366e-09 -0.04011197 -0.01783566 -0.00029597 -0.00007120 -0.00003385 
2.78255940e-09 -0.04011197 -0.01783566 -0.00029597 -0.00007120 -0.00003385 
2.15443469e-09 -0.04011197 -0.01783566 -0.00029597 -0.00007120 -0.00003385 
1.66810054e-09 -0.04011197 -0.01783566 -0.00029597 -0.00007120 -0.00003385 
1.29154967e-09 -0.04011197 -0.01783566 -0.00029597 -0.00007120 -0.00003385 
1.00000000e-09 -0.04011197 -0.01783566 -0.00029597 -0.00007120 -0.00003385 
7.74263683e-10 -0.04011197 -0.01783566 -0.00029597 -0.00007120 -0.00003385 
5.99484250e-10 -0.04011197 -0.01783566 -0.00029597 -0.00007120 -0.00003385 
4.64158883e-10 -0.04011197 -0.01783566 -0.00029597 -0.00007120 -0.00003385 
3.59381366e-10 -0.04011197 -0.01783566 -0.00029597 -0.00007120 -0.00003385 
2.78255940e-10 -0.04011197 -0.01783566 -0.00029597 -0.00007120 -0.00003385 
2.15443469e-10 -0.04011197 -0.01783566 -0.00029597 -0.00007120 -0.00003385 
1.66810054e-10 -0.04011197 -0.01783566 -0.00029597 -0.00007120 -0.00003385 
1.29154967e-10 -0.04011197 -0.01783566 -0.00029597 -0.00007120 -0.00003385 
1.00000000e-10 -0.04011197 -0.01783566 -0.00029597 -0.00007120 -0.00003385 
P (bar) | log_H2O: -2σ | log_H2O: -1σ | log_H2O: median | log_H2O: +1σ | log_H2O: +2σ 
1.00000000e+01 -4.72830635 -4.44658301 -4.18186894 -3.88324640 -3.60052187 
7.74263683e+00 -4.72830635 -4.44658301 -4.18186894 -3.88324640 -3.60052187 
5.99484250e+00 -4.72830635 -4.44658301 -4.18186894 -3.88324640 -3.60052187 
4.64158883e+00 -4.72830635 -4.44658301 -4.18186894 -3.88324640 -3.60052187 
3.59381366e+00 -4.72830635 -4.44658301 -4.18186894 -3.88324640 -3.60052187 
2.78255940e+00 -4.72830635 -4.44658301 -4.18186894 -3.88324640 -3.60052187 
2.15443469e+00 -4.72830635 -4.44658301 -4.18186894 -3.88324640 -3.60052187 
1.66810054e+00 -4.72830635 -4.44658301 -4.18186894 -3.88324640 -3.60052187 
1.29154967e+00 -4.72830635 -4.44658301 -4.18186894 -3.88324640 -3.60052187 
1.00000000e+00 -4.72830635 -4.44658301 -4.18186894 -3.88324640 -3.60052187 
7.74263683e-01 -4.72830635 -4.44658301 -4.18186894 -3.88324640 -3.60052187 
5.99484250e-01 -4.72830635 -4.44658301 -4.18186894 -3.88324640 -3.60052187 
4.64158883e-01 -4.72830635 -4.44658301 -4.18186894 -3.88324640 -3.60052187 
3.59381366e-01 -4.72830635 -4.44658301 -4.18186894 -3.88324640 -3.60052187 
2.78255940e-01 -4.72830635 -4.44658301 -4.18186894 -3.88324640 -3.60052187 
2.15443469e-01 -4.72830635 -4.44658301 -4.18186894 -3.88324640 -3.60052187 
1.66810054e-01 -4.72830635 -4.44658301 -4.18186894 -3.88324640 -3.60052187 
1.29154967e-01 -4.72830635 -4.44658301 -4.18186894 -3.88324640 -3.60052187 
1.00000000e-01 -4.72830635 -4.44658301 -4.18186894 -3.88324640 -3.60052187 
7.74263683e-02 -4.72830635 -4.44658301 -4.18186894 -3.88324640 -3.60052187 
5.99484250e-02 -4.72830635 -4.44658301 -4.18186894 -3.88324640 -3.60052187 
4.64158883e-02 -4.72830635 -4.44658301 -4.18186894 -3.88324640 -3.60052187 
3.59381366e-02 -4.72830635 -4.44658301 -4.18186894 -3.88324640 -3.60052187 
2.78255940e-02 -4.72830635 -4.44658301 -4.18186894 -3.88324640 -3.60052187 
2.15443469e-02 -4.72830635 -4.44658301 -4.18186894 -3.88324640 -3.60052187 
1.66810054e-02 -4.72830635 -4.44658301 -4.18186894 -3.88324640 -3.60052187 
1.29154967e-02 -4.72830635 -4.44658301 -4.18186894 -3.88324640 -3.60052187 
1.00000000e-02 -4.72830635 -4.44658301 -4.18186894 -3.88324640 -3.60052187 
7.74263683e-03 -4.72830635 -4.44658301 -4.18186894 -3.88324640 -3.60052187 
5.99484250e-03 -4.72830635 -4.44658301 -4.18186894 -3.88324640 -3.60052187 
4.64158883e-03 -4.72830635 -4.44658301 -4.18186894 -3.88324640 -3.60052187 
3.59381366e-03 -4.72830635 -4.44658301 -4.18186894 -3.88324640 -3.60052187 
2.78255940e-03 -4.72830635 -4.44658301 -4.18186894 -3.88324640 -3.60052187 
2.15443469e-03 -4.72830635 -4.44658301 -4.18186894 -3.88324640 -3.60052187 
1.66810054e-03 -4.72830635 -4.44658301 -4.18186894 -3.88324640 -3.60052187 
1.29154967e-03 -4.72830635 -4.44658301 -4.18186894 -3.88324640 -3.60052187 
1.00000000e-03 -4.72830635 -4.44658301 -4.18186894 -3.88324640 -3.60052187 
7.74263683e-04 -4.72830635 -4.44658301 -4.18186894 -3.88324640 -3.60052187 
5.99484250e-04 -4.72830635 -4.44658301 -4.18186894 -3.88324640 -3.60052187 
4.64158883e-04 -4.72830635 -4.44658301 -4.18186894 -3.88324640 -3.60052187 
3.59381366e-04 -4.72830635 -4.44658301 -4.18186894 -3.88324640 -3.60052187 
2.78255940e-04 -4.72830635 -4.44658301 -4.18186894 -3.88324640 -3.60052187 
2.15443469e-04 -4.72830635 -4.44658301 -4.18186894 -3.88324640 -3.60052187 
1.66810054e-04 -4.72830635 -4.44658301 -4.18186894 -3.88324640 -3.60052187 
1.29154967e-04 -4.72830635 -4.44658301 -4.18186894 -3.88324640 -3.60052187 
1.00000000e-04 -4.72830635 -4.44658301 -4.18186894 -3.88324640 -3.60052187 
7.74263683e-05 -4.72830635 -4.44658301 -4.18186894 -3.88324640 -3.60052187 
5.99484250e-05 -4.72830635 -4.44658301 -4.18186894 -3.88324640 -3.60052187 
4.64158883e-05 -4.72830635 -4.44658301 -4.18186894 -3.88324640 -3.60052187 
3.59381366e-05 -4.72830635 -4.44658301 -4.18186894 -3.88324640 -3.60052187 
2.78255940e-05 -4.72830635 -4.44658301 -4.18186894 -3.88324640 -3.60052187 
2.15443469e-05 -4.72830635 -4.44658301 -4.18186894 -3.88324640 -3.60052187 
1.66810054e-05 -4.72830635 -4.44658301 -4.18186894 -3.88324640 -3.60052187 
1.29154967e-05 -4.72830635 -4.44658301 -4.18186894 -3.88324640 -3.60052187 
1.00000000e-05 -4.72830635 -4.44658301 -4.18186894 -3.88324640 -3.60052187 
7.74263683e-06 -4.72830635 -4.44658301 -4.18186894 -3.88324640 -3.60052187 
5.99484250e-06 -4.72830635 -4.44658301 -4.18186894 -3.88324640 -3.60052187 
4.64158883e-06 -4.72830635 -4.44658301 -4.18186894 -3.88324640 -3.60052187 
3.59381366e-06 -4.72830635 -4.44658301 -4.18186894 -3.88324640 -3.60052187 
2.78255940e-06 -4.72830635 -4.44658301 -4.18186894 -3.88324640 -3.60052187 
2.15443469e-06 -4.72830635 -4.44658301 -4.18186894 -3.88324640 -3.60052187 
1.66810054e-06 -4.72830635 -4.44658301 -4.18186894 -3.88324640 -3.60052187 
1.29154967e-06 -4.72830635 -4.44658301 -4.18186894 -3.88324640 -3.60052187 
1.00000000e-06 -4.72830635 -4.44658301 -4.18186894 -3.88324640 -3.60052187 
7.74263683e-07 -4.72830635 -4.44658301 -4.18186894 -3.88324640 -3.60052187 
5.99484250e-07 -4.72830635 -4.44658301 -4.18186894 -3.88324640 -3.60052187 
4.64158883e-07 -4.72830635 -4.44658301 -4.18186894 -3.88324640 -3.60052187 
3.59381366e-07 -4.72830635 -4.44658301 -4.18186894 -3.88324640 -3.60052187 
2.78255940e-07 -4.72830635 -4.44658301 -4.18186894 -3.88324640 -3.60052187 
2.15443469e-07 -4.72830635 -4.44658301 -4.18186894 -3.88324640 -3.60052187 
1.66810054e-07 -4.72830635 -4.44658301 -4.18186894 -3.88324640 -3.60052187 
1.29154967e-07 -4.72830635 -4.44658301 -4.18186894 -3.88324640 -3.60052187 
1.00000000e-07 -4.72830635 -4.44658301 -4.18186894 -3.88324640 -3.60052187 
7.74263683e-08 -4.72830635 -4.44658301 -4.18186894 -3.88324640 -3.60052187 
5.99484250e-08 -4.72830635 -4.44658301 -4.18186894 -3.88324640 -3.60052187 
4.64158883e-08 -4.72830635 -4.44658301 -4.18186894 -3.88324640 -3.60052187 
3.59381366e-08 -4.72830635 -4.44658301 -4.18186894 -3.88324640 -3.60052187 
2.78255940e-08 -4.72830635 -4.44658301 -4.18186894 -3.88324640 -3.60052187 
2.15443469e-08 -4.72830635 -4.44658301 -4.18186894 -3.88324640 -3.60052187 
1.66810054e-08 -4.72830635 -4.44658301 -4.18186894 -3.88324640 -3.60052187 
1.29154967e-08 -4.72830635 -4.44658301 -4.18186894 -3.88324640 -3.60052187 
1.00000000e-08 -4.72830635 -4.44658301 -4.18186894 -3.88324640 -3.60052187 
7.74263683e-09 -4.72830635 -4.44658301 -4.18186894 -3.88324640 -3.60052187 
5.99484250e-09 -4.72830635 -4.44658301 -4.18186894 -3.88324640 -3.60052187 
4.64158883e-09 -4.72830635 -4.44658301 -4.18186894 -3.88324640 -3.60052187 
3.59381366e-09 -4.72830635 -4.44658301 -4.18186894 -3.88324640 -3.60052187 
2.78255940e-09 -4.72830635 -4.44658301 -4.18186894 -3.88324640 -3.60052187 
2.15443469e-09 -4.72830635 -4.44658301 -4.18186894 -3.88324640 -3.60052187 
1.66810054e-09 -4.72830635 -4.44658301 -4.18186894 -3.88324640 -3.60052187 
1.29154967e-09 -4.72830635 -4.44658301 -4.18186894 -3.88324640 -3.60052187 
1.00000000e-09 -4.72830635 -4.44658301 -4.18186894 -3.88324640 -3.60052187 
7.74263683e-10 -4.72830635 -4.44658301 -4.18186894 -3.88324640 -3.60052187 
5.99484250e-10 -4.72830635 -4.44658301 -4.18186894 -3.88324640 -3.60052187 
4.64158883e-10 -4.72830635 -4.44658301 -4.18186894 -3.88324640 -3.60052187 
3.59381366e-10 -4.72830635 -4.44658301 -4.18186894 -3.88324640 -3.60052187 
2.78255940e-10 -4.72830635 -4.44658301 -4.18186894 -3.88324640 -3.60052187 
2.15443469e-10 -4.72830635 -4.44658301 -4.18186894 -3.88324640 -3.60052187 
1.66810054e-10 -4.72830635 -4.44658301 -4.18186894 -3.88324640 -3.60052187 
1.29154967e-10 -4.72830635 -4.44658301 -4.18186894 -3.88324640 -3.60052187 
1.00000000e-10 -4.72830635 -4.44658301 -4.18186894 -3.88324640 -3.60052187 
P (bar) | log_CO2: -2σ | log_CO2: -1σ | log_CO2: median | log_CO2: +1σ | log_CO2: +2σ 
1.00000000e+01 -4.67995823 -4.28678923 -3.91981080 -3.56939588 -3.21012985 
7.74263683e+00 -4.67995823 -4.28678923 -3.91981080 -3.56939588 -3.21012985 
5.99484250e+00 -4.67995823 -4.28678923 -3.91981080 -3.56939588 -3.21012985 
4.64158883e+00 -4.67995823 -4.28678923 -3.91981080 -3.56939588 -3.21012985 
3.59381366e+00 -4.67995823 -4.28678923 -3.91981080 -3.56939588 -3.21012985 
2.78255940e+00 -4.67995823 -4.28678923 -3.91981080 -3.56939588 -3.21012985 
2.15443469e+00 -4.67995823 -4.28678923 -3.91981080 -3.56939588 -3.21012985 
1.66810054e+00 -4.67995823 -4.28678923 -3.91981080 -3.56939588 -3.21012985 
1.29154967e+00 -4.67995823 -4.28678923 -3.91981080 -3.56939588 -3.21012985 
1.00000000e+00 -4.67995823 -4.28678923 -3.91981080 -3.56939588 -3.21012985 
7.74263683e-01 -4.67995823 -4.28678923 -3.91981080 -3.56939588 -3.21012985 
5.99484250e-01 -4.67995823 -4.28678923 -3.91981080 -3.56939588 -3.21012985 
4.64158883e-01 -4.67995823 -4.28678923 -3.91981080 -3.56939588 -3.21012985 
3.59381366e-01 -4.67995823 -4.28678923 -3.91981080 -3.56939588 -3.21012985 
2.78255940e-01 -4.67995823 -4.28678923 -3.91981080 -3.56939588 -3.21012985 
2.15443469e-01 -4.67995823 -4.28678923 -3.91981080 -3.56939588 -3.21012985 
1.66810054e-01 -4.67995823 -4.28678923 -3.91981080 -3.56939588 -3.21012985 
1.29154967e-01 -4.67995823 -4.28678923 -3.91981080 -3.56939588 -3.21012985 
1.00000000e-01 -4.67995823 -4.28678923 -3.91981080 -3.56939588 -3.21012985 
7.74263683e-02 -4.67995823 -4.28678923 -3.91981080 -3.56939588 -3.21012985 
5.99484250e-02 -4.67995823 -4.28678923 -3.91981080 -3.56939588 -3.21012985 
4.64158883e-02 -4.67995823 -4.28678923 -3.91981080 -3.56939588 -3.21012985 
3.59381366e-02 -4.67995823 -4.28678923 -3.91981080 -3.56939588 -3.21012985 
2.78255940e-02 -4.67995823 -4.28678923 -3.91981080 -3.56939588 -3.21012985 
2.15443469e-02 -4.67995823 -4.28678923 -3.91981080 -3.56939588 -3.21012985 
1.66810054e-02 -4.67995823 -4.28678923 -3.91981080 -3.56939588 -3.21012985 
1.29154967e-02 -4.67995823 -4.28678923 -3.91981080 -3.56939588 -3.21012985 
1.00000000e-02 -4.67995823 -4.28678923 -3.91981080 -3.56939588 -3.21012985 
7.74263683e-03 -4.67995823 -4.28678923 -3.91981080 -3.56939588 -3.21012985 
5.99484250e-03 -4.67995823 -4.28678923 -3.91981080 -3.56939588 -3.21012985 
4.64158883e-03 -4.67995823 -4.28678923 -3.91981080 -3.56939588 -3.21012985 
3.59381366e-03 -4.67995823 -4.28678923 -3.91981080 -3.56939588 -3.21012985 
2.78255940e-03 -4.67995823 -4.28678923 -3.91981080 -3.56939588 -3.21012985 
2.15443469e-03 -4.67995823 -4.28678923 -3.91981080 -3.56939588 -3.21012985 
1.66810054e-03 -4.67995823 -4.28678923 -3.91981080 -3.56939588 -3.21012985 
1.29154967e-03 -4.67995823 -4.28678923 -3.91981080 -3.56939588 -3.21012985 
1.00000000e-03 -4.67995823 -4.28678923 -3.91981080 -3.56939588 -3.21012985 
7.74263683e-04 -4.67995823 -4.28678923 -3.91981080 -3.56939588 -3.21012985 
5.99484250e-04 -4.67995823 -4.28678923 -3.91981080 -3.56939588 -3.21012985 
4.64158883e-04 -4.67995823 -4.28678923 -3.91981080 -3.56939588 -3.21012985 
3.59381366e-04 -4.67995823 -4.28678923 -3.91981080 -3.56939588 -3.21012985 
2.78255940e-04 -4.67995823 -4.28678923 -3.91981080 -3.56939588 -3.21012985 
2.15443469e-04 -4.67995823 -4.28678923 -3.91981080 -3.56939588 -3.21012985 
1.66810054e-04 -4.67995823 -4.28678923 -3.91981080 -3.56939588 -3.21012985 
1.29154967e-04 -4.67995823 -4.28678923 -3.91981080 -3.56939588 -3.21012985 
1.00000000e-04 -4.67995823 -4.28678923 -3.91981080 -3.56939588 -3.21012985 
7.74263683e-05 -4.67995823 -4.28678923 -3.91981080 -3.56939588 -3.21012985 
5.99484250e-05 -4.67995823 -4.28678923 -3.91981080 -3.56939588 -3.21012985 
4.64158883e-05 -4.67995823 -4.28678923 -3.91981080 -3.56939588 -3.21012985 
3.59381366e-05 -4.67995823 -4.28678923 -3.91981080 -3.56939588 -3.21012985 
2.78255940e-05 -4.67995823 -4.28678923 -3.91981080 -3.56939588 -3.21012985 
2.15443469e-05 -4.67995823 -4.28678923 -3.91981080 -3.56939588 -3.21012985 
1.66810054e-05 -4.67995823 -4.28678923 -3.91981080 -3.56939588 -3.21012985 
1.29154967e-05 -4.67995823 -4.28678923 -3.91981080 -3.56939588 -3.21012985 
1.00000000e-05 -4.67995823 -4.28678923 -3.91981080 -3.56939588 -3.21012985 
7.74263683e-06 -4.67995823 -4.28678923 -3.91981080 -3.56939588 -3.21012985 
5.99484250e-06 -4.67995823 -4.28678923 -3.91981080 -3.56939588 -3.21012985 
4.64158883e-06 -4.67995823 -4.28678923 -3.91981080 -3.56939588 -3.21012985 
3.59381366e-06 -4.67995823 -4.28678923 -3.91981080 -3.56939588 -3.21012985 
2.78255940e-06 -4.67995823 -4.28678923 -3.91981080 -3.56939588 -3.21012985 
2.15443469e-06 -4.67995823 -4.28678923 -3.91981080 -3.56939588 -3.21012985 
1.66810054e-06 -4.67995823 -4.28678923 -3.91981080 -3.56939588 -3.21012985 
1.29154967e-06 -4.67995823 -4.28678923 -3.91981080 -3.56939588 -3.21012985 
1.00000000e-06 -4.67995823 -4.28678923 -3.91981080 -3.56939588 -3.21012985 
7.74263683e-07 -4.67995823 -4.28678923 -3.91981080 -3.56939588 -3.21012985 
5.99484250e-07 -4.67995823 -4.28678923 -3.91981080 -3.56939588 -3.21012985 
4.64158883e-07 -4.67995823 -4.28678923 -3.91981080 -3.56939588 -3.21012985 
3.59381366e-07 -4.67995823 -4.28678923 -3.91981080 -3.56939588 -3.21012985 
2.78255940e-07 -4.67995823 -4.28678923 -3.91981080 -3.56939588 -3.21012985 
2.15443469e-07 -4.67995823 -4.28678923 -3.91981080 -3.56939588 -3.21012985 
1.66810054e-07 -4.67995823 -4.28678923 -3.91981080 -3.56939588 -3.21012985 
1.29154967e-07 -4.67995823 -4.28678923 -3.91981080 -3.56939588 -3.21012985 
1.00000000e-07 -4.67995823 -4.28678923 -3.91981080 -3.56939588 -3.21012985 
7.74263683e-08 -4.67995823 -4.28678923 -3.91981080 -3.56939588 -3.21012985 
5.99484250e-08 -4.67995823 -4.28678923 -3.91981080 -3.56939588 -3.21012985 
4.64158883e-08 -4.67995823 -4.28678923 -3.91981080 -3.56939588 -3.21012985 
3.59381366e-08 -4.67995823 -4.28678923 -3.91981080 -3.56939588 -3.21012985 
2.78255940e-08 -4.67995823 -4.28678923 -3.91981080 -3.56939588 -3.21012985 
2.15443469e-08 -4.67995823 -4.28678923 -3.91981080 -3.56939588 -3.21012985 
1.66810054e-08 -4.67995823 -4.28678923 -3.91981080 -3.56939588 -3.21012985 
1.29154967e-08 -4.67995823 -4.28678923 -3.91981080 -3.56939588 -3.21012985 
1.00000000e-08 -4.67995823 -4.28678923 -3.91981080 -3.56939588 -3.21012985 
7.74263683e-09 -4.67995823 -4.28678923 -3.91981080 -3.56939588 -3.21012985 
5.99484250e-09 -4.67995823 -4.28678923 -3.91981080 -3.56939588 -3.21012985 
4.64158883e-09 -4.67995823 -4.28678923 -3.91981080 -3.56939588 -3.21012985 
3.59381366e-09 -4.67995823 -4.28678923 -3.91981080 -3.56939588 -3.21012985 
2.78255940e-09 -4.67995823 -4.28678923 -3.91981080 -3.56939588 -3.21012985 
2.15443469e-09 -4.67995823 -4.28678923 -3.91981080 -3.56939588 -3.21012985 
1.66810054e-09 -4.67995823 -4.28678923 -3.91981080 -3.56939588 -3.21012985 
1.29154967e-09 -4.67995823 -4.28678923 -3.91981080 -3.56939588 -3.21012985 
1.00000000e-09 -4.67995823 -4.28678923 -3.91981080 -3.56939588 -3.21012985 
7.74263683e-10 -4.67995823 -4.28678923 -3.91981080 -3.56939588 -3.21012985 
5.99484250e-10 -4.67995823 -4.28678923 -3.91981080 -3.56939588 -3.21012985 
4.64158883e-10 -4.67995823 -4.28678923 -3.91981080 -3.56939588 -3.21012985 
3.59381366e-10 -4.67995823 -4.28678923 -3.91981080 -3.56939588 -3.21012985 
2.78255940e-10 -4.67995823 -4.28678923 -3.91981080 -3.56939588 -3.21012985 
2.15443469e-10 -4.67995823 -4.28678923 -3.91981080 -3.56939588 -3.21012985 
1.66810054e-10 -4.67995823 -4.28678923 -3.91981080 -3.56939588 -3.21012985 
1.29154967e-10 -4.67995823 -4.28678923 -3.91981080 -3.56939588 -3.21012985 
1.00000000e-10 -4.67995823 -4.28678923 -3.91981080 -3.56939588 -3.21012985 
P (bar) | log_CH4: -2σ | log_CH4: -1σ | log_CH4: median | log_CH4: +1σ | log_CH4: +2σ 
1.00000000e+01 -5.05147196 -4.87584773 -4.67636482 -4.48441866 -4.26185667 
7.74263683e+00 -5.05147196 -4.87584773 -4.67636482 -4.48441866 -4.26185667 
5.99484250e+00 -5.05147196 -4.87584773 -4.67636482 -4.48441866 -4.26185667 
4.64158883e+00 -5.05147196 -4.87584773 -4.67636482 -4.48441866 -4.26185667 
3.59381366e+00 -5.05147196 -4.87584773 -4.67636482 -4.48441866 -4.26185667 
2.78255940e+00 -5.05147196 -4.87584773 -4.67636482 -4.48441866 -4.26185667 
2.15443469e+00 -5.05147196 -4.87584773 -4.67636482 -4.48441866 -4.26185667 
1.66810054e+00 -5.05147196 -4.87584773 -4.67636482 -4.48441866 -4.26185667 
1.29154967e+00 -5.05147196 -4.87584773 -4.67636482 -4.48441866 -4.26185667 
1.00000000e+00 -5.05147196 -4.87584773 -4.67636482 -4.48441866 -4.26185667 
7.74263683e-01 -5.05147196 -4.87584773 -4.67636482 -4.48441866 -4.26185667 
5.99484250e-01 -5.05147196 -4.87584773 -4.67636482 -4.48441866 -4.26185667 
4.64158883e-01 -5.05147196 -4.87584773 -4.67636482 -4.48441866 -4.26185667 
3.59381366e-01 -5.05147196 -4.87584773 -4.67636482 -4.48441866 -4.26185667 
2.78255940e-01 -5.05147196 -4.87584773 -4.67636482 -4.48441866 -4.26185667 
2.15443469e-01 -5.05147196 -4.87584773 -4.67636482 -4.48441866 -4.26185667 
1.66810054e-01 -5.05147196 -4.87584773 -4.67636482 -4.48441866 -4.26185667 
1.29154967e-01 -5.05147196 -4.87584773 -4.67636482 -4.48441866 -4.26185667 
1.00000000e-01 -5.05147196 -4.87584773 -4.67636482 -4.48441866 -4.26185667 
7.74263683e-02 -5.05147196 -4.87584773 -4.67636482 -4.48441866 -4.26185667 
5.99484250e-02 -5.05147196 -4.87584773 -4.67636482 -4.48441866 -4.26185667 
4.64158883e-02 -5.05147196 -4.87584773 -4.67636482 -4.48441866 -4.26185667 
3.59381366e-02 -5.05147196 -4.87584773 -4.67636482 -4.48441866 -4.26185667 
2.78255940e-02 -5.05147196 -4.87584773 -4.67636482 -4.48441866 -4.26185667 
2.15443469e-02 -5.05147196 -4.87584773 -4.67636482 -4.48441866 -4.26185667 
1.66810054e-02 -5.05147196 -4.87584773 -4.67636482 -4.48441866 -4.26185667 
1.29154967e-02 -5.05147196 -4.87584773 -4.67636482 -4.48441866 -4.26185667 
1.00000000e-02 -5.05147196 -4.87584773 -4.67636482 -4.48441866 -4.26185667 
7.74263683e-03 -5.05147196 -4.87584773 -4.67636482 -4.48441866 -4.26185667 
5.99484250e-03 -5.05147196 -4.87584773 -4.67636482 -4.48441866 -4.26185667 
4.64158883e-03 -5.05147196 -4.87584773 -4.67636482 -4.48441866 -4.26185667 
3.59381366e-03 -5.05147196 -4.87584773 -4.67636482 -4.48441866 -4.26185667 
2.78255940e-03 -5.05147196 -4.87584773 -4.67636482 -4.48441866 -4.26185667 
2.15443469e-03 -5.05147196 -4.87584773 -4.67636482 -4.48441866 -4.26185667 
1.66810054e-03 -5.05147196 -4.87584773 -4.67636482 -4.48441866 -4.26185667 
1.29154967e-03 -5.05147196 -4.87584773 -4.67636482 -4.48441866 -4.26185667 
1.00000000e-03 -5.05147196 -4.87584773 -4.67636482 -4.48441866 -4.26185667 
7.74263683e-04 -5.05147196 -4.87584773 -4.67636482 -4.48441866 -4.26185667 
5.99484250e-04 -5.05147196 -4.87584773 -4.67636482 -4.48441866 -4.26185667 
4.64158883e-04 -5.05147196 -4.87584773 -4.67636482 -4.48441866 -4.26185667 
3.59381366e-04 -5.05147196 -4.87584773 -4.67636482 -4.48441866 -4.26185667 
2.78255940e-04 -5.05147196 -4.87584773 -4.67636482 -4.48441866 -4.26185667 
2.15443469e-04 -5.05147196 -4.87584773 -4.67636482 -4.48441866 -4.26185667 
1.66810054e-04 -5.05147196 -4.87584773 -4.67636482 -4.48441866 -4.26185667 
1.29154967e-04 -5.05147196 -4.87584773 -4.67636482 -4.48441866 -4.26185667 
1.00000000e-04 -5.05147196 -4.87584773 -4.67636482 -4.48441866 -4.26185667 
7.74263683e-05 -5.05147196 -4.87584773 -4.67636482 -4.48441866 -4.26185667 
5.99484250e-05 -5.05147196 -4.87584773 -4.67636482 -4.48441866 -4.26185667 
4.64158883e-05 -5.05147196 -4.87584773 -4.67636482 -4.48441866 -4.26185667 
3.59381366e-05 -5.05147196 -4.87584773 -4.67636482 -4.48441866 -4.26185667 
2.78255940e-05 -5.05147196 -4.87584773 -4.67636482 -4.48441866 -4.26185667 
2.15443469e-05 -5.05147196 -4.87584773 -4.67636482 -4.48441866 -4.26185667 
1.66810054e-05 -5.05147196 -4.87584773 -4.67636482 -4.48441866 -4.26185667 
1.29154967e-05 -5.05147196 -4.87584773 -4.67636482 -4.48441866 -4.26185667 
1.00000000e-05 -5.05147196 -4.87584773 -4.67636482 -4.48441866 -4.26185667 
7.74263683e-06 -5.05147196 -4.87584773 -4.67636482 -4.48441866 -4.26185667 
5.99484250e-06 -5.05147196 -4.87584773 -4.67636482 -4.48441866 -4.26185667 
4.64158883e-06 -5.05147196 -4.87584773 -4.67636482 -4.48441866 -4.26185667 
3.59381366e-06 -5.05147196 -4.87584773 -4.67636482 -4.48441866 -4.26185667 
2.78255940e-06 -5.05147196 -4.87584773 -4.67636482 -4.48441866 -4.26185667 
2.15443469e-06 -5.05147196 -4.87584773 -4.67636482 -4.48441866 -4.26185667 
1.66810054e-06 -5.05147196 -4.87584773 -4.67636482 -4.48441866 -4.26185667 
1.29154967e-06 -5.05147196 -4.87584773 -4.67636482 -4.48441866 -4.26185667 
1.00000000e-06 -5.05147196 -4.87584773 -4.67636482 -4.48441866 -4.26185667 
7.74263683e-07 -5.05147196 -4.87584773 -4.67636482 -4.48441866 -4.26185667 
5.99484250e-07 -5.05147196 -4.87584773 -4.67636482 -4.48441866 -4.26185667 
4.64158883e-07 -5.05147196 -4.87584773 -4.67636482 -4.48441866 -4.26185667 
3.59381366e-07 -5.05147196 -4.87584773 -4.67636482 -4.48441866 -4.26185667 
2.78255940e-07 -5.05147196 -4.87584773 -4.67636482 -4.48441866 -4.26185667 
2.15443469e-07 -5.05147196 -4.87584773 -4.67636482 -4.48441866 -4.26185667 
1.66810054e-07 -5.05147196 -4.87584773 -4.67636482 -4.48441866 -4.26185667 
1.29154967e-07 -5.05147196 -4.87584773 -4.67636482 -4.48441866 -4.26185667 
1.00000000e-07 -5.05147196 -4.87584773 -4.67636482 -4.48441866 -4.26185667 
7.74263683e-08 -5.05147196 -4.87584773 -4.67636482 -4.48441866 -4.26185667 
5.99484250e-08 -5.05147196 -4.87584773 -4.67636482 -4.48441866 -4.26185667 
4.64158883e-08 -5.05147196 -4.87584773 -4.67636482 -4.48441866 -4.26185667 
3.59381366e-08 -5.05147196 -4.87584773 -4.67636482 -4.48441866 -4.26185667 
2.78255940e-08 -5.05147196 -4.87584773 -4.67636482 -4.48441866 -4.26185667 
2.15443469e-08 -5.05147196 -4.87584773 -4.67636482 -4.48441866 -4.26185667 
1.66810054e-08 -5.05147196 -4.87584773 -4.67636482 -4.48441866 -4.26185667 
1.29154967e-08 -5.05147196 -4.87584773 -4.67636482 -4.48441866 -4.26185667 
1.00000000e-08 -5.05147196 -4.87584773 -4.67636482 -4.48441866 -4.26185667 
7.74263683e-09 -5.05147196 -4.87584773 -4.67636482 -4.48441866 -4.26185667 
5.99484250e-09 -5.05147196 -4.87584773 -4.67636482 -4.48441866 -4.26185667 
4.64158883e-09 -5.05147196 -4.87584773 -4.67636482 -4.48441866 -4.26185667 
3.59381366e-09 -5.05147196 -4.87584773 -4.67636482 -4.48441866 -4.26185667 
2.78255940e-09 -5.05147196 -4.87584773 -4.67636482 -4.48441866 -4.26185667 
2.15443469e-09 -5.05147196 -4.87584773 -4.67636482 -4.48441866 -4.26185667 
1.66810054e-09 -5.05147196 -4.87584773 -4.67636482 -4.48441866 -4.26185667 
1.29154967e-09 -5.05147196 -4.87584773 -4.67636482 -4.48441866 -4.26185667 
1.00000000e-09 -5.05147196 -4.87584773 -4.67636482 -4.48441866 -4.26185667 
7.74263683e-10 -5.05147196 -4.87584773 -4.67636482 -4.48441866 -4.26185667 
5.99484250e-10 -5.05147196 -4.87584773 -4.67636482 -4.48441866 -4.26185667 
4.64158883e-10 -5.05147196 -4.87584773 -4.67636482 -4.48441866 -4.26185667 
3.59381366e-10 -5.05147196 -4.87584773 -4.67636482 -4.48441866 -4.26185667 
2.78255940e-10 -5.05147196 -4.87584773 -4.67636482 -4.48441866 -4.26185667 
2.15443469e-10 -5.05147196 -4.87584773 -4.67636482 -4.48441866 -4.26185667 
1.66810054e-10 -5.05147196 -4.87584773 -4.67636482 -4.48441866 -4.26185667 
1.29154967e-10 -5.05147196 -4.87584773 -4.67636482 -4.48441866 -4.26185667 
1.00000000e-10 -5.05147196 -4.87584773 -4.67636482 -4.48441866 -4.26185667 
P (bar) | log_O2: -2σ | log_O2: -1σ | log_O2: median | log_O2: +1σ | log_O2: +2σ 
1.00000000e+01 -9.51867718 -7.72032641 -3.48766626 -1.40206454 -1.05614373 
7.74263683e+00 -9.51867718 -7.72032641 -3.48766626 -1.40206454 -1.05614373 
5.99484250e+00 -9.51867718 -7.72032641 -3.48766626 -1.40206454 -1.05614373 
4.64158883e+00 -9.51867718 -7.72032641 -3.48766626 -1.40206454 -1.05614373 
3.59381366e+00 -9.51867718 -7.72032641 -3.48766626 -1.40206454 -1.05614373 
2.78255940e+00 -9.51867718 -7.72032641 -3.48766626 -1.40206454 -1.05614373 
2.15443469e+00 -9.51867718 -7.72032641 -3.48766626 -1.40206454 -1.05614373 
1.66810054e+00 -9.51867718 -7.72032641 -3.48766626 -1.40206454 -1.05614373 
1.29154967e+00 -9.51867718 -7.72032641 -3.48766626 -1.40206454 -1.05614373 
1.00000000e+00 -9.51867718 -7.72032641 -3.48766626 -1.40206454 -1.05614373 
7.74263683e-01 -9.51867718 -7.72032641 -3.48766626 -1.40206454 -1.05614373 
5.99484250e-01 -9.51867718 -7.72032641 -3.48766626 -1.40206454 -1.05614373 
4.64158883e-01 -9.51867718 -7.72032641 -3.48766626 -1.40206454 -1.05614373 
3.59381366e-01 -9.51867718 -7.72032641 -3.48766626 -1.40206454 -1.05614373 
2.78255940e-01 -9.51867718 -7.72032641 -3.48766626 -1.40206454 -1.05614373 
2.15443469e-01 -9.51867718 -7.72032641 -3.48766626 -1.40206454 -1.05614373 
1.66810054e-01 -9.51867718 -7.72032641 -3.48766626 -1.40206454 -1.05614373 
1.29154967e-01 -9.51867718 -7.72032641 -3.48766626 -1.40206454 -1.05614373 
1.00000000e-01 -9.51867718 -7.72032641 -3.48766626 -1.40206454 -1.05614373 
7.74263683e-02 -9.51867718 -7.72032641 -3.48766626 -1.40206454 -1.05614373 
5.99484250e-02 -9.51867718 -7.72032641 -3.48766626 -1.40206454 -1.05614373 
4.64158883e-02 -9.51867718 -7.72032641 -3.48766626 -1.40206454 -1.05614373 
3.59381366e-02 -9.51867718 -7.72032641 -3.48766626 -1.40206454 -1.05614373 
2.78255940e-02 -9.51867718 -7.72032641 -3.48766626 -1.40206454 -1.05614373 
2.15443469e-02 -9.51867718 -7.72032641 -3.48766626 -1.40206454 -1.05614373 
1.66810054e-02 -9.51867718 -7.72032641 -3.48766626 -1.40206454 -1.05614373 
1.29154967e-02 -9.51867718 -7.72032641 -3.48766626 -1.40206454 -1.05614373 
1.00000000e-02 -9.51867718 -7.72032641 -3.48766626 -1.40206454 -1.05614373 
7.74263683e-03 -9.51867718 -7.72032641 -3.48766626 -1.40206454 -1.05614373 
5.99484250e-03 -9.51867718 -7.72032641 -3.48766626 -1.40206454 -1.05614373 
4.64158883e-03 -9.51867718 -7.72032641 -3.48766626 -1.40206454 -1.05614373 
3.59381366e-03 -9.51867718 -7.72032641 -3.48766626 -1.40206454 -1.05614373 
2.78255940e-03 -9.51867718 -7.72032641 -3.48766626 -1.40206454 -1.05614373 
2.15443469e-03 -9.51867718 -7.72032641 -3.48766626 -1.40206454 -1.05614373 
1.66810054e-03 -9.51867718 -7.72032641 -3.48766626 -1.40206454 -1.05614373 
1.29154967e-03 -9.51867718 -7.72032641 -3.48766626 -1.40206454 -1.05614373 
1.00000000e-03 -9.51867718 -7.72032641 -3.48766626 -1.40206454 -1.05614373 
7.74263683e-04 -9.51867718 -7.72032641 -3.48766626 -1.40206454 -1.05614373 
5.99484250e-04 -9.51867718 -7.72032641 -3.48766626 -1.40206454 -1.05614373 
4.64158883e-04 -9.51867718 -7.72032641 -3.48766626 -1.40206454 -1.05614373 
3.59381366e-04 -9.51867718 -7.72032641 -3.48766626 -1.40206454 -1.05614373 
2.78255940e-04 -9.51867718 -7.72032641 -3.48766626 -1.40206454 -1.05614373 
2.15443469e-04 -9.51867718 -7.72032641 -3.48766626 -1.40206454 -1.05614373 
1.66810054e-04 -9.51867718 -7.72032641 -3.48766626 -1.40206454 -1.05614373 
1.29154967e-04 -9.51867718 -7.72032641 -3.48766626 -1.40206454 -1.05614373 
1.00000000e-04 -9.51867718 -7.72032641 -3.48766626 -1.40206454 -1.05614373 
7.74263683e-05 -9.51867718 -7.72032641 -3.48766626 -1.40206454 -1.05614373 
5.99484250e-05 -9.51867718 -7.72032641 -3.48766626 -1.40206454 -1.05614373 
4.64158883e-05 -9.51867718 -7.72032641 -3.48766626 -1.40206454 -1.05614373 
3.59381366e-05 -9.51867718 -7.72032641 -3.48766626 -1.40206454 -1.05614373 
2.78255940e-05 -9.51867718 -7.72032641 -3.48766626 -1.40206454 -1.05614373 
2.15443469e-05 -9.51867718 -7.72032641 -3.48766626 -1.40206454 -1.05614373 
1.66810054e-05 -9.51867718 -7.72032641 -3.48766626 -1.40206454 -1.05614373 
1.29154967e-05 -9.51867718 -7.72032641 -3.48766626 -1.40206454 -1.05614373 
1.00000000e-05 -9.51867718 -7.72032641 -3.48766626 -1.40206454 -1.05614373 
7.74263683e-06 -9.51867718 -7.72032641 -3.48766626 -1.40206454 -1.05614373 
5.99484250e-06 -9.51867718 -7.72032641 -3.48766626 -1.40206454 -1.05614373 
4.64158883e-06 -9.51867718 -7.72032641 -3.48766626 -1.40206454 -1.05614373 
3.59381366e-06 -9.51867718 -7.72032641 -3.48766626 -1.40206454 -1.05614373 
2.78255940e-06 -9.51867718 -7.72032641 -3.48766626 -1.40206454 -1.05614373 
2.15443469e-06 -9.51867718 -7.72032641 -3.48766626 -1.40206454 -1.05614373 
1.66810054e-06 -9.51867718 -7.72032641 -3.48766626 -1.40206454 -1.05614373 
1.29154967e-06 -9.51867718 -7.72032641 -3.48766626 -1.40206454 -1.05614373 
1.00000000e-06 -9.51867718 -7.72032641 -3.48766626 -1.40206454 -1.05614373 
7.74263683e-07 -9.51867718 -7.72032641 -3.48766626 -1.40206454 -1.05614373 
5.99484250e-07 -9.51867718 -7.72032641 -3.48766626 -1.40206454 -1.05614373 
4.64158883e-07 -9.51867718 -7.72032641 -3.48766626 -1.40206454 -1.05614373 
3.59381366e-07 -9.51867718 -7.72032641 -3.48766626 -1.40206454 -1.05614373 
2.78255940e-07 -9.51867718 -7.72032641 -3.48766626 -1.40206454 -1.05614373 
2.15443469e-07 -9.51867718 -7.72032641 -3.48766626 -1.40206454 -1.05614373 
1.66810054e-07 -9.51867718 -7.72032641 -3.48766626 -1.40206454 -1.05614373 
1.29154967e-07 -9.51867718 -7.72032641 -3.48766626 -1.40206454 -1.05614373 
1.00000000e-07 -9.51867718 -7.72032641 -3.48766626 -1.40206454 -1.05614373 
7.74263683e-08 -9.51867718 -7.72032641 -3.48766626 -1.40206454 -1.05614373 
5.99484250e-08 -9.51867718 -7.72032641 -3.48766626 -1.40206454 -1.05614373 
4.64158883e-08 -9.51867718 -7.72032641 -3.48766626 -1.40206454 -1.05614373 
3.59381366e-08 -9.51867718 -7.72032641 -3.48766626 -1.40206454 -1.05614373 
2.78255940e-08 -9.51867718 -7.72032641 -3.48766626 -1.40206454 -1.05614373 
2.15443469e-08 -9.51867718 -7.72032641 -3.48766626 -1.40206454 -1.05614373 
1.66810054e-08 -9.51867718 -7.72032641 -3.48766626 -1.40206454 -1.05614373 
1.29154967e-08 -9.51867718 -7.72032641 -3.48766626 -1.40206454 -1.05614373 
1.00000000e-08 -9.51867718 -7.72032641 -3.48766626 -1.40206454 -1.05614373 
7.74263683e-09 -9.51867718 -7.72032641 -3.48766626 -1.40206454 -1.05614373 
5.99484250e-09 -9.51867718 -7.72032641 -3.48766626 -1.40206454 -1.05614373 
4.64158883e-09 -9.51867718 -7.72032641 -3.48766626 -1.40206454 -1.05614373 
3.59381366e-09 -9.51867718 -7.72032641 -3.48766626 -1.40206454 -1.05614373 
2.78255940e-09 -9.51867718 -7.72032641 -3.48766626 -1.40206454 -1.05614373 
2.15443469e-09 -9.51867718 -7.72032641 -3.48766626 -1.40206454 -1.05614373 
1.66810054e-09 -9.51867718 -7.72032641 -3.48766626 -1.40206454 -1.05614373 
1.29154967e-09 -9.51867718 -7.72032641 -3.48766626 -1.40206454 -1.05614373 
1.00000000e-09 -9.51867718 -7.72032641 -3.48766626 -1.40206454 -1.05614373 
7.74263683e-10 -9.51867718 -7.72032641 -3.48766626 -1.40206454 -1.05614373 
5.99484250e-10 -9.51867718 -7.72032641 -3.48766626 -1.40206454 -1.05614373 
4.64158883e-10 -9.51867718 -7.72032641 -3.48766626 -1.40206454 -1.05614373 
3.59381366e-10 -9.51867718 -7.72032641 -3.48766626 -1.40206454 -1.05614373 
2.78255940e-10 -9.51867718 -7.72032641 -3.48766626 -1.40206454 -1.05614373 
2.15443469e-10 -9.51867718 -7.72032641 -3.48766626 -1.40206454 -1.05614373 
1.66810054e-10 -9.51867718 -7.72032641 -3.48766626 -1.40206454 -1.05614373 
1.29154967e-10 -9.51867718 -7.72032641 -3.48766626 -1.40206454 -1.05614373 
1.00000000e-10 -9.51867718 -7.72032641 -3.48766626 -1.40206454 -1.05614373 
P (bar) | log_O3: -2σ | log_O3: -1σ | log_O3: median | log_O3: +1σ | log_O3: +2σ 
1.00000000e+01 -9.91632086 -9.43808850 -8.23080025 -6.91417138 -6.06544701 
7.74263683e+00 -9.91632086 -9.43808850 -8.23080025 -6.91417138 -6.06544701 
5.99484250e+00 -9.91632086 -9.43808850 -8.23080025 -6.91417138 -6.06544701 
4.64158883e+00 -9.91632086 -9.43808850 -8.23080025 -6.91417138 -6.06544701 
3.59381366e+00 -9.91632086 -9.43808850 -8.23080025 -6.91417138 -6.06544701 
2.78255940e+00 -9.91632086 -9.43808850 -8.23080025 -6.91417138 -6.06544701 
2.15443469e+00 -9.91632086 -9.43808850 -8.23080025 -6.91417138 -6.06544701 
1.66810054e+00 -9.91632086 -9.43808850 -8.23080025 -6.91417138 -6.06544701 
1.29154967e+00 -9.91632086 -9.43808850 -8.23080025 -6.91417138 -6.06544701 
1.00000000e+00 -9.91632086 -9.43808850 -8.23080025 -6.91417138 -6.06544701 
7.74263683e-01 -9.91632086 -9.43808850 -8.23080025 -6.91417138 -6.06544701 
5.99484250e-01 -9.91632086 -9.43808850 -8.23080025 -6.91417138 -6.06544701 
4.64158883e-01 -9.91632086 -9.43808850 -8.23080025 -6.91417138 -6.06544701 
3.59381366e-01 -9.91632086 -9.43808850 -8.23080025 -6.91417138 -6.06544701 
2.78255940e-01 -9.91632086 -9.43808850 -8.23080025 -6.91417138 -6.06544701 
2.15443469e-01 -9.91632086 -9.43808850 -8.23080025 -6.91417138 -6.06544701 
1.66810054e-01 -9.91632086 -9.43808850 -8.23080025 -6.91417138 -6.06544701 
1.29154967e-01 -9.91632086 -9.43808850 -8.23080025 -6.91417138 -6.06544701 
1.00000000e-01 -9.91632086 -9.43808850 -8.23080025 -6.91417138 -6.06544701 
7.74263683e-02 -9.91632086 -9.43808850 -8.23080025 -6.91417138 -6.06544701 
5.99484250e-02 -9.91632086 -9.43808850 -8.23080025 -6.91417138 -6.06544701 
4.64158883e-02 -9.91632086 -9.43808850 -8.23080025 -6.91417138 -6.06544701 
3.59381366e-02 -9.91632086 -9.43808850 -8.23080025 -6.91417138 -6.06544701 
2.78255940e-02 -9.91632086 -9.43808850 -8.23080025 -6.91417138 -6.06544701 
2.15443469e-02 -9.91632086 -9.43808850 -8.23080025 -6.91417138 -6.06544701 
1.66810054e-02 -9.91632086 -9.43808850 -8.23080025 -6.91417138 -6.06544701 
1.29154967e-02 -9.91632086 -9.43808850 -8.23080025 -6.91417138 -6.06544701 
1.00000000e-02 -9.91632086 -9.43808850 -8.23080025 -6.91417138 -6.06544701 
7.74263683e-03 -9.91632086 -9.43808850 -8.23080025 -6.91417138 -6.06544701 
5.99484250e-03 -9.91632086 -9.43808850 -8.23080025 -6.91417138 -6.06544701 
4.64158883e-03 -9.91632086 -9.43808850 -8.23080025 -6.91417138 -6.06544701 
3.59381366e-03 -9.91632086 -9.43808850 -8.23080025 -6.91417138 -6.06544701 
2.78255940e-03 -9.91632086 -9.43808850 -8.23080025 -6.91417138 -6.06544701 
2.15443469e-03 -9.91632086 -9.43808850 -8.23080025 -6.91417138 -6.06544701 
1.66810054e-03 -9.91632086 -9.43808850 -8.23080025 -6.91417138 -6.06544701 
1.29154967e-03 -9.91632086 -9.43808850 -8.23080025 -6.91417138 -6.06544701 
1.00000000e-03 -9.91632086 -9.43808850 -8.23080025 -6.91417138 -6.06544701 
7.74263683e-04 -9.91632086 -9.43808850 -8.23080025 -6.91417138 -6.06544701 
5.99484250e-04 -9.91632086 -9.43808850 -8.23080025 -6.91417138 -6.06544701 
4.64158883e-04 -9.91632086 -9.43808850 -8.23080025 -6.91417138 -6.06544701 
3.59381366e-04 -9.91632086 -9.43808850 -8.23080025 -6.91417138 -6.06544701 
2.78255940e-04 -9.91632086 -9.43808850 -8.23080025 -6.91417138 -6.06544701 
2.15443469e-04 -9.91632086 -9.43808850 -8.23080025 -6.91417138 -6.06544701 
1.66810054e-04 -9.91632086 -9.43808850 -8.23080025 -6.91417138 -6.06544701 
1.29154967e-04 -9.91632086 -9.43808850 -8.23080025 -6.91417138 -6.06544701 
1.00000000e-04 -9.91632086 -9.43808850 -8.23080025 -6.91417138 -6.06544701 
7.74263683e-05 -9.91632086 -9.43808850 -8.23080025 -6.91417138 -6.06544701 
5.99484250e-05 -9.91632086 -9.43808850 -8.23080025 -6.91417138 -6.06544701 
4.64158883e-05 -9.91632086 -9.43808850 -8.23080025 -6.91417138 -6.06544701 
3.59381366e-05 -9.91632086 -9.43808850 -8.23080025 -6.91417138 -6.06544701 
2.78255940e-05 -9.91632086 -9.43808850 -8.23080025 -6.91417138 -6.06544701 
2.15443469e-05 -9.91632086 -9.43808850 -8.23080025 -6.91417138 -6.06544701 
1.66810054e-05 -9.91632086 -9.43808850 -8.23080025 -6.91417138 -6.06544701 
1.29154967e-05 -9.91632086 -9.43808850 -8.23080025 -6.91417138 -6.06544701 
1.00000000e-05 -9.91632086 -9.43808850 -8.23080025 -6.91417138 -6.06544701 
7.74263683e-06 -9.91632086 -9.43808850 -8.23080025 -6.91417138 -6.06544701 
5.99484250e-06 -9.91632086 -9.43808850 -8.23080025 -6.91417138 -6.06544701 
4.64158883e-06 -9.91632086 -9.43808850 -8.23080025 -6.91417138 -6.06544701 
3.59381366e-06 -9.91632086 -9.43808850 -8.23080025 -6.91417138 -6.06544701 
2.78255940e-06 -9.91632086 -9.43808850 -8.23080025 -6.91417138 -6.06544701 
2.15443469e-06 -9.91632086 -9.43808850 -8.23080025 -6.91417138 -6.06544701 
1.66810054e-06 -9.91632086 -9.43808850 -8.23080025 -6.91417138 -6.06544701 
1.29154967e-06 -9.91632086 -9.43808850 -8.23080025 -6.91417138 -6.06544701 
1.00000000e-06 -9.91632086 -9.43808850 -8.23080025 -6.91417138 -6.06544701 
7.74263683e-07 -9.91632086 -9.43808850 -8.23080025 -6.91417138 -6.06544701 
5.99484250e-07 -9.91632086 -9.43808850 -8.23080025 -6.91417138 -6.06544701 
4.64158883e-07 -9.91632086 -9.43808850 -8.23080025 -6.91417138 -6.06544701 
3.59381366e-07 -9.91632086 -9.43808850 -8.23080025 -6.91417138 -6.06544701 
2.78255940e-07 -9.91632086 -9.43808850 -8.23080025 -6.91417138 -6.06544701 
2.15443469e-07 -9.91632086 -9.43808850 -8.23080025 -6.91417138 -6.06544701 
1.66810054e-07 -9.91632086 -9.43808850 -8.23080025 -6.91417138 -6.06544701 
1.29154967e-07 -9.91632086 -9.43808850 -8.23080025 -6.91417138 -6.06544701 
1.00000000e-07 -9.91632086 -9.43808850 -8.23080025 -6.91417138 -6.06544701 
7.74263683e-08 -9.91632086 -9.43808850 -8.23080025 -6.91417138 -6.06544701 
5.99484250e-08 -9.91632086 -9.43808850 -8.23080025 -6.91417138 -6.06544701 
4.64158883e-08 -9.91632086 -9.43808850 -8.23080025 -6.91417138 -6.06544701 
3.59381366e-08 -9.91632086 -9.43808850 -8.23080025 -6.91417138 -6.06544701 
2.78255940e-08 -9.91632086 -9.43808850 -8.23080025 -6.91417138 -6.06544701 
2.15443469e-08 -9.91632086 -9.43808850 -8.23080025 -6.91417138 -6.06544701 
1.66810054e-08 -9.91632086 -9.43808850 -8.23080025 -6.91417138 -6.06544701 
1.29154967e-08 -9.91632086 -9.43808850 -8.23080025 -6.91417138 -6.06544701 
1.00000000e-08 -9.91632086 -9.43808850 -8.23080025 -6.91417138 -6.06544701 
7.74263683e-09 -9.91632086 -9.43808850 -8.23080025 -6.91417138 -6.06544701 
5.99484250e-09 -9.91632086 -9.43808850 -8.23080025 -6.91417138 -6.06544701 
4.64158883e-09 -9.91632086 -9.43808850 -8.23080025 -6.91417138 -6.06544701 
3.59381366e-09 -9.91632086 -9.43808850 -8.23080025 -6.91417138 -6.06544701 
2.78255940e-09 -9.91632086 -9.43808850 -8.23080025 -6.91417138 -6.06544701 
2.15443469e-09 -9.91632086 -9.43808850 -8.23080025 -6.91417138 -6.06544701 
1.66810054e-09 -9.91632086 -9.43808850 -8.23080025 -6.91417138 -6.06544701 
1.29154967e-09 -9.91632086 -9.43808850 -8.23080025 -6.91417138 -6.06544701 
1.00000000e-09 -9.91632086 -9.43808850 -8.23080025 -6.91417138 -6.06544701 
7.74263683e-10 -9.91632086 -9.43808850 -8.23080025 -6.91417138 -6.06544701 
5.99484250e-10 -9.91632086 -9.43808850 -8.23080025 -6.91417138 -6.06544701 
4.64158883e-10 -9.91632086 -9.43808850 -8.23080025 -6.91417138 -6.06544701 
3.59381366e-10 -9.91632086 -9.43808850 -8.23080025 -6.91417138 -6.06544701 
2.78255940e-10 -9.91632086 -9.43808850 -8.23080025 -6.91417138 -6.06544701 
2.15443469e-10 -9.91632086 -9.43808850 -8.23080025 -6.91417138 -6.06544701 
1.66810054e-10 -9.91632086 -9.43808850 -8.23080025 -6.91417138 -6.06544701 
1.29154967e-10 -9.91632086 -9.43808850 -8.23080025 -6.91417138 -6.06544701 
1.00000000e-10 -9.91632086 -9.43808850 -8.23080025 -6.91417138 -6.06544701 
P (bar) | log_N2O: -2σ | log_N2O: -1σ | log_N2O: median | log_N2O: +1σ | log_N2O: +2σ 
1.00000000e+01 -9.54786057 -7.91515351 -6.65408024 -5.95063479 -5.45290364 
7.74263683e+00 -9.54786057 -7.91515351 -6.65408024 -5.95063479 -5.45290364 
5.99484250e+00 -9.54786057 -7.91515351 -6.65408024 -5.95063479 -5.45290364 
4.64158883e+00 -9.54786057 -7.91515351 -6.65408024 -5.95063479 -5.45290364 
3.59381366e+00 -9.54786057 -7.91515351 -6.65408024 -5.95063479 -5.45290364 
2.78255940e+00 -9.54786057 -7.91515351 -6.65408024 -5.95063479 -5.45290364 
2.15443469e+00 -9.54786057 -7.91515351 -6.65408024 -5.95063479 -5.45290364 
1.66810054e+00 -9.54786057 -7.91515351 -6.65408024 -5.95063479 -5.45290364 
1.29154967e+00 -9.54786057 -7.91515351 -6.65408024 -5.95063479 -5.45290364 
1.00000000e+00 -9.54786057 -7.91515351 -6.65408024 -5.95063479 -5.45290364 
7.74263683e-01 -9.54786057 -7.91515351 -6.65408024 -5.95063479 -5.45290364 
5.99484250e-01 -9.54786057 -7.91515351 -6.65408024 -5.95063479 -5.45290364 
4.64158883e-01 -9.54786057 -7.91515351 -6.65408024 -5.95063479 -5.45290364 
3.59381366e-01 -9.54786057 -7.91515351 -6.65408024 -5.95063479 -5.45290364 
2.78255940e-01 -9.54786057 -7.91515351 -6.65408024 -5.95063479 -5.45290364 
2.15443469e-01 -9.54786057 -7.91515351 -6.65408024 -5.95063479 -5.45290364 
1.66810054e-01 -9.54786057 -7.91515351 -6.65408024 -5.95063479 -5.45290364 
1.29154967e-01 -9.54786057 -7.91515351 -6.65408024 -5.95063479 -5.45290364 
1.00000000e-01 -9.54786057 -7.91515351 -6.65408024 -5.95063479 -5.45290364 
7.74263683e-02 -9.54786057 -7.91515351 -6.65408024 -5.95063479 -5.45290364 
5.99484250e-02 -9.54786057 -7.91515351 -6.65408024 -5.95063479 -5.45290364 
4.64158883e-02 -9.54786057 -7.91515351 -6.65408024 -5.95063479 -5.45290364 
3.59381366e-02 -9.54786057 -7.91515351 -6.65408024 -5.95063479 -5.45290364 
2.78255940e-02 -9.54786057 -7.91515351 -6.65408024 -5.95063479 -5.45290364 
2.15443469e-02 -9.54786057 -7.91515351 -6.65408024 -5.95063479 -5.45290364 
1.66810054e-02 -9.54786057 -7.91515351 -6.65408024 -5.95063479 -5.45290364 
1.29154967e-02 -9.54786057 -7.91515351 -6.65408024 -5.95063479 -5.45290364 
1.00000000e-02 -9.54786057 -7.91515351 -6.65408024 -5.95063479 -5.45290364 
7.74263683e-03 -9.54786057 -7.91515351 -6.65408024 -5.95063479 -5.45290364 
5.99484250e-03 -9.54786057 -7.91515351 -6.65408024 -5.95063479 -5.45290364 
4.64158883e-03 -9.54786057 -7.91515351 -6.65408024 -5.95063479 -5.45290364 
3.59381366e-03 -9.54786057 -7.91515351 -6.65408024 -5.95063479 -5.45290364 
2.78255940e-03 -9.54786057 -7.91515351 -6.65408024 -5.95063479 -5.45290364 
2.15443469e-03 -9.54786057 -7.91515351 -6.65408024 -5.95063479 -5.45290364 
1.66810054e-03 -9.54786057 -7.91515351 -6.65408024 -5.95063479 -5.45290364 
1.29154967e-03 -9.54786057 -7.91515351 -6.65408024 -5.95063479 -5.45290364 
1.00000000e-03 -9.54786057 -7.91515351 -6.65408024 -5.95063479 -5.45290364 
7.74263683e-04 -9.54786057 -7.91515351 -6.65408024 -5.95063479 -5.45290364 
5.99484250e-04 -9.54786057 -7.91515351 -6.65408024 -5.95063479 -5.45290364 
4.64158883e-04 -9.54786057 -7.91515351 -6.65408024 -5.95063479 -5.45290364 
3.59381366e-04 -9.54786057 -7.91515351 -6.65408024 -5.95063479 -5.45290364 
2.78255940e-04 -9.54786057 -7.91515351 -6.65408024 -5.95063479 -5.45290364 
2.15443469e-04 -9.54786057 -7.91515351 -6.65408024 -5.95063479 -5.45290364 
1.66810054e-04 -9.54786057 -7.91515351 -6.65408024 -5.95063479 -5.45290364 
1.29154967e-04 -9.54786057 -7.91515351 -6.65408024 -5.95063479 -5.45290364 
1.00000000e-04 -9.54786057 -7.91515351 -6.65408024 -5.95063479 -5.45290364 
7.74263683e-05 -9.54786057 -7.91515351 -6.65408024 -5.95063479 -5.45290364 
5.99484250e-05 -9.54786057 -7.91515351 -6.65408024 -5.95063479 -5.45290364 
4.64158883e-05 -9.54786057 -7.91515351 -6.65408024 -5.95063479 -5.45290364 
3.59381366e-05 -9.54786057 -7.91515351 -6.65408024 -5.95063479 -5.45290364 
2.78255940e-05 -9.54786057 -7.91515351 -6.65408024 -5.95063479 -5.45290364 
2.15443469e-05 -9.54786057 -7.91515351 -6.65408024 -5.95063479 -5.45290364 
1.66810054e-05 -9.54786057 -7.91515351 -6.65408024 -5.95063479 -5.45290364 
1.29154967e-05 -9.54786057 -7.91515351 -6.65408024 -5.95063479 -5.45290364 
1.00000000e-05 -9.54786057 -7.91515351 -6.65408024 -5.95063479 -5.45290364 
7.74263683e-06 -9.54786057 -7.91515351 -6.65408024 -5.95063479 -5.45290364 
5.99484250e-06 -9.54786057 -7.91515351 -6.65408024 -5.95063479 -5.45290364 
4.64158883e-06 -9.54786057 -7.91515351 -6.65408024 -5.95063479 -5.45290364 
3.59381366e-06 -9.54786057 -7.91515351 -6.65408024 -5.95063479 -5.45290364 
2.78255940e-06 -9.54786057 -7.91515351 -6.65408024 -5.95063479 -5.45290364 
2.15443469e-06 -9.54786057 -7.91515351 -6.65408024 -5.95063479 -5.45290364 
1.66810054e-06 -9.54786057 -7.91515351 -6.65408024 -5.95063479 -5.45290364 
1.29154967e-06 -9.54786057 -7.91515351 -6.65408024 -5.95063479 -5.45290364 
1.00000000e-06 -9.54786057 -7.91515351 -6.65408024 -5.95063479 -5.45290364 
7.74263683e-07 -9.54786057 -7.91515351 -6.65408024 -5.95063479 -5.45290364 
5.99484250e-07 -9.54786057 -7.91515351 -6.65408024 -5.95063479 -5.45290364 
4.64158883e-07 -9.54786057 -7.91515351 -6.65408024 -5.95063479 -5.45290364 
3.59381366e-07 -9.54786057 -7.91515351 -6.65408024 -5.95063479 -5.45290364 
2.78255940e-07 -9.54786057 -7.91515351 -6.65408024 -5.95063479 -5.45290364 
2.15443469e-07 -9.54786057 -7.91515351 -6.65408024 -5.95063479 -5.45290364 
1.66810054e-07 -9.54786057 -7.91515351 -6.65408024 -5.95063479 -5.45290364 
1.29154967e-07 -9.54786057 -7.91515351 -6.65408024 -5.95063479 -5.45290364 
1.00000000e-07 -9.54786057 -7.91515351 -6.65408024 -5.95063479 -5.45290364 
7.74263683e-08 -9.54786057 -7.91515351 -6.65408024 -5.95063479 -5.45290364 
5.99484250e-08 -9.54786057 -7.91515351 -6.65408024 -5.95063479 -5.45290364 
4.64158883e-08 -9.54786057 -7.91515351 -6.65408024 -5.95063479 -5.45290364 
3.59381366e-08 -9.54786057 -7.91515351 -6.65408024 -5.95063479 -5.45290364 
2.78255940e-08 -9.54786057 -7.91515351 -6.65408024 -5.95063479 -5.45290364 
2.15443469e-08 -9.54786057 -7.91515351 -6.65408024 -5.95063479 -5.45290364 
1.66810054e-08 -9.54786057 -7.91515351 -6.65408024 -5.95063479 -5.45290364 
1.29154967e-08 -9.54786057 -7.91515351 -6.65408024 -5.95063479 -5.45290364 
1.00000000e-08 -9.54786057 -7.91515351 -6.65408024 -5.95063479 -5.45290364 
7.74263683e-09 -9.54786057 -7.91515351 -6.65408024 -5.95063479 -5.45290364 
5.99484250e-09 -9.54786057 -7.91515351 -6.65408024 -5.95063479 -5.45290364 
4.64158883e-09 -9.54786057 -7.91515351 -6.65408024 -5.95063479 -5.45290364 
3.59381366e-09 -9.54786057 -7.91515351 -6.65408024 -5.95063479 -5.45290364 
2.78255940e-09 -9.54786057 -7.91515351 -6.65408024 -5.95063479 -5.45290364 
2.15443469e-09 -9.54786057 -7.91515351 -6.65408024 -5.95063479 -5.45290364 
1.66810054e-09 -9.54786057 -7.91515351 -6.65408024 -5.95063479 -5.45290364 
1.29154967e-09 -9.54786057 -7.91515351 -6.65408024 -5.95063479 -5.45290364 
1.00000000e-09 -9.54786057 -7.91515351 -6.65408024 -5.95063479 -5.45290364 
7.74263683e-10 -9.54786057 -7.91515351 -6.65408024 -5.95063479 -5.45290364 
5.99484250e-10 -9.54786057 -7.91515351 -6.65408024 -5.95063479 -5.45290364 
4.64158883e-10 -9.54786057 -7.91515351 -6.65408024 -5.95063479 -5.45290364 
3.59381366e-10 -9.54786057 -7.91515351 -6.65408024 -5.95063479 -5.45290364 
2.78255940e-10 -9.54786057 -7.91515351 -6.65408024 -5.95063479 -5.45290364 
2.15443469e-10 -9.54786057 -7.91515351 -6.65408024 -5.95063479 -5.45290364 
1.66810054e-10 -9.54786057 -7.91515351 -6.65408024 -5.95063479 -5.45290364 
1.29154967e-10 -9.54786057 -7.91515351 -6.65408024 -5.95063479 -5.45290364 
1.00000000e-10 -9.54786057 -7.91515351 -6.65408024 -5.95063479 -5.45290364 
P (bar) | log_NH3: -2σ | log_NH3: -1σ | log_NH3: median | log_NH3: +1σ | log_NH3: +2σ 
1.00000000e+01 -9.90870077 -9.45736139 -8.43145414 -7.28284277 -6.60275600 
7.74263683e+00 -9.90870077 -9.45736139 -8.43145414 -7.28284277 -6.60275600 
5.99484250e+00 -9.90870077 -9.45736139 -8.43145414 -7.28284277 -6.60275600 
4.64158883e+00 -9.90870077 -9.45736139 -8.43145414 -7.28284277 -6.60275600 
3.59381366e+00 -9.90870077 -9.45736139 -8.43145414 -7.28284277 -6.60275600 
2.78255940e+00 -9.90870077 -9.45736139 -8.43145414 -7.28284277 -6.60275600 
2.15443469e+00 -9.90870077 -9.45736139 -8.43145414 -7.28284277 -6.60275600 
1.66810054e+00 -9.90870077 -9.45736139 -8.43145414 -7.28284277 -6.60275600 
1.29154967e+00 -9.90870077 -9.45736139 -8.43145414 -7.28284277 -6.60275600 
1.00000000e+00 -9.90870077 -9.45736139 -8.43145414 -7.28284277 -6.60275600 
7.74263683e-01 -9.90870077 -9.45736139 -8.43145414 -7.28284277 -6.60275600 
5.99484250e-01 -9.90870077 -9.45736139 -8.43145414 -7.28284277 -6.60275600 
4.64158883e-01 -9.90870077 -9.45736139 -8.43145414 -7.28284277 -6.60275600 
3.59381366e-01 -9.90870077 -9.45736139 -8.43145414 -7.28284277 -6.60275600 
2.78255940e-01 -9.90870077 -9.45736139 -8.43145414 -7.28284277 -6.60275600 
2.15443469e-01 -9.90870077 -9.45736139 -8.43145414 -7.28284277 -6.60275600 
1.66810054e-01 -9.90870077 -9.45736139 -8.43145414 -7.28284277 -6.60275600 
1.29154967e-01 -9.90870077 -9.45736139 -8.43145414 -7.28284277 -6.60275600 
1.00000000e-01 -9.90870077 -9.45736139 -8.43145414 -7.28284277 -6.60275600 
7.74263683e-02 -9.90870077 -9.45736139 -8.43145414 -7.28284277 -6.60275600 
5.99484250e-02 -9.90870077 -9.45736139 -8.43145414 -7.28284277 -6.60275600 
4.64158883e-02 -9.90870077 -9.45736139 -8.43145414 -7.28284277 -6.60275600 
3.59381366e-02 -9.90870077 -9.45736139 -8.43145414 -7.28284277 -6.60275600 
2.78255940e-02 -9.90870077 -9.45736139 -8.43145414 -7.28284277 -6.60275600 
2.15443469e-02 -9.90870077 -9.45736139 -8.43145414 -7.28284277 -6.60275600 
1.66810054e-02 -9.90870077 -9.45736139 -8.43145414 -7.28284277 -6.60275600 
1.29154967e-02 -9.90870077 -9.45736139 -8.43145414 -7.28284277 -6.60275600 
1.00000000e-02 -9.90870077 -9.45736139 -8.43145414 -7.28284277 -6.60275600 
7.74263683e-03 -9.90870077 -9.45736139 -8.43145414 -7.28284277 -6.60275600 
5.99484250e-03 -9.90870077 -9.45736139 -8.43145414 -7.28284277 -6.60275600 
4.64158883e-03 -9.90870077 -9.45736139 -8.43145414 -7.28284277 -6.60275600 
3.59381366e-03 -9.90870077 -9.45736139 -8.43145414 -7.28284277 -6.60275600 
2.78255940e-03 -9.90870077 -9.45736139 -8.43145414 -7.28284277 -6.60275600 
2.15443469e-03 -9.90870077 -9.45736139 -8.43145414 -7.28284277 -6.60275600 
1.66810054e-03 -9.90870077 -9.45736139 -8.43145414 -7.28284277 -6.60275600 
1.29154967e-03 -9.90870077 -9.45736139 -8.43145414 -7.28284277 -6.60275600 
1.00000000e-03 -9.90870077 -9.45736139 -8.43145414 -7.28284277 -6.60275600 
7.74263683e-04 -9.90870077 -9.45736139 -8.43145414 -7.28284277 -6.60275600 
5.99484250e-04 -9.90870077 -9.45736139 -8.43145414 -7.28284277 -6.60275600 
4.64158883e-04 -9.90870077 -9.45736139 -8.43145414 -7.28284277 -6.60275600 
3.59381366e-04 -9.90870077 -9.45736139 -8.43145414 -7.28284277 -6.60275600 
2.78255940e-04 -9.90870077 -9.45736139 -8.43145414 -7.28284277 -6.60275600 
2.15443469e-04 -9.90870077 -9.45736139 -8.43145414 -7.28284277 -6.60275600 
1.66810054e-04 -9.90870077 -9.45736139 -8.43145414 -7.28284277 -6.60275600 
1.29154967e-04 -9.90870077 -9.45736139 -8.43145414 -7.28284277 -6.60275600 
1.00000000e-04 -9.90870077 -9.45736139 -8.43145414 -7.28284277 -6.60275600 
7.74263683e-05 -9.90870077 -9.45736139 -8.43145414 -7.28284277 -6.60275600 
5.99484250e-05 -9.90870077 -9.45736139 -8.43145414 -7.28284277 -6.60275600 
4.64158883e-05 -9.90870077 -9.45736139 -8.43145414 -7.28284277 -6.60275600 
3.59381366e-05 -9.90870077 -9.45736139 -8.43145414 -7.28284277 -6.60275600 
2.78255940e-05 -9.90870077 -9.45736139 -8.43145414 -7.28284277 -6.60275600 
2.15443469e-05 -9.90870077 -9.45736139 -8.43145414 -7.28284277 -6.60275600 
1.66810054e-05 -9.90870077 -9.45736139 -8.43145414 -7.28284277 -6.60275600 
1.29154967e-05 -9.90870077 -9.45736139 -8.43145414 -7.28284277 -6.60275600 
1.00000000e-05 -9.90870077 -9.45736139 -8.43145414 -7.28284277 -6.60275600 
7.74263683e-06 -9.90870077 -9.45736139 -8.43145414 -7.28284277 -6.60275600 
5.99484250e-06 -9.90870077 -9.45736139 -8.43145414 -7.28284277 -6.60275600 
4.64158883e-06 -9.90870077 -9.45736139 -8.43145414 -7.28284277 -6.60275600 
3.59381366e-06 -9.90870077 -9.45736139 -8.43145414 -7.28284277 -6.60275600 
2.78255940e-06 -9.90870077 -9.45736139 -8.43145414 -7.28284277 -6.60275600 
2.15443469e-06 -9.90870077 -9.45736139 -8.43145414 -7.28284277 -6.60275600 
1.66810054e-06 -9.90870077 -9.45736139 -8.43145414 -7.28284277 -6.60275600 
1.29154967e-06 -9.90870077 -9.45736139 -8.43145414 -7.28284277 -6.60275600 
1.00000000e-06 -9.90870077 -9.45736139 -8.43145414 -7.28284277 -6.60275600 
7.74263683e-07 -9.90870077 -9.45736139 -8.43145414 -7.28284277 -6.60275600 
5.99484250e-07 -9.90870077 -9.45736139 -8.43145414 -7.28284277 -6.60275600 
4.64158883e-07 -9.90870077 -9.45736139 -8.43145414 -7.28284277 -6.60275600 
3.59381366e-07 -9.90870077 -9.45736139 -8.43145414 -7.28284277 -6.60275600 
2.78255940e-07 -9.90870077 -9.45736139 -8.43145414 -7.28284277 -6.60275600 
2.15443469e-07 -9.90870077 -9.45736139 -8.43145414 -7.28284277 -6.60275600 
1.66810054e-07 -9.90870077 -9.45736139 -8.43145414 -7.28284277 -6.60275600 
1.29154967e-07 -9.90870077 -9.45736139 -8.43145414 -7.28284277 -6.60275600 
1.00000000e-07 -9.90870077 -9.45736139 -8.43145414 -7.28284277 -6.60275600 
7.74263683e-08 -9.90870077 -9.45736139 -8.43145414 -7.28284277 -6.60275600 
5.99484250e-08 -9.90870077 -9.45736139 -8.43145414 -7.28284277 -6.60275600 
4.64158883e-08 -9.90870077 -9.45736139 -8.43145414 -7.28284277 -6.60275600 
3.59381366e-08 -9.90870077 -9.45736139 -8.43145414 -7.28284277 -6.60275600 
2.78255940e-08 -9.90870077 -9.45736139 -8.43145414 -7.28284277 -6.60275600 
2.15443469e-08 -9.90870077 -9.45736139 -8.43145414 -7.28284277 -6.60275600 
1.66810054e-08 -9.90870077 -9.45736139 -8.43145414 -7.28284277 -6.60275600 
1.29154967e-08 -9.90870077 -9.45736139 -8.43145414 -7.28284277 -6.60275600 
1.00000000e-08 -9.90870077 -9.45736139 -8.43145414 -7.28284277 -6.60275600 
7.74263683e-09 -9.90870077 -9.45736139 -8.43145414 -7.28284277 -6.60275600 
5.99484250e-09 -9.90870077 -9.45736139 -8.43145414 -7.28284277 -6.60275600 
4.64158883e-09 -9.90870077 -9.45736139 -8.43145414 -7.28284277 -6.60275600 
3.59381366e-09 -9.90870077 -9.45736139 -8.43145414 -7.28284277 -6.60275600 
2.78255940e-09 -9.90870077 -9.45736139 -8.43145414 -7.28284277 -6.60275600 
2.15443469e-09 -9.90870077 -9.45736139 -8.43145414 -7.28284277 -6.60275600 
1.66810054e-09 -9.90870077 -9.45736139 -8.43145414 -7.28284277 -6.60275600 
1.29154967e-09 -9.90870077 -9.45736139 -8.43145414 -7.28284277 -6.60275600 
1.00000000e-09 -9.90870077 -9.45736139 -8.43145414 -7.28284277 -6.60275600 
7.74263683e-10 -9.90870077 -9.45736139 -8.43145414 -7.28284277 -6.60275600 
5.99484250e-10 -9.90870077 -9.45736139 -8.43145414 -7.28284277 -6.60275600 
4.64158883e-10 -9.90870077 -9.45736139 -8.43145414 -7.28284277 -6.60275600 
3.59381366e-10 -9.90870077 -9.45736139 -8.43145414 -7.28284277 -6.60275600 
2.78255940e-10 -9.90870077 -9.45736139 -8.43145414 -7.28284277 -6.60275600 
2.15443469e-10 -9.90870077 -9.45736139 -8.43145414 -7.28284277 -6.60275600 
1.66810054e-10 -9.90870077 -9.45736139 -8.43145414 -7.28284277 -6.60275600 
1.29154967e-10 -9.90870077 -9.45736139 -8.43145414 -7.28284277 -6.60275600 
1.00000000e-10 -9.90870077 -9.45736139 -8.43145414 -7.28284277 -6.60275600 
