Chemical species: N2 H2O CO2 CH4 O2 O3 N2O NH3
P (bar) | log_N2: -2σ | log_N2: -1σ | log_N2: median | log_N2: +1σ | log_N2: +2σ 
1.00000000e+01 -0.04487245 -0.03323637 -0.00689234 -0.00022035 -0.00006166 
7.74263683e+00 -0.04487245 -0.03323637 -0.00689234 -0.00022035 -0.00006166 
5.99484250e+00 -0.04487245 -0.03323637 -0.00689234 -0.00022035 -0.00006166 
4.64158883e+00 -0.04487245 -0.03323637 -0.00689234 -0.00022035 -0.00006166 
3.59381366e+00 -0.04487245 -0.03323637 -0.00689234 -0.00022035 -0.00006166 
2.78255940e+00 -0.04487245 -0.03323637 -0.00689234 -0.00022035 -0.00006166 
2.15443469e+00 -0.04487245 -0.03323637 -0.00689234 -0.00022035 -0.00006166 
1.66810054e+00 -0.04487245 -0.03323637 -0.00689234 -0.00022035 -0.00006166 
1.29154967e+00 -0.04487245 -0.03323637 -0.00689234 -0.00022035 -0.00006166 
1.00000000e+00 -0.04487245 -0.03323637 -0.00689234 -0.00022035 -0.00006166 
7.74263683e-01 -0.04487245 -0.03323637 -0.00689234 -0.00022035 -0.00006166 
5.99484250e-01 -0.04487245 -0.03323637 -0.00689234 -0.00022035 -0.00006166 
4.64158883e-01 -0.04487245 -0.03323637 -0.00689234 -0.00022035 -0.00006166 
3.59381366e-01 -0.04487245 -0.03323637 -0.00689234 -0.00022035 -0.00006166 
2.78255940e-01 -0.04487245 -0.03323637 -0.00689234 -0.00022035 -0.00006166 
2.15443469e-01 -0.04487245 -0.03323637 -0.00689234 -0.00022035 -0.00006166 
1.66810054e-01 -0.04487245 -0.03323637 -0.00689234 -0.00022035 -0.00006166 
1.29154967e-01 -0.04487245 -0.03323637 -0.00689234 -0.00022035 -0.00006166 
1.00000000e-01 -0.04487245 -0.03323637 -0.00689234 -0.00022035 -0.00006166 
7.74263683e-02 -0.04487245 -0.03323637 -0.00689234 -0.00022035 -0.00006166 
5.99484250e-02 -0.04487245 -0.03323637 -0.00689234 -0.00022035 -0.00006166 
4.64158883e-02 -0.04487245 -0.03323637 -0.00689234 -0.00022035 -0.00006166 
3.59381366e-02 -0.04487245 -0.03323637 -0.00689234 -0.00022035 -0.00006166 
2.78255940e-02 -0.04487245 -0.03323637 -0.00689234 -0.00022035 -0.00006166 
2.15443469e-02 -0.04487245 -0.03323637 -0.00689234 -0.00022035 -0.00006166 
1.66810054e-02 -0.04487245 -0.03323637 -0.00689234 -0.00022035 -0.00006166 
1.29154967e-02 -0.04487245 -0.03323637 -0.00689234 -0.00022035 -0.00006166 
1.00000000e-02 -0.04487245 -0.03323637 -0.00689234 -0.00022035 -0.00006166 
7.74263683e-03 -0.04487245 -0.03323637 -0.00689234 -0.00022035 -0.00006166 
5.99484250e-03 -0.04487245 -0.03323637 -0.00689234 -0.00022035 -0.00006166 
4.64158883e-03 -0.04487245 -0.03323637 -0.00689234 -0.00022035 -0.00006166 
3.59381366e-03 -0.04487245 -0.03323637 -0.00689234 -0.00022035 -0.00006166 
2.78255940e-03 -0.04487245 -0.03323637 -0.00689234 -0.00022035 -0.00006166 
2.15443469e-03 -0.04487245 -0.03323637 -0.00689234 -0.00022035 -0.00006166 
1.66810054e-03 -0.04487245 -0.03323637 -0.00689234 -0.00022035 -0.00006166 
1.29154967e-03 -0.04487245 -0.03323637 -0.00689234 -0.00022035 -0.00006166 
1.00000000e-03 -0.04487245 -0.03323637 -0.00689234 -0.00022035 -0.00006166 
7.74263683e-04 -0.04487245 -0.03323637 -0.00689234 -0.00022035 -0.00006166 
5.99484250e-04 -0.04487245 -0.03323637 -0.00689234 -0.00022035 -0.00006166 
4.64158883e-04 -0.04487245 -0.03323637 -0.00689234 -0.00022035 -0.00006166 
3.59381366e-04 -0.04487245 -0.03323637 -0.00689234 -0.00022035 -0.00006166 
2.78255940e-04 -0.04487245 -0.03323637 -0.00689234 -0.00022035 -0.00006166 
2.15443469e-04 -0.04487245 -0.03323637 -0.00689234 -0.00022035 -0.00006166 
1.66810054e-04 -0.04487245 -0.03323637 -0.00689234 -0.00022035 -0.00006166 
1.29154967e-04 -0.04487245 -0.03323637 -0.00689234 -0.00022035 -0.00006166 
1.00000000e-04 -0.04487245 -0.03323637 -0.00689234 -0.00022035 -0.00006166 
7.74263683e-05 -0.04487245 -0.03323637 -0.00689234 -0.00022035 -0.00006166 
5.99484250e-05 -0.04487245 -0.03323637 -0.00689234 -0.00022035 -0.00006166 
4.64158883e-05 -0.04487245 -0.03323637 -0.00689234 -0.00022035 -0.00006166 
3.59381366e-05 -0.04487245 -0.03323637 -0.00689234 -0.00022035 -0.00006166 
2.78255940e-05 -0.04487245 -0.03323637 -0.00689234 -0.00022035 -0.00006166 
2.15443469e-05 -0.04487245 -0.03323637 -0.00689234 -0.00022035 -0.00006166 
1.66810054e-05 -0.04487245 -0.03323637 -0.00689234 -0.00022035 -0.00006166 
1.29154967e-05 -0.04487245 -0.03323637 -0.00689234 -0.00022035 -0.00006166 
1.00000000e-05 -0.04487245 -0.03323637 -0.00689234 -0.00022035 -0.00006166 
7.74263683e-06 -0.04487245 -0.03323637 -0.00689234 -0.00022035 -0.00006166 
5.99484250e-06 -0.04487245 -0.03323637 -0.00689234 -0.00022035 -0.00006166 
4.64158883e-06 -0.04487245 -0.03323637 -0.00689234 -0.00022035 -0.00006166 
3.59381366e-06 -0.04487245 -0.03323637 -0.00689234 -0.00022035 -0.00006166 
2.78255940e-06 -0.04487245 -0.03323637 -0.00689234 -0.00022035 -0.00006166 
2.15443469e-06 -0.04487245 -0.03323637 -0.00689234 -0.00022035 -0.00006166 
1.66810054e-06 -0.04487245 -0.03323637 -0.00689234 -0.00022035 -0.00006166 
1.29154967e-06 -0.04487245 -0.03323637 -0.00689234 -0.00022035 -0.00006166 
1.00000000e-06 -0.04487245 -0.03323637 -0.00689234 -0.00022035 -0.00006166 
7.74263683e-07 -0.04487245 -0.03323637 -0.00689234 -0.00022035 -0.00006166 
5.99484250e-07 -0.04487245 -0.03323637 -0.00689234 -0.00022035 -0.00006166 
4.64158883e-07 -0.04487245 -0.03323637 -0.00689234 -0.00022035 -0.00006166 
3.59381366e-07 -0.04487245 -0.03323637 -0.00689234 -0.00022035 -0.00006166 
2.78255940e-07 -0.04487245 -0.03323637 -0.00689234 -0.00022035 -0.00006166 
2.15443469e-07 -0.04487245 -0.03323637 -0.00689234 -0.00022035 -0.00006166 
1.66810054e-07 -0.04487245 -0.03323637 -0.00689234 -0.00022035 -0.00006166 
1.29154967e-07 -0.04487245 -0.03323637 -0.00689234 -0.00022035 -0.00006166 
1.00000000e-07 -0.04487245 -0.03323637 -0.00689234 -0.00022035 -0.00006166 
7.74263683e-08 -0.04487245 -0.03323637 -0.00689234 -0.00022035 -0.00006166 
5.99484250e-08 -0.04487245 -0.03323637 -0.00689234 -0.00022035 -0.00006166 
4.64158883e-08 -0.04487245 -0.03323637 -0.00689234 -0.00022035 -0.00006166 
3.59381366e-08 -0.04487245 -0.03323637 -0.00689234 -0.00022035 -0.00006166 
2.78255940e-08 -0.04487245 -0.03323637 -0.00689234 -0.00022035 -0.00006166 
2.15443469e-08 -0.04487245 -0.03323637 -0.00689234 -0.00022035 -0.00006166 
1.66810054e-08 -0.04487245 -0.03323637 -0.00689234 -0.00022035 -0.00006166 
1.29154967e-08 -0.04487245 -0.03323637 -0.00689234 -0.00022035 -0.00006166 
1.00000000e-08 -0.04487245 -0.03323637 -0.00689234 -0.00022035 -0.00006166 
7.74263683e-09 -0.04487245 -0.03323637 -0.00689234 -0.00022035 -0.00006166 
5.99484250e-09 -0.04487245 -0.03323637 -0.00689234 -0.00022035 -0.00006166 
4.64158883e-09 -0.04487245 -0.03323637 -0.00689234 -0.00022035 -0.00006166 
3.59381366e-09 -0.04487245 -0.03323637 -0.00689234 -0.00022035 -0.00006166 
2.78255940e-09 -0.04487245 -0.03323637 -0.00689234 -0.00022035 -0.00006166 
2.15443469e-09 -0.04487245 -0.03323637 -0.00689234 -0.00022035 -0.00006166 
1.66810054e-09 -0.04487245 -0.03323637 -0.00689234 -0.00022035 -0.00006166 
1.29154967e-09 -0.04487245 -0.03323637 -0.00689234 -0.00022035 -0.00006166 
1.00000000e-09 -0.04487245 -0.03323637 -0.00689234 -0.00022035 -0.00006166 
7.74263683e-10 -0.04487245 -0.03323637 -0.00689234 -0.00022035 -0.00006166 
5.99484250e-10 -0.04487245 -0.03323637 -0.00689234 -0.00022035 -0.00006166 
4.64158883e-10 -0.04487245 -0.03323637 -0.00689234 -0.00022035 -0.00006166 
3.59381366e-10 -0.04487245 -0.03323637 -0.00689234 -0.00022035 -0.00006166 
2.78255940e-10 -0.04487245 -0.03323637 -0.00689234 -0.00022035 -0.00006166 
2.15443469e-10 -0.04487245 -0.03323637 -0.00689234 -0.00022035 -0.00006166 
1.66810054e-10 -0.04487245 -0.03323637 -0.00689234 -0.00022035 -0.00006166 
1.29154967e-10 -0.04487245 -0.03323637 -0.00689234 -0.00022035 -0.00006166 
1.00000000e-10 -0.04487245 -0.03323637 -0.00689234 -0.00022035 -0.00006166 
P (bar) | log_H2O: -2σ | log_H2O: -1σ | log_H2O: median | log_H2O: +1σ | log_H2O: +2σ 
1.00000000e+01 -5.22108839 -4.83711348 -4.45918224 -4.07912266 -3.69091297 
7.74263683e+00 -5.22108839 -4.83711348 -4.45918224 -4.07912266 -3.69091297 
5.99484250e+00 -5.22108839 -4.83711348 -4.45918224 -4.07912266 -3.69091297 
4.64158883e+00 -5.22108839 -4.83711348 -4.45918224 -4.07912266 -3.69091297 
3.59381366e+00 -5.22108839 -4.83711348 -4.45918224 -4.07912266 -3.69091297 
2.78255940e+00 -5.22108839 -4.83711348 -4.45918224 -4.07912266 -3.69091297 
2.15443469e+00 -5.22108839 -4.83711348 -4.45918224 -4.07912266 -3.69091297 
1.66810054e+00 -5.22108839 -4.83711348 -4.45918224 -4.07912266 -3.69091297 
1.29154967e+00 -5.22108839 -4.83711348 -4.45918224 -4.07912266 -3.69091297 
1.00000000e+00 -5.22108839 -4.83711348 -4.45918224 -4.07912266 -3.69091297 
7.74263683e-01 -5.22108839 -4.83711348 -4.45918224 -4.07912266 -3.69091297 
5.99484250e-01 -5.22108839 -4.83711348 -4.45918224 -4.07912266 -3.69091297 
4.64158883e-01 -5.22108839 -4.83711348 -4.45918224 -4.07912266 -3.69091297 
3.59381366e-01 -5.22108839 -4.83711348 -4.45918224 -4.07912266 -3.69091297 
2.78255940e-01 -5.22108839 -4.83711348 -4.45918224 -4.07912266 -3.69091297 
2.15443469e-01 -5.22108839 -4.83711348 -4.45918224 -4.07912266 -3.69091297 
1.66810054e-01 -5.22108839 -4.83711348 -4.45918224 -4.07912266 -3.69091297 
1.29154967e-01 -5.22108839 -4.83711348 -4.45918224 -4.07912266 -3.69091297 
1.00000000e-01 -5.22108839 -4.83711348 -4.45918224 -4.07912266 -3.69091297 
7.74263683e-02 -5.22108839 -4.83711348 -4.45918224 -4.07912266 -3.69091297 
5.99484250e-02 -5.22108839 -4.83711348 -4.45918224 -4.07912266 -3.69091297 
4.64158883e-02 -5.22108839 -4.83711348 -4.45918224 -4.07912266 -3.69091297 
3.59381366e-02 -5.22108839 -4.83711348 -4.45918224 -4.07912266 -3.69091297 
2.78255940e-02 -5.22108839 -4.83711348 -4.45918224 -4.07912266 -3.69091297 
2.15443469e-02 -5.22108839 -4.83711348 -4.45918224 -4.07912266 -3.69091297 
1.66810054e-02 -5.22108839 -4.83711348 -4.45918224 -4.07912266 -3.69091297 
1.29154967e-02 -5.22108839 -4.83711348 -4.45918224 -4.07912266 -3.69091297 
1.00000000e-02 -5.22108839 -4.83711348 -4.45918224 -4.07912266 -3.69091297 
7.74263683e-03 -5.22108839 -4.83711348 -4.45918224 -4.07912266 -3.69091297 
5.99484250e-03 -5.22108839 -4.83711348 -4.45918224 -4.07912266 -3.69091297 
4.64158883e-03 -5.22108839 -4.83711348 -4.45918224 -4.07912266 -3.69091297 
3.59381366e-03 -5.22108839 -4.83711348 -4.45918224 -4.07912266 -3.69091297 
2.78255940e-03 -5.22108839 -4.83711348 -4.45918224 -4.07912266 -3.69091297 
2.15443469e-03 -5.22108839 -4.83711348 -4.45918224 -4.07912266 -3.69091297 
1.66810054e-03 -5.22108839 -4.83711348 -4.45918224 -4.07912266 -3.69091297 
1.29154967e-03 -5.22108839 -4.83711348 -4.45918224 -4.07912266 -3.69091297 
1.00000000e-03 -5.22108839 -4.83711348 -4.45918224 -4.07912266 -3.69091297 
7.74263683e-04 -5.22108839 -4.83711348 -4.45918224 -4.07912266 -3.69091297 
5.99484250e-04 -5.22108839 -4.83711348 -4.45918224 -4.07912266 -3.69091297 
4.64158883e-04 -5.22108839 -4.83711348 -4.45918224 -4.07912266 -3.69091297 
3.59381366e-04 -5.22108839 -4.83711348 -4.45918224 -4.07912266 -3.69091297 
2.78255940e-04 -5.22108839 -4.83711348 -4.45918224 -4.07912266 -3.69091297 
2.15443469e-04 -5.22108839 -4.83711348 -4.45918224 -4.07912266 -3.69091297 
1.66810054e-04 -5.22108839 -4.83711348 -4.45918224 -4.07912266 -3.69091297 
1.29154967e-04 -5.22108839 -4.83711348 -4.45918224 -4.07912266 -3.69091297 
1.00000000e-04 -5.22108839 -4.83711348 -4.45918224 -4.07912266 -3.69091297 
7.74263683e-05 -5.22108839 -4.83711348 -4.45918224 -4.07912266 -3.69091297 
5.99484250e-05 -5.22108839 -4.83711348 -4.45918224 -4.07912266 -3.69091297 
4.64158883e-05 -5.22108839 -4.83711348 -4.45918224 -4.07912266 -3.69091297 
3.59381366e-05 -5.22108839 -4.83711348 -4.45918224 -4.07912266 -3.69091297 
2.78255940e-05 -5.22108839 -4.83711348 -4.45918224 -4.07912266 -3.69091297 
2.15443469e-05 -5.22108839 -4.83711348 -4.45918224 -4.07912266 -3.69091297 
1.66810054e-05 -5.22108839 -4.83711348 -4.45918224 -4.07912266 -3.69091297 
1.29154967e-05 -5.22108839 -4.83711348 -4.45918224 -4.07912266 -3.69091297 
1.00000000e-05 -5.22108839 -4.83711348 -4.45918224 -4.07912266 -3.69091297 
7.74263683e-06 -5.22108839 -4.83711348 -4.45918224 -4.07912266 -3.69091297 
5.99484250e-06 -5.22108839 -4.83711348 -4.45918224 -4.07912266 -3.69091297 
4.64158883e-06 -5.22108839 -4.83711348 -4.45918224 -4.07912266 -3.69091297 
3.59381366e-06 -5.22108839 -4.83711348 -4.45918224 -4.07912266 -3.69091297 
2.78255940e-06 -5.22108839 -4.83711348 -4.45918224 -4.07912266 -3.69091297 
2.15443469e-06 -5.22108839 -4.83711348 -4.45918224 -4.07912266 -3.69091297 
1.66810054e-06 -5.22108839 -4.83711348 -4.45918224 -4.07912266 -3.69091297 
1.29154967e-06 -5.22108839 -4.83711348 -4.45918224 -4.07912266 -3.69091297 
1.00000000e-06 -5.22108839 -4.83711348 -4.45918224 -4.07912266 -3.69091297 
7.74263683e-07 -5.22108839 -4.83711348 -4.45918224 -4.07912266 -3.69091297 
5.99484250e-07 -5.22108839 -4.83711348 -4.45918224 -4.07912266 -3.69091297 
4.64158883e-07 -5.22108839 -4.83711348 -4.45918224 -4.07912266 -3.69091297 
3.59381366e-07 -5.22108839 -4.83711348 -4.45918224 -4.07912266 -3.69091297 
2.78255940e-07 -5.22108839 -4.83711348 -4.45918224 -4.07912266 -3.69091297 
2.15443469e-07 -5.22108839 -4.83711348 -4.45918224 -4.07912266 -3.69091297 
1.66810054e-07 -5.22108839 -4.83711348 -4.45918224 -4.07912266 -3.69091297 
1.29154967e-07 -5.22108839 -4.83711348 -4.45918224 -4.07912266 -3.69091297 
1.00000000e-07 -5.22108839 -4.83711348 -4.45918224 -4.07912266 -3.69091297 
7.74263683e-08 -5.22108839 -4.83711348 -4.45918224 -4.07912266 -3.69091297 
5.99484250e-08 -5.22108839 -4.83711348 -4.45918224 -4.07912266 -3.69091297 
4.64158883e-08 -5.22108839 -4.83711348 -4.45918224 -4.07912266 -3.69091297 
3.59381366e-08 -5.22108839 -4.83711348 -4.45918224 -4.07912266 -3.69091297 
2.78255940e-08 -5.22108839 -4.83711348 -4.45918224 -4.07912266 -3.69091297 
2.15443469e-08 -5.22108839 -4.83711348 -4.45918224 -4.07912266 -3.69091297 
1.66810054e-08 -5.22108839 -4.83711348 -4.45918224 -4.07912266 -3.69091297 
1.29154967e-08 -5.22108839 -4.83711348 -4.45918224 -4.07912266 -3.69091297 
1.00000000e-08 -5.22108839 -4.83711348 -4.45918224 -4.07912266 -3.69091297 
7.74263683e-09 -5.22108839 -4.83711348 -4.45918224 -4.07912266 -3.69091297 
5.99484250e-09 -5.22108839 -4.83711348 -4.45918224 -4.07912266 -3.69091297 
4.64158883e-09 -5.22108839 -4.83711348 -4.45918224 -4.07912266 -3.69091297 
3.59381366e-09 -5.22108839 -4.83711348 -4.45918224 -4.07912266 -3.69091297 
2.78255940e-09 -5.22108839 -4.83711348 -4.45918224 -4.07912266 -3.69091297 
2.15443469e-09 -5.22108839 -4.83711348 -4.45918224 -4.07912266 -3.69091297 
1.66810054e-09 -5.22108839 -4.83711348 -4.45918224 -4.07912266 -3.69091297 
1.29154967e-09 -5.22108839 -4.83711348 -4.45918224 -4.07912266 -3.69091297 
1.00000000e-09 -5.22108839 -4.83711348 -4.45918224 -4.07912266 -3.69091297 
7.74263683e-10 -5.22108839 -4.83711348 -4.45918224 -4.07912266 -3.69091297 
5.99484250e-10 -5.22108839 -4.83711348 -4.45918224 -4.07912266 -3.69091297 
4.64158883e-10 -5.22108839 -4.83711348 -4.45918224 -4.07912266 -3.69091297 
3.59381366e-10 -5.22108839 -4.83711348 -4.45918224 -4.07912266 -3.69091297 
2.78255940e-10 -5.22108839 -4.83711348 -4.45918224 -4.07912266 -3.69091297 
2.15443469e-10 -5.22108839 -4.83711348 -4.45918224 -4.07912266 -3.69091297 
1.66810054e-10 -5.22108839 -4.83711348 -4.45918224 -4.07912266 -3.69091297 
1.29154967e-10 -5.22108839 -4.83711348 -4.45918224 -4.07912266 -3.69091297 
1.00000000e-10 -5.22108839 -4.83711348 -4.45918224 -4.07912266 -3.69091297 
P (bar) | log_CO2: -2σ | log_CO2: -1σ | log_CO2: median | log_CO2: +1σ | log_CO2: +2σ 
1.00000000e+01 -4.18469209 -3.70947640 -3.25347369 -2.82067247 -2.36721776 
7.74263683e+00 -4.18469209 -3.70947640 -3.25347369 -2.82067247 -2.36721776 
5.99484250e+00 -4.18469209 -3.70947640 -3.25347369 -2.82067247 -2.36721776 
4.64158883e+00 -4.18469209 -3.70947640 -3.25347369 -2.82067247 -2.36721776 
3.59381366e+00 -4.18469209 -3.70947640 -3.25347369 -2.82067247 -2.36721776 
2.78255940e+00 -4.18469209 -3.70947640 -3.25347369 -2.82067247 -2.36721776 
2.15443469e+00 -4.18469209 -3.70947640 -3.25347369 -2.82067247 -2.36721776 
1.66810054e+00 -4.18469209 -3.70947640 -3.25347369 -2.82067247 -2.36721776 
1.29154967e+00 -4.18469209 -3.70947640 -3.25347369 -2.82067247 -2.36721776 
1.00000000e+00 -4.18469209 -3.70947640 -3.25347369 -2.82067247 -2.36721776 
7.74263683e-01 -4.18469209 -3.70947640 -3.25347369 -2.82067247 -2.36721776 
5.99484250e-01 -4.18469209 -3.70947640 -3.25347369 -2.82067247 -2.36721776 
4.64158883e-01 -4.18469209 -3.70947640 -3.25347369 -2.82067247 -2.36721776 
3.59381366e-01 -4.18469209 -3.70947640 -3.25347369 -2.82067247 -2.36721776 
2.78255940e-01 -4.18469209 -3.70947640 -3.25347369 -2.82067247 -2.36721776 
2.15443469e-01 -4.18469209 -3.70947640 -3.25347369 -2.82067247 -2.36721776 
1.66810054e-01 -4.18469209 -3.70947640 -3.25347369 -2.82067247 -2.36721776 
1.29154967e-01 -4.18469209 -3.70947640 -3.25347369 -2.82067247 -2.36721776 
1.00000000e-01 -4.18469209 -3.70947640 -3.25347369 -2.82067247 -2.36721776 
7.74263683e-02 -4.18469209 -3.70947640 -3.25347369 -2.82067247 -2.36721776 
5.99484250e-02 -4.18469209 -3.70947640 -3.25347369 -2.82067247 -2.36721776 
4.64158883e-02 -4.18469209 -3.70947640 -3.25347369 -2.82067247 -2.36721776 
3.59381366e-02 -4.18469209 -3.70947640 -3.25347369 -2.82067247 -2.36721776 
2.78255940e-02 -4.18469209 -3.70947640 -3.25347369 -2.82067247 -2.36721776 
2.15443469e-02 -4.18469209 -3.70947640 -3.25347369 -2.82067247 -2.36721776 
1.66810054e-02 -4.18469209 -3.70947640 -3.25347369 -2.82067247 -2.36721776 
1.29154967e-02 -4.18469209 -3.70947640 -3.25347369 -2.82067247 -2.36721776 
1.00000000e-02 -4.18469209 -3.70947640 -3.25347369 -2.82067247 -2.36721776 
7.74263683e-03 -4.18469209 -3.70947640 -3.25347369 -2.82067247 -2.36721776 
5.99484250e-03 -4.18469209 -3.70947640 -3.25347369 -2.82067247 -2.36721776 
4.64158883e-03 -4.18469209 -3.70947640 -3.25347369 -2.82067247 -2.36721776 
3.59381366e-03 -4.18469209 -3.70947640 -3.25347369 -2.82067247 -2.36721776 
2.78255940e-03 -4.18469209 -3.70947640 -3.25347369 -2.82067247 -2.36721776 
2.15443469e-03 -4.18469209 -3.70947640 -3.25347369 -2.82067247 -2.36721776 
1.66810054e-03 -4.18469209 -3.70947640 -3.25347369 -2.82067247 -2.36721776 
1.29154967e-03 -4.18469209 -3.70947640 -3.25347369 -2.82067247 -2.36721776 
1.00000000e-03 -4.18469209 -3.70947640 -3.25347369 -2.82067247 -2.36721776 
7.74263683e-04 -4.18469209 -3.70947640 -3.25347369 -2.82067247 -2.36721776 
5.99484250e-04 -4.18469209 -3.70947640 -3.25347369 -2.82067247 -2.36721776 
4.64158883e-04 -4.18469209 -3.70947640 -3.25347369 -2.82067247 -2.36721776 
3.59381366e-04 -4.18469209 -3.70947640 -3.25347369 -2.82067247 -2.36721776 
2.78255940e-04 -4.18469209 -3.70947640 -3.25347369 -2.82067247 -2.36721776 
2.15443469e-04 -4.18469209 -3.70947640 -3.25347369 -2.82067247 -2.36721776 
1.66810054e-04 -4.18469209 -3.70947640 -3.25347369 -2.82067247 -2.36721776 
1.29154967e-04 -4.18469209 -3.70947640 -3.25347369 -2.82067247 -2.36721776 
1.00000000e-04 -4.18469209 -3.70947640 -3.25347369 -2.82067247 -2.36721776 
7.74263683e-05 -4.18469209 -3.70947640 -3.25347369 -2.82067247 -2.36721776 
5.99484250e-05 -4.18469209 -3.70947640 -3.25347369 -2.82067247 -2.36721776 
4.64158883e-05 -4.18469209 -3.70947640 -3.25347369 -2.82067247 -2.36721776 
3.59381366e-05 -4.18469209 -3.70947640 -3.25347369 -2.82067247 -2.36721776 
2.78255940e-05 -4.18469209 -3.70947640 -3.25347369 -2.82067247 -2.36721776 
2.15443469e-05 -4.18469209 -3.70947640 -3.25347369 -2.82067247 -2.36721776 
1.66810054e-05 -4.18469209 -3.70947640 -3.25347369 -2.82067247 -2.36721776 
1.29154967e-05 -4.18469209 -3.70947640 -3.25347369 -2.82067247 -2.36721776 
1.00000000e-05 -4.18469209 -3.70947640 -3.25347369 -2.82067247 -2.36721776 
7.74263683e-06 -4.18469209 -3.70947640 -3.25347369 -2.82067247 -2.36721776 
5.99484250e-06 -4.18469209 -3.70947640 -3.25347369 -2.82067247 -2.36721776 
4.64158883e-06 -4.18469209 -3.70947640 -3.25347369 -2.82067247 -2.36721776 
3.59381366e-06 -4.18469209 -3.70947640 -3.25347369 -2.82067247 -2.36721776 
2.78255940e-06 -4.18469209 -3.70947640 -3.25347369 -2.82067247 -2.36721776 
2.15443469e-06 -4.18469209 -3.70947640 -3.25347369 -2.82067247 -2.36721776 
1.66810054e-06 -4.18469209 -3.70947640 -3.25347369 -2.82067247 -2.36721776 
1.29154967e-06 -4.18469209 -3.70947640 -3.25347369 -2.82067247 -2.36721776 
1.00000000e-06 -4.18469209 -3.70947640 -3.25347369 -2.82067247 -2.36721776 
7.74263683e-07 -4.18469209 -3.70947640 -3.25347369 -2.82067247 -2.36721776 
5.99484250e-07 -4.18469209 -3.70947640 -3.25347369 -2.82067247 -2.36721776 
4.64158883e-07 -4.18469209 -3.70947640 -3.25347369 -2.82067247 -2.36721776 
3.59381366e-07 -4.18469209 -3.70947640 -3.25347369 -2.82067247 -2.36721776 
2.78255940e-07 -4.18469209 -3.70947640 -3.25347369 -2.82067247 -2.36721776 
2.15443469e-07 -4.18469209 -3.70947640 -3.25347369 -2.82067247 -2.36721776 
1.66810054e-07 -4.18469209 -3.70947640 -3.25347369 -2.82067247 -2.36721776 
1.29154967e-07 -4.18469209 -3.70947640 -3.25347369 -2.82067247 -2.36721776 
1.00000000e-07 -4.18469209 -3.70947640 -3.25347369 -2.82067247 -2.36721776 
7.74263683e-08 -4.18469209 -3.70947640 -3.25347369 -2.82067247 -2.36721776 
5.99484250e-08 -4.18469209 -3.70947640 -3.25347369 -2.82067247 -2.36721776 
4.64158883e-08 -4.18469209 -3.70947640 -3.25347369 -2.82067247 -2.36721776 
3.59381366e-08 -4.18469209 -3.70947640 -3.25347369 -2.82067247 -2.36721776 
2.78255940e-08 -4.18469209 -3.70947640 -3.25347369 -2.82067247 -2.36721776 
2.15443469e-08 -4.18469209 -3.70947640 -3.25347369 -2.82067247 -2.36721776 
1.66810054e-08 -4.18469209 -3.70947640 -3.25347369 -2.82067247 -2.36721776 
1.29154967e-08 -4.18469209 -3.70947640 -3.25347369 -2.82067247 -2.36721776 
1.00000000e-08 -4.18469209 -3.70947640 -3.25347369 -2.82067247 -2.36721776 
7.74263683e-09 -4.18469209 -3.70947640 -3.25347369 -2.82067247 -2.36721776 
5.99484250e-09 -4.18469209 -3.70947640 -3.25347369 -2.82067247 -2.36721776 
4.64158883e-09 -4.18469209 -3.70947640 -3.25347369 -2.82067247 -2.36721776 
3.59381366e-09 -4.18469209 -3.70947640 -3.25347369 -2.82067247 -2.36721776 
2.78255940e-09 -4.18469209 -3.70947640 -3.25347369 -2.82067247 -2.36721776 
2.15443469e-09 -4.18469209 -3.70947640 -3.25347369 -2.82067247 -2.36721776 
1.66810054e-09 -4.18469209 -3.70947640 -3.25347369 -2.82067247 -2.36721776 
1.29154967e-09 -4.18469209 -3.70947640 -3.25347369 -2.82067247 -2.36721776 
1.00000000e-09 -4.18469209 -3.70947640 -3.25347369 -2.82067247 -2.36721776 
7.74263683e-10 -4.18469209 -3.70947640 -3.25347369 -2.82067247 -2.36721776 
5.99484250e-10 -4.18469209 -3.70947640 -3.25347369 -2.82067247 -2.36721776 
4.64158883e-10 -4.18469209 -3.70947640 -3.25347369 -2.82067247 -2.36721776 
3.59381366e-10 -4.18469209 -3.70947640 -3.25347369 -2.82067247 -2.36721776 
2.78255940e-10 -4.18469209 -3.70947640 -3.25347369 -2.82067247 -2.36721776 
2.15443469e-10 -4.18469209 -3.70947640 -3.25347369 -2.82067247 -2.36721776 
1.66810054e-10 -4.18469209 -3.70947640 -3.25347369 -2.82067247 -2.36721776 
1.29154967e-10 -4.18469209 -3.70947640 -3.25347369 -2.82067247 -2.36721776 
1.00000000e-10 -4.18469209 -3.70947640 -3.25347369 -2.82067247 -2.36721776 
P (bar) | log_CH4: -2σ | log_CH4: -1σ | log_CH4: median | log_CH4: +1σ | log_CH4: +2σ 
1.00000000e+01 -5.43402667 -5.17463787 -4.93195852 -4.63987252 -4.39705169 
7.74263683e+00 -5.43402667 -5.17463787 -4.93195852 -4.63987252 -4.39705169 
5.99484250e+00 -5.43402667 -5.17463787 -4.93195852 -4.63987252 -4.39705169 
4.64158883e+00 -5.43402667 -5.17463787 -4.93195852 -4.63987252 -4.39705169 
3.59381366e+00 -5.43402667 -5.17463787 -4.93195852 -4.63987252 -4.39705169 
2.78255940e+00 -5.43402667 -5.17463787 -4.93195852 -4.63987252 -4.39705169 
2.15443469e+00 -5.43402667 -5.17463787 -4.93195852 -4.63987252 -4.39705169 
1.66810054e+00 -5.43402667 -5.17463787 -4.93195852 -4.63987252 -4.39705169 
1.29154967e+00 -5.43402667 -5.17463787 -4.93195852 -4.63987252 -4.39705169 
1.00000000e+00 -5.43402667 -5.17463787 -4.93195852 -4.63987252 -4.39705169 
7.74263683e-01 -5.43402667 -5.17463787 -4.93195852 -4.63987252 -4.39705169 
5.99484250e-01 -5.43402667 -5.17463787 -4.93195852 -4.63987252 -4.39705169 
4.64158883e-01 -5.43402667 -5.17463787 -4.93195852 -4.63987252 -4.39705169 
3.59381366e-01 -5.43402667 -5.17463787 -4.93195852 -4.63987252 -4.39705169 
2.78255940e-01 -5.43402667 -5.17463787 -4.93195852 -4.63987252 -4.39705169 
2.15443469e-01 -5.43402667 -5.17463787 -4.93195852 -4.63987252 -4.39705169 
1.66810054e-01 -5.43402667 -5.17463787 -4.93195852 -4.63987252 -4.39705169 
1.29154967e-01 -5.43402667 -5.17463787 -4.93195852 -4.63987252 -4.39705169 
1.00000000e-01 -5.43402667 -5.17463787 -4.93195852 -4.63987252 -4.39705169 
7.74263683e-02 -5.43402667 -5.17463787 -4.93195852 -4.63987252 -4.39705169 
5.99484250e-02 -5.43402667 -5.17463787 -4.93195852 -4.63987252 -4.39705169 
4.64158883e-02 -5.43402667 -5.17463787 -4.93195852 -4.63987252 -4.39705169 
3.59381366e-02 -5.43402667 -5.17463787 -4.93195852 -4.63987252 -4.39705169 
2.78255940e-02 -5.43402667 -5.17463787 -4.93195852 -4.63987252 -4.39705169 
2.15443469e-02 -5.43402667 -5.17463787 -4.93195852 -4.63987252 -4.39705169 
1.66810054e-02 -5.43402667 -5.17463787 -4.93195852 -4.63987252 -4.39705169 
1.29154967e-02 -5.43402667 -5.17463787 -4.93195852 -4.63987252 -4.39705169 
1.00000000e-02 -5.43402667 -5.17463787 -4.93195852 -4.63987252 -4.39705169 
7.74263683e-03 -5.43402667 -5.17463787 -4.93195852 -4.63987252 -4.39705169 
5.99484250e-03 -5.43402667 -5.17463787 -4.93195852 -4.63987252 -4.39705169 
4.64158883e-03 -5.43402667 -5.17463787 -4.93195852 -4.63987252 -4.39705169 
3.59381366e-03 -5.43402667 -5.17463787 -4.93195852 -4.63987252 -4.39705169 
2.78255940e-03 -5.43402667 -5.17463787 -4.93195852 -4.63987252 -4.39705169 
2.15443469e-03 -5.43402667 -5.17463787 -4.93195852 -4.63987252 -4.39705169 
1.66810054e-03 -5.43402667 -5.17463787 -4.93195852 -4.63987252 -4.39705169 
1.29154967e-03 -5.43402667 -5.17463787 -4.93195852 -4.63987252 -4.39705169 
1.00000000e-03 -5.43402667 -5.17463787 -4.93195852 -4.63987252 -4.39705169 
7.74263683e-04 -5.43402667 -5.17463787 -4.93195852 -4.63987252 -4.39705169 
5.99484250e-04 -5.43402667 -5.17463787 -4.93195852 -4.63987252 -4.39705169 
4.64158883e-04 -5.43402667 -5.17463787 -4.93195852 -4.63987252 -4.39705169 
3.59381366e-04 -5.43402667 -5.17463787 -4.93195852 -4.63987252 -4.39705169 
2.78255940e-04 -5.43402667 -5.17463787 -4.93195852 -4.63987252 -4.39705169 
2.15443469e-04 -5.43402667 -5.17463787 -4.93195852 -4.63987252 -4.39705169 
1.66810054e-04 -5.43402667 -5.17463787 -4.93195852 -4.63987252 -4.39705169 
1.29154967e-04 -5.43402667 -5.17463787 -4.93195852 -4.63987252 -4.39705169 
1.00000000e-04 -5.43402667 -5.17463787 -4.93195852 -4.63987252 -4.39705169 
7.74263683e-05 -5.43402667 -5.17463787 -4.93195852 -4.63987252 -4.39705169 
5.99484250e-05 -5.43402667 -5.17463787 -4.93195852 -4.63987252 -4.39705169 
4.64158883e-05 -5.43402667 -5.17463787 -4.93195852 -4.63987252 -4.39705169 
3.59381366e-05 -5.43402667 -5.17463787 -4.93195852 -4.63987252 -4.39705169 
2.78255940e-05 -5.43402667 -5.17463787 -4.93195852 -4.63987252 -4.39705169 
2.15443469e-05 -5.43402667 -5.17463787 -4.93195852 -4.63987252 -4.39705169 
1.66810054e-05 -5.43402667 -5.17463787 -4.93195852 -4.63987252 -4.39705169 
1.29154967e-05 -5.43402667 -5.17463787 -4.93195852 -4.63987252 -4.39705169 
1.00000000e-05 -5.43402667 -5.17463787 -4.93195852 -4.63987252 -4.39705169 
7.74263683e-06 -5.43402667 -5.17463787 -4.93195852 -4.63987252 -4.39705169 
5.99484250e-06 -5.43402667 -5.17463787 -4.93195852 -4.63987252 -4.39705169 
4.64158883e-06 -5.43402667 -5.17463787 -4.93195852 -4.63987252 -4.39705169 
3.59381366e-06 -5.43402667 -5.17463787 -4.93195852 -4.63987252 -4.39705169 
2.78255940e-06 -5.43402667 -5.17463787 -4.93195852 -4.63987252 -4.39705169 
2.15443469e-06 -5.43402667 -5.17463787 -4.93195852 -4.63987252 -4.39705169 
1.66810054e-06 -5.43402667 -5.17463787 -4.93195852 -4.63987252 -4.39705169 
1.29154967e-06 -5.43402667 -5.17463787 -4.93195852 -4.63987252 -4.39705169 
1.00000000e-06 -5.43402667 -5.17463787 -4.93195852 -4.63987252 -4.39705169 
7.74263683e-07 -5.43402667 -5.17463787 -4.93195852 -4.63987252 -4.39705169 
5.99484250e-07 -5.43402667 -5.17463787 -4.93195852 -4.63987252 -4.39705169 
4.64158883e-07 -5.43402667 -5.17463787 -4.93195852 -4.63987252 -4.39705169 
3.59381366e-07 -5.43402667 -5.17463787 -4.93195852 -4.63987252 -4.39705169 
2.78255940e-07 -5.43402667 -5.17463787 -4.93195852 -4.63987252 -4.39705169 
2.15443469e-07 -5.43402667 -5.17463787 -4.93195852 -4.63987252 -4.39705169 
1.66810054e-07 -5.43402667 -5.17463787 -4.93195852 -4.63987252 -4.39705169 
1.29154967e-07 -5.43402667 -5.17463787 -4.93195852 -4.63987252 -4.39705169 
1.00000000e-07 -5.43402667 -5.17463787 -4.93195852 -4.63987252 -4.39705169 
7.74263683e-08 -5.43402667 -5.17463787 -4.93195852 -4.63987252 -4.39705169 
5.99484250e-08 -5.43402667 -5.17463787 -4.93195852 -4.63987252 -4.39705169 
4.64158883e-08 -5.43402667 -5.17463787 -4.93195852 -4.63987252 -4.39705169 
3.59381366e-08 -5.43402667 -5.17463787 -4.93195852 -4.63987252 -4.39705169 
2.78255940e-08 -5.43402667 -5.17463787 -4.93195852 -4.63987252 -4.39705169 
2.15443469e-08 -5.43402667 -5.17463787 -4.93195852 -4.63987252 -4.39705169 
1.66810054e-08 -5.43402667 -5.17463787 -4.93195852 -4.63987252 -4.39705169 
1.29154967e-08 -5.43402667 -5.17463787 -4.93195852 -4.63987252 -4.39705169 
1.00000000e-08 -5.43402667 -5.17463787 -4.93195852 -4.63987252 -4.39705169 
7.74263683e-09 -5.43402667 -5.17463787 -4.93195852 -4.63987252 -4.39705169 
5.99484250e-09 -5.43402667 -5.17463787 -4.93195852 -4.63987252 -4.39705169 
4.64158883e-09 -5.43402667 -5.17463787 -4.93195852 -4.63987252 -4.39705169 
3.59381366e-09 -5.43402667 -5.17463787 -4.93195852 -4.63987252 -4.39705169 
2.78255940e-09 -5.43402667 -5.17463787 -4.93195852 -4.63987252 -4.39705169 
2.15443469e-09 -5.43402667 -5.17463787 -4.93195852 -4.63987252 -4.39705169 
1.66810054e-09 -5.43402667 -5.17463787 -4.93195852 -4.63987252 -4.39705169 
1.29154967e-09 -5.43402667 -5.17463787 -4.93195852 -4.63987252 -4.39705169 
1.00000000e-09 -5.43402667 -5.17463787 -4.93195852 -4.63987252 -4.39705169 
7.74263683e-10 -5.43402667 -5.17463787 -4.93195852 -4.63987252 -4.39705169 
5.99484250e-10 -5.43402667 -5.17463787 -4.93195852 -4.63987252 -4.39705169 
4.64158883e-10 -5.43402667 -5.17463787 -4.93195852 -4.63987252 -4.39705169 
3.59381366e-10 -5.43402667 -5.17463787 -4.93195852 -4.63987252 -4.39705169 
2.78255940e-10 -5.43402667 -5.17463787 -4.93195852 -4.63987252 -4.39705169 
2.15443469e-10 -5.43402667 -5.17463787 -4.93195852 -4.63987252 -4.39705169 
1.66810054e-10 -5.43402667 -5.17463787 -4.93195852 -4.63987252 -4.39705169 
1.29154967e-10 -5.43402667 -5.17463787 -4.93195852 -4.63987252 -4.39705169 
1.00000000e-10 -5.43402667 -5.17463787 -4.93195852 -4.63987252 -4.39705169 
P (bar) | log_O2: -2σ | log_O2: -1σ | log_O2: median | log_O2: +1σ | log_O2: +2σ 
1.00000000e+01 -9.56827454 -6.35840550 -1.83740728 -1.13947609 -1.01288891 
7.74263683e+00 -9.56827454 -6.35840550 -1.83740728 -1.13947609 -1.01288891 
5.99484250e+00 -9.56827454 -6.35840550 -1.83740728 -1.13947609 -1.01288891 
4.64158883e+00 -9.56827454 -6.35840550 -1.83740728 -1.13947609 -1.01288891 
3.59381366e+00 -9.56827454 -6.35840550 -1.83740728 -1.13947609 -1.01288891 
2.78255940e+00 -9.56827454 -6.35840550 -1.83740728 -1.13947609 -1.01288891 
2.15443469e+00 -9.56827454 -6.35840550 -1.83740728 -1.13947609 -1.01288891 
1.66810054e+00 -9.56827454 -6.35840550 -1.83740728 -1.13947609 -1.01288891 
1.29154967e+00 -9.56827454 -6.35840550 -1.83740728 -1.13947609 -1.01288891 
1.00000000e+00 -9.56827454 -6.35840550 -1.83740728 -1.13947609 -1.01288891 
7.74263683e-01 -9.56827454 -6.35840550 -1.83740728 -1.13947609 -1.01288891 
5.99484250e-01 -9.56827454 -6.35840550 -1.83740728 -1.13947609 -1.01288891 
4.64158883e-01 -9.56827454 -6.35840550 -1.83740728 -1.13947609 -1.01288891 
3.59381366e-01 -9.56827454 -6.35840550 -1.83740728 -1.13947609 -1.01288891 
2.78255940e-01 -9.56827454 -6.35840550 -1.83740728 -1.13947609 -1.01288891 
2.15443469e-01 -9.56827454 -6.35840550 -1.83740728 -1.13947609 -1.01288891 
1.66810054e-01 -9.56827454 -6.35840550 -1.83740728 -1.13947609 -1.01288891 
1.29154967e-01 -9.56827454 -6.35840550 -1.83740728 -1.13947609 -1.01288891 
1.00000000e-01 -9.56827454 -6.35840550 -1.83740728 -1.13947609 -1.01288891 
7.74263683e-02 -9.56827454 -6.35840550 -1.83740728 -1.13947609 -1.01288891 
5.99484250e-02 -9.56827454 -6.35840550 -1.83740728 -1.13947609 -1.01288891 
4.64158883e-02 -9.56827454 -6.35840550 -1.83740728 -1.13947609 -1.01288891 
3.59381366e-02 -9.56827454 -6.35840550 -1.83740728 -1.13947609 -1.01288891 
2.78255940e-02 -9.56827454 -6.35840550 -1.83740728 -1.13947609 -1.01288891 
2.15443469e-02 -9.56827454 -6.35840550 -1.83740728 -1.13947609 -1.01288891 
1.66810054e-02 -9.56827454 -6.35840550 -1.83740728 -1.13947609 -1.01288891 
1.29154967e-02 -9.56827454 -6.35840550 -1.83740728 -1.13947609 -1.01288891 
1.00000000e-02 -9.56827454 -6.35840550 -1.83740728 -1.13947609 -1.01288891 
7.74263683e-03 -9.56827454 -6.35840550 -1.83740728 -1.13947609 -1.01288891 
5.99484250e-03 -9.56827454 -6.35840550 -1.83740728 -1.13947609 -1.01288891 
4.64158883e-03 -9.56827454 -6.35840550 -1.83740728 -1.13947609 -1.01288891 
3.59381366e-03 -9.56827454 -6.35840550 -1.83740728 -1.13947609 -1.01288891 
2.78255940e-03 -9.56827454 -6.35840550 -1.83740728 -1.13947609 -1.01288891 
2.15443469e-03 -9.56827454 -6.35840550 -1.83740728 -1.13947609 -1.01288891 
1.66810054e-03 -9.56827454 -6.35840550 -1.83740728 -1.13947609 -1.01288891 
1.29154967e-03 -9.56827454 -6.35840550 -1.83740728 -1.13947609 -1.01288891 
1.00000000e-03 -9.56827454 -6.35840550 -1.83740728 -1.13947609 -1.01288891 
7.74263683e-04 -9.56827454 -6.35840550 -1.83740728 -1.13947609 -1.01288891 
5.99484250e-04 -9.56827454 -6.35840550 -1.83740728 -1.13947609 -1.01288891 
4.64158883e-04 -9.56827454 -6.35840550 -1.83740728 -1.13947609 -1.01288891 
3.59381366e-04 -9.56827454 -6.35840550 -1.83740728 -1.13947609 -1.01288891 
2.78255940e-04 -9.56827454 -6.35840550 -1.83740728 -1.13947609 -1.01288891 
2.15443469e-04 -9.56827454 -6.35840550 -1.83740728 -1.13947609 -1.01288891 
1.66810054e-04 -9.56827454 -6.35840550 -1.83740728 -1.13947609 -1.01288891 
1.29154967e-04 -9.56827454 -6.35840550 -1.83740728 -1.13947609 -1.01288891 
1.00000000e-04 -9.56827454 -6.35840550 -1.83740728 -1.13947609 -1.01288891 
7.74263683e-05 -9.56827454 -6.35840550 -1.83740728 -1.13947609 -1.01288891 
5.99484250e-05 -9.56827454 -6.35840550 -1.83740728 -1.13947609 -1.01288891 
4.64158883e-05 -9.56827454 -6.35840550 -1.83740728 -1.13947609 -1.01288891 
3.59381366e-05 -9.56827454 -6.35840550 -1.83740728 -1.13947609 -1.01288891 
2.78255940e-05 -9.56827454 -6.35840550 -1.83740728 -1.13947609 -1.01288891 
2.15443469e-05 -9.56827454 -6.35840550 -1.83740728 -1.13947609 -1.01288891 
1.66810054e-05 -9.56827454 -6.35840550 -1.83740728 -1.13947609 -1.01288891 
1.29154967e-05 -9.56827454 -6.35840550 -1.83740728 -1.13947609 -1.01288891 
1.00000000e-05 -9.56827454 -6.35840550 -1.83740728 -1.13947609 -1.01288891 
7.74263683e-06 -9.56827454 -6.35840550 -1.83740728 -1.13947609 -1.01288891 
5.99484250e-06 -9.56827454 -6.35840550 -1.83740728 -1.13947609 -1.01288891 
4.64158883e-06 -9.56827454 -6.35840550 -1.83740728 -1.13947609 -1.01288891 
3.59381366e-06 -9.56827454 -6.35840550 -1.83740728 -1.13947609 -1.01288891 
2.78255940e-06 -9.56827454 -6.35840550 -1.83740728 -1.13947609 -1.01288891 
2.15443469e-06 -9.56827454 -6.35840550 -1.83740728 -1.13947609 -1.01288891 
1.66810054e-06 -9.56827454 -6.35840550 -1.83740728 -1.13947609 -1.01288891 
1.29154967e-06 -9.56827454 -6.35840550 -1.83740728 -1.13947609 -1.01288891 
1.00000000e-06 -9.56827454 -6.35840550 -1.83740728 -1.13947609 -1.01288891 
7.74263683e-07 -9.56827454 -6.35840550 -1.83740728 -1.13947609 -1.01288891 
5.99484250e-07 -9.56827454 -6.35840550 -1.83740728 -1.13947609 -1.01288891 
4.64158883e-07 -9.56827454 -6.35840550 -1.83740728 -1.13947609 -1.01288891 
3.59381366e-07 -9.56827454 -6.35840550 -1.83740728 -1.13947609 -1.01288891 
2.78255940e-07 -9.56827454 -6.35840550 -1.83740728 -1.13947609 -1.01288891 
2.15443469e-07 -9.56827454 -6.35840550 -1.83740728 -1.13947609 -1.01288891 
1.66810054e-07 -9.56827454 -6.35840550 -1.83740728 -1.13947609 -1.01288891 
1.29154967e-07 -9.56827454 -6.35840550 -1.83740728 -1.13947609 -1.01288891 
1.00000000e-07 -9.56827454 -6.35840550 -1.83740728 -1.13947609 -1.01288891 
7.74263683e-08 -9.56827454 -6.35840550 -1.83740728 -1.13947609 -1.01288891 
5.99484250e-08 -9.56827454 -6.35840550 -1.83740728 -1.13947609 -1.01288891 
4.64158883e-08 -9.56827454 -6.35840550 -1.83740728 -1.13947609 -1.01288891 
3.59381366e-08 -9.56827454 -6.35840550 -1.83740728 -1.13947609 -1.01288891 
2.78255940e-08 -9.56827454 -6.35840550 -1.83740728 -1.13947609 -1.01288891 
2.15443469e-08 -9.56827454 -6.35840550 -1.83740728 -1.13947609 -1.01288891 
1.66810054e-08 -9.56827454 -6.35840550 -1.83740728 -1.13947609 -1.01288891 
1.29154967e-08 -9.56827454 -6.35840550 -1.83740728 -1.13947609 -1.01288891 
1.00000000e-08 -9.56827454 -6.35840550 -1.83740728 -1.13947609 -1.01288891 
7.74263683e-09 -9.56827454 -6.35840550 -1.83740728 -1.13947609 -1.01288891 
5.99484250e-09 -9.56827454 -6.35840550 -1.83740728 -1.13947609 -1.01288891 
4.64158883e-09 -9.56827454 -6.35840550 -1.83740728 -1.13947609 -1.01288891 
3.59381366e-09 -9.56827454 -6.35840550 -1.83740728 -1.13947609 -1.01288891 
2.78255940e-09 -9.56827454 -6.35840550 -1.83740728 -1.13947609 -1.01288891 
2.15443469e-09 -9.56827454 -6.35840550 -1.83740728 -1.13947609 -1.01288891 
1.66810054e-09 -9.56827454 -6.35840550 -1.83740728 -1.13947609 -1.01288891 
1.29154967e-09 -9.56827454 -6.35840550 -1.83740728 -1.13947609 -1.01288891 
1.00000000e-09 -9.56827454 -6.35840550 -1.83740728 -1.13947609 -1.01288891 
7.74263683e-10 -9.56827454 -6.35840550 -1.83740728 -1.13947609 -1.01288891 
5.99484250e-10 -9.56827454 -6.35840550 -1.83740728 -1.13947609 -1.01288891 
4.64158883e-10 -9.56827454 -6.35840550 -1.83740728 -1.13947609 -1.01288891 
3.59381366e-10 -9.56827454 -6.35840550 -1.83740728 -1.13947609 -1.01288891 
2.78255940e-10 -9.56827454 -6.35840550 -1.83740728 -1.13947609 -1.01288891 
2.15443469e-10 -9.56827454 -6.35840550 -1.83740728 -1.13947609 -1.01288891 
1.66810054e-10 -9.56827454 -6.35840550 -1.83740728 -1.13947609 -1.01288891 
1.29154967e-10 -9.56827454 -6.35840550 -1.83740728 -1.13947609 -1.01288891 
1.00000000e-10 -9.56827454 -6.35840550 -1.83740728 -1.13947609 -1.01288891 
P (bar) | log_O3: -2σ | log_O3: -1σ | log_O3: median | log_O3: +1σ | log_O3: +2σ 
1.00000000e+01 -9.91768604 -9.28759634 -8.24505392 -7.13361541 -6.32660846 
7.74263683e+00 -9.91768604 -9.28759634 -8.24505392 -7.13361541 -6.32660846 
5.99484250e+00 -9.91768604 -9.28759634 -8.24505392 -7.13361541 -6.32660846 
4.64158883e+00 -9.91768604 -9.28759634 -8.24505392 -7.13361541 -6.32660846 
3.59381366e+00 -9.91768604 -9.28759634 -8.24505392 -7.13361541 -6.32660846 
2.78255940e+00 -9.91768604 -9.28759634 -8.24505392 -7.13361541 -6.32660846 
2.15443469e+00 -9.91768604 -9.28759634 -8.24505392 -7.13361541 -6.32660846 
1.66810054e+00 -9.91768604 -9.28759634 -8.24505392 -7.13361541 -6.32660846 
1.29154967e+00 -9.91768604 -9.28759634 -8.24505392 -7.13361541 -6.32660846 
1.00000000e+00 -9.91768604 -9.28759634 -8.24505392 -7.13361541 -6.32660846 
7.74263683e-01 -9.91768604 -9.28759634 -8.24505392 -7.13361541 -6.32660846 
5.99484250e-01 -9.91768604 -9.28759634 -8.24505392 -7.13361541 -6.32660846 
4.64158883e-01 -9.91768604 -9.28759634 -8.24505392 -7.13361541 -6.32660846 
3.59381366e-01 -9.91768604 -9.28759634 -8.24505392 -7.13361541 -6.32660846 
2.78255940e-01 -9.91768604 -9.28759634 -8.24505392 -7.13361541 -6.32660846 
2.15443469e-01 -9.91768604 -9.28759634 -8.24505392 -7.13361541 -6.32660846 
1.66810054e-01 -9.91768604 -9.28759634 -8.24505392 -7.13361541 -6.32660846 
1.29154967e-01 -9.91768604 -9.28759634 -8.24505392 -7.13361541 -6.32660846 
1.00000000e-01 -9.91768604 -9.28759634 -8.24505392 -7.13361541 -6.32660846 
7.74263683e-02 -9.91768604 -9.28759634 -8.24505392 -7.13361541 -6.32660846 
5.99484250e-02 -9.91768604 -9.28759634 -8.24505392 -7.13361541 -6.32660846 
4.64158883e-02 -9.91768604 -9.28759634 -8.24505392 -7.13361541 -6.32660846 
3.59381366e-02 -9.91768604 -9.28759634 -8.24505392 -7.13361541 -6.32660846 
2.78255940e-02 -9.91768604 -9.28759634 -8.24505392 -7.13361541 -6.32660846 
2.15443469e-02 -9.91768604 -9.28759634 -8.24505392 -7.13361541 -6.32660846 
1.66810054e-02 -9.91768604 -9.28759634 -8.24505392 -7.13361541 -6.32660846 
1.29154967e-02 -9.91768604 -9.28759634 -8.24505392 -7.13361541 -6.32660846 
1.00000000e-02 -9.91768604 -9.28759634 -8.24505392 -7.13361541 -6.32660846 
7.74263683e-03 -9.91768604 -9.28759634 -8.24505392 -7.13361541 -6.32660846 
5.99484250e-03 -9.91768604 -9.28759634 -8.24505392 -7.13361541 -6.32660846 
4.64158883e-03 -9.91768604 -9.28759634 -8.24505392 -7.13361541 -6.32660846 
3.59381366e-03 -9.91768604 -9.28759634 -8.24505392 -7.13361541 -6.32660846 
2.78255940e-03 -9.91768604 -9.28759634 -8.24505392 -7.13361541 -6.32660846 
2.15443469e-03 -9.91768604 -9.28759634 -8.24505392 -7.13361541 -6.32660846 
1.66810054e-03 -9.91768604 -9.28759634 -8.24505392 -7.13361541 -6.32660846 
1.29154967e-03 -9.91768604 -9.28759634 -8.24505392 -7.13361541 -6.32660846 
1.00000000e-03 -9.91768604 -9.28759634 -8.24505392 -7.13361541 -6.32660846 
7.74263683e-04 -9.91768604 -9.28759634 -8.24505392 -7.13361541 -6.32660846 
5.99484250e-04 -9.91768604 -9.28759634 -8.24505392 -7.13361541 -6.32660846 
4.64158883e-04 -9.91768604 -9.28759634 -8.24505392 -7.13361541 -6.32660846 
3.59381366e-04 -9.91768604 -9.28759634 -8.24505392 -7.13361541 -6.32660846 
2.78255940e-04 -9.91768604 -9.28759634 -8.24505392 -7.13361541 -6.32660846 
2.15443469e-04 -9.91768604 -9.28759634 -8.24505392 -7.13361541 -6.32660846 
1.66810054e-04 -9.91768604 -9.28759634 -8.24505392 -7.13361541 -6.32660846 
1.29154967e-04 -9.91768604 -9.28759634 -8.24505392 -7.13361541 -6.32660846 
1.00000000e-04 -9.91768604 -9.28759634 -8.24505392 -7.13361541 -6.32660846 
7.74263683e-05 -9.91768604 -9.28759634 -8.24505392 -7.13361541 -6.32660846 
5.99484250e-05 -9.91768604 -9.28759634 -8.24505392 -7.13361541 -6.32660846 
4.64158883e-05 -9.91768604 -9.28759634 -8.24505392 -7.13361541 -6.32660846 
3.59381366e-05 -9.91768604 -9.28759634 -8.24505392 -7.13361541 -6.32660846 
2.78255940e-05 -9.91768604 -9.28759634 -8.24505392 -7.13361541 -6.32660846 
2.15443469e-05 -9.91768604 -9.28759634 -8.24505392 -7.13361541 -6.32660846 
1.66810054e-05 -9.91768604 -9.28759634 -8.24505392 -7.13361541 -6.32660846 
1.29154967e-05 -9.91768604 -9.28759634 -8.24505392 -7.13361541 -6.32660846 
1.00000000e-05 -9.91768604 -9.28759634 -8.24505392 -7.13361541 -6.32660846 
7.74263683e-06 -9.91768604 -9.28759634 -8.24505392 -7.13361541 -6.32660846 
5.99484250e-06 -9.91768604 -9.28759634 -8.24505392 -7.13361541 -6.32660846 
4.64158883e-06 -9.91768604 -9.28759634 -8.24505392 -7.13361541 -6.32660846 
3.59381366e-06 -9.91768604 -9.28759634 -8.24505392 -7.13361541 -6.32660846 
2.78255940e-06 -9.91768604 -9.28759634 -8.24505392 -7.13361541 -6.32660846 
2.15443469e-06 -9.91768604 -9.28759634 -8.24505392 -7.13361541 -6.32660846 
1.66810054e-06 -9.91768604 -9.28759634 -8.24505392 -7.13361541 -6.32660846 
1.29154967e-06 -9.91768604 -9.28759634 -8.24505392 -7.13361541 -6.32660846 
1.00000000e-06 -9.91768604 -9.28759634 -8.24505392 -7.13361541 -6.32660846 
7.74263683e-07 -9.91768604 -9.28759634 -8.24505392 -7.13361541 -6.32660846 
5.99484250e-07 -9.91768604 -9.28759634 -8.24505392 -7.13361541 -6.32660846 
4.64158883e-07 -9.91768604 -9.28759634 -8.24505392 -7.13361541 -6.32660846 
3.59381366e-07 -9.91768604 -9.28759634 -8.24505392 -7.13361541 -6.32660846 
2.78255940e-07 -9.91768604 -9.28759634 -8.24505392 -7.13361541 -6.32660846 
2.15443469e-07 -9.91768604 -9.28759634 -8.24505392 -7.13361541 -6.32660846 
1.66810054e-07 -9.91768604 -9.28759634 -8.24505392 -7.13361541 -6.32660846 
1.29154967e-07 -9.91768604 -9.28759634 -8.24505392 -7.13361541 -6.32660846 
1.00000000e-07 -9.91768604 -9.28759634 -8.24505392 -7.13361541 -6.32660846 
7.74263683e-08 -9.91768604 -9.28759634 -8.24505392 -7.13361541 -6.32660846 
5.99484250e-08 -9.91768604 -9.28759634 -8.24505392 -7.13361541 -6.32660846 
4.64158883e-08 -9.91768604 -9.28759634 -8.24505392 -7.13361541 -6.32660846 
3.59381366e-08 -9.91768604 -9.28759634 -8.24505392 -7.13361541 -6.32660846 
2.78255940e-08 -9.91768604 -9.28759634 -8.24505392 -7.13361541 -6.32660846 
2.15443469e-08 -9.91768604 -9.28759634 -8.24505392 -7.13361541 -6.32660846 
1.66810054e-08 -9.91768604 -9.28759634 -8.24505392 -7.13361541 -6.32660846 
1.29154967e-08 -9.91768604 -9.28759634 -8.24505392 -7.13361541 -6.32660846 
1.00000000e-08 -9.91768604 -9.28759634 -8.24505392 -7.13361541 -6.32660846 
7.74263683e-09 -9.91768604 -9.28759634 -8.24505392 -7.13361541 -6.32660846 
5.99484250e-09 -9.91768604 -9.28759634 -8.24505392 -7.13361541 -6.32660846 
4.64158883e-09 -9.91768604 -9.28759634 -8.24505392 -7.13361541 -6.32660846 
3.59381366e-09 -9.91768604 -9.28759634 -8.24505392 -7.13361541 -6.32660846 
2.78255940e-09 -9.91768604 -9.28759634 -8.24505392 -7.13361541 -6.32660846 
2.15443469e-09 -9.91768604 -9.28759634 -8.24505392 -7.13361541 -6.32660846 
1.66810054e-09 -9.91768604 -9.28759634 -8.24505392 -7.13361541 -6.32660846 
1.29154967e-09 -9.91768604 -9.28759634 -8.24505392 -7.13361541 -6.32660846 
1.00000000e-09 -9.91768604 -9.28759634 -8.24505392 -7.13361541 -6.32660846 
7.74263683e-10 -9.91768604 -9.28759634 -8.24505392 -7.13361541 -6.32660846 
5.99484250e-10 -9.91768604 -9.28759634 -8.24505392 -7.13361541 -6.32660846 
4.64158883e-10 -9.91768604 -9.28759634 -8.24505392 -7.13361541 -6.32660846 
3.59381366e-10 -9.91768604 -9.28759634 -8.24505392 -7.13361541 -6.32660846 
2.78255940e-10 -9.91768604 -9.28759634 -8.24505392 -7.13361541 -6.32660846 
2.15443469e-10 -9.91768604 -9.28759634 -8.24505392 -7.13361541 -6.32660846 
1.66810054e-10 -9.91768604 -9.28759634 -8.24505392 -7.13361541 -6.32660846 
1.29154967e-10 -9.91768604 -9.28759634 -8.24505392 -7.13361541 -6.32660846 
1.00000000e-10 -9.91768604 -9.28759634 -8.24505392 -7.13361541 -6.32660846 
P (bar) | log_N2O: -2σ | log_N2O: -1σ | log_N2O: median | log_N2O: +1σ | log_N2O: +2σ 
1.00000000e+01 -9.88005120 -9.23059673 -8.07157525 -6.84160341 -6.08440585 
7.74263683e+00 -9.88005120 -9.23059673 -8.07157525 -6.84160341 -6.08440585 
5.99484250e+00 -9.88005120 -9.23059673 -8.07157525 -6.84160341 -6.08440585 
4.64158883e+00 -9.88005120 -9.23059673 -8.07157525 -6.84160341 -6.08440585 
3.59381366e+00 -9.88005120 -9.23059673 -8.07157525 -6.84160341 -6.08440585 
2.78255940e+00 -9.88005120 -9.23059673 -8.07157525 -6.84160341 -6.08440585 
2.15443469e+00 -9.88005120 -9.23059673 -8.07157525 -6.84160341 -6.08440585 
1.66810054e+00 -9.88005120 -9.23059673 -8.07157525 -6.84160341 -6.08440585 
1.29154967e+00 -9.88005120 -9.23059673 -8.07157525 -6.84160341 -6.08440585 
1.00000000e+00 -9.88005120 -9.23059673 -8.07157525 -6.84160341 -6.08440585 
7.74263683e-01 -9.88005120 -9.23059673 -8.07157525 -6.84160341 -6.08440585 
5.99484250e-01 -9.88005120 -9.23059673 -8.07157525 -6.84160341 -6.08440585 
4.64158883e-01 -9.88005120 -9.23059673 -8.07157525 -6.84160341 -6.08440585 
3.59381366e-01 -9.88005120 -9.23059673 -8.07157525 -6.84160341 -6.08440585 
2.78255940e-01 -9.88005120 -9.23059673 -8.07157525 -6.84160341 -6.08440585 
2.15443469e-01 -9.88005120 -9.23059673 -8.07157525 -6.84160341 -6.08440585 
1.66810054e-01 -9.88005120 -9.23059673 -8.07157525 -6.84160341 -6.08440585 
1.29154967e-01 -9.88005120 -9.23059673 -8.07157525 -6.84160341 -6.08440585 
1.00000000e-01 -9.88005120 -9.23059673 -8.07157525 -6.84160341 -6.08440585 
7.74263683e-02 -9.88005120 -9.23059673 -8.07157525 -6.84160341 -6.08440585 
5.99484250e-02 -9.88005120 -9.23059673 -8.07157525 -6.84160341 -6.08440585 
4.64158883e-02 -9.88005120 -9.23059673 -8.07157525 -6.84160341 -6.08440585 
3.59381366e-02 -9.88005120 -9.23059673 -8.07157525 -6.84160341 -6.08440585 
2.78255940e-02 -9.88005120 -9.23059673 -8.07157525 -6.84160341 -6.08440585 
2.15443469e-02 -9.88005120 -9.23059673 -8.07157525 -6.84160341 -6.08440585 
1.66810054e-02 -9.88005120 -9.23059673 -8.07157525 -6.84160341 -6.08440585 
1.29154967e-02 -9.88005120 -9.23059673 -8.07157525 -6.84160341 -6.08440585 
1.00000000e-02 -9.88005120 -9.23059673 -8.07157525 -6.84160341 -6.08440585 
7.74263683e-03 -9.88005120 -9.23059673 -8.07157525 -6.84160341 -6.08440585 
5.99484250e-03 -9.88005120 -9.23059673 -8.07157525 -6.84160341 -6.08440585 
4.64158883e-03 -9.88005120 -9.23059673 -8.07157525 -6.84160341 -6.08440585 
3.59381366e-03 -9.88005120 -9.23059673 -8.07157525 -6.84160341 -6.08440585 
2.78255940e-03 -9.88005120 -9.23059673 -8.07157525 -6.84160341 -6.08440585 
2.15443469e-03 -9.88005120 -9.23059673 -8.07157525 -6.84160341 -6.08440585 
1.66810054e-03 -9.88005120 -9.23059673 -8.07157525 -6.84160341 -6.08440585 
1.29154967e-03 -9.88005120 -9.23059673 -8.07157525 -6.84160341 -6.08440585 
1.00000000e-03 -9.88005120 -9.23059673 -8.07157525 -6.84160341 -6.08440585 
7.74263683e-04 -9.88005120 -9.23059673 -8.07157525 -6.84160341 -6.08440585 
5.99484250e-04 -9.88005120 -9.23059673 -8.07157525 -6.84160341 -6.08440585 
4.64158883e-04 -9.88005120 -9.23059673 -8.07157525 -6.84160341 -6.08440585 
3.59381366e-04 -9.88005120 -9.23059673 -8.07157525 -6.84160341 -6.08440585 
2.78255940e-04 -9.88005120 -9.23059673 -8.07157525 -6.84160341 -6.08440585 
2.15443469e-04 -9.88005120 -9.23059673 -8.07157525 -6.84160341 -6.08440585 
1.66810054e-04 -9.88005120 -9.23059673 -8.07157525 -6.84160341 -6.08440585 
1.29154967e-04 -9.88005120 -9.23059673 -8.07157525 -6.84160341 -6.08440585 
1.00000000e-04 -9.88005120 -9.23059673 -8.07157525 -6.84160341 -6.08440585 
7.74263683e-05 -9.88005120 -9.23059673 -8.07157525 -6.84160341 -6.08440585 
5.99484250e-05 -9.88005120 -9.23059673 -8.07157525 -6.84160341 -6.08440585 
4.64158883e-05 -9.88005120 -9.23059673 -8.07157525 -6.84160341 -6.08440585 
3.59381366e-05 -9.88005120 -9.23059673 -8.07157525 -6.84160341 -6.08440585 
2.78255940e-05 -9.88005120 -9.23059673 -8.07157525 -6.84160341 -6.08440585 
2.15443469e-05 -9.88005120 -9.23059673 -8.07157525 -6.84160341 -6.08440585 
1.66810054e-05 -9.88005120 -9.23059673 -8.07157525 -6.84160341 -6.08440585 
1.29154967e-05 -9.88005120 -9.23059673 -8.07157525 -6.84160341 -6.08440585 
1.00000000e-05 -9.88005120 -9.23059673 -8.07157525 -6.84160341 -6.08440585 
7.74263683e-06 -9.88005120 -9.23059673 -8.07157525 -6.84160341 -6.08440585 
5.99484250e-06 -9.88005120 -9.23059673 -8.07157525 -6.84160341 -6.08440585 
4.64158883e-06 -9.88005120 -9.23059673 -8.07157525 -6.84160341 -6.08440585 
3.59381366e-06 -9.88005120 -9.23059673 -8.07157525 -6.84160341 -6.08440585 
2.78255940e-06 -9.88005120 -9.23059673 -8.07157525 -6.84160341 -6.08440585 
2.15443469e-06 -9.88005120 -9.23059673 -8.07157525 -6.84160341 -6.08440585 
1.66810054e-06 -9.88005120 -9.23059673 -8.07157525 -6.84160341 -6.08440585 
1.29154967e-06 -9.88005120 -9.23059673 -8.07157525 -6.84160341 -6.08440585 
1.00000000e-06 -9.88005120 -9.23059673 -8.07157525 -6.84160341 -6.08440585 
7.74263683e-07 -9.88005120 -9.23059673 -8.07157525 -6.84160341 -6.08440585 
5.99484250e-07 -9.88005120 -9.23059673 -8.07157525 -6.84160341 -6.08440585 
4.64158883e-07 -9.88005120 -9.23059673 -8.07157525 -6.84160341 -6.08440585 
3.59381366e-07 -9.88005120 -9.23059673 -8.07157525 -6.84160341 -6.08440585 
2.78255940e-07 -9.88005120 -9.23059673 -8.07157525 -6.84160341 -6.08440585 
2.15443469e-07 -9.88005120 -9.23059673 -8.07157525 -6.84160341 -6.08440585 
1.66810054e-07 -9.88005120 -9.23059673 -8.07157525 -6.84160341 -6.08440585 
1.29154967e-07 -9.88005120 -9.23059673 -8.07157525 -6.84160341 -6.08440585 
1.00000000e-07 -9.88005120 -9.23059673 -8.07157525 -6.84160341 -6.08440585 
7.74263683e-08 -9.88005120 -9.23059673 -8.07157525 -6.84160341 -6.08440585 
5.99484250e-08 -9.88005120 -9.23059673 -8.07157525 -6.84160341 -6.08440585 
4.64158883e-08 -9.88005120 -9.23059673 -8.07157525 -6.84160341 -6.08440585 
3.59381366e-08 -9.88005120 -9.23059673 -8.07157525 -6.84160341 -6.08440585 
2.78255940e-08 -9.88005120 -9.23059673 -8.07157525 -6.84160341 -6.08440585 
2.15443469e-08 -9.88005120 -9.23059673 -8.07157525 -6.84160341 -6.08440585 
1.66810054e-08 -9.88005120 -9.23059673 -8.07157525 -6.84160341 -6.08440585 
1.29154967e-08 -9.88005120 -9.23059673 -8.07157525 -6.84160341 -6.08440585 
1.00000000e-08 -9.88005120 -9.23059673 -8.07157525 -6.84160341 -6.08440585 
7.74263683e-09 -9.88005120 -9.23059673 -8.07157525 -6.84160341 -6.08440585 
5.99484250e-09 -9.88005120 -9.23059673 -8.07157525 -6.84160341 -6.08440585 
4.64158883e-09 -9.88005120 -9.23059673 -8.07157525 -6.84160341 -6.08440585 
3.59381366e-09 -9.88005120 -9.23059673 -8.07157525 -6.84160341 -6.08440585 
2.78255940e-09 -9.88005120 -9.23059673 -8.07157525 -6.84160341 -6.08440585 
2.15443469e-09 -9.88005120 -9.23059673 -8.07157525 -6.84160341 -6.08440585 
1.66810054e-09 -9.88005120 -9.23059673 -8.07157525 -6.84160341 -6.08440585 
1.29154967e-09 -9.88005120 -9.23059673 -8.07157525 -6.84160341 -6.08440585 
1.00000000e-09 -9.88005120 -9.23059673 -8.07157525 -6.84160341 -6.08440585 
7.74263683e-10 -9.88005120 -9.23059673 -8.07157525 -6.84160341 -6.08440585 
5.99484250e-10 -9.88005120 -9.23059673 -8.07157525 -6.84160341 -6.08440585 
4.64158883e-10 -9.88005120 -9.23059673 -8.07157525 -6.84160341 -6.08440585 
3.59381366e-10 -9.88005120 -9.23059673 -8.07157525 -6.84160341 -6.08440585 
2.78255940e-10 -9.88005120 -9.23059673 -8.07157525 -6.84160341 -6.08440585 
2.15443469e-10 -9.88005120 -9.23059673 -8.07157525 -6.84160341 -6.08440585 
1.66810054e-10 -9.88005120 -9.23059673 -8.07157525 -6.84160341 -6.08440585 
1.29154967e-10 -9.88005120 -9.23059673 -8.07157525 -6.84160341 -6.08440585 
1.00000000e-10 -9.88005120 -9.23059673 -8.07157525 -6.84160341 -6.08440585 
P (bar) | log_NH3: -2σ | log_NH3: -1σ | log_NH3: median | log_NH3: +1σ | log_NH3: +2σ 
1.00000000e+01 -9.96696483 -9.63877156 -8.93167110 -7.99992619 -7.09574521 
7.74263683e+00 -9.96696483 -9.63877156 -8.93167110 -7.99992619 -7.09574521 
5.99484250e+00 -9.96696483 -9.63877156 -8.93167110 -7.99992619 -7.09574521 
4.64158883e+00 -9.96696483 -9.63877156 -8.93167110 -7.99992619 -7.09574521 
3.59381366e+00 -9.96696483 -9.63877156 -8.93167110 -7.99992619 -7.09574521 
2.78255940e+00 -9.96696483 -9.63877156 -8.93167110 -7.99992619 -7.09574521 
2.15443469e+00 -9.96696483 -9.63877156 -8.93167110 -7.99992619 -7.09574521 
1.66810054e+00 -9.96696483 -9.63877156 -8.93167110 -7.99992619 -7.09574521 
1.29154967e+00 -9.96696483 -9.63877156 -8.93167110 -7.99992619 -7.09574521 
1.00000000e+00 -9.96696483 -9.63877156 -8.93167110 -7.99992619 -7.09574521 
7.74263683e-01 -9.96696483 -9.63877156 -8.93167110 -7.99992619 -7.09574521 
5.99484250e-01 -9.96696483 -9.63877156 -8.93167110 -7.99992619 -7.09574521 
4.64158883e-01 -9.96696483 -9.63877156 -8.93167110 -7.99992619 -7.09574521 
3.59381366e-01 -9.96696483 -9.63877156 -8.93167110 -7.99992619 -7.09574521 
2.78255940e-01 -9.96696483 -9.63877156 -8.93167110 -7.99992619 -7.09574521 
2.15443469e-01 -9.96696483 -9.63877156 -8.93167110 -7.99992619 -7.09574521 
1.66810054e-01 -9.96696483 -9.63877156 -8.93167110 -7.99992619 -7.09574521 
1.29154967e-01 -9.96696483 -9.63877156 -8.93167110 -7.99992619 -7.09574521 
1.00000000e-01 -9.96696483 -9.63877156 -8.93167110 -7.99992619 -7.09574521 
7.74263683e-02 -9.96696483 -9.63877156 -8.93167110 -7.99992619 -7.09574521 
5.99484250e-02 -9.96696483 -9.63877156 -8.93167110 -7.99992619 -7.09574521 
4.64158883e-02 -9.96696483 -9.63877156 -8.93167110 -7.99992619 -7.09574521 
3.59381366e-02 -9.96696483 -9.63877156 -8.93167110 -7.99992619 -7.09574521 
2.78255940e-02 -9.96696483 -9.63877156 -8.93167110 -7.99992619 -7.09574521 
2.15443469e-02 -9.96696483 -9.63877156 -8.93167110 -7.99992619 -7.09574521 
1.66810054e-02 -9.96696483 -9.63877156 -8.93167110 -7.99992619 -7.09574521 
1.29154967e-02 -9.96696483 -9.63877156 -8.93167110 -7.99992619 -7.09574521 
1.00000000e-02 -9.96696483 -9.63877156 -8.93167110 -7.99992619 -7.09574521 
7.74263683e-03 -9.96696483 -9.63877156 -8.93167110 -7.99992619 -7.09574521 
5.99484250e-03 -9.96696483 -9.63877156 -8.93167110 -7.99992619 -7.09574521 
4.64158883e-03 -9.96696483 -9.63877156 -8.93167110 -7.99992619 -7.09574521 
3.59381366e-03 -9.96696483 -9.63877156 -8.93167110 -7.99992619 -7.09574521 
2.78255940e-03 -9.96696483 -9.63877156 -8.93167110 -7.99992619 -7.09574521 
2.15443469e-03 -9.96696483 -9.63877156 -8.93167110 -7.99992619 -7.09574521 
1.66810054e-03 -9.96696483 -9.63877156 -8.93167110 -7.99992619 -7.09574521 
1.29154967e-03 -9.96696483 -9.63877156 -8.93167110 -7.99992619 -7.09574521 
1.00000000e-03 -9.96696483 -9.63877156 -8.93167110 -7.99992619 -7.09574521 
7.74263683e-04 -9.96696483 -9.63877156 -8.93167110 -7.99992619 -7.09574521 
5.99484250e-04 -9.96696483 -9.63877156 -8.93167110 -7.99992619 -7.09574521 
4.64158883e-04 -9.96696483 -9.63877156 -8.93167110 -7.99992619 -7.09574521 
3.59381366e-04 -9.96696483 -9.63877156 -8.93167110 -7.99992619 -7.09574521 
2.78255940e-04 -9.96696483 -9.63877156 -8.93167110 -7.99992619 -7.09574521 
2.15443469e-04 -9.96696483 -9.63877156 -8.93167110 -7.99992619 -7.09574521 
1.66810054e-04 -9.96696483 -9.63877156 -8.93167110 -7.99992619 -7.09574521 
1.29154967e-04 -9.96696483 -9.63877156 -8.93167110 -7.99992619 -7.09574521 
1.00000000e-04 -9.96696483 -9.63877156 -8.93167110 -7.99992619 -7.09574521 
7.74263683e-05 -9.96696483 -9.63877156 -8.93167110 -7.99992619 -7.09574521 
5.99484250e-05 -9.96696483 -9.63877156 -8.93167110 -7.99992619 -7.09574521 
4.64158883e-05 -9.96696483 -9.63877156 -8.93167110 -7.99992619 -7.09574521 
3.59381366e-05 -9.96696483 -9.63877156 -8.93167110 -7.99992619 -7.09574521 
2.78255940e-05 -9.96696483 -9.63877156 -8.93167110 -7.99992619 -7.09574521 
2.15443469e-05 -9.96696483 -9.63877156 -8.93167110 -7.99992619 -7.09574521 
1.66810054e-05 -9.96696483 -9.63877156 -8.93167110 -7.99992619 -7.09574521 
1.29154967e-05 -9.96696483 -9.63877156 -8.93167110 -7.99992619 -7.09574521 
1.00000000e-05 -9.96696483 -9.63877156 -8.93167110 -7.99992619 -7.09574521 
7.74263683e-06 -9.96696483 -9.63877156 -8.93167110 -7.99992619 -7.09574521 
5.99484250e-06 -9.96696483 -9.63877156 -8.93167110 -7.99992619 -7.09574521 
4.64158883e-06 -9.96696483 -9.63877156 -8.93167110 -7.99992619 -7.09574521 
3.59381366e-06 -9.96696483 -9.63877156 -8.93167110 -7.99992619 -7.09574521 
2.78255940e-06 -9.96696483 -9.63877156 -8.93167110 -7.99992619 -7.09574521 
2.15443469e-06 -9.96696483 -9.63877156 -8.93167110 -7.99992619 -7.09574521 
1.66810054e-06 -9.96696483 -9.63877156 -8.93167110 -7.99992619 -7.09574521 
1.29154967e-06 -9.96696483 -9.63877156 -8.93167110 -7.99992619 -7.09574521 
1.00000000e-06 -9.96696483 -9.63877156 -8.93167110 -7.99992619 -7.09574521 
7.74263683e-07 -9.96696483 -9.63877156 -8.93167110 -7.99992619 -7.09574521 
5.99484250e-07 -9.96696483 -9.63877156 -8.93167110 -7.99992619 -7.09574521 
4.64158883e-07 -9.96696483 -9.63877156 -8.93167110 -7.99992619 -7.09574521 
3.59381366e-07 -9.96696483 -9.63877156 -8.93167110 -7.99992619 -7.09574521 
2.78255940e-07 -9.96696483 -9.63877156 -8.93167110 -7.99992619 -7.09574521 
2.15443469e-07 -9.96696483 -9.63877156 -8.93167110 -7.99992619 -7.09574521 
1.66810054e-07 -9.96696483 -9.63877156 -8.93167110 -7.99992619 -7.09574521 
1.29154967e-07 -9.96696483 -9.63877156 -8.93167110 -7.99992619 -7.09574521 
1.00000000e-07 -9.96696483 -9.63877156 -8.93167110 -7.99992619 -7.09574521 
7.74263683e-08 -9.96696483 -9.63877156 -8.93167110 -7.99992619 -7.09574521 
5.99484250e-08 -9.96696483 -9.63877156 -8.93167110 -7.99992619 -7.09574521 
4.64158883e-08 -9.96696483 -9.63877156 -8.93167110 -7.99992619 -7.09574521 
3.59381366e-08 -9.96696483 -9.63877156 -8.93167110 -7.99992619 -7.09574521 
2.78255940e-08 -9.96696483 -9.63877156 -8.93167110 -7.99992619 -7.09574521 
2.15443469e-08 -9.96696483 -9.63877156 -8.93167110 -7.99992619 -7.09574521 
1.66810054e-08 -9.96696483 -9.63877156 -8.93167110 -7.99992619 -7.09574521 
1.29154967e-08 -9.96696483 -9.63877156 -8.93167110 -7.99992619 -7.09574521 
1.00000000e-08 -9.96696483 -9.63877156 -8.93167110 -7.99992619 -7.09574521 
7.74263683e-09 -9.96696483 -9.63877156 -8.93167110 -7.99992619 -7.09574521 
5.99484250e-09 -9.96696483 -9.63877156 -8.93167110 -7.99992619 -7.09574521 
4.64158883e-09 -9.96696483 -9.63877156 -8.93167110 -7.99992619 -7.09574521 
3.59381366e-09 -9.96696483 -9.63877156 -8.93167110 -7.99992619 -7.09574521 
2.78255940e-09 -9.96696483 -9.63877156 -8.93167110 -7.99992619 -7.09574521 
2.15443469e-09 -9.96696483 -9.63877156 -8.93167110 -7.99992619 -7.09574521 
1.66810054e-09 -9.96696483 -9.63877156 -8.93167110 -7.99992619 -7.09574521 
1.29154967e-09 -9.96696483 -9.63877156 -8.93167110 -7.99992619 -7.09574521 
1.00000000e-09 -9.96696483 -9.63877156 -8.93167110 -7.99992619 -7.09574521 
7.74263683e-10 -9.96696483 -9.63877156 -8.93167110 -7.99992619 -7.09574521 
5.99484250e-10 -9.96696483 -9.63877156 -8.93167110 -7.99992619 -7.09574521 
4.64158883e-10 -9.96696483 -9.63877156 -8.93167110 -7.99992619 -7.09574521 
3.59381366e-10 -9.96696483 -9.63877156 -8.93167110 -7.99992619 -7.09574521 
2.78255940e-10 -9.96696483 -9.63877156 -8.93167110 -7.99992619 -7.09574521 
2.15443469e-10 -9.96696483 -9.63877156 -8.93167110 -7.99992619 -7.09574521 
1.66810054e-10 -9.96696483 -9.63877156 -8.93167110 -7.99992619 -7.09574521 
1.29154967e-10 -9.96696483 -9.63877156 -8.93167110 -7.99992619 -7.09574521 
1.00000000e-10 -9.96696483 -9.63877156 -8.93167110 -7.99992619 -7.09574521 
