Chemical species: N2 H2O CO2 CH4 O2 O3 N2O NH3
P (bar) | log_N2: -2σ | log_N2: -1σ | log_N2: median | log_N2: +1σ | log_N2: +2σ 
1.00000000e+01 -0.04555820 -0.04425719 -0.04001395 -0.03287829 -0.02411719 
7.74263683e+00 -0.04555820 -0.04425719 -0.04001395 -0.03287829 -0.02411719 
5.99484250e+00 -0.04555820 -0.04425719 -0.04001395 -0.03287829 -0.02411719 
4.64158883e+00 -0.04555820 -0.04425719 -0.04001395 -0.03287829 -0.02411719 
3.59381366e+00 -0.04555820 -0.04425719 -0.04001395 -0.03287829 -0.02411719 
2.78255940e+00 -0.04555820 -0.04425719 -0.04001395 -0.03287829 -0.02411719 
2.15443469e+00 -0.04555820 -0.04425719 -0.04001395 -0.03287829 -0.02411719 
1.66810054e+00 -0.04555820 -0.04425719 -0.04001395 -0.03287829 -0.02411719 
1.29154967e+00 -0.04555820 -0.04425719 -0.04001395 -0.03287829 -0.02411719 
1.00000000e+00 -0.04555820 -0.04425719 -0.04001395 -0.03287829 -0.02411719 
7.74263683e-01 -0.04555820 -0.04425719 -0.04001395 -0.03287829 -0.02411719 
5.99484250e-01 -0.04555820 -0.04425719 -0.04001395 -0.03287829 -0.02411719 
4.64158883e-01 -0.04555820 -0.04425719 -0.04001395 -0.03287829 -0.02411719 
3.59381366e-01 -0.04555820 -0.04425719 -0.04001395 -0.03287829 -0.02411719 
2.78255940e-01 -0.04555820 -0.04425719 -0.04001395 -0.03287829 -0.02411719 
2.15443469e-01 -0.04555820 -0.04425719 -0.04001395 -0.03287829 -0.02411719 
1.66810054e-01 -0.04555820 -0.04425719 -0.04001395 -0.03287829 -0.02411719 
1.29154967e-01 -0.04555820 -0.04425719 -0.04001395 -0.03287829 -0.02411719 
1.00000000e-01 -0.04555820 -0.04425719 -0.04001395 -0.03287829 -0.02411719 
7.74263683e-02 -0.04555820 -0.04425719 -0.04001395 -0.03287829 -0.02411719 
5.99484250e-02 -0.04555820 -0.04425719 -0.04001395 -0.03287829 -0.02411719 
4.64158883e-02 -0.04555820 -0.04425719 -0.04001395 -0.03287829 -0.02411719 
3.59381366e-02 -0.04555820 -0.04425719 -0.04001395 -0.03287829 -0.02411719 
2.78255940e-02 -0.04555820 -0.04425719 -0.04001395 -0.03287829 -0.02411719 
2.15443469e-02 -0.04555820 -0.04425719 -0.04001395 -0.03287829 -0.02411719 
1.66810054e-02 -0.04555820 -0.04425719 -0.04001395 -0.03287829 -0.02411719 
1.29154967e-02 -0.04555820 -0.04425719 -0.04001395 -0.03287829 -0.02411719 
1.00000000e-02 -0.04555820 -0.04425719 -0.04001395 -0.03287829 -0.02411719 
7.74263683e-03 -0.04555820 -0.04425719 -0.04001395 -0.03287829 -0.02411719 
5.99484250e-03 -0.04555820 -0.04425719 -0.04001395 -0.03287829 -0.02411719 
4.64158883e-03 -0.04555820 -0.04425719 -0.04001395 -0.03287829 -0.02411719 
3.59381366e-03 -0.04555820 -0.04425719 -0.04001395 -0.03287829 -0.02411719 
2.78255940e-03 -0.04555820 -0.04425719 -0.04001395 -0.03287829 -0.02411719 
2.15443469e-03 -0.04555820 -0.04425719 -0.04001395 -0.03287829 -0.02411719 
1.66810054e-03 -0.04555820 -0.04425719 -0.04001395 -0.03287829 -0.02411719 
1.29154967e-03 -0.04555820 -0.04425719 -0.04001395 -0.03287829 -0.02411719 
1.00000000e-03 -0.04555820 -0.04425719 -0.04001395 -0.03287829 -0.02411719 
7.74263683e-04 -0.04555820 -0.04425719 -0.04001395 -0.03287829 -0.02411719 
5.99484250e-04 -0.04555820 -0.04425719 -0.04001395 -0.03287829 -0.02411719 
4.64158883e-04 -0.04555820 -0.04425719 -0.04001395 -0.03287829 -0.02411719 
3.59381366e-04 -0.04555820 -0.04425719 -0.04001395 -0.03287829 -0.02411719 
2.78255940e-04 -0.04555820 -0.04425719 -0.04001395 -0.03287829 -0.02411719 
2.15443469e-04 -0.04555820 -0.04425719 -0.04001395 -0.03287829 -0.02411719 
1.66810054e-04 -0.04555820 -0.04425719 -0.04001395 -0.03287829 -0.02411719 
1.29154967e-04 -0.04555820 -0.04425719 -0.04001395 -0.03287829 -0.02411719 
1.00000000e-04 -0.04555820 -0.04425719 -0.04001395 -0.03287829 -0.02411719 
7.74263683e-05 -0.04555820 -0.04425719 -0.04001395 -0.03287829 -0.02411719 
5.99484250e-05 -0.04555820 -0.04425719 -0.04001395 -0.03287829 -0.02411719 
4.64158883e-05 -0.04555820 -0.04425719 -0.04001395 -0.03287829 -0.02411719 
3.59381366e-05 -0.04555820 -0.04425719 -0.04001395 -0.03287829 -0.02411719 
2.78255940e-05 -0.04555820 -0.04425719 -0.04001395 -0.03287829 -0.02411719 
2.15443469e-05 -0.04555820 -0.04425719 -0.04001395 -0.03287829 -0.02411719 
1.66810054e-05 -0.04555820 -0.04425719 -0.04001395 -0.03287829 -0.02411719 
1.29154967e-05 -0.04555820 -0.04425719 -0.04001395 -0.03287829 -0.02411719 
1.00000000e-05 -0.04555820 -0.04425719 -0.04001395 -0.03287829 -0.02411719 
7.74263683e-06 -0.04555820 -0.04425719 -0.04001395 -0.03287829 -0.02411719 
5.99484250e-06 -0.04555820 -0.04425719 -0.04001395 -0.03287829 -0.02411719 
4.64158883e-06 -0.04555820 -0.04425719 -0.04001395 -0.03287829 -0.02411719 
3.59381366e-06 -0.04555820 -0.04425719 -0.04001395 -0.03287829 -0.02411719 
2.78255940e-06 -0.04555820 -0.04425719 -0.04001395 -0.03287829 -0.02411719 
2.15443469e-06 -0.04555820 -0.04425719 -0.04001395 -0.03287829 -0.02411719 
1.66810054e-06 -0.04555820 -0.04425719 -0.04001395 -0.03287829 -0.02411719 
1.29154967e-06 -0.04555820 -0.04425719 -0.04001395 -0.03287829 -0.02411719 
1.00000000e-06 -0.04555820 -0.04425719 -0.04001395 -0.03287829 -0.02411719 
7.74263683e-07 -0.04555820 -0.04425719 -0.04001395 -0.03287829 -0.02411719 
5.99484250e-07 -0.04555820 -0.04425719 -0.04001395 -0.03287829 -0.02411719 
4.64158883e-07 -0.04555820 -0.04425719 -0.04001395 -0.03287829 -0.02411719 
3.59381366e-07 -0.04555820 -0.04425719 -0.04001395 -0.03287829 -0.02411719 
2.78255940e-07 -0.04555820 -0.04425719 -0.04001395 -0.03287829 -0.02411719 
2.15443469e-07 -0.04555820 -0.04425719 -0.04001395 -0.03287829 -0.02411719 
1.66810054e-07 -0.04555820 -0.04425719 -0.04001395 -0.03287829 -0.02411719 
1.29154967e-07 -0.04555820 -0.04425719 -0.04001395 -0.03287829 -0.02411719 
1.00000000e-07 -0.04555820 -0.04425719 -0.04001395 -0.03287829 -0.02411719 
7.74263683e-08 -0.04555820 -0.04425719 -0.04001395 -0.03287829 -0.02411719 
5.99484250e-08 -0.04555820 -0.04425719 -0.04001395 -0.03287829 -0.02411719 
4.64158883e-08 -0.04555820 -0.04425719 -0.04001395 -0.03287829 -0.02411719 
3.59381366e-08 -0.04555820 -0.04425719 -0.04001395 -0.03287829 -0.02411719 
2.78255940e-08 -0.04555820 -0.04425719 -0.04001395 -0.03287829 -0.02411719 
2.15443469e-08 -0.04555820 -0.04425719 -0.04001395 -0.03287829 -0.02411719 
1.66810054e-08 -0.04555820 -0.04425719 -0.04001395 -0.03287829 -0.02411719 
1.29154967e-08 -0.04555820 -0.04425719 -0.04001395 -0.03287829 -0.02411719 
1.00000000e-08 -0.04555820 -0.04425719 -0.04001395 -0.03287829 -0.02411719 
7.74263683e-09 -0.04555820 -0.04425719 -0.04001395 -0.03287829 -0.02411719 
5.99484250e-09 -0.04555820 -0.04425719 -0.04001395 -0.03287829 -0.02411719 
4.64158883e-09 -0.04555820 -0.04425719 -0.04001395 -0.03287829 -0.02411719 
3.59381366e-09 -0.04555820 -0.04425719 -0.04001395 -0.03287829 -0.02411719 
2.78255940e-09 -0.04555820 -0.04425719 -0.04001395 -0.03287829 -0.02411719 
2.15443469e-09 -0.04555820 -0.04425719 -0.04001395 -0.03287829 -0.02411719 
1.66810054e-09 -0.04555820 -0.04425719 -0.04001395 -0.03287829 -0.02411719 
1.29154967e-09 -0.04555820 -0.04425719 -0.04001395 -0.03287829 -0.02411719 
1.00000000e-09 -0.04555820 -0.04425719 -0.04001395 -0.03287829 -0.02411719 
7.74263683e-10 -0.04555820 -0.04425719 -0.04001395 -0.03287829 -0.02411719 
5.99484250e-10 -0.04555820 -0.04425719 -0.04001395 -0.03287829 -0.02411719 
4.64158883e-10 -0.04555820 -0.04425719 -0.04001395 -0.03287829 -0.02411719 
3.59381366e-10 -0.04555820 -0.04425719 -0.04001395 -0.03287829 -0.02411719 
2.78255940e-10 -0.04555820 -0.04425719 -0.04001395 -0.03287829 -0.02411719 
2.15443469e-10 -0.04555820 -0.04425719 -0.04001395 -0.03287829 -0.02411719 
1.66810054e-10 -0.04555820 -0.04425719 -0.04001395 -0.03287829 -0.02411719 
1.29154967e-10 -0.04555820 -0.04425719 -0.04001395 -0.03287829 -0.02411719 
1.00000000e-10 -0.04555820 -0.04425719 -0.04001395 -0.03287829 -0.02411719 
P (bar) | log_H2O: -2σ | log_H2O: -1σ | log_H2O: median | log_H2O: +1σ | log_H2O: +2σ 
1.00000000e+01 -5.20027867 -5.01267511 -4.84683826 -4.67546120 -4.52556997 
7.74263683e+00 -5.20027867 -5.01267511 -4.84683826 -4.67546120 -4.52556997 
5.99484250e+00 -5.20027867 -5.01267511 -4.84683826 -4.67546120 -4.52556997 
4.64158883e+00 -5.20027867 -5.01267511 -4.84683826 -4.67546120 -4.52556997 
3.59381366e+00 -5.20027867 -5.01267511 -4.84683826 -4.67546120 -4.52556997 
2.78255940e+00 -5.20027867 -5.01267511 -4.84683826 -4.67546120 -4.52556997 
2.15443469e+00 -5.20027867 -5.01267511 -4.84683826 -4.67546120 -4.52556997 
1.66810054e+00 -5.20027867 -5.01267511 -4.84683826 -4.67546120 -4.52556997 
1.29154967e+00 -5.20027867 -5.01267511 -4.84683826 -4.67546120 -4.52556997 
1.00000000e+00 -5.20027867 -5.01267511 -4.84683826 -4.67546120 -4.52556997 
7.74263683e-01 -5.20027867 -5.01267511 -4.84683826 -4.67546120 -4.52556997 
5.99484250e-01 -5.20027867 -5.01267511 -4.84683826 -4.67546120 -4.52556997 
4.64158883e-01 -5.20027867 -5.01267511 -4.84683826 -4.67546120 -4.52556997 
3.59381366e-01 -5.20027867 -5.01267511 -4.84683826 -4.67546120 -4.52556997 
2.78255940e-01 -5.20027867 -5.01267511 -4.84683826 -4.67546120 -4.52556997 
2.15443469e-01 -5.20027867 -5.01267511 -4.84683826 -4.67546120 -4.52556997 
1.66810054e-01 -5.20027867 -5.01267511 -4.84683826 -4.67546120 -4.52556997 
1.29154967e-01 -5.20027867 -5.01267511 -4.84683826 -4.67546120 -4.52556997 
1.00000000e-01 -5.20027867 -5.01267511 -4.84683826 -4.67546120 -4.52556997 
7.74263683e-02 -5.20027867 -5.01267511 -4.84683826 -4.67546120 -4.52556997 
5.99484250e-02 -5.20027867 -5.01267511 -4.84683826 -4.67546120 -4.52556997 
4.64158883e-02 -5.20027867 -5.01267511 -4.84683826 -4.67546120 -4.52556997 
3.59381366e-02 -5.20027867 -5.01267511 -4.84683826 -4.67546120 -4.52556997 
2.78255940e-02 -5.20027867 -5.01267511 -4.84683826 -4.67546120 -4.52556997 
2.15443469e-02 -5.20027867 -5.01267511 -4.84683826 -4.67546120 -4.52556997 
1.66810054e-02 -5.20027867 -5.01267511 -4.84683826 -4.67546120 -4.52556997 
1.29154967e-02 -5.20027867 -5.01267511 -4.84683826 -4.67546120 -4.52556997 
1.00000000e-02 -5.20027867 -5.01267511 -4.84683826 -4.67546120 -4.52556997 
7.74263683e-03 -5.20027867 -5.01267511 -4.84683826 -4.67546120 -4.52556997 
5.99484250e-03 -5.20027867 -5.01267511 -4.84683826 -4.67546120 -4.52556997 
4.64158883e-03 -5.20027867 -5.01267511 -4.84683826 -4.67546120 -4.52556997 
3.59381366e-03 -5.20027867 -5.01267511 -4.84683826 -4.67546120 -4.52556997 
2.78255940e-03 -5.20027867 -5.01267511 -4.84683826 -4.67546120 -4.52556997 
2.15443469e-03 -5.20027867 -5.01267511 -4.84683826 -4.67546120 -4.52556997 
1.66810054e-03 -5.20027867 -5.01267511 -4.84683826 -4.67546120 -4.52556997 
1.29154967e-03 -5.20027867 -5.01267511 -4.84683826 -4.67546120 -4.52556997 
1.00000000e-03 -5.20027867 -5.01267511 -4.84683826 -4.67546120 -4.52556997 
7.74263683e-04 -5.20027867 -5.01267511 -4.84683826 -4.67546120 -4.52556997 
5.99484250e-04 -5.20027867 -5.01267511 -4.84683826 -4.67546120 -4.52556997 
4.64158883e-04 -5.20027867 -5.01267511 -4.84683826 -4.67546120 -4.52556997 
3.59381366e-04 -5.20027867 -5.01267511 -4.84683826 -4.67546120 -4.52556997 
2.78255940e-04 -5.20027867 -5.01267511 -4.84683826 -4.67546120 -4.52556997 
2.15443469e-04 -5.20027867 -5.01267511 -4.84683826 -4.67546120 -4.52556997 
1.66810054e-04 -5.20027867 -5.01267511 -4.84683826 -4.67546120 -4.52556997 
1.29154967e-04 -5.20027867 -5.01267511 -4.84683826 -4.67546120 -4.52556997 
1.00000000e-04 -5.20027867 -5.01267511 -4.84683826 -4.67546120 -4.52556997 
7.74263683e-05 -5.20027867 -5.01267511 -4.84683826 -4.67546120 -4.52556997 
5.99484250e-05 -5.20027867 -5.01267511 -4.84683826 -4.67546120 -4.52556997 
4.64158883e-05 -5.20027867 -5.01267511 -4.84683826 -4.67546120 -4.52556997 
3.59381366e-05 -5.20027867 -5.01267511 -4.84683826 -4.67546120 -4.52556997 
2.78255940e-05 -5.20027867 -5.01267511 -4.84683826 -4.67546120 -4.52556997 
2.15443469e-05 -5.20027867 -5.01267511 -4.84683826 -4.67546120 -4.52556997 
1.66810054e-05 -5.20027867 -5.01267511 -4.84683826 -4.67546120 -4.52556997 
1.29154967e-05 -5.20027867 -5.01267511 -4.84683826 -4.67546120 -4.52556997 
1.00000000e-05 -5.20027867 -5.01267511 -4.84683826 -4.67546120 -4.52556997 
7.74263683e-06 -5.20027867 -5.01267511 -4.84683826 -4.67546120 -4.52556997 
5.99484250e-06 -5.20027867 -5.01267511 -4.84683826 -4.67546120 -4.52556997 
4.64158883e-06 -5.20027867 -5.01267511 -4.84683826 -4.67546120 -4.52556997 
3.59381366e-06 -5.20027867 -5.01267511 -4.84683826 -4.67546120 -4.52556997 
2.78255940e-06 -5.20027867 -5.01267511 -4.84683826 -4.67546120 -4.52556997 
2.15443469e-06 -5.20027867 -5.01267511 -4.84683826 -4.67546120 -4.52556997 
1.66810054e-06 -5.20027867 -5.01267511 -4.84683826 -4.67546120 -4.52556997 
1.29154967e-06 -5.20027867 -5.01267511 -4.84683826 -4.67546120 -4.52556997 
1.00000000e-06 -5.20027867 -5.01267511 -4.84683826 -4.67546120 -4.52556997 
7.74263683e-07 -5.20027867 -5.01267511 -4.84683826 -4.67546120 -4.52556997 
5.99484250e-07 -5.20027867 -5.01267511 -4.84683826 -4.67546120 -4.52556997 
4.64158883e-07 -5.20027867 -5.01267511 -4.84683826 -4.67546120 -4.52556997 
3.59381366e-07 -5.20027867 -5.01267511 -4.84683826 -4.67546120 -4.52556997 
2.78255940e-07 -5.20027867 -5.01267511 -4.84683826 -4.67546120 -4.52556997 
2.15443469e-07 -5.20027867 -5.01267511 -4.84683826 -4.67546120 -4.52556997 
1.66810054e-07 -5.20027867 -5.01267511 -4.84683826 -4.67546120 -4.52556997 
1.29154967e-07 -5.20027867 -5.01267511 -4.84683826 -4.67546120 -4.52556997 
1.00000000e-07 -5.20027867 -5.01267511 -4.84683826 -4.67546120 -4.52556997 
7.74263683e-08 -5.20027867 -5.01267511 -4.84683826 -4.67546120 -4.52556997 
5.99484250e-08 -5.20027867 -5.01267511 -4.84683826 -4.67546120 -4.52556997 
4.64158883e-08 -5.20027867 -5.01267511 -4.84683826 -4.67546120 -4.52556997 
3.59381366e-08 -5.20027867 -5.01267511 -4.84683826 -4.67546120 -4.52556997 
2.78255940e-08 -5.20027867 -5.01267511 -4.84683826 -4.67546120 -4.52556997 
2.15443469e-08 -5.20027867 -5.01267511 -4.84683826 -4.67546120 -4.52556997 
1.66810054e-08 -5.20027867 -5.01267511 -4.84683826 -4.67546120 -4.52556997 
1.29154967e-08 -5.20027867 -5.01267511 -4.84683826 -4.67546120 -4.52556997 
1.00000000e-08 -5.20027867 -5.01267511 -4.84683826 -4.67546120 -4.52556997 
7.74263683e-09 -5.20027867 -5.01267511 -4.84683826 -4.67546120 -4.52556997 
5.99484250e-09 -5.20027867 -5.01267511 -4.84683826 -4.67546120 -4.52556997 
4.64158883e-09 -5.20027867 -5.01267511 -4.84683826 -4.67546120 -4.52556997 
3.59381366e-09 -5.20027867 -5.01267511 -4.84683826 -4.67546120 -4.52556997 
2.78255940e-09 -5.20027867 -5.01267511 -4.84683826 -4.67546120 -4.52556997 
2.15443469e-09 -5.20027867 -5.01267511 -4.84683826 -4.67546120 -4.52556997 
1.66810054e-09 -5.20027867 -5.01267511 -4.84683826 -4.67546120 -4.52556997 
1.29154967e-09 -5.20027867 -5.01267511 -4.84683826 -4.67546120 -4.52556997 
1.00000000e-09 -5.20027867 -5.01267511 -4.84683826 -4.67546120 -4.52556997 
7.74263683e-10 -5.20027867 -5.01267511 -4.84683826 -4.67546120 -4.52556997 
5.99484250e-10 -5.20027867 -5.01267511 -4.84683826 -4.67546120 -4.52556997 
4.64158883e-10 -5.20027867 -5.01267511 -4.84683826 -4.67546120 -4.52556997 
3.59381366e-10 -5.20027867 -5.01267511 -4.84683826 -4.67546120 -4.52556997 
2.78255940e-10 -5.20027867 -5.01267511 -4.84683826 -4.67546120 -4.52556997 
2.15443469e-10 -5.20027867 -5.01267511 -4.84683826 -4.67546120 -4.52556997 
1.66810054e-10 -5.20027867 -5.01267511 -4.84683826 -4.67546120 -4.52556997 
1.29154967e-10 -5.20027867 -5.01267511 -4.84683826 -4.67546120 -4.52556997 
1.00000000e-10 -5.20027867 -5.01267511 -4.84683826 -4.67546120 -4.52556997 
P (bar) | log_CO2: -2σ | log_CO2: -1σ | log_CO2: median | log_CO2: +1σ | log_CO2: +2σ 
1.00000000e+01 -3.91134414 -3.74572183 -3.57351030 -3.38984872 -3.22441103 
7.74263683e+00 -3.91134414 -3.74572183 -3.57351030 -3.38984872 -3.22441103 
5.99484250e+00 -3.91134414 -3.74572183 -3.57351030 -3.38984872 -3.22441103 
4.64158883e+00 -3.91134414 -3.74572183 -3.57351030 -3.38984872 -3.22441103 
3.59381366e+00 -3.91134414 -3.74572183 -3.57351030 -3.38984872 -3.22441103 
2.78255940e+00 -3.91134414 -3.74572183 -3.57351030 -3.38984872 -3.22441103 
2.15443469e+00 -3.91134414 -3.74572183 -3.57351030 -3.38984872 -3.22441103 
1.66810054e+00 -3.91134414 -3.74572183 -3.57351030 -3.38984872 -3.22441103 
1.29154967e+00 -3.91134414 -3.74572183 -3.57351030 -3.38984872 -3.22441103 
1.00000000e+00 -3.91134414 -3.74572183 -3.57351030 -3.38984872 -3.22441103 
7.74263683e-01 -3.91134414 -3.74572183 -3.57351030 -3.38984872 -3.22441103 
5.99484250e-01 -3.91134414 -3.74572183 -3.57351030 -3.38984872 -3.22441103 
4.64158883e-01 -3.91134414 -3.74572183 -3.57351030 -3.38984872 -3.22441103 
3.59381366e-01 -3.91134414 -3.74572183 -3.57351030 -3.38984872 -3.22441103 
2.78255940e-01 -3.91134414 -3.74572183 -3.57351030 -3.38984872 -3.22441103 
2.15443469e-01 -3.91134414 -3.74572183 -3.57351030 -3.38984872 -3.22441103 
1.66810054e-01 -3.91134414 -3.74572183 -3.57351030 -3.38984872 -3.22441103 
1.29154967e-01 -3.91134414 -3.74572183 -3.57351030 -3.38984872 -3.22441103 
1.00000000e-01 -3.91134414 -3.74572183 -3.57351030 -3.38984872 -3.22441103 
7.74263683e-02 -3.91134414 -3.74572183 -3.57351030 -3.38984872 -3.22441103 
5.99484250e-02 -3.91134414 -3.74572183 -3.57351030 -3.38984872 -3.22441103 
4.64158883e-02 -3.91134414 -3.74572183 -3.57351030 -3.38984872 -3.22441103 
3.59381366e-02 -3.91134414 -3.74572183 -3.57351030 -3.38984872 -3.22441103 
2.78255940e-02 -3.91134414 -3.74572183 -3.57351030 -3.38984872 -3.22441103 
2.15443469e-02 -3.91134414 -3.74572183 -3.57351030 -3.38984872 -3.22441103 
1.66810054e-02 -3.91134414 -3.74572183 -3.57351030 -3.38984872 -3.22441103 
1.29154967e-02 -3.91134414 -3.74572183 -3.57351030 -3.38984872 -3.22441103 
1.00000000e-02 -3.91134414 -3.74572183 -3.57351030 -3.38984872 -3.22441103 
7.74263683e-03 -3.91134414 -3.74572183 -3.57351030 -3.38984872 -3.22441103 
5.99484250e-03 -3.91134414 -3.74572183 -3.57351030 -3.38984872 -3.22441103 
4.64158883e-03 -3.91134414 -3.74572183 -3.57351030 -3.38984872 -3.22441103 
3.59381366e-03 -3.91134414 -3.74572183 -3.57351030 -3.38984872 -3.22441103 
2.78255940e-03 -3.91134414 -3.74572183 -3.57351030 -3.38984872 -3.22441103 
2.15443469e-03 -3.91134414 -3.74572183 -3.57351030 -3.38984872 -3.22441103 
1.66810054e-03 -3.91134414 -3.74572183 -3.57351030 -3.38984872 -3.22441103 
1.29154967e-03 -3.91134414 -3.74572183 -3.57351030 -3.38984872 -3.22441103 
1.00000000e-03 -3.91134414 -3.74572183 -3.57351030 -3.38984872 -3.22441103 
7.74263683e-04 -3.91134414 -3.74572183 -3.57351030 -3.38984872 -3.22441103 
5.99484250e-04 -3.91134414 -3.74572183 -3.57351030 -3.38984872 -3.22441103 
4.64158883e-04 -3.91134414 -3.74572183 -3.57351030 -3.38984872 -3.22441103 
3.59381366e-04 -3.91134414 -3.74572183 -3.57351030 -3.38984872 -3.22441103 
2.78255940e-04 -3.91134414 -3.74572183 -3.57351030 -3.38984872 -3.22441103 
2.15443469e-04 -3.91134414 -3.74572183 -3.57351030 -3.38984872 -3.22441103 
1.66810054e-04 -3.91134414 -3.74572183 -3.57351030 -3.38984872 -3.22441103 
1.29154967e-04 -3.91134414 -3.74572183 -3.57351030 -3.38984872 -3.22441103 
1.00000000e-04 -3.91134414 -3.74572183 -3.57351030 -3.38984872 -3.22441103 
7.74263683e-05 -3.91134414 -3.74572183 -3.57351030 -3.38984872 -3.22441103 
5.99484250e-05 -3.91134414 -3.74572183 -3.57351030 -3.38984872 -3.22441103 
4.64158883e-05 -3.91134414 -3.74572183 -3.57351030 -3.38984872 -3.22441103 
3.59381366e-05 -3.91134414 -3.74572183 -3.57351030 -3.38984872 -3.22441103 
2.78255940e-05 -3.91134414 -3.74572183 -3.57351030 -3.38984872 -3.22441103 
2.15443469e-05 -3.91134414 -3.74572183 -3.57351030 -3.38984872 -3.22441103 
1.66810054e-05 -3.91134414 -3.74572183 -3.57351030 -3.38984872 -3.22441103 
1.29154967e-05 -3.91134414 -3.74572183 -3.57351030 -3.38984872 -3.22441103 
1.00000000e-05 -3.91134414 -3.74572183 -3.57351030 -3.38984872 -3.22441103 
7.74263683e-06 -3.91134414 -3.74572183 -3.57351030 -3.38984872 -3.22441103 
5.99484250e-06 -3.91134414 -3.74572183 -3.57351030 -3.38984872 -3.22441103 
4.64158883e-06 -3.91134414 -3.74572183 -3.57351030 -3.38984872 -3.22441103 
3.59381366e-06 -3.91134414 -3.74572183 -3.57351030 -3.38984872 -3.22441103 
2.78255940e-06 -3.91134414 -3.74572183 -3.57351030 -3.38984872 -3.22441103 
2.15443469e-06 -3.91134414 -3.74572183 -3.57351030 -3.38984872 -3.22441103 
1.66810054e-06 -3.91134414 -3.74572183 -3.57351030 -3.38984872 -3.22441103 
1.29154967e-06 -3.91134414 -3.74572183 -3.57351030 -3.38984872 -3.22441103 
1.00000000e-06 -3.91134414 -3.74572183 -3.57351030 -3.38984872 -3.22441103 
7.74263683e-07 -3.91134414 -3.74572183 -3.57351030 -3.38984872 -3.22441103 
5.99484250e-07 -3.91134414 -3.74572183 -3.57351030 -3.38984872 -3.22441103 
4.64158883e-07 -3.91134414 -3.74572183 -3.57351030 -3.38984872 -3.22441103 
3.59381366e-07 -3.91134414 -3.74572183 -3.57351030 -3.38984872 -3.22441103 
2.78255940e-07 -3.91134414 -3.74572183 -3.57351030 -3.38984872 -3.22441103 
2.15443469e-07 -3.91134414 -3.74572183 -3.57351030 -3.38984872 -3.22441103 
1.66810054e-07 -3.91134414 -3.74572183 -3.57351030 -3.38984872 -3.22441103 
1.29154967e-07 -3.91134414 -3.74572183 -3.57351030 -3.38984872 -3.22441103 
1.00000000e-07 -3.91134414 -3.74572183 -3.57351030 -3.38984872 -3.22441103 
7.74263683e-08 -3.91134414 -3.74572183 -3.57351030 -3.38984872 -3.22441103 
5.99484250e-08 -3.91134414 -3.74572183 -3.57351030 -3.38984872 -3.22441103 
4.64158883e-08 -3.91134414 -3.74572183 -3.57351030 -3.38984872 -3.22441103 
3.59381366e-08 -3.91134414 -3.74572183 -3.57351030 -3.38984872 -3.22441103 
2.78255940e-08 -3.91134414 -3.74572183 -3.57351030 -3.38984872 -3.22441103 
2.15443469e-08 -3.91134414 -3.74572183 -3.57351030 -3.38984872 -3.22441103 
1.66810054e-08 -3.91134414 -3.74572183 -3.57351030 -3.38984872 -3.22441103 
1.29154967e-08 -3.91134414 -3.74572183 -3.57351030 -3.38984872 -3.22441103 
1.00000000e-08 -3.91134414 -3.74572183 -3.57351030 -3.38984872 -3.22441103 
7.74263683e-09 -3.91134414 -3.74572183 -3.57351030 -3.38984872 -3.22441103 
5.99484250e-09 -3.91134414 -3.74572183 -3.57351030 -3.38984872 -3.22441103 
4.64158883e-09 -3.91134414 -3.74572183 -3.57351030 -3.38984872 -3.22441103 
3.59381366e-09 -3.91134414 -3.74572183 -3.57351030 -3.38984872 -3.22441103 
2.78255940e-09 -3.91134414 -3.74572183 -3.57351030 -3.38984872 -3.22441103 
2.15443469e-09 -3.91134414 -3.74572183 -3.57351030 -3.38984872 -3.22441103 
1.66810054e-09 -3.91134414 -3.74572183 -3.57351030 -3.38984872 -3.22441103 
1.29154967e-09 -3.91134414 -3.74572183 -3.57351030 -3.38984872 -3.22441103 
1.00000000e-09 -3.91134414 -3.74572183 -3.57351030 -3.38984872 -3.22441103 
7.74263683e-10 -3.91134414 -3.74572183 -3.57351030 -3.38984872 -3.22441103 
5.99484250e-10 -3.91134414 -3.74572183 -3.57351030 -3.38984872 -3.22441103 
4.64158883e-10 -3.91134414 -3.74572183 -3.57351030 -3.38984872 -3.22441103 
3.59381366e-10 -3.91134414 -3.74572183 -3.57351030 -3.38984872 -3.22441103 
2.78255940e-10 -3.91134414 -3.74572183 -3.57351030 -3.38984872 -3.22441103 
2.15443469e-10 -3.91134414 -3.74572183 -3.57351030 -3.38984872 -3.22441103 
1.66810054e-10 -3.91134414 -3.74572183 -3.57351030 -3.38984872 -3.22441103 
1.29154967e-10 -3.91134414 -3.74572183 -3.57351030 -3.38984872 -3.22441103 
1.00000000e-10 -3.91134414 -3.74572183 -3.57351030 -3.38984872 -3.22441103 
P (bar) | log_CH4: -2σ | log_CH4: -1σ | log_CH4: median | log_CH4: +1σ | log_CH4: +2σ 
1.00000000e+01 -4.69488957 -4.61340637 -4.52601578 -4.43620479 -4.34798751 
7.74263683e+00 -4.69488957 -4.61340637 -4.52601578 -4.43620479 -4.34798751 
5.99484250e+00 -4.69488957 -4.61340637 -4.52601578 -4.43620479 -4.34798751 
4.64158883e+00 -4.69488957 -4.61340637 -4.52601578 -4.43620479 -4.34798751 
3.59381366e+00 -4.69488957 -4.61340637 -4.52601578 -4.43620479 -4.34798751 
2.78255940e+00 -4.69488957 -4.61340637 -4.52601578 -4.43620479 -4.34798751 
2.15443469e+00 -4.69488957 -4.61340637 -4.52601578 -4.43620479 -4.34798751 
1.66810054e+00 -4.69488957 -4.61340637 -4.52601578 -4.43620479 -4.34798751 
1.29154967e+00 -4.69488957 -4.61340637 -4.52601578 -4.43620479 -4.34798751 
1.00000000e+00 -4.69488957 -4.61340637 -4.52601578 -4.43620479 -4.34798751 
7.74263683e-01 -4.69488957 -4.61340637 -4.52601578 -4.43620479 -4.34798751 
5.99484250e-01 -4.69488957 -4.61340637 -4.52601578 -4.43620479 -4.34798751 
4.64158883e-01 -4.69488957 -4.61340637 -4.52601578 -4.43620479 -4.34798751 
3.59381366e-01 -4.69488957 -4.61340637 -4.52601578 -4.43620479 -4.34798751 
2.78255940e-01 -4.69488957 -4.61340637 -4.52601578 -4.43620479 -4.34798751 
2.15443469e-01 -4.69488957 -4.61340637 -4.52601578 -4.43620479 -4.34798751 
1.66810054e-01 -4.69488957 -4.61340637 -4.52601578 -4.43620479 -4.34798751 
1.29154967e-01 -4.69488957 -4.61340637 -4.52601578 -4.43620479 -4.34798751 
1.00000000e-01 -4.69488957 -4.61340637 -4.52601578 -4.43620479 -4.34798751 
7.74263683e-02 -4.69488957 -4.61340637 -4.52601578 -4.43620479 -4.34798751 
5.99484250e-02 -4.69488957 -4.61340637 -4.52601578 -4.43620479 -4.34798751 
4.64158883e-02 -4.69488957 -4.61340637 -4.52601578 -4.43620479 -4.34798751 
3.59381366e-02 -4.69488957 -4.61340637 -4.52601578 -4.43620479 -4.34798751 
2.78255940e-02 -4.69488957 -4.61340637 -4.52601578 -4.43620479 -4.34798751 
2.15443469e-02 -4.69488957 -4.61340637 -4.52601578 -4.43620479 -4.34798751 
1.66810054e-02 -4.69488957 -4.61340637 -4.52601578 -4.43620479 -4.34798751 
1.29154967e-02 -4.69488957 -4.61340637 -4.52601578 -4.43620479 -4.34798751 
1.00000000e-02 -4.69488957 -4.61340637 -4.52601578 -4.43620479 -4.34798751 
7.74263683e-03 -4.69488957 -4.61340637 -4.52601578 -4.43620479 -4.34798751 
5.99484250e-03 -4.69488957 -4.61340637 -4.52601578 -4.43620479 -4.34798751 
4.64158883e-03 -4.69488957 -4.61340637 -4.52601578 -4.43620479 -4.34798751 
3.59381366e-03 -4.69488957 -4.61340637 -4.52601578 -4.43620479 -4.34798751 
2.78255940e-03 -4.69488957 -4.61340637 -4.52601578 -4.43620479 -4.34798751 
2.15443469e-03 -4.69488957 -4.61340637 -4.52601578 -4.43620479 -4.34798751 
1.66810054e-03 -4.69488957 -4.61340637 -4.52601578 -4.43620479 -4.34798751 
1.29154967e-03 -4.69488957 -4.61340637 -4.52601578 -4.43620479 -4.34798751 
1.00000000e-03 -4.69488957 -4.61340637 -4.52601578 -4.43620479 -4.34798751 
7.74263683e-04 -4.69488957 -4.61340637 -4.52601578 -4.43620479 -4.34798751 
5.99484250e-04 -4.69488957 -4.61340637 -4.52601578 -4.43620479 -4.34798751 
4.64158883e-04 -4.69488957 -4.61340637 -4.52601578 -4.43620479 -4.34798751 
3.59381366e-04 -4.69488957 -4.61340637 -4.52601578 -4.43620479 -4.34798751 
2.78255940e-04 -4.69488957 -4.61340637 -4.52601578 -4.43620479 -4.34798751 
2.15443469e-04 -4.69488957 -4.61340637 -4.52601578 -4.43620479 -4.34798751 
1.66810054e-04 -4.69488957 -4.61340637 -4.52601578 -4.43620479 -4.34798751 
1.29154967e-04 -4.69488957 -4.61340637 -4.52601578 -4.43620479 -4.34798751 
1.00000000e-04 -4.69488957 -4.61340637 -4.52601578 -4.43620479 -4.34798751 
7.74263683e-05 -4.69488957 -4.61340637 -4.52601578 -4.43620479 -4.34798751 
5.99484250e-05 -4.69488957 -4.61340637 -4.52601578 -4.43620479 -4.34798751 
4.64158883e-05 -4.69488957 -4.61340637 -4.52601578 -4.43620479 -4.34798751 
3.59381366e-05 -4.69488957 -4.61340637 -4.52601578 -4.43620479 -4.34798751 
2.78255940e-05 -4.69488957 -4.61340637 -4.52601578 -4.43620479 -4.34798751 
2.15443469e-05 -4.69488957 -4.61340637 -4.52601578 -4.43620479 -4.34798751 
1.66810054e-05 -4.69488957 -4.61340637 -4.52601578 -4.43620479 -4.34798751 
1.29154967e-05 -4.69488957 -4.61340637 -4.52601578 -4.43620479 -4.34798751 
1.00000000e-05 -4.69488957 -4.61340637 -4.52601578 -4.43620479 -4.34798751 
7.74263683e-06 -4.69488957 -4.61340637 -4.52601578 -4.43620479 -4.34798751 
5.99484250e-06 -4.69488957 -4.61340637 -4.52601578 -4.43620479 -4.34798751 
4.64158883e-06 -4.69488957 -4.61340637 -4.52601578 -4.43620479 -4.34798751 
3.59381366e-06 -4.69488957 -4.61340637 -4.52601578 -4.43620479 -4.34798751 
2.78255940e-06 -4.69488957 -4.61340637 -4.52601578 -4.43620479 -4.34798751 
2.15443469e-06 -4.69488957 -4.61340637 -4.52601578 -4.43620479 -4.34798751 
1.66810054e-06 -4.69488957 -4.61340637 -4.52601578 -4.43620479 -4.34798751 
1.29154967e-06 -4.69488957 -4.61340637 -4.52601578 -4.43620479 -4.34798751 
1.00000000e-06 -4.69488957 -4.61340637 -4.52601578 -4.43620479 -4.34798751 
7.74263683e-07 -4.69488957 -4.61340637 -4.52601578 -4.43620479 -4.34798751 
5.99484250e-07 -4.69488957 -4.61340637 -4.52601578 -4.43620479 -4.34798751 
4.64158883e-07 -4.69488957 -4.61340637 -4.52601578 -4.43620479 -4.34798751 
3.59381366e-07 -4.69488957 -4.61340637 -4.52601578 -4.43620479 -4.34798751 
2.78255940e-07 -4.69488957 -4.61340637 -4.52601578 -4.43620479 -4.34798751 
2.15443469e-07 -4.69488957 -4.61340637 -4.52601578 -4.43620479 -4.34798751 
1.66810054e-07 -4.69488957 -4.61340637 -4.52601578 -4.43620479 -4.34798751 
1.29154967e-07 -4.69488957 -4.61340637 -4.52601578 -4.43620479 -4.34798751 
1.00000000e-07 -4.69488957 -4.61340637 -4.52601578 -4.43620479 -4.34798751 
7.74263683e-08 -4.69488957 -4.61340637 -4.52601578 -4.43620479 -4.34798751 
5.99484250e-08 -4.69488957 -4.61340637 -4.52601578 -4.43620479 -4.34798751 
4.64158883e-08 -4.69488957 -4.61340637 -4.52601578 -4.43620479 -4.34798751 
3.59381366e-08 -4.69488957 -4.61340637 -4.52601578 -4.43620479 -4.34798751 
2.78255940e-08 -4.69488957 -4.61340637 -4.52601578 -4.43620479 -4.34798751 
2.15443469e-08 -4.69488957 -4.61340637 -4.52601578 -4.43620479 -4.34798751 
1.66810054e-08 -4.69488957 -4.61340637 -4.52601578 -4.43620479 -4.34798751 
1.29154967e-08 -4.69488957 -4.61340637 -4.52601578 -4.43620479 -4.34798751 
1.00000000e-08 -4.69488957 -4.61340637 -4.52601578 -4.43620479 -4.34798751 
7.74263683e-09 -4.69488957 -4.61340637 -4.52601578 -4.43620479 -4.34798751 
5.99484250e-09 -4.69488957 -4.61340637 -4.52601578 -4.43620479 -4.34798751 
4.64158883e-09 -4.69488957 -4.61340637 -4.52601578 -4.43620479 -4.34798751 
3.59381366e-09 -4.69488957 -4.61340637 -4.52601578 -4.43620479 -4.34798751 
2.78255940e-09 -4.69488957 -4.61340637 -4.52601578 -4.43620479 -4.34798751 
2.15443469e-09 -4.69488957 -4.61340637 -4.52601578 -4.43620479 -4.34798751 
1.66810054e-09 -4.69488957 -4.61340637 -4.52601578 -4.43620479 -4.34798751 
1.29154967e-09 -4.69488957 -4.61340637 -4.52601578 -4.43620479 -4.34798751 
1.00000000e-09 -4.69488957 -4.61340637 -4.52601578 -4.43620479 -4.34798751 
7.74263683e-10 -4.69488957 -4.61340637 -4.52601578 -4.43620479 -4.34798751 
5.99484250e-10 -4.69488957 -4.61340637 -4.52601578 -4.43620479 -4.34798751 
4.64158883e-10 -4.69488957 -4.61340637 -4.52601578 -4.43620479 -4.34798751 
3.59381366e-10 -4.69488957 -4.61340637 -4.52601578 -4.43620479 -4.34798751 
2.78255940e-10 -4.69488957 -4.61340637 -4.52601578 -4.43620479 -4.34798751 
2.15443469e-10 -4.69488957 -4.61340637 -4.52601578 -4.43620479 -4.34798751 
1.66810054e-10 -4.69488957 -4.61340637 -4.52601578 -4.43620479 -4.34798751 
1.29154967e-10 -4.69488957 -4.61340637 -4.52601578 -4.43620479 -4.34798751 
1.00000000e-10 -4.69488957 -4.61340637 -4.52601578 -4.43620479 -4.34798751 
P (bar) | log_O2: -2σ | log_O2: -1σ | log_O2: median | log_O2: +1σ | log_O2: +2σ 
1.00000000e+01 -1.27265438 -1.13900535 -1.05766273 -1.01543070 -1.00337932 
7.74263683e+00 -1.27265438 -1.13900535 -1.05766273 -1.01543070 -1.00337932 
5.99484250e+00 -1.27265438 -1.13900535 -1.05766273 -1.01543070 -1.00337932 
4.64158883e+00 -1.27265438 -1.13900535 -1.05766273 -1.01543070 -1.00337932 
3.59381366e+00 -1.27265438 -1.13900535 -1.05766273 -1.01543070 -1.00337932 
2.78255940e+00 -1.27265438 -1.13900535 -1.05766273 -1.01543070 -1.00337932 
2.15443469e+00 -1.27265438 -1.13900535 -1.05766273 -1.01543070 -1.00337932 
1.66810054e+00 -1.27265438 -1.13900535 -1.05766273 -1.01543070 -1.00337932 
1.29154967e+00 -1.27265438 -1.13900535 -1.05766273 -1.01543070 -1.00337932 
1.00000000e+00 -1.27265438 -1.13900535 -1.05766273 -1.01543070 -1.00337932 
7.74263683e-01 -1.27265438 -1.13900535 -1.05766273 -1.01543070 -1.00337932 
5.99484250e-01 -1.27265438 -1.13900535 -1.05766273 -1.01543070 -1.00337932 
4.64158883e-01 -1.27265438 -1.13900535 -1.05766273 -1.01543070 -1.00337932 
3.59381366e-01 -1.27265438 -1.13900535 -1.05766273 -1.01543070 -1.00337932 
2.78255940e-01 -1.27265438 -1.13900535 -1.05766273 -1.01543070 -1.00337932 
2.15443469e-01 -1.27265438 -1.13900535 -1.05766273 -1.01543070 -1.00337932 
1.66810054e-01 -1.27265438 -1.13900535 -1.05766273 -1.01543070 -1.00337932 
1.29154967e-01 -1.27265438 -1.13900535 -1.05766273 -1.01543070 -1.00337932 
1.00000000e-01 -1.27265438 -1.13900535 -1.05766273 -1.01543070 -1.00337932 
7.74263683e-02 -1.27265438 -1.13900535 -1.05766273 -1.01543070 -1.00337932 
5.99484250e-02 -1.27265438 -1.13900535 -1.05766273 -1.01543070 -1.00337932 
4.64158883e-02 -1.27265438 -1.13900535 -1.05766273 -1.01543070 -1.00337932 
3.59381366e-02 -1.27265438 -1.13900535 -1.05766273 -1.01543070 -1.00337932 
2.78255940e-02 -1.27265438 -1.13900535 -1.05766273 -1.01543070 -1.00337932 
2.15443469e-02 -1.27265438 -1.13900535 -1.05766273 -1.01543070 -1.00337932 
1.66810054e-02 -1.27265438 -1.13900535 -1.05766273 -1.01543070 -1.00337932 
1.29154967e-02 -1.27265438 -1.13900535 -1.05766273 -1.01543070 -1.00337932 
1.00000000e-02 -1.27265438 -1.13900535 -1.05766273 -1.01543070 -1.00337932 
7.74263683e-03 -1.27265438 -1.13900535 -1.05766273 -1.01543070 -1.00337932 
5.99484250e-03 -1.27265438 -1.13900535 -1.05766273 -1.01543070 -1.00337932 
4.64158883e-03 -1.27265438 -1.13900535 -1.05766273 -1.01543070 -1.00337932 
3.59381366e-03 -1.27265438 -1.13900535 -1.05766273 -1.01543070 -1.00337932 
2.78255940e-03 -1.27265438 -1.13900535 -1.05766273 -1.01543070 -1.00337932 
2.15443469e-03 -1.27265438 -1.13900535 -1.05766273 -1.01543070 -1.00337932 
1.66810054e-03 -1.27265438 -1.13900535 -1.05766273 -1.01543070 -1.00337932 
1.29154967e-03 -1.27265438 -1.13900535 -1.05766273 -1.01543070 -1.00337932 
1.00000000e-03 -1.27265438 -1.13900535 -1.05766273 -1.01543070 -1.00337932 
7.74263683e-04 -1.27265438 -1.13900535 -1.05766273 -1.01543070 -1.00337932 
5.99484250e-04 -1.27265438 -1.13900535 -1.05766273 -1.01543070 -1.00337932 
4.64158883e-04 -1.27265438 -1.13900535 -1.05766273 -1.01543070 -1.00337932 
3.59381366e-04 -1.27265438 -1.13900535 -1.05766273 -1.01543070 -1.00337932 
2.78255940e-04 -1.27265438 -1.13900535 -1.05766273 -1.01543070 -1.00337932 
2.15443469e-04 -1.27265438 -1.13900535 -1.05766273 -1.01543070 -1.00337932 
1.66810054e-04 -1.27265438 -1.13900535 -1.05766273 -1.01543070 -1.00337932 
1.29154967e-04 -1.27265438 -1.13900535 -1.05766273 -1.01543070 -1.00337932 
1.00000000e-04 -1.27265438 -1.13900535 -1.05766273 -1.01543070 -1.00337932 
7.74263683e-05 -1.27265438 -1.13900535 -1.05766273 -1.01543070 -1.00337932 
5.99484250e-05 -1.27265438 -1.13900535 -1.05766273 -1.01543070 -1.00337932 
4.64158883e-05 -1.27265438 -1.13900535 -1.05766273 -1.01543070 -1.00337932 
3.59381366e-05 -1.27265438 -1.13900535 -1.05766273 -1.01543070 -1.00337932 
2.78255940e-05 -1.27265438 -1.13900535 -1.05766273 -1.01543070 -1.00337932 
2.15443469e-05 -1.27265438 -1.13900535 -1.05766273 -1.01543070 -1.00337932 
1.66810054e-05 -1.27265438 -1.13900535 -1.05766273 -1.01543070 -1.00337932 
1.29154967e-05 -1.27265438 -1.13900535 -1.05766273 -1.01543070 -1.00337932 
1.00000000e-05 -1.27265438 -1.13900535 -1.05766273 -1.01543070 -1.00337932 
7.74263683e-06 -1.27265438 -1.13900535 -1.05766273 -1.01543070 -1.00337932 
5.99484250e-06 -1.27265438 -1.13900535 -1.05766273 -1.01543070 -1.00337932 
4.64158883e-06 -1.27265438 -1.13900535 -1.05766273 -1.01543070 -1.00337932 
3.59381366e-06 -1.27265438 -1.13900535 -1.05766273 -1.01543070 -1.00337932 
2.78255940e-06 -1.27265438 -1.13900535 -1.05766273 -1.01543070 -1.00337932 
2.15443469e-06 -1.27265438 -1.13900535 -1.05766273 -1.01543070 -1.00337932 
1.66810054e-06 -1.27265438 -1.13900535 -1.05766273 -1.01543070 -1.00337932 
1.29154967e-06 -1.27265438 -1.13900535 -1.05766273 -1.01543070 -1.00337932 
1.00000000e-06 -1.27265438 -1.13900535 -1.05766273 -1.01543070 -1.00337932 
7.74263683e-07 -1.27265438 -1.13900535 -1.05766273 -1.01543070 -1.00337932 
5.99484250e-07 -1.27265438 -1.13900535 -1.05766273 -1.01543070 -1.00337932 
4.64158883e-07 -1.27265438 -1.13900535 -1.05766273 -1.01543070 -1.00337932 
3.59381366e-07 -1.27265438 -1.13900535 -1.05766273 -1.01543070 -1.00337932 
2.78255940e-07 -1.27265438 -1.13900535 -1.05766273 -1.01543070 -1.00337932 
2.15443469e-07 -1.27265438 -1.13900535 -1.05766273 -1.01543070 -1.00337932 
1.66810054e-07 -1.27265438 -1.13900535 -1.05766273 -1.01543070 -1.00337932 
1.29154967e-07 -1.27265438 -1.13900535 -1.05766273 -1.01543070 -1.00337932 
1.00000000e-07 -1.27265438 -1.13900535 -1.05766273 -1.01543070 -1.00337932 
7.74263683e-08 -1.27265438 -1.13900535 -1.05766273 -1.01543070 -1.00337932 
5.99484250e-08 -1.27265438 -1.13900535 -1.05766273 -1.01543070 -1.00337932 
4.64158883e-08 -1.27265438 -1.13900535 -1.05766273 -1.01543070 -1.00337932 
3.59381366e-08 -1.27265438 -1.13900535 -1.05766273 -1.01543070 -1.00337932 
2.78255940e-08 -1.27265438 -1.13900535 -1.05766273 -1.01543070 -1.00337932 
2.15443469e-08 -1.27265438 -1.13900535 -1.05766273 -1.01543070 -1.00337932 
1.66810054e-08 -1.27265438 -1.13900535 -1.05766273 -1.01543070 -1.00337932 
1.29154967e-08 -1.27265438 -1.13900535 -1.05766273 -1.01543070 -1.00337932 
1.00000000e-08 -1.27265438 -1.13900535 -1.05766273 -1.01543070 -1.00337932 
7.74263683e-09 -1.27265438 -1.13900535 -1.05766273 -1.01543070 -1.00337932 
5.99484250e-09 -1.27265438 -1.13900535 -1.05766273 -1.01543070 -1.00337932 
4.64158883e-09 -1.27265438 -1.13900535 -1.05766273 -1.01543070 -1.00337932 
3.59381366e-09 -1.27265438 -1.13900535 -1.05766273 -1.01543070 -1.00337932 
2.78255940e-09 -1.27265438 -1.13900535 -1.05766273 -1.01543070 -1.00337932 
2.15443469e-09 -1.27265438 -1.13900535 -1.05766273 -1.01543070 -1.00337932 
1.66810054e-09 -1.27265438 -1.13900535 -1.05766273 -1.01543070 -1.00337932 
1.29154967e-09 -1.27265438 -1.13900535 -1.05766273 -1.01543070 -1.00337932 
1.00000000e-09 -1.27265438 -1.13900535 -1.05766273 -1.01543070 -1.00337932 
7.74263683e-10 -1.27265438 -1.13900535 -1.05766273 -1.01543070 -1.00337932 
5.99484250e-10 -1.27265438 -1.13900535 -1.05766273 -1.01543070 -1.00337932 
4.64158883e-10 -1.27265438 -1.13900535 -1.05766273 -1.01543070 -1.00337932 
3.59381366e-10 -1.27265438 -1.13900535 -1.05766273 -1.01543070 -1.00337932 
2.78255940e-10 -1.27265438 -1.13900535 -1.05766273 -1.01543070 -1.00337932 
2.15443469e-10 -1.27265438 -1.13900535 -1.05766273 -1.01543070 -1.00337932 
1.66810054e-10 -1.27265438 -1.13900535 -1.05766273 -1.01543070 -1.00337932 
1.29154967e-10 -1.27265438 -1.13900535 -1.05766273 -1.01543070 -1.00337932 
1.00000000e-10 -1.27265438 -1.13900535 -1.05766273 -1.01543070 -1.00337932 
P (bar) | log_O3: -2σ | log_O3: -1σ | log_O3: median | log_O3: +1σ | log_O3: +2σ 
1.00000000e+01 -9.91145127 -9.48799279 -8.30524061 -7.32458930 -6.60524878 
7.74263683e+00 -9.91145127 -9.48799279 -8.30524061 -7.32458930 -6.60524878 
5.99484250e+00 -9.91145127 -9.48799279 -8.30524061 -7.32458930 -6.60524878 
4.64158883e+00 -9.91145127 -9.48799279 -8.30524061 -7.32458930 -6.60524878 
3.59381366e+00 -9.91145127 -9.48799279 -8.30524061 -7.32458930 -6.60524878 
2.78255940e+00 -9.91145127 -9.48799279 -8.30524061 -7.32458930 -6.60524878 
2.15443469e+00 -9.91145127 -9.48799279 -8.30524061 -7.32458930 -6.60524878 
1.66810054e+00 -9.91145127 -9.48799279 -8.30524061 -7.32458930 -6.60524878 
1.29154967e+00 -9.91145127 -9.48799279 -8.30524061 -7.32458930 -6.60524878 
1.00000000e+00 -9.91145127 -9.48799279 -8.30524061 -7.32458930 -6.60524878 
7.74263683e-01 -9.91145127 -9.48799279 -8.30524061 -7.32458930 -6.60524878 
5.99484250e-01 -9.91145127 -9.48799279 -8.30524061 -7.32458930 -6.60524878 
4.64158883e-01 -9.91145127 -9.48799279 -8.30524061 -7.32458930 -6.60524878 
3.59381366e-01 -9.91145127 -9.48799279 -8.30524061 -7.32458930 -6.60524878 
2.78255940e-01 -9.91145127 -9.48799279 -8.30524061 -7.32458930 -6.60524878 
2.15443469e-01 -9.91145127 -9.48799279 -8.30524061 -7.32458930 -6.60524878 
1.66810054e-01 -9.91145127 -9.48799279 -8.30524061 -7.32458930 -6.60524878 
1.29154967e-01 -9.91145127 -9.48799279 -8.30524061 -7.32458930 -6.60524878 
1.00000000e-01 -9.91145127 -9.48799279 -8.30524061 -7.32458930 -6.60524878 
7.74263683e-02 -9.91145127 -9.48799279 -8.30524061 -7.32458930 -6.60524878 
5.99484250e-02 -9.91145127 -9.48799279 -8.30524061 -7.32458930 -6.60524878 
4.64158883e-02 -9.91145127 -9.48799279 -8.30524061 -7.32458930 -6.60524878 
3.59381366e-02 -9.91145127 -9.48799279 -8.30524061 -7.32458930 -6.60524878 
2.78255940e-02 -9.91145127 -9.48799279 -8.30524061 -7.32458930 -6.60524878 
2.15443469e-02 -9.91145127 -9.48799279 -8.30524061 -7.32458930 -6.60524878 
1.66810054e-02 -9.91145127 -9.48799279 -8.30524061 -7.32458930 -6.60524878 
1.29154967e-02 -9.91145127 -9.48799279 -8.30524061 -7.32458930 -6.60524878 
1.00000000e-02 -9.91145127 -9.48799279 -8.30524061 -7.32458930 -6.60524878 
7.74263683e-03 -9.91145127 -9.48799279 -8.30524061 -7.32458930 -6.60524878 
5.99484250e-03 -9.91145127 -9.48799279 -8.30524061 -7.32458930 -6.60524878 
4.64158883e-03 -9.91145127 -9.48799279 -8.30524061 -7.32458930 -6.60524878 
3.59381366e-03 -9.91145127 -9.48799279 -8.30524061 -7.32458930 -6.60524878 
2.78255940e-03 -9.91145127 -9.48799279 -8.30524061 -7.32458930 -6.60524878 
2.15443469e-03 -9.91145127 -9.48799279 -8.30524061 -7.32458930 -6.60524878 
1.66810054e-03 -9.91145127 -9.48799279 -8.30524061 -7.32458930 -6.60524878 
1.29154967e-03 -9.91145127 -9.48799279 -8.30524061 -7.32458930 -6.60524878 
1.00000000e-03 -9.91145127 -9.48799279 -8.30524061 -7.32458930 -6.60524878 
7.74263683e-04 -9.91145127 -9.48799279 -8.30524061 -7.32458930 -6.60524878 
5.99484250e-04 -9.91145127 -9.48799279 -8.30524061 -7.32458930 -6.60524878 
4.64158883e-04 -9.91145127 -9.48799279 -8.30524061 -7.32458930 -6.60524878 
3.59381366e-04 -9.91145127 -9.48799279 -8.30524061 -7.32458930 -6.60524878 
2.78255940e-04 -9.91145127 -9.48799279 -8.30524061 -7.32458930 -6.60524878 
2.15443469e-04 -9.91145127 -9.48799279 -8.30524061 -7.32458930 -6.60524878 
1.66810054e-04 -9.91145127 -9.48799279 -8.30524061 -7.32458930 -6.60524878 
1.29154967e-04 -9.91145127 -9.48799279 -8.30524061 -7.32458930 -6.60524878 
1.00000000e-04 -9.91145127 -9.48799279 -8.30524061 -7.32458930 -6.60524878 
7.74263683e-05 -9.91145127 -9.48799279 -8.30524061 -7.32458930 -6.60524878 
5.99484250e-05 -9.91145127 -9.48799279 -8.30524061 -7.32458930 -6.60524878 
4.64158883e-05 -9.91145127 -9.48799279 -8.30524061 -7.32458930 -6.60524878 
3.59381366e-05 -9.91145127 -9.48799279 -8.30524061 -7.32458930 -6.60524878 
2.78255940e-05 -9.91145127 -9.48799279 -8.30524061 -7.32458930 -6.60524878 
2.15443469e-05 -9.91145127 -9.48799279 -8.30524061 -7.32458930 -6.60524878 
1.66810054e-05 -9.91145127 -9.48799279 -8.30524061 -7.32458930 -6.60524878 
1.29154967e-05 -9.91145127 -9.48799279 -8.30524061 -7.32458930 -6.60524878 
1.00000000e-05 -9.91145127 -9.48799279 -8.30524061 -7.32458930 -6.60524878 
7.74263683e-06 -9.91145127 -9.48799279 -8.30524061 -7.32458930 -6.60524878 
5.99484250e-06 -9.91145127 -9.48799279 -8.30524061 -7.32458930 -6.60524878 
4.64158883e-06 -9.91145127 -9.48799279 -8.30524061 -7.32458930 -6.60524878 
3.59381366e-06 -9.91145127 -9.48799279 -8.30524061 -7.32458930 -6.60524878 
2.78255940e-06 -9.91145127 -9.48799279 -8.30524061 -7.32458930 -6.60524878 
2.15443469e-06 -9.91145127 -9.48799279 -8.30524061 -7.32458930 -6.60524878 
1.66810054e-06 -9.91145127 -9.48799279 -8.30524061 -7.32458930 -6.60524878 
1.29154967e-06 -9.91145127 -9.48799279 -8.30524061 -7.32458930 -6.60524878 
1.00000000e-06 -9.91145127 -9.48799279 -8.30524061 -7.32458930 -6.60524878 
7.74263683e-07 -9.91145127 -9.48799279 -8.30524061 -7.32458930 -6.60524878 
5.99484250e-07 -9.91145127 -9.48799279 -8.30524061 -7.32458930 -6.60524878 
4.64158883e-07 -9.91145127 -9.48799279 -8.30524061 -7.32458930 -6.60524878 
3.59381366e-07 -9.91145127 -9.48799279 -8.30524061 -7.32458930 -6.60524878 
2.78255940e-07 -9.91145127 -9.48799279 -8.30524061 -7.32458930 -6.60524878 
2.15443469e-07 -9.91145127 -9.48799279 -8.30524061 -7.32458930 -6.60524878 
1.66810054e-07 -9.91145127 -9.48799279 -8.30524061 -7.32458930 -6.60524878 
1.29154967e-07 -9.91145127 -9.48799279 -8.30524061 -7.32458930 -6.60524878 
1.00000000e-07 -9.91145127 -9.48799279 -8.30524061 -7.32458930 -6.60524878 
7.74263683e-08 -9.91145127 -9.48799279 -8.30524061 -7.32458930 -6.60524878 
5.99484250e-08 -9.91145127 -9.48799279 -8.30524061 -7.32458930 -6.60524878 
4.64158883e-08 -9.91145127 -9.48799279 -8.30524061 -7.32458930 -6.60524878 
3.59381366e-08 -9.91145127 -9.48799279 -8.30524061 -7.32458930 -6.60524878 
2.78255940e-08 -9.91145127 -9.48799279 -8.30524061 -7.32458930 -6.60524878 
2.15443469e-08 -9.91145127 -9.48799279 -8.30524061 -7.32458930 -6.60524878 
1.66810054e-08 -9.91145127 -9.48799279 -8.30524061 -7.32458930 -6.60524878 
1.29154967e-08 -9.91145127 -9.48799279 -8.30524061 -7.32458930 -6.60524878 
1.00000000e-08 -9.91145127 -9.48799279 -8.30524061 -7.32458930 -6.60524878 
7.74263683e-09 -9.91145127 -9.48799279 -8.30524061 -7.32458930 -6.60524878 
5.99484250e-09 -9.91145127 -9.48799279 -8.30524061 -7.32458930 -6.60524878 
4.64158883e-09 -9.91145127 -9.48799279 -8.30524061 -7.32458930 -6.60524878 
3.59381366e-09 -9.91145127 -9.48799279 -8.30524061 -7.32458930 -6.60524878 
2.78255940e-09 -9.91145127 -9.48799279 -8.30524061 -7.32458930 -6.60524878 
2.15443469e-09 -9.91145127 -9.48799279 -8.30524061 -7.32458930 -6.60524878 
1.66810054e-09 -9.91145127 -9.48799279 -8.30524061 -7.32458930 -6.60524878 
1.29154967e-09 -9.91145127 -9.48799279 -8.30524061 -7.32458930 -6.60524878 
1.00000000e-09 -9.91145127 -9.48799279 -8.30524061 -7.32458930 -6.60524878 
7.74263683e-10 -9.91145127 -9.48799279 -8.30524061 -7.32458930 -6.60524878 
5.99484250e-10 -9.91145127 -9.48799279 -8.30524061 -7.32458930 -6.60524878 
4.64158883e-10 -9.91145127 -9.48799279 -8.30524061 -7.32458930 -6.60524878 
3.59381366e-10 -9.91145127 -9.48799279 -8.30524061 -7.32458930 -6.60524878 
2.78255940e-10 -9.91145127 -9.48799279 -8.30524061 -7.32458930 -6.60524878 
2.15443469e-10 -9.91145127 -9.48799279 -8.30524061 -7.32458930 -6.60524878 
1.66810054e-10 -9.91145127 -9.48799279 -8.30524061 -7.32458930 -6.60524878 
1.29154967e-10 -9.91145127 -9.48799279 -8.30524061 -7.32458930 -6.60524878 
1.00000000e-10 -9.91145127 -9.48799279 -8.30524061 -7.32458930 -6.60524878 
P (bar) | log_N2O: -2σ | log_N2O: -1σ | log_N2O: median | log_N2O: +1σ | log_N2O: +2σ 
1.00000000e+01 -6.95687077 -6.48872356 -6.18923904 -5.90935824 -5.66718809 
7.74263683e+00 -6.95687077 -6.48872356 -6.18923904 -5.90935824 -5.66718809 
5.99484250e+00 -6.95687077 -6.48872356 -6.18923904 -5.90935824 -5.66718809 
4.64158883e+00 -6.95687077 -6.48872356 -6.18923904 -5.90935824 -5.66718809 
3.59381366e+00 -6.95687077 -6.48872356 -6.18923904 -5.90935824 -5.66718809 
2.78255940e+00 -6.95687077 -6.48872356 -6.18923904 -5.90935824 -5.66718809 
2.15443469e+00 -6.95687077 -6.48872356 -6.18923904 -5.90935824 -5.66718809 
1.66810054e+00 -6.95687077 -6.48872356 -6.18923904 -5.90935824 -5.66718809 
1.29154967e+00 -6.95687077 -6.48872356 -6.18923904 -5.90935824 -5.66718809 
1.00000000e+00 -6.95687077 -6.48872356 -6.18923904 -5.90935824 -5.66718809 
7.74263683e-01 -6.95687077 -6.48872356 -6.18923904 -5.90935824 -5.66718809 
5.99484250e-01 -6.95687077 -6.48872356 -6.18923904 -5.90935824 -5.66718809 
4.64158883e-01 -6.95687077 -6.48872356 -6.18923904 -5.90935824 -5.66718809 
3.59381366e-01 -6.95687077 -6.48872356 -6.18923904 -5.90935824 -5.66718809 
2.78255940e-01 -6.95687077 -6.48872356 -6.18923904 -5.90935824 -5.66718809 
2.15443469e-01 -6.95687077 -6.48872356 -6.18923904 -5.90935824 -5.66718809 
1.66810054e-01 -6.95687077 -6.48872356 -6.18923904 -5.90935824 -5.66718809 
1.29154967e-01 -6.95687077 -6.48872356 -6.18923904 -5.90935824 -5.66718809 
1.00000000e-01 -6.95687077 -6.48872356 -6.18923904 -5.90935824 -5.66718809 
7.74263683e-02 -6.95687077 -6.48872356 -6.18923904 -5.90935824 -5.66718809 
5.99484250e-02 -6.95687077 -6.48872356 -6.18923904 -5.90935824 -5.66718809 
4.64158883e-02 -6.95687077 -6.48872356 -6.18923904 -5.90935824 -5.66718809 
3.59381366e-02 -6.95687077 -6.48872356 -6.18923904 -5.90935824 -5.66718809 
2.78255940e-02 -6.95687077 -6.48872356 -6.18923904 -5.90935824 -5.66718809 
2.15443469e-02 -6.95687077 -6.48872356 -6.18923904 -5.90935824 -5.66718809 
1.66810054e-02 -6.95687077 -6.48872356 -6.18923904 -5.90935824 -5.66718809 
1.29154967e-02 -6.95687077 -6.48872356 -6.18923904 -5.90935824 -5.66718809 
1.00000000e-02 -6.95687077 -6.48872356 -6.18923904 -5.90935824 -5.66718809 
7.74263683e-03 -6.95687077 -6.48872356 -6.18923904 -5.90935824 -5.66718809 
5.99484250e-03 -6.95687077 -6.48872356 -6.18923904 -5.90935824 -5.66718809 
4.64158883e-03 -6.95687077 -6.48872356 -6.18923904 -5.90935824 -5.66718809 
3.59381366e-03 -6.95687077 -6.48872356 -6.18923904 -5.90935824 -5.66718809 
2.78255940e-03 -6.95687077 -6.48872356 -6.18923904 -5.90935824 -5.66718809 
2.15443469e-03 -6.95687077 -6.48872356 -6.18923904 -5.90935824 -5.66718809 
1.66810054e-03 -6.95687077 -6.48872356 -6.18923904 -5.90935824 -5.66718809 
1.29154967e-03 -6.95687077 -6.48872356 -6.18923904 -5.90935824 -5.66718809 
1.00000000e-03 -6.95687077 -6.48872356 -6.18923904 -5.90935824 -5.66718809 
7.74263683e-04 -6.95687077 -6.48872356 -6.18923904 -5.90935824 -5.66718809 
5.99484250e-04 -6.95687077 -6.48872356 -6.18923904 -5.90935824 -5.66718809 
4.64158883e-04 -6.95687077 -6.48872356 -6.18923904 -5.90935824 -5.66718809 
3.59381366e-04 -6.95687077 -6.48872356 -6.18923904 -5.90935824 -5.66718809 
2.78255940e-04 -6.95687077 -6.48872356 -6.18923904 -5.90935824 -5.66718809 
2.15443469e-04 -6.95687077 -6.48872356 -6.18923904 -5.90935824 -5.66718809 
1.66810054e-04 -6.95687077 -6.48872356 -6.18923904 -5.90935824 -5.66718809 
1.29154967e-04 -6.95687077 -6.48872356 -6.18923904 -5.90935824 -5.66718809 
1.00000000e-04 -6.95687077 -6.48872356 -6.18923904 -5.90935824 -5.66718809 
7.74263683e-05 -6.95687077 -6.48872356 -6.18923904 -5.90935824 -5.66718809 
5.99484250e-05 -6.95687077 -6.48872356 -6.18923904 -5.90935824 -5.66718809 
4.64158883e-05 -6.95687077 -6.48872356 -6.18923904 -5.90935824 -5.66718809 
3.59381366e-05 -6.95687077 -6.48872356 -6.18923904 -5.90935824 -5.66718809 
2.78255940e-05 -6.95687077 -6.48872356 -6.18923904 -5.90935824 -5.66718809 
2.15443469e-05 -6.95687077 -6.48872356 -6.18923904 -5.90935824 -5.66718809 
1.66810054e-05 -6.95687077 -6.48872356 -6.18923904 -5.90935824 -5.66718809 
1.29154967e-05 -6.95687077 -6.48872356 -6.18923904 -5.90935824 -5.66718809 
1.00000000e-05 -6.95687077 -6.48872356 -6.18923904 -5.90935824 -5.66718809 
7.74263683e-06 -6.95687077 -6.48872356 -6.18923904 -5.90935824 -5.66718809 
5.99484250e-06 -6.95687077 -6.48872356 -6.18923904 -5.90935824 -5.66718809 
4.64158883e-06 -6.95687077 -6.48872356 -6.18923904 -5.90935824 -5.66718809 
3.59381366e-06 -6.95687077 -6.48872356 -6.18923904 -5.90935824 -5.66718809 
2.78255940e-06 -6.95687077 -6.48872356 -6.18923904 -5.90935824 -5.66718809 
2.15443469e-06 -6.95687077 -6.48872356 -6.18923904 -5.90935824 -5.66718809 
1.66810054e-06 -6.95687077 -6.48872356 -6.18923904 -5.90935824 -5.66718809 
1.29154967e-06 -6.95687077 -6.48872356 -6.18923904 -5.90935824 -5.66718809 
1.00000000e-06 -6.95687077 -6.48872356 -6.18923904 -5.90935824 -5.66718809 
7.74263683e-07 -6.95687077 -6.48872356 -6.18923904 -5.90935824 -5.66718809 
5.99484250e-07 -6.95687077 -6.48872356 -6.18923904 -5.90935824 -5.66718809 
4.64158883e-07 -6.95687077 -6.48872356 -6.18923904 -5.90935824 -5.66718809 
3.59381366e-07 -6.95687077 -6.48872356 -6.18923904 -5.90935824 -5.66718809 
2.78255940e-07 -6.95687077 -6.48872356 -6.18923904 -5.90935824 -5.66718809 
2.15443469e-07 -6.95687077 -6.48872356 -6.18923904 -5.90935824 -5.66718809 
1.66810054e-07 -6.95687077 -6.48872356 -6.18923904 -5.90935824 -5.66718809 
1.29154967e-07 -6.95687077 -6.48872356 -6.18923904 -5.90935824 -5.66718809 
1.00000000e-07 -6.95687077 -6.48872356 -6.18923904 -5.90935824 -5.66718809 
7.74263683e-08 -6.95687077 -6.48872356 -6.18923904 -5.90935824 -5.66718809 
5.99484250e-08 -6.95687077 -6.48872356 -6.18923904 -5.90935824 -5.66718809 
4.64158883e-08 -6.95687077 -6.48872356 -6.18923904 -5.90935824 -5.66718809 
3.59381366e-08 -6.95687077 -6.48872356 -6.18923904 -5.90935824 -5.66718809 
2.78255940e-08 -6.95687077 -6.48872356 -6.18923904 -5.90935824 -5.66718809 
2.15443469e-08 -6.95687077 -6.48872356 -6.18923904 -5.90935824 -5.66718809 
1.66810054e-08 -6.95687077 -6.48872356 -6.18923904 -5.90935824 -5.66718809 
1.29154967e-08 -6.95687077 -6.48872356 -6.18923904 -5.90935824 -5.66718809 
1.00000000e-08 -6.95687077 -6.48872356 -6.18923904 -5.90935824 -5.66718809 
7.74263683e-09 -6.95687077 -6.48872356 -6.18923904 -5.90935824 -5.66718809 
5.99484250e-09 -6.95687077 -6.48872356 -6.18923904 -5.90935824 -5.66718809 
4.64158883e-09 -6.95687077 -6.48872356 -6.18923904 -5.90935824 -5.66718809 
3.59381366e-09 -6.95687077 -6.48872356 -6.18923904 -5.90935824 -5.66718809 
2.78255940e-09 -6.95687077 -6.48872356 -6.18923904 -5.90935824 -5.66718809 
2.15443469e-09 -6.95687077 -6.48872356 -6.18923904 -5.90935824 -5.66718809 
1.66810054e-09 -6.95687077 -6.48872356 -6.18923904 -5.90935824 -5.66718809 
1.29154967e-09 -6.95687077 -6.48872356 -6.18923904 -5.90935824 -5.66718809 
1.00000000e-09 -6.95687077 -6.48872356 -6.18923904 -5.90935824 -5.66718809 
7.74263683e-10 -6.95687077 -6.48872356 -6.18923904 -5.90935824 -5.66718809 
5.99484250e-10 -6.95687077 -6.48872356 -6.18923904 -5.90935824 -5.66718809 
4.64158883e-10 -6.95687077 -6.48872356 -6.18923904 -5.90935824 -5.66718809 
3.59381366e-10 -6.95687077 -6.48872356 -6.18923904 -5.90935824 -5.66718809 
2.78255940e-10 -6.95687077 -6.48872356 -6.18923904 -5.90935824 -5.66718809 
2.15443469e-10 -6.95687077 -6.48872356 -6.18923904 -5.90935824 -5.66718809 
1.66810054e-10 -6.95687077 -6.48872356 -6.18923904 -5.90935824 -5.66718809 
1.29154967e-10 -6.95687077 -6.48872356 -6.18923904 -5.90935824 -5.66718809 
1.00000000e-10 -6.95687077 -6.48872356 -6.18923904 -5.90935824 -5.66718809 
P (bar) | log_NH3: -2σ | log_NH3: -1σ | log_NH3: median | log_NH3: +1σ | log_NH3: +2σ 
1.00000000e+01 -7.56282613 -6.99337394 -6.67367416 -6.45424607 -6.28573227 
7.74263683e+00 -7.56282613 -6.99337394 -6.67367416 -6.45424607 -6.28573227 
5.99484250e+00 -7.56282613 -6.99337394 -6.67367416 -6.45424607 -6.28573227 
4.64158883e+00 -7.56282613 -6.99337394 -6.67367416 -6.45424607 -6.28573227 
3.59381366e+00 -7.56282613 -6.99337394 -6.67367416 -6.45424607 -6.28573227 
2.78255940e+00 -7.56282613 -6.99337394 -6.67367416 -6.45424607 -6.28573227 
2.15443469e+00 -7.56282613 -6.99337394 -6.67367416 -6.45424607 -6.28573227 
1.66810054e+00 -7.56282613 -6.99337394 -6.67367416 -6.45424607 -6.28573227 
1.29154967e+00 -7.56282613 -6.99337394 -6.67367416 -6.45424607 -6.28573227 
1.00000000e+00 -7.56282613 -6.99337394 -6.67367416 -6.45424607 -6.28573227 
7.74263683e-01 -7.56282613 -6.99337394 -6.67367416 -6.45424607 -6.28573227 
5.99484250e-01 -7.56282613 -6.99337394 -6.67367416 -6.45424607 -6.28573227 
4.64158883e-01 -7.56282613 -6.99337394 -6.67367416 -6.45424607 -6.28573227 
3.59381366e-01 -7.56282613 -6.99337394 -6.67367416 -6.45424607 -6.28573227 
2.78255940e-01 -7.56282613 -6.99337394 -6.67367416 -6.45424607 -6.28573227 
2.15443469e-01 -7.56282613 -6.99337394 -6.67367416 -6.45424607 -6.28573227 
1.66810054e-01 -7.56282613 -6.99337394 -6.67367416 -6.45424607 -6.28573227 
1.29154967e-01 -7.56282613 -6.99337394 -6.67367416 -6.45424607 -6.28573227 
1.00000000e-01 -7.56282613 -6.99337394 -6.67367416 -6.45424607 -6.28573227 
7.74263683e-02 -7.56282613 -6.99337394 -6.67367416 -6.45424607 -6.28573227 
5.99484250e-02 -7.56282613 -6.99337394 -6.67367416 -6.45424607 -6.28573227 
4.64158883e-02 -7.56282613 -6.99337394 -6.67367416 -6.45424607 -6.28573227 
3.59381366e-02 -7.56282613 -6.99337394 -6.67367416 -6.45424607 -6.28573227 
2.78255940e-02 -7.56282613 -6.99337394 -6.67367416 -6.45424607 -6.28573227 
2.15443469e-02 -7.56282613 -6.99337394 -6.67367416 -6.45424607 -6.28573227 
1.66810054e-02 -7.56282613 -6.99337394 -6.67367416 -6.45424607 -6.28573227 
1.29154967e-02 -7.56282613 -6.99337394 -6.67367416 -6.45424607 -6.28573227 
1.00000000e-02 -7.56282613 -6.99337394 -6.67367416 -6.45424607 -6.28573227 
7.74263683e-03 -7.56282613 -6.99337394 -6.67367416 -6.45424607 -6.28573227 
5.99484250e-03 -7.56282613 -6.99337394 -6.67367416 -6.45424607 -6.28573227 
4.64158883e-03 -7.56282613 -6.99337394 -6.67367416 -6.45424607 -6.28573227 
3.59381366e-03 -7.56282613 -6.99337394 -6.67367416 -6.45424607 -6.28573227 
2.78255940e-03 -7.56282613 -6.99337394 -6.67367416 -6.45424607 -6.28573227 
2.15443469e-03 -7.56282613 -6.99337394 -6.67367416 -6.45424607 -6.28573227 
1.66810054e-03 -7.56282613 -6.99337394 -6.67367416 -6.45424607 -6.28573227 
1.29154967e-03 -7.56282613 -6.99337394 -6.67367416 -6.45424607 -6.28573227 
1.00000000e-03 -7.56282613 -6.99337394 -6.67367416 -6.45424607 -6.28573227 
7.74263683e-04 -7.56282613 -6.99337394 -6.67367416 -6.45424607 -6.28573227 
5.99484250e-04 -7.56282613 -6.99337394 -6.67367416 -6.45424607 -6.28573227 
4.64158883e-04 -7.56282613 -6.99337394 -6.67367416 -6.45424607 -6.28573227 
3.59381366e-04 -7.56282613 -6.99337394 -6.67367416 -6.45424607 -6.28573227 
2.78255940e-04 -7.56282613 -6.99337394 -6.67367416 -6.45424607 -6.28573227 
2.15443469e-04 -7.56282613 -6.99337394 -6.67367416 -6.45424607 -6.28573227 
1.66810054e-04 -7.56282613 -6.99337394 -6.67367416 -6.45424607 -6.28573227 
1.29154967e-04 -7.56282613 -6.99337394 -6.67367416 -6.45424607 -6.28573227 
1.00000000e-04 -7.56282613 -6.99337394 -6.67367416 -6.45424607 -6.28573227 
7.74263683e-05 -7.56282613 -6.99337394 -6.67367416 -6.45424607 -6.28573227 
5.99484250e-05 -7.56282613 -6.99337394 -6.67367416 -6.45424607 -6.28573227 
4.64158883e-05 -7.56282613 -6.99337394 -6.67367416 -6.45424607 -6.28573227 
3.59381366e-05 -7.56282613 -6.99337394 -6.67367416 -6.45424607 -6.28573227 
2.78255940e-05 -7.56282613 -6.99337394 -6.67367416 -6.45424607 -6.28573227 
2.15443469e-05 -7.56282613 -6.99337394 -6.67367416 -6.45424607 -6.28573227 
1.66810054e-05 -7.56282613 -6.99337394 -6.67367416 -6.45424607 -6.28573227 
1.29154967e-05 -7.56282613 -6.99337394 -6.67367416 -6.45424607 -6.28573227 
1.00000000e-05 -7.56282613 -6.99337394 -6.67367416 -6.45424607 -6.28573227 
7.74263683e-06 -7.56282613 -6.99337394 -6.67367416 -6.45424607 -6.28573227 
5.99484250e-06 -7.56282613 -6.99337394 -6.67367416 -6.45424607 -6.28573227 
4.64158883e-06 -7.56282613 -6.99337394 -6.67367416 -6.45424607 -6.28573227 
3.59381366e-06 -7.56282613 -6.99337394 -6.67367416 -6.45424607 -6.28573227 
2.78255940e-06 -7.56282613 -6.99337394 -6.67367416 -6.45424607 -6.28573227 
2.15443469e-06 -7.56282613 -6.99337394 -6.67367416 -6.45424607 -6.28573227 
1.66810054e-06 -7.56282613 -6.99337394 -6.67367416 -6.45424607 -6.28573227 
1.29154967e-06 -7.56282613 -6.99337394 -6.67367416 -6.45424607 -6.28573227 
1.00000000e-06 -7.56282613 -6.99337394 -6.67367416 -6.45424607 -6.28573227 
7.74263683e-07 -7.56282613 -6.99337394 -6.67367416 -6.45424607 -6.28573227 
5.99484250e-07 -7.56282613 -6.99337394 -6.67367416 -6.45424607 -6.28573227 
4.64158883e-07 -7.56282613 -6.99337394 -6.67367416 -6.45424607 -6.28573227 
3.59381366e-07 -7.56282613 -6.99337394 -6.67367416 -6.45424607 -6.28573227 
2.78255940e-07 -7.56282613 -6.99337394 -6.67367416 -6.45424607 -6.28573227 
2.15443469e-07 -7.56282613 -6.99337394 -6.67367416 -6.45424607 -6.28573227 
1.66810054e-07 -7.56282613 -6.99337394 -6.67367416 -6.45424607 -6.28573227 
1.29154967e-07 -7.56282613 -6.99337394 -6.67367416 -6.45424607 -6.28573227 
1.00000000e-07 -7.56282613 -6.99337394 -6.67367416 -6.45424607 -6.28573227 
7.74263683e-08 -7.56282613 -6.99337394 -6.67367416 -6.45424607 -6.28573227 
5.99484250e-08 -7.56282613 -6.99337394 -6.67367416 -6.45424607 -6.28573227 
4.64158883e-08 -7.56282613 -6.99337394 -6.67367416 -6.45424607 -6.28573227 
3.59381366e-08 -7.56282613 -6.99337394 -6.67367416 -6.45424607 -6.28573227 
2.78255940e-08 -7.56282613 -6.99337394 -6.67367416 -6.45424607 -6.28573227 
2.15443469e-08 -7.56282613 -6.99337394 -6.67367416 -6.45424607 -6.28573227 
1.66810054e-08 -7.56282613 -6.99337394 -6.67367416 -6.45424607 -6.28573227 
1.29154967e-08 -7.56282613 -6.99337394 -6.67367416 -6.45424607 -6.28573227 
1.00000000e-08 -7.56282613 -6.99337394 -6.67367416 -6.45424607 -6.28573227 
7.74263683e-09 -7.56282613 -6.99337394 -6.67367416 -6.45424607 -6.28573227 
5.99484250e-09 -7.56282613 -6.99337394 -6.67367416 -6.45424607 -6.28573227 
4.64158883e-09 -7.56282613 -6.99337394 -6.67367416 -6.45424607 -6.28573227 
3.59381366e-09 -7.56282613 -6.99337394 -6.67367416 -6.45424607 -6.28573227 
2.78255940e-09 -7.56282613 -6.99337394 -6.67367416 -6.45424607 -6.28573227 
2.15443469e-09 -7.56282613 -6.99337394 -6.67367416 -6.45424607 -6.28573227 
1.66810054e-09 -7.56282613 -6.99337394 -6.67367416 -6.45424607 -6.28573227 
1.29154967e-09 -7.56282613 -6.99337394 -6.67367416 -6.45424607 -6.28573227 
1.00000000e-09 -7.56282613 -6.99337394 -6.67367416 -6.45424607 -6.28573227 
7.74263683e-10 -7.56282613 -6.99337394 -6.67367416 -6.45424607 -6.28573227 
5.99484250e-10 -7.56282613 -6.99337394 -6.67367416 -6.45424607 -6.28573227 
4.64158883e-10 -7.56282613 -6.99337394 -6.67367416 -6.45424607 -6.28573227 
3.59381366e-10 -7.56282613 -6.99337394 -6.67367416 -6.45424607 -6.28573227 
2.78255940e-10 -7.56282613 -6.99337394 -6.67367416 -6.45424607 -6.28573227 
2.15443469e-10 -7.56282613 -6.99337394 -6.67367416 -6.45424607 -6.28573227 
1.66810054e-10 -7.56282613 -6.99337394 -6.67367416 -6.45424607 -6.28573227 
1.29154967e-10 -7.56282613 -6.99337394 -6.67367416 -6.45424607 -6.28573227 
1.00000000e-10 -7.56282613 -6.99337394 -6.67367416 -6.45424607 -6.28573227 
