Chemical species: N2 H2O CO2 CH4 O2 O3 N2O NH3
P (bar) | log_N2: -2σ | log_N2: -1σ | log_N2: median | log_N2: +1σ | log_N2: +2σ 
1.00000000e+01 -0.04022268 -0.02190471 -0.00086770 -0.00011128 -0.00003993 
7.74263683e+00 -0.04022268 -0.02190471 -0.00086770 -0.00011128 -0.00003993 
5.99484250e+00 -0.04022268 -0.02190471 -0.00086770 -0.00011128 -0.00003993 
4.64158883e+00 -0.04022268 -0.02190471 -0.00086770 -0.00011128 -0.00003993 
3.59381366e+00 -0.04022268 -0.02190471 -0.00086770 -0.00011128 -0.00003993 
2.78255940e+00 -0.04022268 -0.02190471 -0.00086770 -0.00011128 -0.00003993 
2.15443469e+00 -0.04022268 -0.02190471 -0.00086770 -0.00011128 -0.00003993 
1.66810054e+00 -0.04022268 -0.02190471 -0.00086770 -0.00011128 -0.00003993 
1.29154967e+00 -0.04022268 -0.02190471 -0.00086770 -0.00011128 -0.00003993 
1.00000000e+00 -0.04022268 -0.02190471 -0.00086770 -0.00011128 -0.00003993 
7.74263683e-01 -0.04022268 -0.02190471 -0.00086770 -0.00011128 -0.00003993 
5.99484250e-01 -0.04022268 -0.02190471 -0.00086770 -0.00011128 -0.00003993 
4.64158883e-01 -0.04022268 -0.02190471 -0.00086770 -0.00011128 -0.00003993 
3.59381366e-01 -0.04022268 -0.02190471 -0.00086770 -0.00011128 -0.00003993 
2.78255940e-01 -0.04022268 -0.02190471 -0.00086770 -0.00011128 -0.00003993 
2.15443469e-01 -0.04022268 -0.02190471 -0.00086770 -0.00011128 -0.00003993 
1.66810054e-01 -0.04022268 -0.02190471 -0.00086770 -0.00011128 -0.00003993 
1.29154967e-01 -0.04022268 -0.02190471 -0.00086770 -0.00011128 -0.00003993 
1.00000000e-01 -0.04022268 -0.02190471 -0.00086770 -0.00011128 -0.00003993 
7.74263683e-02 -0.04022268 -0.02190471 -0.00086770 -0.00011128 -0.00003993 
5.99484250e-02 -0.04022268 -0.02190471 -0.00086770 -0.00011128 -0.00003993 
4.64158883e-02 -0.04022268 -0.02190471 -0.00086770 -0.00011128 -0.00003993 
3.59381366e-02 -0.04022268 -0.02190471 -0.00086770 -0.00011128 -0.00003993 
2.78255940e-02 -0.04022268 -0.02190471 -0.00086770 -0.00011128 -0.00003993 
2.15443469e-02 -0.04022268 -0.02190471 -0.00086770 -0.00011128 -0.00003993 
1.66810054e-02 -0.04022268 -0.02190471 -0.00086770 -0.00011128 -0.00003993 
1.29154967e-02 -0.04022268 -0.02190471 -0.00086770 -0.00011128 -0.00003993 
1.00000000e-02 -0.04022268 -0.02190471 -0.00086770 -0.00011128 -0.00003993 
7.74263683e-03 -0.04022268 -0.02190471 -0.00086770 -0.00011128 -0.00003993 
5.99484250e-03 -0.04022268 -0.02190471 -0.00086770 -0.00011128 -0.00003993 
4.64158883e-03 -0.04022268 -0.02190471 -0.00086770 -0.00011128 -0.00003993 
3.59381366e-03 -0.04022268 -0.02190471 -0.00086770 -0.00011128 -0.00003993 
2.78255940e-03 -0.04022268 -0.02190471 -0.00086770 -0.00011128 -0.00003993 
2.15443469e-03 -0.04022268 -0.02190471 -0.00086770 -0.00011128 -0.00003993 
1.66810054e-03 -0.04022268 -0.02190471 -0.00086770 -0.00011128 -0.00003993 
1.29154967e-03 -0.04022268 -0.02190471 -0.00086770 -0.00011128 -0.00003993 
1.00000000e-03 -0.04022268 -0.02190471 -0.00086770 -0.00011128 -0.00003993 
7.74263683e-04 -0.04022268 -0.02190471 -0.00086770 -0.00011128 -0.00003993 
5.99484250e-04 -0.04022268 -0.02190471 -0.00086770 -0.00011128 -0.00003993 
4.64158883e-04 -0.04022268 -0.02190471 -0.00086770 -0.00011128 -0.00003993 
3.59381366e-04 -0.04022268 -0.02190471 -0.00086770 -0.00011128 -0.00003993 
2.78255940e-04 -0.04022268 -0.02190471 -0.00086770 -0.00011128 -0.00003993 
2.15443469e-04 -0.04022268 -0.02190471 -0.00086770 -0.00011128 -0.00003993 
1.66810054e-04 -0.04022268 -0.02190471 -0.00086770 -0.00011128 -0.00003993 
1.29154967e-04 -0.04022268 -0.02190471 -0.00086770 -0.00011128 -0.00003993 
1.00000000e-04 -0.04022268 -0.02190471 -0.00086770 -0.00011128 -0.00003993 
7.74263683e-05 -0.04022268 -0.02190471 -0.00086770 -0.00011128 -0.00003993 
5.99484250e-05 -0.04022268 -0.02190471 -0.00086770 -0.00011128 -0.00003993 
4.64158883e-05 -0.04022268 -0.02190471 -0.00086770 -0.00011128 -0.00003993 
3.59381366e-05 -0.04022268 -0.02190471 -0.00086770 -0.00011128 -0.00003993 
2.78255940e-05 -0.04022268 -0.02190471 -0.00086770 -0.00011128 -0.00003993 
2.15443469e-05 -0.04022268 -0.02190471 -0.00086770 -0.00011128 -0.00003993 
1.66810054e-05 -0.04022268 -0.02190471 -0.00086770 -0.00011128 -0.00003993 
1.29154967e-05 -0.04022268 -0.02190471 -0.00086770 -0.00011128 -0.00003993 
1.00000000e-05 -0.04022268 -0.02190471 -0.00086770 -0.00011128 -0.00003993 
7.74263683e-06 -0.04022268 -0.02190471 -0.00086770 -0.00011128 -0.00003993 
5.99484250e-06 -0.04022268 -0.02190471 -0.00086770 -0.00011128 -0.00003993 
4.64158883e-06 -0.04022268 -0.02190471 -0.00086770 -0.00011128 -0.00003993 
3.59381366e-06 -0.04022268 -0.02190471 -0.00086770 -0.00011128 -0.00003993 
2.78255940e-06 -0.04022268 -0.02190471 -0.00086770 -0.00011128 -0.00003993 
2.15443469e-06 -0.04022268 -0.02190471 -0.00086770 -0.00011128 -0.00003993 
1.66810054e-06 -0.04022268 -0.02190471 -0.00086770 -0.00011128 -0.00003993 
1.29154967e-06 -0.04022268 -0.02190471 -0.00086770 -0.00011128 -0.00003993 
1.00000000e-06 -0.04022268 -0.02190471 -0.00086770 -0.00011128 -0.00003993 
7.74263683e-07 -0.04022268 -0.02190471 -0.00086770 -0.00011128 -0.00003993 
5.99484250e-07 -0.04022268 -0.02190471 -0.00086770 -0.00011128 -0.00003993 
4.64158883e-07 -0.04022268 -0.02190471 -0.00086770 -0.00011128 -0.00003993 
3.59381366e-07 -0.04022268 -0.02190471 -0.00086770 -0.00011128 -0.00003993 
2.78255940e-07 -0.04022268 -0.02190471 -0.00086770 -0.00011128 -0.00003993 
2.15443469e-07 -0.04022268 -0.02190471 -0.00086770 -0.00011128 -0.00003993 
1.66810054e-07 -0.04022268 -0.02190471 -0.00086770 -0.00011128 -0.00003993 
1.29154967e-07 -0.04022268 -0.02190471 -0.00086770 -0.00011128 -0.00003993 
1.00000000e-07 -0.04022268 -0.02190471 -0.00086770 -0.00011128 -0.00003993 
7.74263683e-08 -0.04022268 -0.02190471 -0.00086770 -0.00011128 -0.00003993 
5.99484250e-08 -0.04022268 -0.02190471 -0.00086770 -0.00011128 -0.00003993 
4.64158883e-08 -0.04022268 -0.02190471 -0.00086770 -0.00011128 -0.00003993 
3.59381366e-08 -0.04022268 -0.02190471 -0.00086770 -0.00011128 -0.00003993 
2.78255940e-08 -0.04022268 -0.02190471 -0.00086770 -0.00011128 -0.00003993 
2.15443469e-08 -0.04022268 -0.02190471 -0.00086770 -0.00011128 -0.00003993 
1.66810054e-08 -0.04022268 -0.02190471 -0.00086770 -0.00011128 -0.00003993 
1.29154967e-08 -0.04022268 -0.02190471 -0.00086770 -0.00011128 -0.00003993 
1.00000000e-08 -0.04022268 -0.02190471 -0.00086770 -0.00011128 -0.00003993 
7.74263683e-09 -0.04022268 -0.02190471 -0.00086770 -0.00011128 -0.00003993 
5.99484250e-09 -0.04022268 -0.02190471 -0.00086770 -0.00011128 -0.00003993 
4.64158883e-09 -0.04022268 -0.02190471 -0.00086770 -0.00011128 -0.00003993 
3.59381366e-09 -0.04022268 -0.02190471 -0.00086770 -0.00011128 -0.00003993 
2.78255940e-09 -0.04022268 -0.02190471 -0.00086770 -0.00011128 -0.00003993 
2.15443469e-09 -0.04022268 -0.02190471 -0.00086770 -0.00011128 -0.00003993 
1.66810054e-09 -0.04022268 -0.02190471 -0.00086770 -0.00011128 -0.00003993 
1.29154967e-09 -0.04022268 -0.02190471 -0.00086770 -0.00011128 -0.00003993 
1.00000000e-09 -0.04022268 -0.02190471 -0.00086770 -0.00011128 -0.00003993 
7.74263683e-10 -0.04022268 -0.02190471 -0.00086770 -0.00011128 -0.00003993 
5.99484250e-10 -0.04022268 -0.02190471 -0.00086770 -0.00011128 -0.00003993 
4.64158883e-10 -0.04022268 -0.02190471 -0.00086770 -0.00011128 -0.00003993 
3.59381366e-10 -0.04022268 -0.02190471 -0.00086770 -0.00011128 -0.00003993 
2.78255940e-10 -0.04022268 -0.02190471 -0.00086770 -0.00011128 -0.00003993 
2.15443469e-10 -0.04022268 -0.02190471 -0.00086770 -0.00011128 -0.00003993 
1.66810054e-10 -0.04022268 -0.02190471 -0.00086770 -0.00011128 -0.00003993 
1.29154967e-10 -0.04022268 -0.02190471 -0.00086770 -0.00011128 -0.00003993 
1.00000000e-10 -0.04022268 -0.02190471 -0.00086770 -0.00011128 -0.00003993 
P (bar) | log_H2O: -2σ | log_H2O: -1σ | log_H2O: median | log_H2O: +1σ | log_H2O: +2σ 
1.00000000e+01 -5.87007733 -5.39700558 -4.99572570 -4.63831436 -4.19760949 
7.74263683e+00 -5.87007733 -5.39700558 -4.99572570 -4.63831436 -4.19760949 
5.99484250e+00 -5.87007733 -5.39700558 -4.99572570 -4.63831436 -4.19760949 
4.64158883e+00 -5.87007733 -5.39700558 -4.99572570 -4.63831436 -4.19760949 
3.59381366e+00 -5.87007733 -5.39700558 -4.99572570 -4.63831436 -4.19760949 
2.78255940e+00 -5.87007733 -5.39700558 -4.99572570 -4.63831436 -4.19760949 
2.15443469e+00 -5.87007733 -5.39700558 -4.99572570 -4.63831436 -4.19760949 
1.66810054e+00 -5.87007733 -5.39700558 -4.99572570 -4.63831436 -4.19760949 
1.29154967e+00 -5.87007733 -5.39700558 -4.99572570 -4.63831436 -4.19760949 
1.00000000e+00 -5.87007733 -5.39700558 -4.99572570 -4.63831436 -4.19760949 
7.74263683e-01 -5.87007733 -5.39700558 -4.99572570 -4.63831436 -4.19760949 
5.99484250e-01 -5.87007733 -5.39700558 -4.99572570 -4.63831436 -4.19760949 
4.64158883e-01 -5.87007733 -5.39700558 -4.99572570 -4.63831436 -4.19760949 
3.59381366e-01 -5.87007733 -5.39700558 -4.99572570 -4.63831436 -4.19760949 
2.78255940e-01 -5.87007733 -5.39700558 -4.99572570 -4.63831436 -4.19760949 
2.15443469e-01 -5.87007733 -5.39700558 -4.99572570 -4.63831436 -4.19760949 
1.66810054e-01 -5.87007733 -5.39700558 -4.99572570 -4.63831436 -4.19760949 
1.29154967e-01 -5.87007733 -5.39700558 -4.99572570 -4.63831436 -4.19760949 
1.00000000e-01 -5.87007733 -5.39700558 -4.99572570 -4.63831436 -4.19760949 
7.74263683e-02 -5.87007733 -5.39700558 -4.99572570 -4.63831436 -4.19760949 
5.99484250e-02 -5.87007733 -5.39700558 -4.99572570 -4.63831436 -4.19760949 
4.64158883e-02 -5.87007733 -5.39700558 -4.99572570 -4.63831436 -4.19760949 
3.59381366e-02 -5.87007733 -5.39700558 -4.99572570 -4.63831436 -4.19760949 
2.78255940e-02 -5.87007733 -5.39700558 -4.99572570 -4.63831436 -4.19760949 
2.15443469e-02 -5.87007733 -5.39700558 -4.99572570 -4.63831436 -4.19760949 
1.66810054e-02 -5.87007733 -5.39700558 -4.99572570 -4.63831436 -4.19760949 
1.29154967e-02 -5.87007733 -5.39700558 -4.99572570 -4.63831436 -4.19760949 
1.00000000e-02 -5.87007733 -5.39700558 -4.99572570 -4.63831436 -4.19760949 
7.74263683e-03 -5.87007733 -5.39700558 -4.99572570 -4.63831436 -4.19760949 
5.99484250e-03 -5.87007733 -5.39700558 -4.99572570 -4.63831436 -4.19760949 
4.64158883e-03 -5.87007733 -5.39700558 -4.99572570 -4.63831436 -4.19760949 
3.59381366e-03 -5.87007733 -5.39700558 -4.99572570 -4.63831436 -4.19760949 
2.78255940e-03 -5.87007733 -5.39700558 -4.99572570 -4.63831436 -4.19760949 
2.15443469e-03 -5.87007733 -5.39700558 -4.99572570 -4.63831436 -4.19760949 
1.66810054e-03 -5.87007733 -5.39700558 -4.99572570 -4.63831436 -4.19760949 
1.29154967e-03 -5.87007733 -5.39700558 -4.99572570 -4.63831436 -4.19760949 
1.00000000e-03 -5.87007733 -5.39700558 -4.99572570 -4.63831436 -4.19760949 
7.74263683e-04 -5.87007733 -5.39700558 -4.99572570 -4.63831436 -4.19760949 
5.99484250e-04 -5.87007733 -5.39700558 -4.99572570 -4.63831436 -4.19760949 
4.64158883e-04 -5.87007733 -5.39700558 -4.99572570 -4.63831436 -4.19760949 
3.59381366e-04 -5.87007733 -5.39700558 -4.99572570 -4.63831436 -4.19760949 
2.78255940e-04 -5.87007733 -5.39700558 -4.99572570 -4.63831436 -4.19760949 
2.15443469e-04 -5.87007733 -5.39700558 -4.99572570 -4.63831436 -4.19760949 
1.66810054e-04 -5.87007733 -5.39700558 -4.99572570 -4.63831436 -4.19760949 
1.29154967e-04 -5.87007733 -5.39700558 -4.99572570 -4.63831436 -4.19760949 
1.00000000e-04 -5.87007733 -5.39700558 -4.99572570 -4.63831436 -4.19760949 
7.74263683e-05 -5.87007733 -5.39700558 -4.99572570 -4.63831436 -4.19760949 
5.99484250e-05 -5.87007733 -5.39700558 -4.99572570 -4.63831436 -4.19760949 
4.64158883e-05 -5.87007733 -5.39700558 -4.99572570 -4.63831436 -4.19760949 
3.59381366e-05 -5.87007733 -5.39700558 -4.99572570 -4.63831436 -4.19760949 
2.78255940e-05 -5.87007733 -5.39700558 -4.99572570 -4.63831436 -4.19760949 
2.15443469e-05 -5.87007733 -5.39700558 -4.99572570 -4.63831436 -4.19760949 
1.66810054e-05 -5.87007733 -5.39700558 -4.99572570 -4.63831436 -4.19760949 
1.29154967e-05 -5.87007733 -5.39700558 -4.99572570 -4.63831436 -4.19760949 
1.00000000e-05 -5.87007733 -5.39700558 -4.99572570 -4.63831436 -4.19760949 
7.74263683e-06 -5.87007733 -5.39700558 -4.99572570 -4.63831436 -4.19760949 
5.99484250e-06 -5.87007733 -5.39700558 -4.99572570 -4.63831436 -4.19760949 
4.64158883e-06 -5.87007733 -5.39700558 -4.99572570 -4.63831436 -4.19760949 
3.59381366e-06 -5.87007733 -5.39700558 -4.99572570 -4.63831436 -4.19760949 
2.78255940e-06 -5.87007733 -5.39700558 -4.99572570 -4.63831436 -4.19760949 
2.15443469e-06 -5.87007733 -5.39700558 -4.99572570 -4.63831436 -4.19760949 
1.66810054e-06 -5.87007733 -5.39700558 -4.99572570 -4.63831436 -4.19760949 
1.29154967e-06 -5.87007733 -5.39700558 -4.99572570 -4.63831436 -4.19760949 
1.00000000e-06 -5.87007733 -5.39700558 -4.99572570 -4.63831436 -4.19760949 
7.74263683e-07 -5.87007733 -5.39700558 -4.99572570 -4.63831436 -4.19760949 
5.99484250e-07 -5.87007733 -5.39700558 -4.99572570 -4.63831436 -4.19760949 
4.64158883e-07 -5.87007733 -5.39700558 -4.99572570 -4.63831436 -4.19760949 
3.59381366e-07 -5.87007733 -5.39700558 -4.99572570 -4.63831436 -4.19760949 
2.78255940e-07 -5.87007733 -5.39700558 -4.99572570 -4.63831436 -4.19760949 
2.15443469e-07 -5.87007733 -5.39700558 -4.99572570 -4.63831436 -4.19760949 
1.66810054e-07 -5.87007733 -5.39700558 -4.99572570 -4.63831436 -4.19760949 
1.29154967e-07 -5.87007733 -5.39700558 -4.99572570 -4.63831436 -4.19760949 
1.00000000e-07 -5.87007733 -5.39700558 -4.99572570 -4.63831436 -4.19760949 
7.74263683e-08 -5.87007733 -5.39700558 -4.99572570 -4.63831436 -4.19760949 
5.99484250e-08 -5.87007733 -5.39700558 -4.99572570 -4.63831436 -4.19760949 
4.64158883e-08 -5.87007733 -5.39700558 -4.99572570 -4.63831436 -4.19760949 
3.59381366e-08 -5.87007733 -5.39700558 -4.99572570 -4.63831436 -4.19760949 
2.78255940e-08 -5.87007733 -5.39700558 -4.99572570 -4.63831436 -4.19760949 
2.15443469e-08 -5.87007733 -5.39700558 -4.99572570 -4.63831436 -4.19760949 
1.66810054e-08 -5.87007733 -5.39700558 -4.99572570 -4.63831436 -4.19760949 
1.29154967e-08 -5.87007733 -5.39700558 -4.99572570 -4.63831436 -4.19760949 
1.00000000e-08 -5.87007733 -5.39700558 -4.99572570 -4.63831436 -4.19760949 
7.74263683e-09 -5.87007733 -5.39700558 -4.99572570 -4.63831436 -4.19760949 
5.99484250e-09 -5.87007733 -5.39700558 -4.99572570 -4.63831436 -4.19760949 
4.64158883e-09 -5.87007733 -5.39700558 -4.99572570 -4.63831436 -4.19760949 
3.59381366e-09 -5.87007733 -5.39700558 -4.99572570 -4.63831436 -4.19760949 
2.78255940e-09 -5.87007733 -5.39700558 -4.99572570 -4.63831436 -4.19760949 
2.15443469e-09 -5.87007733 -5.39700558 -4.99572570 -4.63831436 -4.19760949 
1.66810054e-09 -5.87007733 -5.39700558 -4.99572570 -4.63831436 -4.19760949 
1.29154967e-09 -5.87007733 -5.39700558 -4.99572570 -4.63831436 -4.19760949 
1.00000000e-09 -5.87007733 -5.39700558 -4.99572570 -4.63831436 -4.19760949 
7.74263683e-10 -5.87007733 -5.39700558 -4.99572570 -4.63831436 -4.19760949 
5.99484250e-10 -5.87007733 -5.39700558 -4.99572570 -4.63831436 -4.19760949 
4.64158883e-10 -5.87007733 -5.39700558 -4.99572570 -4.63831436 -4.19760949 
3.59381366e-10 -5.87007733 -5.39700558 -4.99572570 -4.63831436 -4.19760949 
2.78255940e-10 -5.87007733 -5.39700558 -4.99572570 -4.63831436 -4.19760949 
2.15443469e-10 -5.87007733 -5.39700558 -4.99572570 -4.63831436 -4.19760949 
1.66810054e-10 -5.87007733 -5.39700558 -4.99572570 -4.63831436 -4.19760949 
1.29154967e-10 -5.87007733 -5.39700558 -4.99572570 -4.63831436 -4.19760949 
1.00000000e-10 -5.87007733 -5.39700558 -4.99572570 -4.63831436 -4.19760949 
P (bar) | log_CO2: -2σ | log_CO2: -1σ | log_CO2: median | log_CO2: +1σ | log_CO2: +2σ 
1.00000000e+01 -4.35876832 -3.94783217 -3.50003440 -3.05565850 -2.56925014 
7.74263683e+00 -4.35876832 -3.94783217 -3.50003440 -3.05565850 -2.56925014 
5.99484250e+00 -4.35876832 -3.94783217 -3.50003440 -3.05565850 -2.56925014 
4.64158883e+00 -4.35876832 -3.94783217 -3.50003440 -3.05565850 -2.56925014 
3.59381366e+00 -4.35876832 -3.94783217 -3.50003440 -3.05565850 -2.56925014 
2.78255940e+00 -4.35876832 -3.94783217 -3.50003440 -3.05565850 -2.56925014 
2.15443469e+00 -4.35876832 -3.94783217 -3.50003440 -3.05565850 -2.56925014 
1.66810054e+00 -4.35876832 -3.94783217 -3.50003440 -3.05565850 -2.56925014 
1.29154967e+00 -4.35876832 -3.94783217 -3.50003440 -3.05565850 -2.56925014 
1.00000000e+00 -4.35876832 -3.94783217 -3.50003440 -3.05565850 -2.56925014 
7.74263683e-01 -4.35876832 -3.94783217 -3.50003440 -3.05565850 -2.56925014 
5.99484250e-01 -4.35876832 -3.94783217 -3.50003440 -3.05565850 -2.56925014 
4.64158883e-01 -4.35876832 -3.94783217 -3.50003440 -3.05565850 -2.56925014 
3.59381366e-01 -4.35876832 -3.94783217 -3.50003440 -3.05565850 -2.56925014 
2.78255940e-01 -4.35876832 -3.94783217 -3.50003440 -3.05565850 -2.56925014 
2.15443469e-01 -4.35876832 -3.94783217 -3.50003440 -3.05565850 -2.56925014 
1.66810054e-01 -4.35876832 -3.94783217 -3.50003440 -3.05565850 -2.56925014 
1.29154967e-01 -4.35876832 -3.94783217 -3.50003440 -3.05565850 -2.56925014 
1.00000000e-01 -4.35876832 -3.94783217 -3.50003440 -3.05565850 -2.56925014 
7.74263683e-02 -4.35876832 -3.94783217 -3.50003440 -3.05565850 -2.56925014 
5.99484250e-02 -4.35876832 -3.94783217 -3.50003440 -3.05565850 -2.56925014 
4.64158883e-02 -4.35876832 -3.94783217 -3.50003440 -3.05565850 -2.56925014 
3.59381366e-02 -4.35876832 -3.94783217 -3.50003440 -3.05565850 -2.56925014 
2.78255940e-02 -4.35876832 -3.94783217 -3.50003440 -3.05565850 -2.56925014 
2.15443469e-02 -4.35876832 -3.94783217 -3.50003440 -3.05565850 -2.56925014 
1.66810054e-02 -4.35876832 -3.94783217 -3.50003440 -3.05565850 -2.56925014 
1.29154967e-02 -4.35876832 -3.94783217 -3.50003440 -3.05565850 -2.56925014 
1.00000000e-02 -4.35876832 -3.94783217 -3.50003440 -3.05565850 -2.56925014 
7.74263683e-03 -4.35876832 -3.94783217 -3.50003440 -3.05565850 -2.56925014 
5.99484250e-03 -4.35876832 -3.94783217 -3.50003440 -3.05565850 -2.56925014 
4.64158883e-03 -4.35876832 -3.94783217 -3.50003440 -3.05565850 -2.56925014 
3.59381366e-03 -4.35876832 -3.94783217 -3.50003440 -3.05565850 -2.56925014 
2.78255940e-03 -4.35876832 -3.94783217 -3.50003440 -3.05565850 -2.56925014 
2.15443469e-03 -4.35876832 -3.94783217 -3.50003440 -3.05565850 -2.56925014 
1.66810054e-03 -4.35876832 -3.94783217 -3.50003440 -3.05565850 -2.56925014 
1.29154967e-03 -4.35876832 -3.94783217 -3.50003440 -3.05565850 -2.56925014 
1.00000000e-03 -4.35876832 -3.94783217 -3.50003440 -3.05565850 -2.56925014 
7.74263683e-04 -4.35876832 -3.94783217 -3.50003440 -3.05565850 -2.56925014 
5.99484250e-04 -4.35876832 -3.94783217 -3.50003440 -3.05565850 -2.56925014 
4.64158883e-04 -4.35876832 -3.94783217 -3.50003440 -3.05565850 -2.56925014 
3.59381366e-04 -4.35876832 -3.94783217 -3.50003440 -3.05565850 -2.56925014 
2.78255940e-04 -4.35876832 -3.94783217 -3.50003440 -3.05565850 -2.56925014 
2.15443469e-04 -4.35876832 -3.94783217 -3.50003440 -3.05565850 -2.56925014 
1.66810054e-04 -4.35876832 -3.94783217 -3.50003440 -3.05565850 -2.56925014 
1.29154967e-04 -4.35876832 -3.94783217 -3.50003440 -3.05565850 -2.56925014 
1.00000000e-04 -4.35876832 -3.94783217 -3.50003440 -3.05565850 -2.56925014 
7.74263683e-05 -4.35876832 -3.94783217 -3.50003440 -3.05565850 -2.56925014 
5.99484250e-05 -4.35876832 -3.94783217 -3.50003440 -3.05565850 -2.56925014 
4.64158883e-05 -4.35876832 -3.94783217 -3.50003440 -3.05565850 -2.56925014 
3.59381366e-05 -4.35876832 -3.94783217 -3.50003440 -3.05565850 -2.56925014 
2.78255940e-05 -4.35876832 -3.94783217 -3.50003440 -3.05565850 -2.56925014 
2.15443469e-05 -4.35876832 -3.94783217 -3.50003440 -3.05565850 -2.56925014 
1.66810054e-05 -4.35876832 -3.94783217 -3.50003440 -3.05565850 -2.56925014 
1.29154967e-05 -4.35876832 -3.94783217 -3.50003440 -3.05565850 -2.56925014 
1.00000000e-05 -4.35876832 -3.94783217 -3.50003440 -3.05565850 -2.56925014 
7.74263683e-06 -4.35876832 -3.94783217 -3.50003440 -3.05565850 -2.56925014 
5.99484250e-06 -4.35876832 -3.94783217 -3.50003440 -3.05565850 -2.56925014 
4.64158883e-06 -4.35876832 -3.94783217 -3.50003440 -3.05565850 -2.56925014 
3.59381366e-06 -4.35876832 -3.94783217 -3.50003440 -3.05565850 -2.56925014 
2.78255940e-06 -4.35876832 -3.94783217 -3.50003440 -3.05565850 -2.56925014 
2.15443469e-06 -4.35876832 -3.94783217 -3.50003440 -3.05565850 -2.56925014 
1.66810054e-06 -4.35876832 -3.94783217 -3.50003440 -3.05565850 -2.56925014 
1.29154967e-06 -4.35876832 -3.94783217 -3.50003440 -3.05565850 -2.56925014 
1.00000000e-06 -4.35876832 -3.94783217 -3.50003440 -3.05565850 -2.56925014 
7.74263683e-07 -4.35876832 -3.94783217 -3.50003440 -3.05565850 -2.56925014 
5.99484250e-07 -4.35876832 -3.94783217 -3.50003440 -3.05565850 -2.56925014 
4.64158883e-07 -4.35876832 -3.94783217 -3.50003440 -3.05565850 -2.56925014 
3.59381366e-07 -4.35876832 -3.94783217 -3.50003440 -3.05565850 -2.56925014 
2.78255940e-07 -4.35876832 -3.94783217 -3.50003440 -3.05565850 -2.56925014 
2.15443469e-07 -4.35876832 -3.94783217 -3.50003440 -3.05565850 -2.56925014 
1.66810054e-07 -4.35876832 -3.94783217 -3.50003440 -3.05565850 -2.56925014 
1.29154967e-07 -4.35876832 -3.94783217 -3.50003440 -3.05565850 -2.56925014 
1.00000000e-07 -4.35876832 -3.94783217 -3.50003440 -3.05565850 -2.56925014 
7.74263683e-08 -4.35876832 -3.94783217 -3.50003440 -3.05565850 -2.56925014 
5.99484250e-08 -4.35876832 -3.94783217 -3.50003440 -3.05565850 -2.56925014 
4.64158883e-08 -4.35876832 -3.94783217 -3.50003440 -3.05565850 -2.56925014 
3.59381366e-08 -4.35876832 -3.94783217 -3.50003440 -3.05565850 -2.56925014 
2.78255940e-08 -4.35876832 -3.94783217 -3.50003440 -3.05565850 -2.56925014 
2.15443469e-08 -4.35876832 -3.94783217 -3.50003440 -3.05565850 -2.56925014 
1.66810054e-08 -4.35876832 -3.94783217 -3.50003440 -3.05565850 -2.56925014 
1.29154967e-08 -4.35876832 -3.94783217 -3.50003440 -3.05565850 -2.56925014 
1.00000000e-08 -4.35876832 -3.94783217 -3.50003440 -3.05565850 -2.56925014 
7.74263683e-09 -4.35876832 -3.94783217 -3.50003440 -3.05565850 -2.56925014 
5.99484250e-09 -4.35876832 -3.94783217 -3.50003440 -3.05565850 -2.56925014 
4.64158883e-09 -4.35876832 -3.94783217 -3.50003440 -3.05565850 -2.56925014 
3.59381366e-09 -4.35876832 -3.94783217 -3.50003440 -3.05565850 -2.56925014 
2.78255940e-09 -4.35876832 -3.94783217 -3.50003440 -3.05565850 -2.56925014 
2.15443469e-09 -4.35876832 -3.94783217 -3.50003440 -3.05565850 -2.56925014 
1.66810054e-09 -4.35876832 -3.94783217 -3.50003440 -3.05565850 -2.56925014 
1.29154967e-09 -4.35876832 -3.94783217 -3.50003440 -3.05565850 -2.56925014 
1.00000000e-09 -4.35876832 -3.94783217 -3.50003440 -3.05565850 -2.56925014 
7.74263683e-10 -4.35876832 -3.94783217 -3.50003440 -3.05565850 -2.56925014 
5.99484250e-10 -4.35876832 -3.94783217 -3.50003440 -3.05565850 -2.56925014 
4.64158883e-10 -4.35876832 -3.94783217 -3.50003440 -3.05565850 -2.56925014 
3.59381366e-10 -4.35876832 -3.94783217 -3.50003440 -3.05565850 -2.56925014 
2.78255940e-10 -4.35876832 -3.94783217 -3.50003440 -3.05565850 -2.56925014 
2.15443469e-10 -4.35876832 -3.94783217 -3.50003440 -3.05565850 -2.56925014 
1.66810054e-10 -4.35876832 -3.94783217 -3.50003440 -3.05565850 -2.56925014 
1.29154967e-10 -4.35876832 -3.94783217 -3.50003440 -3.05565850 -2.56925014 
1.00000000e-10 -4.35876832 -3.94783217 -3.50003440 -3.05565850 -2.56925014 
P (bar) | log_CH4: -2σ | log_CH4: -1σ | log_CH4: median | log_CH4: +1σ | log_CH4: +2σ 
1.00000000e+01 -4.93983521 -4.67954634 -4.45479762 -4.19384014 -3.94755941 
7.74263683e+00 -4.93983521 -4.67954634 -4.45479762 -4.19384014 -3.94755941 
5.99484250e+00 -4.93983521 -4.67954634 -4.45479762 -4.19384014 -3.94755941 
4.64158883e+00 -4.93983521 -4.67954634 -4.45479762 -4.19384014 -3.94755941 
3.59381366e+00 -4.93983521 -4.67954634 -4.45479762 -4.19384014 -3.94755941 
2.78255940e+00 -4.93983521 -4.67954634 -4.45479762 -4.19384014 -3.94755941 
2.15443469e+00 -4.93983521 -4.67954634 -4.45479762 -4.19384014 -3.94755941 
1.66810054e+00 -4.93983521 -4.67954634 -4.45479762 -4.19384014 -3.94755941 
1.29154967e+00 -4.93983521 -4.67954634 -4.45479762 -4.19384014 -3.94755941 
1.00000000e+00 -4.93983521 -4.67954634 -4.45479762 -4.19384014 -3.94755941 
7.74263683e-01 -4.93983521 -4.67954634 -4.45479762 -4.19384014 -3.94755941 
5.99484250e-01 -4.93983521 -4.67954634 -4.45479762 -4.19384014 -3.94755941 
4.64158883e-01 -4.93983521 -4.67954634 -4.45479762 -4.19384014 -3.94755941 
3.59381366e-01 -4.93983521 -4.67954634 -4.45479762 -4.19384014 -3.94755941 
2.78255940e-01 -4.93983521 -4.67954634 -4.45479762 -4.19384014 -3.94755941 
2.15443469e-01 -4.93983521 -4.67954634 -4.45479762 -4.19384014 -3.94755941 
1.66810054e-01 -4.93983521 -4.67954634 -4.45479762 -4.19384014 -3.94755941 
1.29154967e-01 -4.93983521 -4.67954634 -4.45479762 -4.19384014 -3.94755941 
1.00000000e-01 -4.93983521 -4.67954634 -4.45479762 -4.19384014 -3.94755941 
7.74263683e-02 -4.93983521 -4.67954634 -4.45479762 -4.19384014 -3.94755941 
5.99484250e-02 -4.93983521 -4.67954634 -4.45479762 -4.19384014 -3.94755941 
4.64158883e-02 -4.93983521 -4.67954634 -4.45479762 -4.19384014 -3.94755941 
3.59381366e-02 -4.93983521 -4.67954634 -4.45479762 -4.19384014 -3.94755941 
2.78255940e-02 -4.93983521 -4.67954634 -4.45479762 -4.19384014 -3.94755941 
2.15443469e-02 -4.93983521 -4.67954634 -4.45479762 -4.19384014 -3.94755941 
1.66810054e-02 -4.93983521 -4.67954634 -4.45479762 -4.19384014 -3.94755941 
1.29154967e-02 -4.93983521 -4.67954634 -4.45479762 -4.19384014 -3.94755941 
1.00000000e-02 -4.93983521 -4.67954634 -4.45479762 -4.19384014 -3.94755941 
7.74263683e-03 -4.93983521 -4.67954634 -4.45479762 -4.19384014 -3.94755941 
5.99484250e-03 -4.93983521 -4.67954634 -4.45479762 -4.19384014 -3.94755941 
4.64158883e-03 -4.93983521 -4.67954634 -4.45479762 -4.19384014 -3.94755941 
3.59381366e-03 -4.93983521 -4.67954634 -4.45479762 -4.19384014 -3.94755941 
2.78255940e-03 -4.93983521 -4.67954634 -4.45479762 -4.19384014 -3.94755941 
2.15443469e-03 -4.93983521 -4.67954634 -4.45479762 -4.19384014 -3.94755941 
1.66810054e-03 -4.93983521 -4.67954634 -4.45479762 -4.19384014 -3.94755941 
1.29154967e-03 -4.93983521 -4.67954634 -4.45479762 -4.19384014 -3.94755941 
1.00000000e-03 -4.93983521 -4.67954634 -4.45479762 -4.19384014 -3.94755941 
7.74263683e-04 -4.93983521 -4.67954634 -4.45479762 -4.19384014 -3.94755941 
5.99484250e-04 -4.93983521 -4.67954634 -4.45479762 -4.19384014 -3.94755941 
4.64158883e-04 -4.93983521 -4.67954634 -4.45479762 -4.19384014 -3.94755941 
3.59381366e-04 -4.93983521 -4.67954634 -4.45479762 -4.19384014 -3.94755941 
2.78255940e-04 -4.93983521 -4.67954634 -4.45479762 -4.19384014 -3.94755941 
2.15443469e-04 -4.93983521 -4.67954634 -4.45479762 -4.19384014 -3.94755941 
1.66810054e-04 -4.93983521 -4.67954634 -4.45479762 -4.19384014 -3.94755941 
1.29154967e-04 -4.93983521 -4.67954634 -4.45479762 -4.19384014 -3.94755941 
1.00000000e-04 -4.93983521 -4.67954634 -4.45479762 -4.19384014 -3.94755941 
7.74263683e-05 -4.93983521 -4.67954634 -4.45479762 -4.19384014 -3.94755941 
5.99484250e-05 -4.93983521 -4.67954634 -4.45479762 -4.19384014 -3.94755941 
4.64158883e-05 -4.93983521 -4.67954634 -4.45479762 -4.19384014 -3.94755941 
3.59381366e-05 -4.93983521 -4.67954634 -4.45479762 -4.19384014 -3.94755941 
2.78255940e-05 -4.93983521 -4.67954634 -4.45479762 -4.19384014 -3.94755941 
2.15443469e-05 -4.93983521 -4.67954634 -4.45479762 -4.19384014 -3.94755941 
1.66810054e-05 -4.93983521 -4.67954634 -4.45479762 -4.19384014 -3.94755941 
1.29154967e-05 -4.93983521 -4.67954634 -4.45479762 -4.19384014 -3.94755941 
1.00000000e-05 -4.93983521 -4.67954634 -4.45479762 -4.19384014 -3.94755941 
7.74263683e-06 -4.93983521 -4.67954634 -4.45479762 -4.19384014 -3.94755941 
5.99484250e-06 -4.93983521 -4.67954634 -4.45479762 -4.19384014 -3.94755941 
4.64158883e-06 -4.93983521 -4.67954634 -4.45479762 -4.19384014 -3.94755941 
3.59381366e-06 -4.93983521 -4.67954634 -4.45479762 -4.19384014 -3.94755941 
2.78255940e-06 -4.93983521 -4.67954634 -4.45479762 -4.19384014 -3.94755941 
2.15443469e-06 -4.93983521 -4.67954634 -4.45479762 -4.19384014 -3.94755941 
1.66810054e-06 -4.93983521 -4.67954634 -4.45479762 -4.19384014 -3.94755941 
1.29154967e-06 -4.93983521 -4.67954634 -4.45479762 -4.19384014 -3.94755941 
1.00000000e-06 -4.93983521 -4.67954634 -4.45479762 -4.19384014 -3.94755941 
7.74263683e-07 -4.93983521 -4.67954634 -4.45479762 -4.19384014 -3.94755941 
5.99484250e-07 -4.93983521 -4.67954634 -4.45479762 -4.19384014 -3.94755941 
4.64158883e-07 -4.93983521 -4.67954634 -4.45479762 -4.19384014 -3.94755941 
3.59381366e-07 -4.93983521 -4.67954634 -4.45479762 -4.19384014 -3.94755941 
2.78255940e-07 -4.93983521 -4.67954634 -4.45479762 -4.19384014 -3.94755941 
2.15443469e-07 -4.93983521 -4.67954634 -4.45479762 -4.19384014 -3.94755941 
1.66810054e-07 -4.93983521 -4.67954634 -4.45479762 -4.19384014 -3.94755941 
1.29154967e-07 -4.93983521 -4.67954634 -4.45479762 -4.19384014 -3.94755941 
1.00000000e-07 -4.93983521 -4.67954634 -4.45479762 -4.19384014 -3.94755941 
7.74263683e-08 -4.93983521 -4.67954634 -4.45479762 -4.19384014 -3.94755941 
5.99484250e-08 -4.93983521 -4.67954634 -4.45479762 -4.19384014 -3.94755941 
4.64158883e-08 -4.93983521 -4.67954634 -4.45479762 -4.19384014 -3.94755941 
3.59381366e-08 -4.93983521 -4.67954634 -4.45479762 -4.19384014 -3.94755941 
2.78255940e-08 -4.93983521 -4.67954634 -4.45479762 -4.19384014 -3.94755941 
2.15443469e-08 -4.93983521 -4.67954634 -4.45479762 -4.19384014 -3.94755941 
1.66810054e-08 -4.93983521 -4.67954634 -4.45479762 -4.19384014 -3.94755941 
1.29154967e-08 -4.93983521 -4.67954634 -4.45479762 -4.19384014 -3.94755941 
1.00000000e-08 -4.93983521 -4.67954634 -4.45479762 -4.19384014 -3.94755941 
7.74263683e-09 -4.93983521 -4.67954634 -4.45479762 -4.19384014 -3.94755941 
5.99484250e-09 -4.93983521 -4.67954634 -4.45479762 -4.19384014 -3.94755941 
4.64158883e-09 -4.93983521 -4.67954634 -4.45479762 -4.19384014 -3.94755941 
3.59381366e-09 -4.93983521 -4.67954634 -4.45479762 -4.19384014 -3.94755941 
2.78255940e-09 -4.93983521 -4.67954634 -4.45479762 -4.19384014 -3.94755941 
2.15443469e-09 -4.93983521 -4.67954634 -4.45479762 -4.19384014 -3.94755941 
1.66810054e-09 -4.93983521 -4.67954634 -4.45479762 -4.19384014 -3.94755941 
1.29154967e-09 -4.93983521 -4.67954634 -4.45479762 -4.19384014 -3.94755941 
1.00000000e-09 -4.93983521 -4.67954634 -4.45479762 -4.19384014 -3.94755941 
7.74263683e-10 -4.93983521 -4.67954634 -4.45479762 -4.19384014 -3.94755941 
5.99484250e-10 -4.93983521 -4.67954634 -4.45479762 -4.19384014 -3.94755941 
4.64158883e-10 -4.93983521 -4.67954634 -4.45479762 -4.19384014 -3.94755941 
3.59381366e-10 -4.93983521 -4.67954634 -4.45479762 -4.19384014 -3.94755941 
2.78255940e-10 -4.93983521 -4.67954634 -4.45479762 -4.19384014 -3.94755941 
2.15443469e-10 -4.93983521 -4.67954634 -4.45479762 -4.19384014 -3.94755941 
1.66810054e-10 -4.93983521 -4.67954634 -4.45479762 -4.19384014 -3.94755941 
1.29154967e-10 -4.93983521 -4.67954634 -4.45479762 -4.19384014 -3.94755941 
1.00000000e-10 -4.93983521 -4.67954634 -4.45479762 -4.19384014 -3.94755941 
P (bar) | log_O2: -2σ | log_O2: -1σ | log_O2: median | log_O2: +1σ | log_O2: +2σ 
1.00000000e+01 -9.75290768 -7.70967254 -2.93881039 -1.31537312 -1.05702782 
7.74263683e+00 -9.75290768 -7.70967254 -2.93881039 -1.31537312 -1.05702782 
5.99484250e+00 -9.75290768 -7.70967254 -2.93881039 -1.31537312 -1.05702782 
4.64158883e+00 -9.75290768 -7.70967254 -2.93881039 -1.31537312 -1.05702782 
3.59381366e+00 -9.75290768 -7.70967254 -2.93881039 -1.31537312 -1.05702782 
2.78255940e+00 -9.75290768 -7.70967254 -2.93881039 -1.31537312 -1.05702782 
2.15443469e+00 -9.75290768 -7.70967254 -2.93881039 -1.31537312 -1.05702782 
1.66810054e+00 -9.75290768 -7.70967254 -2.93881039 -1.31537312 -1.05702782 
1.29154967e+00 -9.75290768 -7.70967254 -2.93881039 -1.31537312 -1.05702782 
1.00000000e+00 -9.75290768 -7.70967254 -2.93881039 -1.31537312 -1.05702782 
7.74263683e-01 -9.75290768 -7.70967254 -2.93881039 -1.31537312 -1.05702782 
5.99484250e-01 -9.75290768 -7.70967254 -2.93881039 -1.31537312 -1.05702782 
4.64158883e-01 -9.75290768 -7.70967254 -2.93881039 -1.31537312 -1.05702782 
3.59381366e-01 -9.75290768 -7.70967254 -2.93881039 -1.31537312 -1.05702782 
2.78255940e-01 -9.75290768 -7.70967254 -2.93881039 -1.31537312 -1.05702782 
2.15443469e-01 -9.75290768 -7.70967254 -2.93881039 -1.31537312 -1.05702782 
1.66810054e-01 -9.75290768 -7.70967254 -2.93881039 -1.31537312 -1.05702782 
1.29154967e-01 -9.75290768 -7.70967254 -2.93881039 -1.31537312 -1.05702782 
1.00000000e-01 -9.75290768 -7.70967254 -2.93881039 -1.31537312 -1.05702782 
7.74263683e-02 -9.75290768 -7.70967254 -2.93881039 -1.31537312 -1.05702782 
5.99484250e-02 -9.75290768 -7.70967254 -2.93881039 -1.31537312 -1.05702782 
4.64158883e-02 -9.75290768 -7.70967254 -2.93881039 -1.31537312 -1.05702782 
3.59381366e-02 -9.75290768 -7.70967254 -2.93881039 -1.31537312 -1.05702782 
2.78255940e-02 -9.75290768 -7.70967254 -2.93881039 -1.31537312 -1.05702782 
2.15443469e-02 -9.75290768 -7.70967254 -2.93881039 -1.31537312 -1.05702782 
1.66810054e-02 -9.75290768 -7.70967254 -2.93881039 -1.31537312 -1.05702782 
1.29154967e-02 -9.75290768 -7.70967254 -2.93881039 -1.31537312 -1.05702782 
1.00000000e-02 -9.75290768 -7.70967254 -2.93881039 -1.31537312 -1.05702782 
7.74263683e-03 -9.75290768 -7.70967254 -2.93881039 -1.31537312 -1.05702782 
5.99484250e-03 -9.75290768 -7.70967254 -2.93881039 -1.31537312 -1.05702782 
4.64158883e-03 -9.75290768 -7.70967254 -2.93881039 -1.31537312 -1.05702782 
3.59381366e-03 -9.75290768 -7.70967254 -2.93881039 -1.31537312 -1.05702782 
2.78255940e-03 -9.75290768 -7.70967254 -2.93881039 -1.31537312 -1.05702782 
2.15443469e-03 -9.75290768 -7.70967254 -2.93881039 -1.31537312 -1.05702782 
1.66810054e-03 -9.75290768 -7.70967254 -2.93881039 -1.31537312 -1.05702782 
1.29154967e-03 -9.75290768 -7.70967254 -2.93881039 -1.31537312 -1.05702782 
1.00000000e-03 -9.75290768 -7.70967254 -2.93881039 -1.31537312 -1.05702782 
7.74263683e-04 -9.75290768 -7.70967254 -2.93881039 -1.31537312 -1.05702782 
5.99484250e-04 -9.75290768 -7.70967254 -2.93881039 -1.31537312 -1.05702782 
4.64158883e-04 -9.75290768 -7.70967254 -2.93881039 -1.31537312 -1.05702782 
3.59381366e-04 -9.75290768 -7.70967254 -2.93881039 -1.31537312 -1.05702782 
2.78255940e-04 -9.75290768 -7.70967254 -2.93881039 -1.31537312 -1.05702782 
2.15443469e-04 -9.75290768 -7.70967254 -2.93881039 -1.31537312 -1.05702782 
1.66810054e-04 -9.75290768 -7.70967254 -2.93881039 -1.31537312 -1.05702782 
1.29154967e-04 -9.75290768 -7.70967254 -2.93881039 -1.31537312 -1.05702782 
1.00000000e-04 -9.75290768 -7.70967254 -2.93881039 -1.31537312 -1.05702782 
7.74263683e-05 -9.75290768 -7.70967254 -2.93881039 -1.31537312 -1.05702782 
5.99484250e-05 -9.75290768 -7.70967254 -2.93881039 -1.31537312 -1.05702782 
4.64158883e-05 -9.75290768 -7.70967254 -2.93881039 -1.31537312 -1.05702782 
3.59381366e-05 -9.75290768 -7.70967254 -2.93881039 -1.31537312 -1.05702782 
2.78255940e-05 -9.75290768 -7.70967254 -2.93881039 -1.31537312 -1.05702782 
2.15443469e-05 -9.75290768 -7.70967254 -2.93881039 -1.31537312 -1.05702782 
1.66810054e-05 -9.75290768 -7.70967254 -2.93881039 -1.31537312 -1.05702782 
1.29154967e-05 -9.75290768 -7.70967254 -2.93881039 -1.31537312 -1.05702782 
1.00000000e-05 -9.75290768 -7.70967254 -2.93881039 -1.31537312 -1.05702782 
7.74263683e-06 -9.75290768 -7.70967254 -2.93881039 -1.31537312 -1.05702782 
5.99484250e-06 -9.75290768 -7.70967254 -2.93881039 -1.31537312 -1.05702782 
4.64158883e-06 -9.75290768 -7.70967254 -2.93881039 -1.31537312 -1.05702782 
3.59381366e-06 -9.75290768 -7.70967254 -2.93881039 -1.31537312 -1.05702782 
2.78255940e-06 -9.75290768 -7.70967254 -2.93881039 -1.31537312 -1.05702782 
2.15443469e-06 -9.75290768 -7.70967254 -2.93881039 -1.31537312 -1.05702782 
1.66810054e-06 -9.75290768 -7.70967254 -2.93881039 -1.31537312 -1.05702782 
1.29154967e-06 -9.75290768 -7.70967254 -2.93881039 -1.31537312 -1.05702782 
1.00000000e-06 -9.75290768 -7.70967254 -2.93881039 -1.31537312 -1.05702782 
7.74263683e-07 -9.75290768 -7.70967254 -2.93881039 -1.31537312 -1.05702782 
5.99484250e-07 -9.75290768 -7.70967254 -2.93881039 -1.31537312 -1.05702782 
4.64158883e-07 -9.75290768 -7.70967254 -2.93881039 -1.31537312 -1.05702782 
3.59381366e-07 -9.75290768 -7.70967254 -2.93881039 -1.31537312 -1.05702782 
2.78255940e-07 -9.75290768 -7.70967254 -2.93881039 -1.31537312 -1.05702782 
2.15443469e-07 -9.75290768 -7.70967254 -2.93881039 -1.31537312 -1.05702782 
1.66810054e-07 -9.75290768 -7.70967254 -2.93881039 -1.31537312 -1.05702782 
1.29154967e-07 -9.75290768 -7.70967254 -2.93881039 -1.31537312 -1.05702782 
1.00000000e-07 -9.75290768 -7.70967254 -2.93881039 -1.31537312 -1.05702782 
7.74263683e-08 -9.75290768 -7.70967254 -2.93881039 -1.31537312 -1.05702782 
5.99484250e-08 -9.75290768 -7.70967254 -2.93881039 -1.31537312 -1.05702782 
4.64158883e-08 -9.75290768 -7.70967254 -2.93881039 -1.31537312 -1.05702782 
3.59381366e-08 -9.75290768 -7.70967254 -2.93881039 -1.31537312 -1.05702782 
2.78255940e-08 -9.75290768 -7.70967254 -2.93881039 -1.31537312 -1.05702782 
2.15443469e-08 -9.75290768 -7.70967254 -2.93881039 -1.31537312 -1.05702782 
1.66810054e-08 -9.75290768 -7.70967254 -2.93881039 -1.31537312 -1.05702782 
1.29154967e-08 -9.75290768 -7.70967254 -2.93881039 -1.31537312 -1.05702782 
1.00000000e-08 -9.75290768 -7.70967254 -2.93881039 -1.31537312 -1.05702782 
7.74263683e-09 -9.75290768 -7.70967254 -2.93881039 -1.31537312 -1.05702782 
5.99484250e-09 -9.75290768 -7.70967254 -2.93881039 -1.31537312 -1.05702782 
4.64158883e-09 -9.75290768 -7.70967254 -2.93881039 -1.31537312 -1.05702782 
3.59381366e-09 -9.75290768 -7.70967254 -2.93881039 -1.31537312 -1.05702782 
2.78255940e-09 -9.75290768 -7.70967254 -2.93881039 -1.31537312 -1.05702782 
2.15443469e-09 -9.75290768 -7.70967254 -2.93881039 -1.31537312 -1.05702782 
1.66810054e-09 -9.75290768 -7.70967254 -2.93881039 -1.31537312 -1.05702782 
1.29154967e-09 -9.75290768 -7.70967254 -2.93881039 -1.31537312 -1.05702782 
1.00000000e-09 -9.75290768 -7.70967254 -2.93881039 -1.31537312 -1.05702782 
7.74263683e-10 -9.75290768 -7.70967254 -2.93881039 -1.31537312 -1.05702782 
5.99484250e-10 -9.75290768 -7.70967254 -2.93881039 -1.31537312 -1.05702782 
4.64158883e-10 -9.75290768 -7.70967254 -2.93881039 -1.31537312 -1.05702782 
3.59381366e-10 -9.75290768 -7.70967254 -2.93881039 -1.31537312 -1.05702782 
2.78255940e-10 -9.75290768 -7.70967254 -2.93881039 -1.31537312 -1.05702782 
2.15443469e-10 -9.75290768 -7.70967254 -2.93881039 -1.31537312 -1.05702782 
1.66810054e-10 -9.75290768 -7.70967254 -2.93881039 -1.31537312 -1.05702782 
1.29154967e-10 -9.75290768 -7.70967254 -2.93881039 -1.31537312 -1.05702782 
1.00000000e-10 -9.75290768 -7.70967254 -2.93881039 -1.31537312 -1.05702782 
P (bar) | log_O3: -2σ | log_O3: -1σ | log_O3: median | log_O3: +1σ | log_O3: +2σ 
1.00000000e+01 -9.96067856 -9.68111753 -8.94445792 -7.83304547 -6.68987808 
7.74263683e+00 -9.96067856 -9.68111753 -8.94445792 -7.83304547 -6.68987808 
5.99484250e+00 -9.96067856 -9.68111753 -8.94445792 -7.83304547 -6.68987808 
4.64158883e+00 -9.96067856 -9.68111753 -8.94445792 -7.83304547 -6.68987808 
3.59381366e+00 -9.96067856 -9.68111753 -8.94445792 -7.83304547 -6.68987808 
2.78255940e+00 -9.96067856 -9.68111753 -8.94445792 -7.83304547 -6.68987808 
2.15443469e+00 -9.96067856 -9.68111753 -8.94445792 -7.83304547 -6.68987808 
1.66810054e+00 -9.96067856 -9.68111753 -8.94445792 -7.83304547 -6.68987808 
1.29154967e+00 -9.96067856 -9.68111753 -8.94445792 -7.83304547 -6.68987808 
1.00000000e+00 -9.96067856 -9.68111753 -8.94445792 -7.83304547 -6.68987808 
7.74263683e-01 -9.96067856 -9.68111753 -8.94445792 -7.83304547 -6.68987808 
5.99484250e-01 -9.96067856 -9.68111753 -8.94445792 -7.83304547 -6.68987808 
4.64158883e-01 -9.96067856 -9.68111753 -8.94445792 -7.83304547 -6.68987808 
3.59381366e-01 -9.96067856 -9.68111753 -8.94445792 -7.83304547 -6.68987808 
2.78255940e-01 -9.96067856 -9.68111753 -8.94445792 -7.83304547 -6.68987808 
2.15443469e-01 -9.96067856 -9.68111753 -8.94445792 -7.83304547 -6.68987808 
1.66810054e-01 -9.96067856 -9.68111753 -8.94445792 -7.83304547 -6.68987808 
1.29154967e-01 -9.96067856 -9.68111753 -8.94445792 -7.83304547 -6.68987808 
1.00000000e-01 -9.96067856 -9.68111753 -8.94445792 -7.83304547 -6.68987808 
7.74263683e-02 -9.96067856 -9.68111753 -8.94445792 -7.83304547 -6.68987808 
5.99484250e-02 -9.96067856 -9.68111753 -8.94445792 -7.83304547 -6.68987808 
4.64158883e-02 -9.96067856 -9.68111753 -8.94445792 -7.83304547 -6.68987808 
3.59381366e-02 -9.96067856 -9.68111753 -8.94445792 -7.83304547 -6.68987808 
2.78255940e-02 -9.96067856 -9.68111753 -8.94445792 -7.83304547 -6.68987808 
2.15443469e-02 -9.96067856 -9.68111753 -8.94445792 -7.83304547 -6.68987808 
1.66810054e-02 -9.96067856 -9.68111753 -8.94445792 -7.83304547 -6.68987808 
1.29154967e-02 -9.96067856 -9.68111753 -8.94445792 -7.83304547 -6.68987808 
1.00000000e-02 -9.96067856 -9.68111753 -8.94445792 -7.83304547 -6.68987808 
7.74263683e-03 -9.96067856 -9.68111753 -8.94445792 -7.83304547 -6.68987808 
5.99484250e-03 -9.96067856 -9.68111753 -8.94445792 -7.83304547 -6.68987808 
4.64158883e-03 -9.96067856 -9.68111753 -8.94445792 -7.83304547 -6.68987808 
3.59381366e-03 -9.96067856 -9.68111753 -8.94445792 -7.83304547 -6.68987808 
2.78255940e-03 -9.96067856 -9.68111753 -8.94445792 -7.83304547 -6.68987808 
2.15443469e-03 -9.96067856 -9.68111753 -8.94445792 -7.83304547 -6.68987808 
1.66810054e-03 -9.96067856 -9.68111753 -8.94445792 -7.83304547 -6.68987808 
1.29154967e-03 -9.96067856 -9.68111753 -8.94445792 -7.83304547 -6.68987808 
1.00000000e-03 -9.96067856 -9.68111753 -8.94445792 -7.83304547 -6.68987808 
7.74263683e-04 -9.96067856 -9.68111753 -8.94445792 -7.83304547 -6.68987808 
5.99484250e-04 -9.96067856 -9.68111753 -8.94445792 -7.83304547 -6.68987808 
4.64158883e-04 -9.96067856 -9.68111753 -8.94445792 -7.83304547 -6.68987808 
3.59381366e-04 -9.96067856 -9.68111753 -8.94445792 -7.83304547 -6.68987808 
2.78255940e-04 -9.96067856 -9.68111753 -8.94445792 -7.83304547 -6.68987808 
2.15443469e-04 -9.96067856 -9.68111753 -8.94445792 -7.83304547 -6.68987808 
1.66810054e-04 -9.96067856 -9.68111753 -8.94445792 -7.83304547 -6.68987808 
1.29154967e-04 -9.96067856 -9.68111753 -8.94445792 -7.83304547 -6.68987808 
1.00000000e-04 -9.96067856 -9.68111753 -8.94445792 -7.83304547 -6.68987808 
7.74263683e-05 -9.96067856 -9.68111753 -8.94445792 -7.83304547 -6.68987808 
5.99484250e-05 -9.96067856 -9.68111753 -8.94445792 -7.83304547 -6.68987808 
4.64158883e-05 -9.96067856 -9.68111753 -8.94445792 -7.83304547 -6.68987808 
3.59381366e-05 -9.96067856 -9.68111753 -8.94445792 -7.83304547 -6.68987808 
2.78255940e-05 -9.96067856 -9.68111753 -8.94445792 -7.83304547 -6.68987808 
2.15443469e-05 -9.96067856 -9.68111753 -8.94445792 -7.83304547 -6.68987808 
1.66810054e-05 -9.96067856 -9.68111753 -8.94445792 -7.83304547 -6.68987808 
1.29154967e-05 -9.96067856 -9.68111753 -8.94445792 -7.83304547 -6.68987808 
1.00000000e-05 -9.96067856 -9.68111753 -8.94445792 -7.83304547 -6.68987808 
7.74263683e-06 -9.96067856 -9.68111753 -8.94445792 -7.83304547 -6.68987808 
5.99484250e-06 -9.96067856 -9.68111753 -8.94445792 -7.83304547 -6.68987808 
4.64158883e-06 -9.96067856 -9.68111753 -8.94445792 -7.83304547 -6.68987808 
3.59381366e-06 -9.96067856 -9.68111753 -8.94445792 -7.83304547 -6.68987808 
2.78255940e-06 -9.96067856 -9.68111753 -8.94445792 -7.83304547 -6.68987808 
2.15443469e-06 -9.96067856 -9.68111753 -8.94445792 -7.83304547 -6.68987808 
1.66810054e-06 -9.96067856 -9.68111753 -8.94445792 -7.83304547 -6.68987808 
1.29154967e-06 -9.96067856 -9.68111753 -8.94445792 -7.83304547 -6.68987808 
1.00000000e-06 -9.96067856 -9.68111753 -8.94445792 -7.83304547 -6.68987808 
7.74263683e-07 -9.96067856 -9.68111753 -8.94445792 -7.83304547 -6.68987808 
5.99484250e-07 -9.96067856 -9.68111753 -8.94445792 -7.83304547 -6.68987808 
4.64158883e-07 -9.96067856 -9.68111753 -8.94445792 -7.83304547 -6.68987808 
3.59381366e-07 -9.96067856 -9.68111753 -8.94445792 -7.83304547 -6.68987808 
2.78255940e-07 -9.96067856 -9.68111753 -8.94445792 -7.83304547 -6.68987808 
2.15443469e-07 -9.96067856 -9.68111753 -8.94445792 -7.83304547 -6.68987808 
1.66810054e-07 -9.96067856 -9.68111753 -8.94445792 -7.83304547 -6.68987808 
1.29154967e-07 -9.96067856 -9.68111753 -8.94445792 -7.83304547 -6.68987808 
1.00000000e-07 -9.96067856 -9.68111753 -8.94445792 -7.83304547 -6.68987808 
7.74263683e-08 -9.96067856 -9.68111753 -8.94445792 -7.83304547 -6.68987808 
5.99484250e-08 -9.96067856 -9.68111753 -8.94445792 -7.83304547 -6.68987808 
4.64158883e-08 -9.96067856 -9.68111753 -8.94445792 -7.83304547 -6.68987808 
3.59381366e-08 -9.96067856 -9.68111753 -8.94445792 -7.83304547 -6.68987808 
2.78255940e-08 -9.96067856 -9.68111753 -8.94445792 -7.83304547 -6.68987808 
2.15443469e-08 -9.96067856 -9.68111753 -8.94445792 -7.83304547 -6.68987808 
1.66810054e-08 -9.96067856 -9.68111753 -8.94445792 -7.83304547 -6.68987808 
1.29154967e-08 -9.96067856 -9.68111753 -8.94445792 -7.83304547 -6.68987808 
1.00000000e-08 -9.96067856 -9.68111753 -8.94445792 -7.83304547 -6.68987808 
7.74263683e-09 -9.96067856 -9.68111753 -8.94445792 -7.83304547 -6.68987808 
5.99484250e-09 -9.96067856 -9.68111753 -8.94445792 -7.83304547 -6.68987808 
4.64158883e-09 -9.96067856 -9.68111753 -8.94445792 -7.83304547 -6.68987808 
3.59381366e-09 -9.96067856 -9.68111753 -8.94445792 -7.83304547 -6.68987808 
2.78255940e-09 -9.96067856 -9.68111753 -8.94445792 -7.83304547 -6.68987808 
2.15443469e-09 -9.96067856 -9.68111753 -8.94445792 -7.83304547 -6.68987808 
1.66810054e-09 -9.96067856 -9.68111753 -8.94445792 -7.83304547 -6.68987808 
1.29154967e-09 -9.96067856 -9.68111753 -8.94445792 -7.83304547 -6.68987808 
1.00000000e-09 -9.96067856 -9.68111753 -8.94445792 -7.83304547 -6.68987808 
7.74263683e-10 -9.96067856 -9.68111753 -8.94445792 -7.83304547 -6.68987808 
5.99484250e-10 -9.96067856 -9.68111753 -8.94445792 -7.83304547 -6.68987808 
4.64158883e-10 -9.96067856 -9.68111753 -8.94445792 -7.83304547 -6.68987808 
3.59381366e-10 -9.96067856 -9.68111753 -8.94445792 -7.83304547 -6.68987808 
2.78255940e-10 -9.96067856 -9.68111753 -8.94445792 -7.83304547 -6.68987808 
2.15443469e-10 -9.96067856 -9.68111753 -8.94445792 -7.83304547 -6.68987808 
1.66810054e-10 -9.96067856 -9.68111753 -8.94445792 -7.83304547 -6.68987808 
1.29154967e-10 -9.96067856 -9.68111753 -8.94445792 -7.83304547 -6.68987808 
1.00000000e-10 -9.96067856 -9.68111753 -8.94445792 -7.83304547 -6.68987808 
P (bar) | log_N2O: -2σ | log_N2O: -1σ | log_N2O: median | log_N2O: +1σ | log_N2O: +2σ 
1.00000000e+01 -8.68076000 -6.49457536 -5.65785807 -5.04307531 -4.45416126 
7.74263683e+00 -8.68076000 -6.49457536 -5.65785807 -5.04307531 -4.45416126 
5.99484250e+00 -8.68076000 -6.49457536 -5.65785807 -5.04307531 -4.45416126 
4.64158883e+00 -8.68076000 -6.49457536 -5.65785807 -5.04307531 -4.45416126 
3.59381366e+00 -8.68076000 -6.49457536 -5.65785807 -5.04307531 -4.45416126 
2.78255940e+00 -8.68076000 -6.49457536 -5.65785807 -5.04307531 -4.45416126 
2.15443469e+00 -8.68076000 -6.49457536 -5.65785807 -5.04307531 -4.45416126 
1.66810054e+00 -8.68076000 -6.49457536 -5.65785807 -5.04307531 -4.45416126 
1.29154967e+00 -8.68076000 -6.49457536 -5.65785807 -5.04307531 -4.45416126 
1.00000000e+00 -8.68076000 -6.49457536 -5.65785807 -5.04307531 -4.45416126 
7.74263683e-01 -8.68076000 -6.49457536 -5.65785807 -5.04307531 -4.45416126 
5.99484250e-01 -8.68076000 -6.49457536 -5.65785807 -5.04307531 -4.45416126 
4.64158883e-01 -8.68076000 -6.49457536 -5.65785807 -5.04307531 -4.45416126 
3.59381366e-01 -8.68076000 -6.49457536 -5.65785807 -5.04307531 -4.45416126 
2.78255940e-01 -8.68076000 -6.49457536 -5.65785807 -5.04307531 -4.45416126 
2.15443469e-01 -8.68076000 -6.49457536 -5.65785807 -5.04307531 -4.45416126 
1.66810054e-01 -8.68076000 -6.49457536 -5.65785807 -5.04307531 -4.45416126 
1.29154967e-01 -8.68076000 -6.49457536 -5.65785807 -5.04307531 -4.45416126 
1.00000000e-01 -8.68076000 -6.49457536 -5.65785807 -5.04307531 -4.45416126 
7.74263683e-02 -8.68076000 -6.49457536 -5.65785807 -5.04307531 -4.45416126 
5.99484250e-02 -8.68076000 -6.49457536 -5.65785807 -5.04307531 -4.45416126 
4.64158883e-02 -8.68076000 -6.49457536 -5.65785807 -5.04307531 -4.45416126 
3.59381366e-02 -8.68076000 -6.49457536 -5.65785807 -5.04307531 -4.45416126 
2.78255940e-02 -8.68076000 -6.49457536 -5.65785807 -5.04307531 -4.45416126 
2.15443469e-02 -8.68076000 -6.49457536 -5.65785807 -5.04307531 -4.45416126 
1.66810054e-02 -8.68076000 -6.49457536 -5.65785807 -5.04307531 -4.45416126 
1.29154967e-02 -8.68076000 -6.49457536 -5.65785807 -5.04307531 -4.45416126 
1.00000000e-02 -8.68076000 -6.49457536 -5.65785807 -5.04307531 -4.45416126 
7.74263683e-03 -8.68076000 -6.49457536 -5.65785807 -5.04307531 -4.45416126 
5.99484250e-03 -8.68076000 -6.49457536 -5.65785807 -5.04307531 -4.45416126 
4.64158883e-03 -8.68076000 -6.49457536 -5.65785807 -5.04307531 -4.45416126 
3.59381366e-03 -8.68076000 -6.49457536 -5.65785807 -5.04307531 -4.45416126 
2.78255940e-03 -8.68076000 -6.49457536 -5.65785807 -5.04307531 -4.45416126 
2.15443469e-03 -8.68076000 -6.49457536 -5.65785807 -5.04307531 -4.45416126 
1.66810054e-03 -8.68076000 -6.49457536 -5.65785807 -5.04307531 -4.45416126 
1.29154967e-03 -8.68076000 -6.49457536 -5.65785807 -5.04307531 -4.45416126 
1.00000000e-03 -8.68076000 -6.49457536 -5.65785807 -5.04307531 -4.45416126 
7.74263683e-04 -8.68076000 -6.49457536 -5.65785807 -5.04307531 -4.45416126 
5.99484250e-04 -8.68076000 -6.49457536 -5.65785807 -5.04307531 -4.45416126 
4.64158883e-04 -8.68076000 -6.49457536 -5.65785807 -5.04307531 -4.45416126 
3.59381366e-04 -8.68076000 -6.49457536 -5.65785807 -5.04307531 -4.45416126 
2.78255940e-04 -8.68076000 -6.49457536 -5.65785807 -5.04307531 -4.45416126 
2.15443469e-04 -8.68076000 -6.49457536 -5.65785807 -5.04307531 -4.45416126 
1.66810054e-04 -8.68076000 -6.49457536 -5.65785807 -5.04307531 -4.45416126 
1.29154967e-04 -8.68076000 -6.49457536 -5.65785807 -5.04307531 -4.45416126 
1.00000000e-04 -8.68076000 -6.49457536 -5.65785807 -5.04307531 -4.45416126 
7.74263683e-05 -8.68076000 -6.49457536 -5.65785807 -5.04307531 -4.45416126 
5.99484250e-05 -8.68076000 -6.49457536 -5.65785807 -5.04307531 -4.45416126 
4.64158883e-05 -8.68076000 -6.49457536 -5.65785807 -5.04307531 -4.45416126 
3.59381366e-05 -8.68076000 -6.49457536 -5.65785807 -5.04307531 -4.45416126 
2.78255940e-05 -8.68076000 -6.49457536 -5.65785807 -5.04307531 -4.45416126 
2.15443469e-05 -8.68076000 -6.49457536 -5.65785807 -5.04307531 -4.45416126 
1.66810054e-05 -8.68076000 -6.49457536 -5.65785807 -5.04307531 -4.45416126 
1.29154967e-05 -8.68076000 -6.49457536 -5.65785807 -5.04307531 -4.45416126 
1.00000000e-05 -8.68076000 -6.49457536 -5.65785807 -5.04307531 -4.45416126 
7.74263683e-06 -8.68076000 -6.49457536 -5.65785807 -5.04307531 -4.45416126 
5.99484250e-06 -8.68076000 -6.49457536 -5.65785807 -5.04307531 -4.45416126 
4.64158883e-06 -8.68076000 -6.49457536 -5.65785807 -5.04307531 -4.45416126 
3.59381366e-06 -8.68076000 -6.49457536 -5.65785807 -5.04307531 -4.45416126 
2.78255940e-06 -8.68076000 -6.49457536 -5.65785807 -5.04307531 -4.45416126 
2.15443469e-06 -8.68076000 -6.49457536 -5.65785807 -5.04307531 -4.45416126 
1.66810054e-06 -8.68076000 -6.49457536 -5.65785807 -5.04307531 -4.45416126 
1.29154967e-06 -8.68076000 -6.49457536 -5.65785807 -5.04307531 -4.45416126 
1.00000000e-06 -8.68076000 -6.49457536 -5.65785807 -5.04307531 -4.45416126 
7.74263683e-07 -8.68076000 -6.49457536 -5.65785807 -5.04307531 -4.45416126 
5.99484250e-07 -8.68076000 -6.49457536 -5.65785807 -5.04307531 -4.45416126 
4.64158883e-07 -8.68076000 -6.49457536 -5.65785807 -5.04307531 -4.45416126 
3.59381366e-07 -8.68076000 -6.49457536 -5.65785807 -5.04307531 -4.45416126 
2.78255940e-07 -8.68076000 -6.49457536 -5.65785807 -5.04307531 -4.45416126 
2.15443469e-07 -8.68076000 -6.49457536 -5.65785807 -5.04307531 -4.45416126 
1.66810054e-07 -8.68076000 -6.49457536 -5.65785807 -5.04307531 -4.45416126 
1.29154967e-07 -8.68076000 -6.49457536 -5.65785807 -5.04307531 -4.45416126 
1.00000000e-07 -8.68076000 -6.49457536 -5.65785807 -5.04307531 -4.45416126 
7.74263683e-08 -8.68076000 -6.49457536 -5.65785807 -5.04307531 -4.45416126 
5.99484250e-08 -8.68076000 -6.49457536 -5.65785807 -5.04307531 -4.45416126 
4.64158883e-08 -8.68076000 -6.49457536 -5.65785807 -5.04307531 -4.45416126 
3.59381366e-08 -8.68076000 -6.49457536 -5.65785807 -5.04307531 -4.45416126 
2.78255940e-08 -8.68076000 -6.49457536 -5.65785807 -5.04307531 -4.45416126 
2.15443469e-08 -8.68076000 -6.49457536 -5.65785807 -5.04307531 -4.45416126 
1.66810054e-08 -8.68076000 -6.49457536 -5.65785807 -5.04307531 -4.45416126 
1.29154967e-08 -8.68076000 -6.49457536 -5.65785807 -5.04307531 -4.45416126 
1.00000000e-08 -8.68076000 -6.49457536 -5.65785807 -5.04307531 -4.45416126 
7.74263683e-09 -8.68076000 -6.49457536 -5.65785807 -5.04307531 -4.45416126 
5.99484250e-09 -8.68076000 -6.49457536 -5.65785807 -5.04307531 -4.45416126 
4.64158883e-09 -8.68076000 -6.49457536 -5.65785807 -5.04307531 -4.45416126 
3.59381366e-09 -8.68076000 -6.49457536 -5.65785807 -5.04307531 -4.45416126 
2.78255940e-09 -8.68076000 -6.49457536 -5.65785807 -5.04307531 -4.45416126 
2.15443469e-09 -8.68076000 -6.49457536 -5.65785807 -5.04307531 -4.45416126 
1.66810054e-09 -8.68076000 -6.49457536 -5.65785807 -5.04307531 -4.45416126 
1.29154967e-09 -8.68076000 -6.49457536 -5.65785807 -5.04307531 -4.45416126 
1.00000000e-09 -8.68076000 -6.49457536 -5.65785807 -5.04307531 -4.45416126 
7.74263683e-10 -8.68076000 -6.49457536 -5.65785807 -5.04307531 -4.45416126 
5.99484250e-10 -8.68076000 -6.49457536 -5.65785807 -5.04307531 -4.45416126 
4.64158883e-10 -8.68076000 -6.49457536 -5.65785807 -5.04307531 -4.45416126 
3.59381366e-10 -8.68076000 -6.49457536 -5.65785807 -5.04307531 -4.45416126 
2.78255940e-10 -8.68076000 -6.49457536 -5.65785807 -5.04307531 -4.45416126 
2.15443469e-10 -8.68076000 -6.49457536 -5.65785807 -5.04307531 -4.45416126 
1.66810054e-10 -8.68076000 -6.49457536 -5.65785807 -5.04307531 -4.45416126 
1.29154967e-10 -8.68076000 -6.49457536 -5.65785807 -5.04307531 -4.45416126 
1.00000000e-10 -8.68076000 -6.49457536 -5.65785807 -5.04307531 -4.45416126 
P (bar) | log_NH3: -2σ | log_NH3: -1σ | log_NH3: median | log_NH3: +1σ | log_NH3: +2σ 
1.00000000e+01 -9.86902721 -9.29710310 -7.86185154 -6.55782849 -5.93899825 
7.74263683e+00 -9.86902721 -9.29710310 -7.86185154 -6.55782849 -5.93899825 
5.99484250e+00 -9.86902721 -9.29710310 -7.86185154 -6.55782849 -5.93899825 
4.64158883e+00 -9.86902721 -9.29710310 -7.86185154 -6.55782849 -5.93899825 
3.59381366e+00 -9.86902721 -9.29710310 -7.86185154 -6.55782849 -5.93899825 
2.78255940e+00 -9.86902721 -9.29710310 -7.86185154 -6.55782849 -5.93899825 
2.15443469e+00 -9.86902721 -9.29710310 -7.86185154 -6.55782849 -5.93899825 
1.66810054e+00 -9.86902721 -9.29710310 -7.86185154 -6.55782849 -5.93899825 
1.29154967e+00 -9.86902721 -9.29710310 -7.86185154 -6.55782849 -5.93899825 
1.00000000e+00 -9.86902721 -9.29710310 -7.86185154 -6.55782849 -5.93899825 
7.74263683e-01 -9.86902721 -9.29710310 -7.86185154 -6.55782849 -5.93899825 
5.99484250e-01 -9.86902721 -9.29710310 -7.86185154 -6.55782849 -5.93899825 
4.64158883e-01 -9.86902721 -9.29710310 -7.86185154 -6.55782849 -5.93899825 
3.59381366e-01 -9.86902721 -9.29710310 -7.86185154 -6.55782849 -5.93899825 
2.78255940e-01 -9.86902721 -9.29710310 -7.86185154 -6.55782849 -5.93899825 
2.15443469e-01 -9.86902721 -9.29710310 -7.86185154 -6.55782849 -5.93899825 
1.66810054e-01 -9.86902721 -9.29710310 -7.86185154 -6.55782849 -5.93899825 
1.29154967e-01 -9.86902721 -9.29710310 -7.86185154 -6.55782849 -5.93899825 
1.00000000e-01 -9.86902721 -9.29710310 -7.86185154 -6.55782849 -5.93899825 
7.74263683e-02 -9.86902721 -9.29710310 -7.86185154 -6.55782849 -5.93899825 
5.99484250e-02 -9.86902721 -9.29710310 -7.86185154 -6.55782849 -5.93899825 
4.64158883e-02 -9.86902721 -9.29710310 -7.86185154 -6.55782849 -5.93899825 
3.59381366e-02 -9.86902721 -9.29710310 -7.86185154 -6.55782849 -5.93899825 
2.78255940e-02 -9.86902721 -9.29710310 -7.86185154 -6.55782849 -5.93899825 
2.15443469e-02 -9.86902721 -9.29710310 -7.86185154 -6.55782849 -5.93899825 
1.66810054e-02 -9.86902721 -9.29710310 -7.86185154 -6.55782849 -5.93899825 
1.29154967e-02 -9.86902721 -9.29710310 -7.86185154 -6.55782849 -5.93899825 
1.00000000e-02 -9.86902721 -9.29710310 -7.86185154 -6.55782849 -5.93899825 
7.74263683e-03 -9.86902721 -9.29710310 -7.86185154 -6.55782849 -5.93899825 
5.99484250e-03 -9.86902721 -9.29710310 -7.86185154 -6.55782849 -5.93899825 
4.64158883e-03 -9.86902721 -9.29710310 -7.86185154 -6.55782849 -5.93899825 
3.59381366e-03 -9.86902721 -9.29710310 -7.86185154 -6.55782849 -5.93899825 
2.78255940e-03 -9.86902721 -9.29710310 -7.86185154 -6.55782849 -5.93899825 
2.15443469e-03 -9.86902721 -9.29710310 -7.86185154 -6.55782849 -5.93899825 
1.66810054e-03 -9.86902721 -9.29710310 -7.86185154 -6.55782849 -5.93899825 
1.29154967e-03 -9.86902721 -9.29710310 -7.86185154 -6.55782849 -5.93899825 
1.00000000e-03 -9.86902721 -9.29710310 -7.86185154 -6.55782849 -5.93899825 
7.74263683e-04 -9.86902721 -9.29710310 -7.86185154 -6.55782849 -5.93899825 
5.99484250e-04 -9.86902721 -9.29710310 -7.86185154 -6.55782849 -5.93899825 
4.64158883e-04 -9.86902721 -9.29710310 -7.86185154 -6.55782849 -5.93899825 
3.59381366e-04 -9.86902721 -9.29710310 -7.86185154 -6.55782849 -5.93899825 
2.78255940e-04 -9.86902721 -9.29710310 -7.86185154 -6.55782849 -5.93899825 
2.15443469e-04 -9.86902721 -9.29710310 -7.86185154 -6.55782849 -5.93899825 
1.66810054e-04 -9.86902721 -9.29710310 -7.86185154 -6.55782849 -5.93899825 
1.29154967e-04 -9.86902721 -9.29710310 -7.86185154 -6.55782849 -5.93899825 
1.00000000e-04 -9.86902721 -9.29710310 -7.86185154 -6.55782849 -5.93899825 
7.74263683e-05 -9.86902721 -9.29710310 -7.86185154 -6.55782849 -5.93899825 
5.99484250e-05 -9.86902721 -9.29710310 -7.86185154 -6.55782849 -5.93899825 
4.64158883e-05 -9.86902721 -9.29710310 -7.86185154 -6.55782849 -5.93899825 
3.59381366e-05 -9.86902721 -9.29710310 -7.86185154 -6.55782849 -5.93899825 
2.78255940e-05 -9.86902721 -9.29710310 -7.86185154 -6.55782849 -5.93899825 
2.15443469e-05 -9.86902721 -9.29710310 -7.86185154 -6.55782849 -5.93899825 
1.66810054e-05 -9.86902721 -9.29710310 -7.86185154 -6.55782849 -5.93899825 
1.29154967e-05 -9.86902721 -9.29710310 -7.86185154 -6.55782849 -5.93899825 
1.00000000e-05 -9.86902721 -9.29710310 -7.86185154 -6.55782849 -5.93899825 
7.74263683e-06 -9.86902721 -9.29710310 -7.86185154 -6.55782849 -5.93899825 
5.99484250e-06 -9.86902721 -9.29710310 -7.86185154 -6.55782849 -5.93899825 
4.64158883e-06 -9.86902721 -9.29710310 -7.86185154 -6.55782849 -5.93899825 
3.59381366e-06 -9.86902721 -9.29710310 -7.86185154 -6.55782849 -5.93899825 
2.78255940e-06 -9.86902721 -9.29710310 -7.86185154 -6.55782849 -5.93899825 
2.15443469e-06 -9.86902721 -9.29710310 -7.86185154 -6.55782849 -5.93899825 
1.66810054e-06 -9.86902721 -9.29710310 -7.86185154 -6.55782849 -5.93899825 
1.29154967e-06 -9.86902721 -9.29710310 -7.86185154 -6.55782849 -5.93899825 
1.00000000e-06 -9.86902721 -9.29710310 -7.86185154 -6.55782849 -5.93899825 
7.74263683e-07 -9.86902721 -9.29710310 -7.86185154 -6.55782849 -5.93899825 
5.99484250e-07 -9.86902721 -9.29710310 -7.86185154 -6.55782849 -5.93899825 
4.64158883e-07 -9.86902721 -9.29710310 -7.86185154 -6.55782849 -5.93899825 
3.59381366e-07 -9.86902721 -9.29710310 -7.86185154 -6.55782849 -5.93899825 
2.78255940e-07 -9.86902721 -9.29710310 -7.86185154 -6.55782849 -5.93899825 
2.15443469e-07 -9.86902721 -9.29710310 -7.86185154 -6.55782849 -5.93899825 
1.66810054e-07 -9.86902721 -9.29710310 -7.86185154 -6.55782849 -5.93899825 
1.29154967e-07 -9.86902721 -9.29710310 -7.86185154 -6.55782849 -5.93899825 
1.00000000e-07 -9.86902721 -9.29710310 -7.86185154 -6.55782849 -5.93899825 
7.74263683e-08 -9.86902721 -9.29710310 -7.86185154 -6.55782849 -5.93899825 
5.99484250e-08 -9.86902721 -9.29710310 -7.86185154 -6.55782849 -5.93899825 
4.64158883e-08 -9.86902721 -9.29710310 -7.86185154 -6.55782849 -5.93899825 
3.59381366e-08 -9.86902721 -9.29710310 -7.86185154 -6.55782849 -5.93899825 
2.78255940e-08 -9.86902721 -9.29710310 -7.86185154 -6.55782849 -5.93899825 
2.15443469e-08 -9.86902721 -9.29710310 -7.86185154 -6.55782849 -5.93899825 
1.66810054e-08 -9.86902721 -9.29710310 -7.86185154 -6.55782849 -5.93899825 
1.29154967e-08 -9.86902721 -9.29710310 -7.86185154 -6.55782849 -5.93899825 
1.00000000e-08 -9.86902721 -9.29710310 -7.86185154 -6.55782849 -5.93899825 
7.74263683e-09 -9.86902721 -9.29710310 -7.86185154 -6.55782849 -5.93899825 
5.99484250e-09 -9.86902721 -9.29710310 -7.86185154 -6.55782849 -5.93899825 
4.64158883e-09 -9.86902721 -9.29710310 -7.86185154 -6.55782849 -5.93899825 
3.59381366e-09 -9.86902721 -9.29710310 -7.86185154 -6.55782849 -5.93899825 
2.78255940e-09 -9.86902721 -9.29710310 -7.86185154 -6.55782849 -5.93899825 
2.15443469e-09 -9.86902721 -9.29710310 -7.86185154 -6.55782849 -5.93899825 
1.66810054e-09 -9.86902721 -9.29710310 -7.86185154 -6.55782849 -5.93899825 
1.29154967e-09 -9.86902721 -9.29710310 -7.86185154 -6.55782849 -5.93899825 
1.00000000e-09 -9.86902721 -9.29710310 -7.86185154 -6.55782849 -5.93899825 
7.74263683e-10 -9.86902721 -9.29710310 -7.86185154 -6.55782849 -5.93899825 
5.99484250e-10 -9.86902721 -9.29710310 -7.86185154 -6.55782849 -5.93899825 
4.64158883e-10 -9.86902721 -9.29710310 -7.86185154 -6.55782849 -5.93899825 
3.59381366e-10 -9.86902721 -9.29710310 -7.86185154 -6.55782849 -5.93899825 
2.78255940e-10 -9.86902721 -9.29710310 -7.86185154 -6.55782849 -5.93899825 
2.15443469e-10 -9.86902721 -9.29710310 -7.86185154 -6.55782849 -5.93899825 
1.66810054e-10 -9.86902721 -9.29710310 -7.86185154 -6.55782849 -5.93899825 
1.29154967e-10 -9.86902721 -9.29710310 -7.86185154 -6.55782849 -5.93899825 
1.00000000e-10 -9.86902721 -9.29710310 -7.86185154 -6.55782849 -5.93899825 
