Chemical species: N2 H2O CO2 CH4 O2 O3 N2O NH3
P (bar) | log_N2: -2σ | log_N2: -1σ | log_N2: median | log_N2: +1σ | log_N2: +2σ 
1.00000000e+01 -0.05529597 -0.02420594 -0.00347863 -0.00025253 -0.00001034 
7.74263683e+00 -0.05529597 -0.02420594 -0.00347863 -0.00025253 -0.00001034 
5.99484250e+00 -0.05529597 -0.02420594 -0.00347863 -0.00025253 -0.00001034 
4.64158883e+00 -0.05529597 -0.02420594 -0.00347863 -0.00025253 -0.00001034 
3.59381366e+00 -0.05529597 -0.02420594 -0.00347863 -0.00025253 -0.00001034 
2.78255940e+00 -0.05529597 -0.02420594 -0.00347863 -0.00025253 -0.00001034 
2.15443469e+00 -0.05529597 -0.02420594 -0.00347863 -0.00025253 -0.00001034 
1.66810054e+00 -0.05529597 -0.02420594 -0.00347863 -0.00025253 -0.00001034 
1.29154967e+00 -0.05529597 -0.02420594 -0.00347863 -0.00025253 -0.00001034 
1.00000000e+00 -0.05529597 -0.02420594 -0.00347863 -0.00025253 -0.00001034 
7.74263683e-01 -0.05529597 -0.02420594 -0.00347863 -0.00025253 -0.00001034 
5.99484250e-01 -0.05529597 -0.02420594 -0.00347863 -0.00025253 -0.00001034 
4.64158883e-01 -0.05529597 -0.02420594 -0.00347863 -0.00025253 -0.00001034 
3.59381366e-01 -0.05529597 -0.02420594 -0.00347863 -0.00025253 -0.00001034 
2.78255940e-01 -0.05529597 -0.02420594 -0.00347863 -0.00025253 -0.00001034 
2.15443469e-01 -0.05529597 -0.02420594 -0.00347863 -0.00025253 -0.00001034 
1.66810054e-01 -0.05529597 -0.02420594 -0.00347863 -0.00025253 -0.00001034 
1.29154967e-01 -0.05529597 -0.02420594 -0.00347863 -0.00025253 -0.00001034 
1.00000000e-01 -0.05529597 -0.02420594 -0.00347863 -0.00025253 -0.00001034 
7.74263683e-02 -0.05529597 -0.02420594 -0.00347863 -0.00025253 -0.00001034 
5.99484250e-02 -0.05529597 -0.02420594 -0.00347863 -0.00025253 -0.00001034 
4.64158883e-02 -0.05529597 -0.02420594 -0.00347863 -0.00025253 -0.00001034 
3.59381366e-02 -0.05529597 -0.02420594 -0.00347863 -0.00025253 -0.00001034 
2.78255940e-02 -0.05529597 -0.02420594 -0.00347863 -0.00025253 -0.00001034 
2.15443469e-02 -0.05529597 -0.02420594 -0.00347863 -0.00025253 -0.00001034 
1.66810054e-02 -0.05529597 -0.02420594 -0.00347863 -0.00025253 -0.00001034 
1.29154967e-02 -0.05529597 -0.02420594 -0.00347863 -0.00025253 -0.00001034 
1.00000000e-02 -0.05529597 -0.02420594 -0.00347863 -0.00025253 -0.00001034 
7.74263683e-03 -0.05529597 -0.02420594 -0.00347863 -0.00025253 -0.00001034 
5.99484250e-03 -0.05529597 -0.02420594 -0.00347863 -0.00025253 -0.00001034 
4.64158883e-03 -0.05529597 -0.02420594 -0.00347863 -0.00025253 -0.00001034 
3.59381366e-03 -0.05529597 -0.02420594 -0.00347863 -0.00025253 -0.00001034 
2.78255940e-03 -0.05529597 -0.02420594 -0.00347863 -0.00025253 -0.00001034 
2.15443469e-03 -0.05529597 -0.02420594 -0.00347863 -0.00025253 -0.00001034 
1.66810054e-03 -0.05529597 -0.02420594 -0.00347863 -0.00025253 -0.00001034 
1.29154967e-03 -0.05529597 -0.02420594 -0.00347863 -0.00025253 -0.00001034 
1.00000000e-03 -0.05529597 -0.02420594 -0.00347863 -0.00025253 -0.00001034 
7.74263683e-04 -0.05529597 -0.02420594 -0.00347863 -0.00025253 -0.00001034 
5.99484250e-04 -0.05529597 -0.02420594 -0.00347863 -0.00025253 -0.00001034 
4.64158883e-04 -0.05529597 -0.02420594 -0.00347863 -0.00025253 -0.00001034 
3.59381366e-04 -0.05529597 -0.02420594 -0.00347863 -0.00025253 -0.00001034 
2.78255940e-04 -0.05529597 -0.02420594 -0.00347863 -0.00025253 -0.00001034 
2.15443469e-04 -0.05529597 -0.02420594 -0.00347863 -0.00025253 -0.00001034 
1.66810054e-04 -0.05529597 -0.02420594 -0.00347863 -0.00025253 -0.00001034 
1.29154967e-04 -0.05529597 -0.02420594 -0.00347863 -0.00025253 -0.00001034 
1.00000000e-04 -0.05529597 -0.02420594 -0.00347863 -0.00025253 -0.00001034 
7.74263683e-05 -0.05529597 -0.02420594 -0.00347863 -0.00025253 -0.00001034 
5.99484250e-05 -0.05529597 -0.02420594 -0.00347863 -0.00025253 -0.00001034 
4.64158883e-05 -0.05529597 -0.02420594 -0.00347863 -0.00025253 -0.00001034 
3.59381366e-05 -0.05529597 -0.02420594 -0.00347863 -0.00025253 -0.00001034 
2.78255940e-05 -0.05529597 -0.02420594 -0.00347863 -0.00025253 -0.00001034 
2.15443469e-05 -0.05529597 -0.02420594 -0.00347863 -0.00025253 -0.00001034 
1.66810054e-05 -0.05529597 -0.02420594 -0.00347863 -0.00025253 -0.00001034 
1.29154967e-05 -0.05529597 -0.02420594 -0.00347863 -0.00025253 -0.00001034 
1.00000000e-05 -0.05529597 -0.02420594 -0.00347863 -0.00025253 -0.00001034 
7.74263683e-06 -0.05529597 -0.02420594 -0.00347863 -0.00025253 -0.00001034 
5.99484250e-06 -0.05529597 -0.02420594 -0.00347863 -0.00025253 -0.00001034 
4.64158883e-06 -0.05529597 -0.02420594 -0.00347863 -0.00025253 -0.00001034 
3.59381366e-06 -0.05529597 -0.02420594 -0.00347863 -0.00025253 -0.00001034 
2.78255940e-06 -0.05529597 -0.02420594 -0.00347863 -0.00025253 -0.00001034 
2.15443469e-06 -0.05529597 -0.02420594 -0.00347863 -0.00025253 -0.00001034 
1.66810054e-06 -0.05529597 -0.02420594 -0.00347863 -0.00025253 -0.00001034 
1.29154967e-06 -0.05529597 -0.02420594 -0.00347863 -0.00025253 -0.00001034 
1.00000000e-06 -0.05529597 -0.02420594 -0.00347863 -0.00025253 -0.00001034 
7.74263683e-07 -0.05529597 -0.02420594 -0.00347863 -0.00025253 -0.00001034 
5.99484250e-07 -0.05529597 -0.02420594 -0.00347863 -0.00025253 -0.00001034 
4.64158883e-07 -0.05529597 -0.02420594 -0.00347863 -0.00025253 -0.00001034 
3.59381366e-07 -0.05529597 -0.02420594 -0.00347863 -0.00025253 -0.00001034 
2.78255940e-07 -0.05529597 -0.02420594 -0.00347863 -0.00025253 -0.00001034 
2.15443469e-07 -0.05529597 -0.02420594 -0.00347863 -0.00025253 -0.00001034 
1.66810054e-07 -0.05529597 -0.02420594 -0.00347863 -0.00025253 -0.00001034 
1.29154967e-07 -0.05529597 -0.02420594 -0.00347863 -0.00025253 -0.00001034 
1.00000000e-07 -0.05529597 -0.02420594 -0.00347863 -0.00025253 -0.00001034 
7.74263683e-08 -0.05529597 -0.02420594 -0.00347863 -0.00025253 -0.00001034 
5.99484250e-08 -0.05529597 -0.02420594 -0.00347863 -0.00025253 -0.00001034 
4.64158883e-08 -0.05529597 -0.02420594 -0.00347863 -0.00025253 -0.00001034 
3.59381366e-08 -0.05529597 -0.02420594 -0.00347863 -0.00025253 -0.00001034 
2.78255940e-08 -0.05529597 -0.02420594 -0.00347863 -0.00025253 -0.00001034 
2.15443469e-08 -0.05529597 -0.02420594 -0.00347863 -0.00025253 -0.00001034 
1.66810054e-08 -0.05529597 -0.02420594 -0.00347863 -0.00025253 -0.00001034 
1.29154967e-08 -0.05529597 -0.02420594 -0.00347863 -0.00025253 -0.00001034 
1.00000000e-08 -0.05529597 -0.02420594 -0.00347863 -0.00025253 -0.00001034 
7.74263683e-09 -0.05529597 -0.02420594 -0.00347863 -0.00025253 -0.00001034 
5.99484250e-09 -0.05529597 -0.02420594 -0.00347863 -0.00025253 -0.00001034 
4.64158883e-09 -0.05529597 -0.02420594 -0.00347863 -0.00025253 -0.00001034 
3.59381366e-09 -0.05529597 -0.02420594 -0.00347863 -0.00025253 -0.00001034 
2.78255940e-09 -0.05529597 -0.02420594 -0.00347863 -0.00025253 -0.00001034 
2.15443469e-09 -0.05529597 -0.02420594 -0.00347863 -0.00025253 -0.00001034 
1.66810054e-09 -0.05529597 -0.02420594 -0.00347863 -0.00025253 -0.00001034 
1.29154967e-09 -0.05529597 -0.02420594 -0.00347863 -0.00025253 -0.00001034 
1.00000000e-09 -0.05529597 -0.02420594 -0.00347863 -0.00025253 -0.00001034 
7.74263683e-10 -0.05529597 -0.02420594 -0.00347863 -0.00025253 -0.00001034 
5.99484250e-10 -0.05529597 -0.02420594 -0.00347863 -0.00025253 -0.00001034 
4.64158883e-10 -0.05529597 -0.02420594 -0.00347863 -0.00025253 -0.00001034 
3.59381366e-10 -0.05529597 -0.02420594 -0.00347863 -0.00025253 -0.00001034 
2.78255940e-10 -0.05529597 -0.02420594 -0.00347863 -0.00025253 -0.00001034 
2.15443469e-10 -0.05529597 -0.02420594 -0.00347863 -0.00025253 -0.00001034 
1.66810054e-10 -0.05529597 -0.02420594 -0.00347863 -0.00025253 -0.00001034 
1.29154967e-10 -0.05529597 -0.02420594 -0.00347863 -0.00025253 -0.00001034 
1.00000000e-10 -0.05529597 -0.02420594 -0.00347863 -0.00025253 -0.00001034 
P (bar) | log_H2O: -2σ | log_H2O: -1σ | log_H2O: median | log_H2O: +1σ | log_H2O: +2σ 
1.00000000e+01 -9.42877633 -7.47937716 -4.62699204 -2.35105429 -1.21532031 
7.74263683e+00 -9.42877633 -7.47937716 -4.62699204 -2.35105429 -1.21532031 
5.99484250e+00 -9.42877633 -7.47937716 -4.62699204 -2.35105429 -1.21532031 
4.64158883e+00 -9.42877633 -7.47937716 -4.62699204 -2.35105429 -1.21532031 
3.59381366e+00 -9.42877633 -7.47937716 -4.62699204 -2.35105429 -1.21532031 
2.78255940e+00 -9.42877633 -7.47937716 -4.62699204 -2.35105429 -1.21532031 
2.15443469e+00 -9.42877633 -7.47937716 -4.62699204 -2.35105429 -1.21532031 
1.66810054e+00 -9.42877633 -7.47937716 -4.62699204 -2.35105429 -1.21532031 
1.29154967e+00 -9.42877633 -7.47937716 -4.62699204 -2.35105429 -1.21532031 
1.00000000e+00 -9.42877633 -7.47937716 -4.62699204 -2.35105429 -1.21532031 
7.74263683e-01 -9.42877633 -7.47937716 -4.62699204 -2.35105429 -1.21532031 
5.99484250e-01 -9.42877633 -7.47937716 -4.62699204 -2.35105429 -1.21532031 
4.64158883e-01 -9.42877633 -7.47937716 -4.62699204 -2.35105429 -1.21532031 
3.59381366e-01 -9.42877633 -7.47937716 -4.62699204 -2.35105429 -1.21532031 
2.78255940e-01 -9.42877633 -7.47937716 -4.62699204 -2.35105429 -1.21532031 
2.15443469e-01 -9.42877633 -7.47937716 -4.62699204 -2.35105429 -1.21532031 
1.66810054e-01 -9.42877633 -7.47937716 -4.62699204 -2.35105429 -1.21532031 
1.29154967e-01 -9.42877633 -7.47937716 -4.62699204 -2.35105429 -1.21532031 
1.00000000e-01 -9.42877633 -7.47937716 -4.62699204 -2.35105429 -1.21532031 
7.74263683e-02 -9.42877633 -7.47937716 -4.62699204 -2.35105429 -1.21532031 
5.99484250e-02 -9.42877633 -7.47937716 -4.62699204 -2.35105429 -1.21532031 
4.64158883e-02 -9.42877633 -7.47937716 -4.62699204 -2.35105429 -1.21532031 
3.59381366e-02 -9.42877633 -7.47937716 -4.62699204 -2.35105429 -1.21532031 
2.78255940e-02 -9.42877633 -7.47937716 -4.62699204 -2.35105429 -1.21532031 
2.15443469e-02 -9.42877633 -7.47937716 -4.62699204 -2.35105429 -1.21532031 
1.66810054e-02 -9.42877633 -7.47937716 -4.62699204 -2.35105429 -1.21532031 
1.29154967e-02 -9.42877633 -7.47937716 -4.62699204 -2.35105429 -1.21532031 
1.00000000e-02 -9.42877633 -7.47937716 -4.62699204 -2.35105429 -1.21532031 
7.74263683e-03 -9.42877633 -7.47937716 -4.62699204 -2.35105429 -1.21532031 
5.99484250e-03 -9.42877633 -7.47937716 -4.62699204 -2.35105429 -1.21532031 
4.64158883e-03 -9.42877633 -7.47937716 -4.62699204 -2.35105429 -1.21532031 
3.59381366e-03 -9.42877633 -7.47937716 -4.62699204 -2.35105429 -1.21532031 
2.78255940e-03 -9.42877633 -7.47937716 -4.62699204 -2.35105429 -1.21532031 
2.15443469e-03 -9.42877633 -7.47937716 -4.62699204 -2.35105429 -1.21532031 
1.66810054e-03 -9.42877633 -7.47937716 -4.62699204 -2.35105429 -1.21532031 
1.29154967e-03 -9.42877633 -7.47937716 -4.62699204 -2.35105429 -1.21532031 
1.00000000e-03 -9.42877633 -7.47937716 -4.62699204 -2.35105429 -1.21532031 
7.74263683e-04 -9.42877633 -7.47937716 -4.62699204 -2.35105429 -1.21532031 
5.99484250e-04 -9.42877633 -7.47937716 -4.62699204 -2.35105429 -1.21532031 
4.64158883e-04 -9.42877633 -7.47937716 -4.62699204 -2.35105429 -1.21532031 
3.59381366e-04 -9.42877633 -7.47937716 -4.62699204 -2.35105429 -1.21532031 
2.78255940e-04 -9.42877633 -7.47937716 -4.62699204 -2.35105429 -1.21532031 
2.15443469e-04 -9.42877633 -7.47937716 -4.62699204 -2.35105429 -1.21532031 
1.66810054e-04 -9.42877633 -7.47937716 -4.62699204 -2.35105429 -1.21532031 
1.29154967e-04 -9.42877633 -7.47937716 -4.62699204 -2.35105429 -1.21532031 
1.00000000e-04 -9.42877633 -7.47937716 -4.62699204 -2.35105429 -1.21532031 
7.74263683e-05 -9.42877633 -7.47937716 -4.62699204 -2.35105429 -1.21532031 
5.99484250e-05 -9.42877633 -7.47937716 -4.62699204 -2.35105429 -1.21532031 
4.64158883e-05 -9.42877633 -7.47937716 -4.62699204 -2.35105429 -1.21532031 
3.59381366e-05 -9.42877633 -7.47937716 -4.62699204 -2.35105429 -1.21532031 
2.78255940e-05 -9.42877633 -7.47937716 -4.62699204 -2.35105429 -1.21532031 
2.15443469e-05 -9.42877633 -7.47937716 -4.62699204 -2.35105429 -1.21532031 
1.66810054e-05 -9.42877633 -7.47937716 -4.62699204 -2.35105429 -1.21532031 
1.29154967e-05 -9.42877633 -7.47937716 -4.62699204 -2.35105429 -1.21532031 
1.00000000e-05 -9.42877633 -7.47937716 -4.62699204 -2.35105429 -1.21532031 
7.74263683e-06 -9.42877633 -7.47937716 -4.62699204 -2.35105429 -1.21532031 
5.99484250e-06 -9.42877633 -7.47937716 -4.62699204 -2.35105429 -1.21532031 
4.64158883e-06 -9.42877633 -7.47937716 -4.62699204 -2.35105429 -1.21532031 
3.59381366e-06 -9.42877633 -7.47937716 -4.62699204 -2.35105429 -1.21532031 
2.78255940e-06 -9.42877633 -7.47937716 -4.62699204 -2.35105429 -1.21532031 
2.15443469e-06 -9.42877633 -7.47937716 -4.62699204 -2.35105429 -1.21532031 
1.66810054e-06 -9.42877633 -7.47937716 -4.62699204 -2.35105429 -1.21532031 
1.29154967e-06 -9.42877633 -7.47937716 -4.62699204 -2.35105429 -1.21532031 
1.00000000e-06 -9.42877633 -7.47937716 -4.62699204 -2.35105429 -1.21532031 
7.74263683e-07 -9.42877633 -7.47937716 -4.62699204 -2.35105429 -1.21532031 
5.99484250e-07 -9.42877633 -7.47937716 -4.62699204 -2.35105429 -1.21532031 
4.64158883e-07 -9.42877633 -7.47937716 -4.62699204 -2.35105429 -1.21532031 
3.59381366e-07 -9.42877633 -7.47937716 -4.62699204 -2.35105429 -1.21532031 
2.78255940e-07 -9.42877633 -7.47937716 -4.62699204 -2.35105429 -1.21532031 
2.15443469e-07 -9.42877633 -7.47937716 -4.62699204 -2.35105429 -1.21532031 
1.66810054e-07 -9.42877633 -7.47937716 -4.62699204 -2.35105429 -1.21532031 
1.29154967e-07 -9.42877633 -7.47937716 -4.62699204 -2.35105429 -1.21532031 
1.00000000e-07 -9.42877633 -7.47937716 -4.62699204 -2.35105429 -1.21532031 
7.74263683e-08 -9.42877633 -7.47937716 -4.62699204 -2.35105429 -1.21532031 
5.99484250e-08 -9.42877633 -7.47937716 -4.62699204 -2.35105429 -1.21532031 
4.64158883e-08 -9.42877633 -7.47937716 -4.62699204 -2.35105429 -1.21532031 
3.59381366e-08 -9.42877633 -7.47937716 -4.62699204 -2.35105429 -1.21532031 
2.78255940e-08 -9.42877633 -7.47937716 -4.62699204 -2.35105429 -1.21532031 
2.15443469e-08 -9.42877633 -7.47937716 -4.62699204 -2.35105429 -1.21532031 
1.66810054e-08 -9.42877633 -7.47937716 -4.62699204 -2.35105429 -1.21532031 
1.29154967e-08 -9.42877633 -7.47937716 -4.62699204 -2.35105429 -1.21532031 
1.00000000e-08 -9.42877633 -7.47937716 -4.62699204 -2.35105429 -1.21532031 
7.74263683e-09 -9.42877633 -7.47937716 -4.62699204 -2.35105429 -1.21532031 
5.99484250e-09 -9.42877633 -7.47937716 -4.62699204 -2.35105429 -1.21532031 
4.64158883e-09 -9.42877633 -7.47937716 -4.62699204 -2.35105429 -1.21532031 
3.59381366e-09 -9.42877633 -7.47937716 -4.62699204 -2.35105429 -1.21532031 
2.78255940e-09 -9.42877633 -7.47937716 -4.62699204 -2.35105429 -1.21532031 
2.15443469e-09 -9.42877633 -7.47937716 -4.62699204 -2.35105429 -1.21532031 
1.66810054e-09 -9.42877633 -7.47937716 -4.62699204 -2.35105429 -1.21532031 
1.29154967e-09 -9.42877633 -7.47937716 -4.62699204 -2.35105429 -1.21532031 
1.00000000e-09 -9.42877633 -7.47937716 -4.62699204 -2.35105429 -1.21532031 
7.74263683e-10 -9.42877633 -7.47937716 -4.62699204 -2.35105429 -1.21532031 
5.99484250e-10 -9.42877633 -7.47937716 -4.62699204 -2.35105429 -1.21532031 
4.64158883e-10 -9.42877633 -7.47937716 -4.62699204 -2.35105429 -1.21532031 
3.59381366e-10 -9.42877633 -7.47937716 -4.62699204 -2.35105429 -1.21532031 
2.78255940e-10 -9.42877633 -7.47937716 -4.62699204 -2.35105429 -1.21532031 
2.15443469e-10 -9.42877633 -7.47937716 -4.62699204 -2.35105429 -1.21532031 
1.66810054e-10 -9.42877633 -7.47937716 -4.62699204 -2.35105429 -1.21532031 
1.29154967e-10 -9.42877633 -7.47937716 -4.62699204 -2.35105429 -1.21532031 
1.00000000e-10 -9.42877633 -7.47937716 -4.62699204 -2.35105429 -1.21532031 
P (bar) | log_CO2: -2σ | log_CO2: -1σ | log_CO2: median | log_CO2: +1σ | log_CO2: +2σ 
1.00000000e+01 -9.64490403 -8.19193005 -5.40581244 -2.52911165 -1.31012076 
7.74263683e+00 -9.64490403 -8.19193005 -5.40581244 -2.52911165 -1.31012076 
5.99484250e+00 -9.64490403 -8.19193005 -5.40581244 -2.52911165 -1.31012076 
4.64158883e+00 -9.64490403 -8.19193005 -5.40581244 -2.52911165 -1.31012076 
3.59381366e+00 -9.64490403 -8.19193005 -5.40581244 -2.52911165 -1.31012076 
2.78255940e+00 -9.64490403 -8.19193005 -5.40581244 -2.52911165 -1.31012076 
2.15443469e+00 -9.64490403 -8.19193005 -5.40581244 -2.52911165 -1.31012076 
1.66810054e+00 -9.64490403 -8.19193005 -5.40581244 -2.52911165 -1.31012076 
1.29154967e+00 -9.64490403 -8.19193005 -5.40581244 -2.52911165 -1.31012076 
1.00000000e+00 -9.64490403 -8.19193005 -5.40581244 -2.52911165 -1.31012076 
7.74263683e-01 -9.64490403 -8.19193005 -5.40581244 -2.52911165 -1.31012076 
5.99484250e-01 -9.64490403 -8.19193005 -5.40581244 -2.52911165 -1.31012076 
4.64158883e-01 -9.64490403 -8.19193005 -5.40581244 -2.52911165 -1.31012076 
3.59381366e-01 -9.64490403 -8.19193005 -5.40581244 -2.52911165 -1.31012076 
2.78255940e-01 -9.64490403 -8.19193005 -5.40581244 -2.52911165 -1.31012076 
2.15443469e-01 -9.64490403 -8.19193005 -5.40581244 -2.52911165 -1.31012076 
1.66810054e-01 -9.64490403 -8.19193005 -5.40581244 -2.52911165 -1.31012076 
1.29154967e-01 -9.64490403 -8.19193005 -5.40581244 -2.52911165 -1.31012076 
1.00000000e-01 -9.64490403 -8.19193005 -5.40581244 -2.52911165 -1.31012076 
7.74263683e-02 -9.64490403 -8.19193005 -5.40581244 -2.52911165 -1.31012076 
5.99484250e-02 -9.64490403 -8.19193005 -5.40581244 -2.52911165 -1.31012076 
4.64158883e-02 -9.64490403 -8.19193005 -5.40581244 -2.52911165 -1.31012076 
3.59381366e-02 -9.64490403 -8.19193005 -5.40581244 -2.52911165 -1.31012076 
2.78255940e-02 -9.64490403 -8.19193005 -5.40581244 -2.52911165 -1.31012076 
2.15443469e-02 -9.64490403 -8.19193005 -5.40581244 -2.52911165 -1.31012076 
1.66810054e-02 -9.64490403 -8.19193005 -5.40581244 -2.52911165 -1.31012076 
1.29154967e-02 -9.64490403 -8.19193005 -5.40581244 -2.52911165 -1.31012076 
1.00000000e-02 -9.64490403 -8.19193005 -5.40581244 -2.52911165 -1.31012076 
7.74263683e-03 -9.64490403 -8.19193005 -5.40581244 -2.52911165 -1.31012076 
5.99484250e-03 -9.64490403 -8.19193005 -5.40581244 -2.52911165 -1.31012076 
4.64158883e-03 -9.64490403 -8.19193005 -5.40581244 -2.52911165 -1.31012076 
3.59381366e-03 -9.64490403 -8.19193005 -5.40581244 -2.52911165 -1.31012076 
2.78255940e-03 -9.64490403 -8.19193005 -5.40581244 -2.52911165 -1.31012076 
2.15443469e-03 -9.64490403 -8.19193005 -5.40581244 -2.52911165 -1.31012076 
1.66810054e-03 -9.64490403 -8.19193005 -5.40581244 -2.52911165 -1.31012076 
1.29154967e-03 -9.64490403 -8.19193005 -5.40581244 -2.52911165 -1.31012076 
1.00000000e-03 -9.64490403 -8.19193005 -5.40581244 -2.52911165 -1.31012076 
7.74263683e-04 -9.64490403 -8.19193005 -5.40581244 -2.52911165 -1.31012076 
5.99484250e-04 -9.64490403 -8.19193005 -5.40581244 -2.52911165 -1.31012076 
4.64158883e-04 -9.64490403 -8.19193005 -5.40581244 -2.52911165 -1.31012076 
3.59381366e-04 -9.64490403 -8.19193005 -5.40581244 -2.52911165 -1.31012076 
2.78255940e-04 -9.64490403 -8.19193005 -5.40581244 -2.52911165 -1.31012076 
2.15443469e-04 -9.64490403 -8.19193005 -5.40581244 -2.52911165 -1.31012076 
1.66810054e-04 -9.64490403 -8.19193005 -5.40581244 -2.52911165 -1.31012076 
1.29154967e-04 -9.64490403 -8.19193005 -5.40581244 -2.52911165 -1.31012076 
1.00000000e-04 -9.64490403 -8.19193005 -5.40581244 -2.52911165 -1.31012076 
7.74263683e-05 -9.64490403 -8.19193005 -5.40581244 -2.52911165 -1.31012076 
5.99484250e-05 -9.64490403 -8.19193005 -5.40581244 -2.52911165 -1.31012076 
4.64158883e-05 -9.64490403 -8.19193005 -5.40581244 -2.52911165 -1.31012076 
3.59381366e-05 -9.64490403 -8.19193005 -5.40581244 -2.52911165 -1.31012076 
2.78255940e-05 -9.64490403 -8.19193005 -5.40581244 -2.52911165 -1.31012076 
2.15443469e-05 -9.64490403 -8.19193005 -5.40581244 -2.52911165 -1.31012076 
1.66810054e-05 -9.64490403 -8.19193005 -5.40581244 -2.52911165 -1.31012076 
1.29154967e-05 -9.64490403 -8.19193005 -5.40581244 -2.52911165 -1.31012076 
1.00000000e-05 -9.64490403 -8.19193005 -5.40581244 -2.52911165 -1.31012076 
7.74263683e-06 -9.64490403 -8.19193005 -5.40581244 -2.52911165 -1.31012076 
5.99484250e-06 -9.64490403 -8.19193005 -5.40581244 -2.52911165 -1.31012076 
4.64158883e-06 -9.64490403 -8.19193005 -5.40581244 -2.52911165 -1.31012076 
3.59381366e-06 -9.64490403 -8.19193005 -5.40581244 -2.52911165 -1.31012076 
2.78255940e-06 -9.64490403 -8.19193005 -5.40581244 -2.52911165 -1.31012076 
2.15443469e-06 -9.64490403 -8.19193005 -5.40581244 -2.52911165 -1.31012076 
1.66810054e-06 -9.64490403 -8.19193005 -5.40581244 -2.52911165 -1.31012076 
1.29154967e-06 -9.64490403 -8.19193005 -5.40581244 -2.52911165 -1.31012076 
1.00000000e-06 -9.64490403 -8.19193005 -5.40581244 -2.52911165 -1.31012076 
7.74263683e-07 -9.64490403 -8.19193005 -5.40581244 -2.52911165 -1.31012076 
5.99484250e-07 -9.64490403 -8.19193005 -5.40581244 -2.52911165 -1.31012076 
4.64158883e-07 -9.64490403 -8.19193005 -5.40581244 -2.52911165 -1.31012076 
3.59381366e-07 -9.64490403 -8.19193005 -5.40581244 -2.52911165 -1.31012076 
2.78255940e-07 -9.64490403 -8.19193005 -5.40581244 -2.52911165 -1.31012076 
2.15443469e-07 -9.64490403 -8.19193005 -5.40581244 -2.52911165 -1.31012076 
1.66810054e-07 -9.64490403 -8.19193005 -5.40581244 -2.52911165 -1.31012076 
1.29154967e-07 -9.64490403 -8.19193005 -5.40581244 -2.52911165 -1.31012076 
1.00000000e-07 -9.64490403 -8.19193005 -5.40581244 -2.52911165 -1.31012076 
7.74263683e-08 -9.64490403 -8.19193005 -5.40581244 -2.52911165 -1.31012076 
5.99484250e-08 -9.64490403 -8.19193005 -5.40581244 -2.52911165 -1.31012076 
4.64158883e-08 -9.64490403 -8.19193005 -5.40581244 -2.52911165 -1.31012076 
3.59381366e-08 -9.64490403 -8.19193005 -5.40581244 -2.52911165 -1.31012076 
2.78255940e-08 -9.64490403 -8.19193005 -5.40581244 -2.52911165 -1.31012076 
2.15443469e-08 -9.64490403 -8.19193005 -5.40581244 -2.52911165 -1.31012076 
1.66810054e-08 -9.64490403 -8.19193005 -5.40581244 -2.52911165 -1.31012076 
1.29154967e-08 -9.64490403 -8.19193005 -5.40581244 -2.52911165 -1.31012076 
1.00000000e-08 -9.64490403 -8.19193005 -5.40581244 -2.52911165 -1.31012076 
7.74263683e-09 -9.64490403 -8.19193005 -5.40581244 -2.52911165 -1.31012076 
5.99484250e-09 -9.64490403 -8.19193005 -5.40581244 -2.52911165 -1.31012076 
4.64158883e-09 -9.64490403 -8.19193005 -5.40581244 -2.52911165 -1.31012076 
3.59381366e-09 -9.64490403 -8.19193005 -5.40581244 -2.52911165 -1.31012076 
2.78255940e-09 -9.64490403 -8.19193005 -5.40581244 -2.52911165 -1.31012076 
2.15443469e-09 -9.64490403 -8.19193005 -5.40581244 -2.52911165 -1.31012076 
1.66810054e-09 -9.64490403 -8.19193005 -5.40581244 -2.52911165 -1.31012076 
1.29154967e-09 -9.64490403 -8.19193005 -5.40581244 -2.52911165 -1.31012076 
1.00000000e-09 -9.64490403 -8.19193005 -5.40581244 -2.52911165 -1.31012076 
7.74263683e-10 -9.64490403 -8.19193005 -5.40581244 -2.52911165 -1.31012076 
5.99484250e-10 -9.64490403 -8.19193005 -5.40581244 -2.52911165 -1.31012076 
4.64158883e-10 -9.64490403 -8.19193005 -5.40581244 -2.52911165 -1.31012076 
3.59381366e-10 -9.64490403 -8.19193005 -5.40581244 -2.52911165 -1.31012076 
2.78255940e-10 -9.64490403 -8.19193005 -5.40581244 -2.52911165 -1.31012076 
2.15443469e-10 -9.64490403 -8.19193005 -5.40581244 -2.52911165 -1.31012076 
1.66810054e-10 -9.64490403 -8.19193005 -5.40581244 -2.52911165 -1.31012076 
1.29154967e-10 -9.64490403 -8.19193005 -5.40581244 -2.52911165 -1.31012076 
1.00000000e-10 -9.64490403 -8.19193005 -5.40581244 -2.52911165 -1.31012076 
P (bar) | log_CH4: -2σ | log_CH4: -1σ | log_CH4: median | log_CH4: +1σ | log_CH4: +2σ 
1.00000000e+01 -9.63364130 -8.31885791 -5.86614489 -3.29684565 -1.52568392 
7.74263683e+00 -9.63364130 -8.31885791 -5.86614489 -3.29684565 -1.52568392 
5.99484250e+00 -9.63364130 -8.31885791 -5.86614489 -3.29684565 -1.52568392 
4.64158883e+00 -9.63364130 -8.31885791 -5.86614489 -3.29684565 -1.52568392 
3.59381366e+00 -9.63364130 -8.31885791 -5.86614489 -3.29684565 -1.52568392 
2.78255940e+00 -9.63364130 -8.31885791 -5.86614489 -3.29684565 -1.52568392 
2.15443469e+00 -9.63364130 -8.31885791 -5.86614489 -3.29684565 -1.52568392 
1.66810054e+00 -9.63364130 -8.31885791 -5.86614489 -3.29684565 -1.52568392 
1.29154967e+00 -9.63364130 -8.31885791 -5.86614489 -3.29684565 -1.52568392 
1.00000000e+00 -9.63364130 -8.31885791 -5.86614489 -3.29684565 -1.52568392 
7.74263683e-01 -9.63364130 -8.31885791 -5.86614489 -3.29684565 -1.52568392 
5.99484250e-01 -9.63364130 -8.31885791 -5.86614489 -3.29684565 -1.52568392 
4.64158883e-01 -9.63364130 -8.31885791 -5.86614489 -3.29684565 -1.52568392 
3.59381366e-01 -9.63364130 -8.31885791 -5.86614489 -3.29684565 -1.52568392 
2.78255940e-01 -9.63364130 -8.31885791 -5.86614489 -3.29684565 -1.52568392 
2.15443469e-01 -9.63364130 -8.31885791 -5.86614489 -3.29684565 -1.52568392 
1.66810054e-01 -9.63364130 -8.31885791 -5.86614489 -3.29684565 -1.52568392 
1.29154967e-01 -9.63364130 -8.31885791 -5.86614489 -3.29684565 -1.52568392 
1.00000000e-01 -9.63364130 -8.31885791 -5.86614489 -3.29684565 -1.52568392 
7.74263683e-02 -9.63364130 -8.31885791 -5.86614489 -3.29684565 -1.52568392 
5.99484250e-02 -9.63364130 -8.31885791 -5.86614489 -3.29684565 -1.52568392 
4.64158883e-02 -9.63364130 -8.31885791 -5.86614489 -3.29684565 -1.52568392 
3.59381366e-02 -9.63364130 -8.31885791 -5.86614489 -3.29684565 -1.52568392 
2.78255940e-02 -9.63364130 -8.31885791 -5.86614489 -3.29684565 -1.52568392 
2.15443469e-02 -9.63364130 -8.31885791 -5.86614489 -3.29684565 -1.52568392 
1.66810054e-02 -9.63364130 -8.31885791 -5.86614489 -3.29684565 -1.52568392 
1.29154967e-02 -9.63364130 -8.31885791 -5.86614489 -3.29684565 -1.52568392 
1.00000000e-02 -9.63364130 -8.31885791 -5.86614489 -3.29684565 -1.52568392 
7.74263683e-03 -9.63364130 -8.31885791 -5.86614489 -3.29684565 -1.52568392 
5.99484250e-03 -9.63364130 -8.31885791 -5.86614489 -3.29684565 -1.52568392 
4.64158883e-03 -9.63364130 -8.31885791 -5.86614489 -3.29684565 -1.52568392 
3.59381366e-03 -9.63364130 -8.31885791 -5.86614489 -3.29684565 -1.52568392 
2.78255940e-03 -9.63364130 -8.31885791 -5.86614489 -3.29684565 -1.52568392 
2.15443469e-03 -9.63364130 -8.31885791 -5.86614489 -3.29684565 -1.52568392 
1.66810054e-03 -9.63364130 -8.31885791 -5.86614489 -3.29684565 -1.52568392 
1.29154967e-03 -9.63364130 -8.31885791 -5.86614489 -3.29684565 -1.52568392 
1.00000000e-03 -9.63364130 -8.31885791 -5.86614489 -3.29684565 -1.52568392 
7.74263683e-04 -9.63364130 -8.31885791 -5.86614489 -3.29684565 -1.52568392 
5.99484250e-04 -9.63364130 -8.31885791 -5.86614489 -3.29684565 -1.52568392 
4.64158883e-04 -9.63364130 -8.31885791 -5.86614489 -3.29684565 -1.52568392 
3.59381366e-04 -9.63364130 -8.31885791 -5.86614489 -3.29684565 -1.52568392 
2.78255940e-04 -9.63364130 -8.31885791 -5.86614489 -3.29684565 -1.52568392 
2.15443469e-04 -9.63364130 -8.31885791 -5.86614489 -3.29684565 -1.52568392 
1.66810054e-04 -9.63364130 -8.31885791 -5.86614489 -3.29684565 -1.52568392 
1.29154967e-04 -9.63364130 -8.31885791 -5.86614489 -3.29684565 -1.52568392 
1.00000000e-04 -9.63364130 -8.31885791 -5.86614489 -3.29684565 -1.52568392 
7.74263683e-05 -9.63364130 -8.31885791 -5.86614489 -3.29684565 -1.52568392 
5.99484250e-05 -9.63364130 -8.31885791 -5.86614489 -3.29684565 -1.52568392 
4.64158883e-05 -9.63364130 -8.31885791 -5.86614489 -3.29684565 -1.52568392 
3.59381366e-05 -9.63364130 -8.31885791 -5.86614489 -3.29684565 -1.52568392 
2.78255940e-05 -9.63364130 -8.31885791 -5.86614489 -3.29684565 -1.52568392 
2.15443469e-05 -9.63364130 -8.31885791 -5.86614489 -3.29684565 -1.52568392 
1.66810054e-05 -9.63364130 -8.31885791 -5.86614489 -3.29684565 -1.52568392 
1.29154967e-05 -9.63364130 -8.31885791 -5.86614489 -3.29684565 -1.52568392 
1.00000000e-05 -9.63364130 -8.31885791 -5.86614489 -3.29684565 -1.52568392 
7.74263683e-06 -9.63364130 -8.31885791 -5.86614489 -3.29684565 -1.52568392 
5.99484250e-06 -9.63364130 -8.31885791 -5.86614489 -3.29684565 -1.52568392 
4.64158883e-06 -9.63364130 -8.31885791 -5.86614489 -3.29684565 -1.52568392 
3.59381366e-06 -9.63364130 -8.31885791 -5.86614489 -3.29684565 -1.52568392 
2.78255940e-06 -9.63364130 -8.31885791 -5.86614489 -3.29684565 -1.52568392 
2.15443469e-06 -9.63364130 -8.31885791 -5.86614489 -3.29684565 -1.52568392 
1.66810054e-06 -9.63364130 -8.31885791 -5.86614489 -3.29684565 -1.52568392 
1.29154967e-06 -9.63364130 -8.31885791 -5.86614489 -3.29684565 -1.52568392 
1.00000000e-06 -9.63364130 -8.31885791 -5.86614489 -3.29684565 -1.52568392 
7.74263683e-07 -9.63364130 -8.31885791 -5.86614489 -3.29684565 -1.52568392 
5.99484250e-07 -9.63364130 -8.31885791 -5.86614489 -3.29684565 -1.52568392 
4.64158883e-07 -9.63364130 -8.31885791 -5.86614489 -3.29684565 -1.52568392 
3.59381366e-07 -9.63364130 -8.31885791 -5.86614489 -3.29684565 -1.52568392 
2.78255940e-07 -9.63364130 -8.31885791 -5.86614489 -3.29684565 -1.52568392 
2.15443469e-07 -9.63364130 -8.31885791 -5.86614489 -3.29684565 -1.52568392 
1.66810054e-07 -9.63364130 -8.31885791 -5.86614489 -3.29684565 -1.52568392 
1.29154967e-07 -9.63364130 -8.31885791 -5.86614489 -3.29684565 -1.52568392 
1.00000000e-07 -9.63364130 -8.31885791 -5.86614489 -3.29684565 -1.52568392 
7.74263683e-08 -9.63364130 -8.31885791 -5.86614489 -3.29684565 -1.52568392 
5.99484250e-08 -9.63364130 -8.31885791 -5.86614489 -3.29684565 -1.52568392 
4.64158883e-08 -9.63364130 -8.31885791 -5.86614489 -3.29684565 -1.52568392 
3.59381366e-08 -9.63364130 -8.31885791 -5.86614489 -3.29684565 -1.52568392 
2.78255940e-08 -9.63364130 -8.31885791 -5.86614489 -3.29684565 -1.52568392 
2.15443469e-08 -9.63364130 -8.31885791 -5.86614489 -3.29684565 -1.52568392 
1.66810054e-08 -9.63364130 -8.31885791 -5.86614489 -3.29684565 -1.52568392 
1.29154967e-08 -9.63364130 -8.31885791 -5.86614489 -3.29684565 -1.52568392 
1.00000000e-08 -9.63364130 -8.31885791 -5.86614489 -3.29684565 -1.52568392 
7.74263683e-09 -9.63364130 -8.31885791 -5.86614489 -3.29684565 -1.52568392 
5.99484250e-09 -9.63364130 -8.31885791 -5.86614489 -3.29684565 -1.52568392 
4.64158883e-09 -9.63364130 -8.31885791 -5.86614489 -3.29684565 -1.52568392 
3.59381366e-09 -9.63364130 -8.31885791 -5.86614489 -3.29684565 -1.52568392 
2.78255940e-09 -9.63364130 -8.31885791 -5.86614489 -3.29684565 -1.52568392 
2.15443469e-09 -9.63364130 -8.31885791 -5.86614489 -3.29684565 -1.52568392 
1.66810054e-09 -9.63364130 -8.31885791 -5.86614489 -3.29684565 -1.52568392 
1.29154967e-09 -9.63364130 -8.31885791 -5.86614489 -3.29684565 -1.52568392 
1.00000000e-09 -9.63364130 -8.31885791 -5.86614489 -3.29684565 -1.52568392 
7.74263683e-10 -9.63364130 -8.31885791 -5.86614489 -3.29684565 -1.52568392 
5.99484250e-10 -9.63364130 -8.31885791 -5.86614489 -3.29684565 -1.52568392 
4.64158883e-10 -9.63364130 -8.31885791 -5.86614489 -3.29684565 -1.52568392 
3.59381366e-10 -9.63364130 -8.31885791 -5.86614489 -3.29684565 -1.52568392 
2.78255940e-10 -9.63364130 -8.31885791 -5.86614489 -3.29684565 -1.52568392 
2.15443469e-10 -9.63364130 -8.31885791 -5.86614489 -3.29684565 -1.52568392 
1.66810054e-10 -9.63364130 -8.31885791 -5.86614489 -3.29684565 -1.52568392 
1.29154967e-10 -9.63364130 -8.31885791 -5.86614489 -3.29684565 -1.52568392 
1.00000000e-10 -9.63364130 -8.31885791 -5.86614489 -3.29684565 -1.52568392 
P (bar) | log_O2: -2σ | log_O2: -1σ | log_O2: median | log_O2: +1σ | log_O2: +2σ 
1.00000000e+01 -9.78361753 -8.46791838 -5.59735985 -2.77128240 -1.33126289 
7.74263683e+00 -9.78361753 -8.46791838 -5.59735985 -2.77128240 -1.33126289 
5.99484250e+00 -9.78361753 -8.46791838 -5.59735985 -2.77128240 -1.33126289 
4.64158883e+00 -9.78361753 -8.46791838 -5.59735985 -2.77128240 -1.33126289 
3.59381366e+00 -9.78361753 -8.46791838 -5.59735985 -2.77128240 -1.33126289 
2.78255940e+00 -9.78361753 -8.46791838 -5.59735985 -2.77128240 -1.33126289 
2.15443469e+00 -9.78361753 -8.46791838 -5.59735985 -2.77128240 -1.33126289 
1.66810054e+00 -9.78361753 -8.46791838 -5.59735985 -2.77128240 -1.33126289 
1.29154967e+00 -9.78361753 -8.46791838 -5.59735985 -2.77128240 -1.33126289 
1.00000000e+00 -9.78361753 -8.46791838 -5.59735985 -2.77128240 -1.33126289 
7.74263683e-01 -9.78361753 -8.46791838 -5.59735985 -2.77128240 -1.33126289 
5.99484250e-01 -9.78361753 -8.46791838 -5.59735985 -2.77128240 -1.33126289 
4.64158883e-01 -9.78361753 -8.46791838 -5.59735985 -2.77128240 -1.33126289 
3.59381366e-01 -9.78361753 -8.46791838 -5.59735985 -2.77128240 -1.33126289 
2.78255940e-01 -9.78361753 -8.46791838 -5.59735985 -2.77128240 -1.33126289 
2.15443469e-01 -9.78361753 -8.46791838 -5.59735985 -2.77128240 -1.33126289 
1.66810054e-01 -9.78361753 -8.46791838 -5.59735985 -2.77128240 -1.33126289 
1.29154967e-01 -9.78361753 -8.46791838 -5.59735985 -2.77128240 -1.33126289 
1.00000000e-01 -9.78361753 -8.46791838 -5.59735985 -2.77128240 -1.33126289 
7.74263683e-02 -9.78361753 -8.46791838 -5.59735985 -2.77128240 -1.33126289 
5.99484250e-02 -9.78361753 -8.46791838 -5.59735985 -2.77128240 -1.33126289 
4.64158883e-02 -9.78361753 -8.46791838 -5.59735985 -2.77128240 -1.33126289 
3.59381366e-02 -9.78361753 -8.46791838 -5.59735985 -2.77128240 -1.33126289 
2.78255940e-02 -9.78361753 -8.46791838 -5.59735985 -2.77128240 -1.33126289 
2.15443469e-02 -9.78361753 -8.46791838 -5.59735985 -2.77128240 -1.33126289 
1.66810054e-02 -9.78361753 -8.46791838 -5.59735985 -2.77128240 -1.33126289 
1.29154967e-02 -9.78361753 -8.46791838 -5.59735985 -2.77128240 -1.33126289 
1.00000000e-02 -9.78361753 -8.46791838 -5.59735985 -2.77128240 -1.33126289 
7.74263683e-03 -9.78361753 -8.46791838 -5.59735985 -2.77128240 -1.33126289 
5.99484250e-03 -9.78361753 -8.46791838 -5.59735985 -2.77128240 -1.33126289 
4.64158883e-03 -9.78361753 -8.46791838 -5.59735985 -2.77128240 -1.33126289 
3.59381366e-03 -9.78361753 -8.46791838 -5.59735985 -2.77128240 -1.33126289 
2.78255940e-03 -9.78361753 -8.46791838 -5.59735985 -2.77128240 -1.33126289 
2.15443469e-03 -9.78361753 -8.46791838 -5.59735985 -2.77128240 -1.33126289 
1.66810054e-03 -9.78361753 -8.46791838 -5.59735985 -2.77128240 -1.33126289 
1.29154967e-03 -9.78361753 -8.46791838 -5.59735985 -2.77128240 -1.33126289 
1.00000000e-03 -9.78361753 -8.46791838 -5.59735985 -2.77128240 -1.33126289 
7.74263683e-04 -9.78361753 -8.46791838 -5.59735985 -2.77128240 -1.33126289 
5.99484250e-04 -9.78361753 -8.46791838 -5.59735985 -2.77128240 -1.33126289 
4.64158883e-04 -9.78361753 -8.46791838 -5.59735985 -2.77128240 -1.33126289 
3.59381366e-04 -9.78361753 -8.46791838 -5.59735985 -2.77128240 -1.33126289 
2.78255940e-04 -9.78361753 -8.46791838 -5.59735985 -2.77128240 -1.33126289 
2.15443469e-04 -9.78361753 -8.46791838 -5.59735985 -2.77128240 -1.33126289 
1.66810054e-04 -9.78361753 -8.46791838 -5.59735985 -2.77128240 -1.33126289 
1.29154967e-04 -9.78361753 -8.46791838 -5.59735985 -2.77128240 -1.33126289 
1.00000000e-04 -9.78361753 -8.46791838 -5.59735985 -2.77128240 -1.33126289 
7.74263683e-05 -9.78361753 -8.46791838 -5.59735985 -2.77128240 -1.33126289 
5.99484250e-05 -9.78361753 -8.46791838 -5.59735985 -2.77128240 -1.33126289 
4.64158883e-05 -9.78361753 -8.46791838 -5.59735985 -2.77128240 -1.33126289 
3.59381366e-05 -9.78361753 -8.46791838 -5.59735985 -2.77128240 -1.33126289 
2.78255940e-05 -9.78361753 -8.46791838 -5.59735985 -2.77128240 -1.33126289 
2.15443469e-05 -9.78361753 -8.46791838 -5.59735985 -2.77128240 -1.33126289 
1.66810054e-05 -9.78361753 -8.46791838 -5.59735985 -2.77128240 -1.33126289 
1.29154967e-05 -9.78361753 -8.46791838 -5.59735985 -2.77128240 -1.33126289 
1.00000000e-05 -9.78361753 -8.46791838 -5.59735985 -2.77128240 -1.33126289 
7.74263683e-06 -9.78361753 -8.46791838 -5.59735985 -2.77128240 -1.33126289 
5.99484250e-06 -9.78361753 -8.46791838 -5.59735985 -2.77128240 -1.33126289 
4.64158883e-06 -9.78361753 -8.46791838 -5.59735985 -2.77128240 -1.33126289 
3.59381366e-06 -9.78361753 -8.46791838 -5.59735985 -2.77128240 -1.33126289 
2.78255940e-06 -9.78361753 -8.46791838 -5.59735985 -2.77128240 -1.33126289 
2.15443469e-06 -9.78361753 -8.46791838 -5.59735985 -2.77128240 -1.33126289 
1.66810054e-06 -9.78361753 -8.46791838 -5.59735985 -2.77128240 -1.33126289 
1.29154967e-06 -9.78361753 -8.46791838 -5.59735985 -2.77128240 -1.33126289 
1.00000000e-06 -9.78361753 -8.46791838 -5.59735985 -2.77128240 -1.33126289 
7.74263683e-07 -9.78361753 -8.46791838 -5.59735985 -2.77128240 -1.33126289 
5.99484250e-07 -9.78361753 -8.46791838 -5.59735985 -2.77128240 -1.33126289 
4.64158883e-07 -9.78361753 -8.46791838 -5.59735985 -2.77128240 -1.33126289 
3.59381366e-07 -9.78361753 -8.46791838 -5.59735985 -2.77128240 -1.33126289 
2.78255940e-07 -9.78361753 -8.46791838 -5.59735985 -2.77128240 -1.33126289 
2.15443469e-07 -9.78361753 -8.46791838 -5.59735985 -2.77128240 -1.33126289 
1.66810054e-07 -9.78361753 -8.46791838 -5.59735985 -2.77128240 -1.33126289 
1.29154967e-07 -9.78361753 -8.46791838 -5.59735985 -2.77128240 -1.33126289 
1.00000000e-07 -9.78361753 -8.46791838 -5.59735985 -2.77128240 -1.33126289 
7.74263683e-08 -9.78361753 -8.46791838 -5.59735985 -2.77128240 -1.33126289 
5.99484250e-08 -9.78361753 -8.46791838 -5.59735985 -2.77128240 -1.33126289 
4.64158883e-08 -9.78361753 -8.46791838 -5.59735985 -2.77128240 -1.33126289 
3.59381366e-08 -9.78361753 -8.46791838 -5.59735985 -2.77128240 -1.33126289 
2.78255940e-08 -9.78361753 -8.46791838 -5.59735985 -2.77128240 -1.33126289 
2.15443469e-08 -9.78361753 -8.46791838 -5.59735985 -2.77128240 -1.33126289 
1.66810054e-08 -9.78361753 -8.46791838 -5.59735985 -2.77128240 -1.33126289 
1.29154967e-08 -9.78361753 -8.46791838 -5.59735985 -2.77128240 -1.33126289 
1.00000000e-08 -9.78361753 -8.46791838 -5.59735985 -2.77128240 -1.33126289 
7.74263683e-09 -9.78361753 -8.46791838 -5.59735985 -2.77128240 -1.33126289 
5.99484250e-09 -9.78361753 -8.46791838 -5.59735985 -2.77128240 -1.33126289 
4.64158883e-09 -9.78361753 -8.46791838 -5.59735985 -2.77128240 -1.33126289 
3.59381366e-09 -9.78361753 -8.46791838 -5.59735985 -2.77128240 -1.33126289 
2.78255940e-09 -9.78361753 -8.46791838 -5.59735985 -2.77128240 -1.33126289 
2.15443469e-09 -9.78361753 -8.46791838 -5.59735985 -2.77128240 -1.33126289 
1.66810054e-09 -9.78361753 -8.46791838 -5.59735985 -2.77128240 -1.33126289 
1.29154967e-09 -9.78361753 -8.46791838 -5.59735985 -2.77128240 -1.33126289 
1.00000000e-09 -9.78361753 -8.46791838 -5.59735985 -2.77128240 -1.33126289 
7.74263683e-10 -9.78361753 -8.46791838 -5.59735985 -2.77128240 -1.33126289 
5.99484250e-10 -9.78361753 -8.46791838 -5.59735985 -2.77128240 -1.33126289 
4.64158883e-10 -9.78361753 -8.46791838 -5.59735985 -2.77128240 -1.33126289 
3.59381366e-10 -9.78361753 -8.46791838 -5.59735985 -2.77128240 -1.33126289 
2.78255940e-10 -9.78361753 -8.46791838 -5.59735985 -2.77128240 -1.33126289 
2.15443469e-10 -9.78361753 -8.46791838 -5.59735985 -2.77128240 -1.33126289 
1.66810054e-10 -9.78361753 -8.46791838 -5.59735985 -2.77128240 -1.33126289 
1.29154967e-10 -9.78361753 -8.46791838 -5.59735985 -2.77128240 -1.33126289 
1.00000000e-10 -9.78361753 -8.46791838 -5.59735985 -2.77128240 -1.33126289 
P (bar) | log_O3: -2σ | log_O3: -1σ | log_O3: median | log_O3: +1σ | log_O3: +2σ 
1.00000000e+01 -9.83093874 -9.01961455 -7.21996891 -4.71310373 -2.66565113 
7.74263683e+00 -9.83093874 -9.01961455 -7.21996891 -4.71310373 -2.66565113 
5.99484250e+00 -9.83093874 -9.01961455 -7.21996891 -4.71310373 -2.66565113 
4.64158883e+00 -9.83093874 -9.01961455 -7.21996891 -4.71310373 -2.66565113 
3.59381366e+00 -9.83093874 -9.01961455 -7.21996891 -4.71310373 -2.66565113 
2.78255940e+00 -9.83093874 -9.01961455 -7.21996891 -4.71310373 -2.66565113 
2.15443469e+00 -9.83093874 -9.01961455 -7.21996891 -4.71310373 -2.66565113 
1.66810054e+00 -9.83093874 -9.01961455 -7.21996891 -4.71310373 -2.66565113 
1.29154967e+00 -9.83093874 -9.01961455 -7.21996891 -4.71310373 -2.66565113 
1.00000000e+00 -9.83093874 -9.01961455 -7.21996891 -4.71310373 -2.66565113 
7.74263683e-01 -9.83093874 -9.01961455 -7.21996891 -4.71310373 -2.66565113 
5.99484250e-01 -9.83093874 -9.01961455 -7.21996891 -4.71310373 -2.66565113 
4.64158883e-01 -9.83093874 -9.01961455 -7.21996891 -4.71310373 -2.66565113 
3.59381366e-01 -9.83093874 -9.01961455 -7.21996891 -4.71310373 -2.66565113 
2.78255940e-01 -9.83093874 -9.01961455 -7.21996891 -4.71310373 -2.66565113 
2.15443469e-01 -9.83093874 -9.01961455 -7.21996891 -4.71310373 -2.66565113 
1.66810054e-01 -9.83093874 -9.01961455 -7.21996891 -4.71310373 -2.66565113 
1.29154967e-01 -9.83093874 -9.01961455 -7.21996891 -4.71310373 -2.66565113 
1.00000000e-01 -9.83093874 -9.01961455 -7.21996891 -4.71310373 -2.66565113 
7.74263683e-02 -9.83093874 -9.01961455 -7.21996891 -4.71310373 -2.66565113 
5.99484250e-02 -9.83093874 -9.01961455 -7.21996891 -4.71310373 -2.66565113 
4.64158883e-02 -9.83093874 -9.01961455 -7.21996891 -4.71310373 -2.66565113 
3.59381366e-02 -9.83093874 -9.01961455 -7.21996891 -4.71310373 -2.66565113 
2.78255940e-02 -9.83093874 -9.01961455 -7.21996891 -4.71310373 -2.66565113 
2.15443469e-02 -9.83093874 -9.01961455 -7.21996891 -4.71310373 -2.66565113 
1.66810054e-02 -9.83093874 -9.01961455 -7.21996891 -4.71310373 -2.66565113 
1.29154967e-02 -9.83093874 -9.01961455 -7.21996891 -4.71310373 -2.66565113 
1.00000000e-02 -9.83093874 -9.01961455 -7.21996891 -4.71310373 -2.66565113 
7.74263683e-03 -9.83093874 -9.01961455 -7.21996891 -4.71310373 -2.66565113 
5.99484250e-03 -9.83093874 -9.01961455 -7.21996891 -4.71310373 -2.66565113 
4.64158883e-03 -9.83093874 -9.01961455 -7.21996891 -4.71310373 -2.66565113 
3.59381366e-03 -9.83093874 -9.01961455 -7.21996891 -4.71310373 -2.66565113 
2.78255940e-03 -9.83093874 -9.01961455 -7.21996891 -4.71310373 -2.66565113 
2.15443469e-03 -9.83093874 -9.01961455 -7.21996891 -4.71310373 -2.66565113 
1.66810054e-03 -9.83093874 -9.01961455 -7.21996891 -4.71310373 -2.66565113 
1.29154967e-03 -9.83093874 -9.01961455 -7.21996891 -4.71310373 -2.66565113 
1.00000000e-03 -9.83093874 -9.01961455 -7.21996891 -4.71310373 -2.66565113 
7.74263683e-04 -9.83093874 -9.01961455 -7.21996891 -4.71310373 -2.66565113 
5.99484250e-04 -9.83093874 -9.01961455 -7.21996891 -4.71310373 -2.66565113 
4.64158883e-04 -9.83093874 -9.01961455 -7.21996891 -4.71310373 -2.66565113 
3.59381366e-04 -9.83093874 -9.01961455 -7.21996891 -4.71310373 -2.66565113 
2.78255940e-04 -9.83093874 -9.01961455 -7.21996891 -4.71310373 -2.66565113 
2.15443469e-04 -9.83093874 -9.01961455 -7.21996891 -4.71310373 -2.66565113 
1.66810054e-04 -9.83093874 -9.01961455 -7.21996891 -4.71310373 -2.66565113 
1.29154967e-04 -9.83093874 -9.01961455 -7.21996891 -4.71310373 -2.66565113 
1.00000000e-04 -9.83093874 -9.01961455 -7.21996891 -4.71310373 -2.66565113 
7.74263683e-05 -9.83093874 -9.01961455 -7.21996891 -4.71310373 -2.66565113 
5.99484250e-05 -9.83093874 -9.01961455 -7.21996891 -4.71310373 -2.66565113 
4.64158883e-05 -9.83093874 -9.01961455 -7.21996891 -4.71310373 -2.66565113 
3.59381366e-05 -9.83093874 -9.01961455 -7.21996891 -4.71310373 -2.66565113 
2.78255940e-05 -9.83093874 -9.01961455 -7.21996891 -4.71310373 -2.66565113 
2.15443469e-05 -9.83093874 -9.01961455 -7.21996891 -4.71310373 -2.66565113 
1.66810054e-05 -9.83093874 -9.01961455 -7.21996891 -4.71310373 -2.66565113 
1.29154967e-05 -9.83093874 -9.01961455 -7.21996891 -4.71310373 -2.66565113 
1.00000000e-05 -9.83093874 -9.01961455 -7.21996891 -4.71310373 -2.66565113 
7.74263683e-06 -9.83093874 -9.01961455 -7.21996891 -4.71310373 -2.66565113 
5.99484250e-06 -9.83093874 -9.01961455 -7.21996891 -4.71310373 -2.66565113 
4.64158883e-06 -9.83093874 -9.01961455 -7.21996891 -4.71310373 -2.66565113 
3.59381366e-06 -9.83093874 -9.01961455 -7.21996891 -4.71310373 -2.66565113 
2.78255940e-06 -9.83093874 -9.01961455 -7.21996891 -4.71310373 -2.66565113 
2.15443469e-06 -9.83093874 -9.01961455 -7.21996891 -4.71310373 -2.66565113 
1.66810054e-06 -9.83093874 -9.01961455 -7.21996891 -4.71310373 -2.66565113 
1.29154967e-06 -9.83093874 -9.01961455 -7.21996891 -4.71310373 -2.66565113 
1.00000000e-06 -9.83093874 -9.01961455 -7.21996891 -4.71310373 -2.66565113 
7.74263683e-07 -9.83093874 -9.01961455 -7.21996891 -4.71310373 -2.66565113 
5.99484250e-07 -9.83093874 -9.01961455 -7.21996891 -4.71310373 -2.66565113 
4.64158883e-07 -9.83093874 -9.01961455 -7.21996891 -4.71310373 -2.66565113 
3.59381366e-07 -9.83093874 -9.01961455 -7.21996891 -4.71310373 -2.66565113 
2.78255940e-07 -9.83093874 -9.01961455 -7.21996891 -4.71310373 -2.66565113 
2.15443469e-07 -9.83093874 -9.01961455 -7.21996891 -4.71310373 -2.66565113 
1.66810054e-07 -9.83093874 -9.01961455 -7.21996891 -4.71310373 -2.66565113 
1.29154967e-07 -9.83093874 -9.01961455 -7.21996891 -4.71310373 -2.66565113 
1.00000000e-07 -9.83093874 -9.01961455 -7.21996891 -4.71310373 -2.66565113 
7.74263683e-08 -9.83093874 -9.01961455 -7.21996891 -4.71310373 -2.66565113 
5.99484250e-08 -9.83093874 -9.01961455 -7.21996891 -4.71310373 -2.66565113 
4.64158883e-08 -9.83093874 -9.01961455 -7.21996891 -4.71310373 -2.66565113 
3.59381366e-08 -9.83093874 -9.01961455 -7.21996891 -4.71310373 -2.66565113 
2.78255940e-08 -9.83093874 -9.01961455 -7.21996891 -4.71310373 -2.66565113 
2.15443469e-08 -9.83093874 -9.01961455 -7.21996891 -4.71310373 -2.66565113 
1.66810054e-08 -9.83093874 -9.01961455 -7.21996891 -4.71310373 -2.66565113 
1.29154967e-08 -9.83093874 -9.01961455 -7.21996891 -4.71310373 -2.66565113 
1.00000000e-08 -9.83093874 -9.01961455 -7.21996891 -4.71310373 -2.66565113 
7.74263683e-09 -9.83093874 -9.01961455 -7.21996891 -4.71310373 -2.66565113 
5.99484250e-09 -9.83093874 -9.01961455 -7.21996891 -4.71310373 -2.66565113 
4.64158883e-09 -9.83093874 -9.01961455 -7.21996891 -4.71310373 -2.66565113 
3.59381366e-09 -9.83093874 -9.01961455 -7.21996891 -4.71310373 -2.66565113 
2.78255940e-09 -9.83093874 -9.01961455 -7.21996891 -4.71310373 -2.66565113 
2.15443469e-09 -9.83093874 -9.01961455 -7.21996891 -4.71310373 -2.66565113 
1.66810054e-09 -9.83093874 -9.01961455 -7.21996891 -4.71310373 -2.66565113 
1.29154967e-09 -9.83093874 -9.01961455 -7.21996891 -4.71310373 -2.66565113 
1.00000000e-09 -9.83093874 -9.01961455 -7.21996891 -4.71310373 -2.66565113 
7.74263683e-10 -9.83093874 -9.01961455 -7.21996891 -4.71310373 -2.66565113 
5.99484250e-10 -9.83093874 -9.01961455 -7.21996891 -4.71310373 -2.66565113 
4.64158883e-10 -9.83093874 -9.01961455 -7.21996891 -4.71310373 -2.66565113 
3.59381366e-10 -9.83093874 -9.01961455 -7.21996891 -4.71310373 -2.66565113 
2.78255940e-10 -9.83093874 -9.01961455 -7.21996891 -4.71310373 -2.66565113 
2.15443469e-10 -9.83093874 -9.01961455 -7.21996891 -4.71310373 -2.66565113 
1.66810054e-10 -9.83093874 -9.01961455 -7.21996891 -4.71310373 -2.66565113 
1.29154967e-10 -9.83093874 -9.01961455 -7.21996891 -4.71310373 -2.66565113 
1.00000000e-10 -9.83093874 -9.01961455 -7.21996891 -4.71310373 -2.66565113 
P (bar) | log_N2O: -2σ | log_N2O: -1σ | log_N2O: median | log_N2O: +1σ | log_N2O: +2σ 
1.00000000e+01 -9.38962989 -6.89227394 -3.65897447 -2.03811487 -1.16439933 
7.74263683e+00 -9.38962989 -6.89227394 -3.65897447 -2.03811487 -1.16439933 
5.99484250e+00 -9.38962989 -6.89227394 -3.65897447 -2.03811487 -1.16439933 
4.64158883e+00 -9.38962989 -6.89227394 -3.65897447 -2.03811487 -1.16439933 
3.59381366e+00 -9.38962989 -6.89227394 -3.65897447 -2.03811487 -1.16439933 
2.78255940e+00 -9.38962989 -6.89227394 -3.65897447 -2.03811487 -1.16439933 
2.15443469e+00 -9.38962989 -6.89227394 -3.65897447 -2.03811487 -1.16439933 
1.66810054e+00 -9.38962989 -6.89227394 -3.65897447 -2.03811487 -1.16439933 
1.29154967e+00 -9.38962989 -6.89227394 -3.65897447 -2.03811487 -1.16439933 
1.00000000e+00 -9.38962989 -6.89227394 -3.65897447 -2.03811487 -1.16439933 
7.74263683e-01 -9.38962989 -6.89227394 -3.65897447 -2.03811487 -1.16439933 
5.99484250e-01 -9.38962989 -6.89227394 -3.65897447 -2.03811487 -1.16439933 
4.64158883e-01 -9.38962989 -6.89227394 -3.65897447 -2.03811487 -1.16439933 
3.59381366e-01 -9.38962989 -6.89227394 -3.65897447 -2.03811487 -1.16439933 
2.78255940e-01 -9.38962989 -6.89227394 -3.65897447 -2.03811487 -1.16439933 
2.15443469e-01 -9.38962989 -6.89227394 -3.65897447 -2.03811487 -1.16439933 
1.66810054e-01 -9.38962989 -6.89227394 -3.65897447 -2.03811487 -1.16439933 
1.29154967e-01 -9.38962989 -6.89227394 -3.65897447 -2.03811487 -1.16439933 
1.00000000e-01 -9.38962989 -6.89227394 -3.65897447 -2.03811487 -1.16439933 
7.74263683e-02 -9.38962989 -6.89227394 -3.65897447 -2.03811487 -1.16439933 
5.99484250e-02 -9.38962989 -6.89227394 -3.65897447 -2.03811487 -1.16439933 
4.64158883e-02 -9.38962989 -6.89227394 -3.65897447 -2.03811487 -1.16439933 
3.59381366e-02 -9.38962989 -6.89227394 -3.65897447 -2.03811487 -1.16439933 
2.78255940e-02 -9.38962989 -6.89227394 -3.65897447 -2.03811487 -1.16439933 
2.15443469e-02 -9.38962989 -6.89227394 -3.65897447 -2.03811487 -1.16439933 
1.66810054e-02 -9.38962989 -6.89227394 -3.65897447 -2.03811487 -1.16439933 
1.29154967e-02 -9.38962989 -6.89227394 -3.65897447 -2.03811487 -1.16439933 
1.00000000e-02 -9.38962989 -6.89227394 -3.65897447 -2.03811487 -1.16439933 
7.74263683e-03 -9.38962989 -6.89227394 -3.65897447 -2.03811487 -1.16439933 
5.99484250e-03 -9.38962989 -6.89227394 -3.65897447 -2.03811487 -1.16439933 
4.64158883e-03 -9.38962989 -6.89227394 -3.65897447 -2.03811487 -1.16439933 
3.59381366e-03 -9.38962989 -6.89227394 -3.65897447 -2.03811487 -1.16439933 
2.78255940e-03 -9.38962989 -6.89227394 -3.65897447 -2.03811487 -1.16439933 
2.15443469e-03 -9.38962989 -6.89227394 -3.65897447 -2.03811487 -1.16439933 
1.66810054e-03 -9.38962989 -6.89227394 -3.65897447 -2.03811487 -1.16439933 
1.29154967e-03 -9.38962989 -6.89227394 -3.65897447 -2.03811487 -1.16439933 
1.00000000e-03 -9.38962989 -6.89227394 -3.65897447 -2.03811487 -1.16439933 
7.74263683e-04 -9.38962989 -6.89227394 -3.65897447 -2.03811487 -1.16439933 
5.99484250e-04 -9.38962989 -6.89227394 -3.65897447 -2.03811487 -1.16439933 
4.64158883e-04 -9.38962989 -6.89227394 -3.65897447 -2.03811487 -1.16439933 
3.59381366e-04 -9.38962989 -6.89227394 -3.65897447 -2.03811487 -1.16439933 
2.78255940e-04 -9.38962989 -6.89227394 -3.65897447 -2.03811487 -1.16439933 
2.15443469e-04 -9.38962989 -6.89227394 -3.65897447 -2.03811487 -1.16439933 
1.66810054e-04 -9.38962989 -6.89227394 -3.65897447 -2.03811487 -1.16439933 
1.29154967e-04 -9.38962989 -6.89227394 -3.65897447 -2.03811487 -1.16439933 
1.00000000e-04 -9.38962989 -6.89227394 -3.65897447 -2.03811487 -1.16439933 
7.74263683e-05 -9.38962989 -6.89227394 -3.65897447 -2.03811487 -1.16439933 
5.99484250e-05 -9.38962989 -6.89227394 -3.65897447 -2.03811487 -1.16439933 
4.64158883e-05 -9.38962989 -6.89227394 -3.65897447 -2.03811487 -1.16439933 
3.59381366e-05 -9.38962989 -6.89227394 -3.65897447 -2.03811487 -1.16439933 
2.78255940e-05 -9.38962989 -6.89227394 -3.65897447 -2.03811487 -1.16439933 
2.15443469e-05 -9.38962989 -6.89227394 -3.65897447 -2.03811487 -1.16439933 
1.66810054e-05 -9.38962989 -6.89227394 -3.65897447 -2.03811487 -1.16439933 
1.29154967e-05 -9.38962989 -6.89227394 -3.65897447 -2.03811487 -1.16439933 
1.00000000e-05 -9.38962989 -6.89227394 -3.65897447 -2.03811487 -1.16439933 
7.74263683e-06 -9.38962989 -6.89227394 -3.65897447 -2.03811487 -1.16439933 
5.99484250e-06 -9.38962989 -6.89227394 -3.65897447 -2.03811487 -1.16439933 
4.64158883e-06 -9.38962989 -6.89227394 -3.65897447 -2.03811487 -1.16439933 
3.59381366e-06 -9.38962989 -6.89227394 -3.65897447 -2.03811487 -1.16439933 
2.78255940e-06 -9.38962989 -6.89227394 -3.65897447 -2.03811487 -1.16439933 
2.15443469e-06 -9.38962989 -6.89227394 -3.65897447 -2.03811487 -1.16439933 
1.66810054e-06 -9.38962989 -6.89227394 -3.65897447 -2.03811487 -1.16439933 
1.29154967e-06 -9.38962989 -6.89227394 -3.65897447 -2.03811487 -1.16439933 
1.00000000e-06 -9.38962989 -6.89227394 -3.65897447 -2.03811487 -1.16439933 
7.74263683e-07 -9.38962989 -6.89227394 -3.65897447 -2.03811487 -1.16439933 
5.99484250e-07 -9.38962989 -6.89227394 -3.65897447 -2.03811487 -1.16439933 
4.64158883e-07 -9.38962989 -6.89227394 -3.65897447 -2.03811487 -1.16439933 
3.59381366e-07 -9.38962989 -6.89227394 -3.65897447 -2.03811487 -1.16439933 
2.78255940e-07 -9.38962989 -6.89227394 -3.65897447 -2.03811487 -1.16439933 
2.15443469e-07 -9.38962989 -6.89227394 -3.65897447 -2.03811487 -1.16439933 
1.66810054e-07 -9.38962989 -6.89227394 -3.65897447 -2.03811487 -1.16439933 
1.29154967e-07 -9.38962989 -6.89227394 -3.65897447 -2.03811487 -1.16439933 
1.00000000e-07 -9.38962989 -6.89227394 -3.65897447 -2.03811487 -1.16439933 
7.74263683e-08 -9.38962989 -6.89227394 -3.65897447 -2.03811487 -1.16439933 
5.99484250e-08 -9.38962989 -6.89227394 -3.65897447 -2.03811487 -1.16439933 
4.64158883e-08 -9.38962989 -6.89227394 -3.65897447 -2.03811487 -1.16439933 
3.59381366e-08 -9.38962989 -6.89227394 -3.65897447 -2.03811487 -1.16439933 
2.78255940e-08 -9.38962989 -6.89227394 -3.65897447 -2.03811487 -1.16439933 
2.15443469e-08 -9.38962989 -6.89227394 -3.65897447 -2.03811487 -1.16439933 
1.66810054e-08 -9.38962989 -6.89227394 -3.65897447 -2.03811487 -1.16439933 
1.29154967e-08 -9.38962989 -6.89227394 -3.65897447 -2.03811487 -1.16439933 
1.00000000e-08 -9.38962989 -6.89227394 -3.65897447 -2.03811487 -1.16439933 
7.74263683e-09 -9.38962989 -6.89227394 -3.65897447 -2.03811487 -1.16439933 
5.99484250e-09 -9.38962989 -6.89227394 -3.65897447 -2.03811487 -1.16439933 
4.64158883e-09 -9.38962989 -6.89227394 -3.65897447 -2.03811487 -1.16439933 
3.59381366e-09 -9.38962989 -6.89227394 -3.65897447 -2.03811487 -1.16439933 
2.78255940e-09 -9.38962989 -6.89227394 -3.65897447 -2.03811487 -1.16439933 
2.15443469e-09 -9.38962989 -6.89227394 -3.65897447 -2.03811487 -1.16439933 
1.66810054e-09 -9.38962989 -6.89227394 -3.65897447 -2.03811487 -1.16439933 
1.29154967e-09 -9.38962989 -6.89227394 -3.65897447 -2.03811487 -1.16439933 
1.00000000e-09 -9.38962989 -6.89227394 -3.65897447 -2.03811487 -1.16439933 
7.74263683e-10 -9.38962989 -6.89227394 -3.65897447 -2.03811487 -1.16439933 
5.99484250e-10 -9.38962989 -6.89227394 -3.65897447 -2.03811487 -1.16439933 
4.64158883e-10 -9.38962989 -6.89227394 -3.65897447 -2.03811487 -1.16439933 
3.59381366e-10 -9.38962989 -6.89227394 -3.65897447 -2.03811487 -1.16439933 
2.78255940e-10 -9.38962989 -6.89227394 -3.65897447 -2.03811487 -1.16439933 
2.15443469e-10 -9.38962989 -6.89227394 -3.65897447 -2.03811487 -1.16439933 
1.66810054e-10 -9.38962989 -6.89227394 -3.65897447 -2.03811487 -1.16439933 
1.29154967e-10 -9.38962989 -6.89227394 -3.65897447 -2.03811487 -1.16439933 
1.00000000e-10 -9.38962989 -6.89227394 -3.65897447 -2.03811487 -1.16439933 
P (bar) | log_NH3: -2σ | log_NH3: -1σ | log_NH3: median | log_NH3: +1σ | log_NH3: +2σ 
1.00000000e+01 -9.60024035 -7.90968188 -4.79767385 -2.69343284 -1.45766912 
7.74263683e+00 -9.60024035 -7.90968188 -4.79767385 -2.69343284 -1.45766912 
5.99484250e+00 -9.60024035 -7.90968188 -4.79767385 -2.69343284 -1.45766912 
4.64158883e+00 -9.60024035 -7.90968188 -4.79767385 -2.69343284 -1.45766912 
3.59381366e+00 -9.60024035 -7.90968188 -4.79767385 -2.69343284 -1.45766912 
2.78255940e+00 -9.60024035 -7.90968188 -4.79767385 -2.69343284 -1.45766912 
2.15443469e+00 -9.60024035 -7.90968188 -4.79767385 -2.69343284 -1.45766912 
1.66810054e+00 -9.60024035 -7.90968188 -4.79767385 -2.69343284 -1.45766912 
1.29154967e+00 -9.60024035 -7.90968188 -4.79767385 -2.69343284 -1.45766912 
1.00000000e+00 -9.60024035 -7.90968188 -4.79767385 -2.69343284 -1.45766912 
7.74263683e-01 -9.60024035 -7.90968188 -4.79767385 -2.69343284 -1.45766912 
5.99484250e-01 -9.60024035 -7.90968188 -4.79767385 -2.69343284 -1.45766912 
4.64158883e-01 -9.60024035 -7.90968188 -4.79767385 -2.69343284 -1.45766912 
3.59381366e-01 -9.60024035 -7.90968188 -4.79767385 -2.69343284 -1.45766912 
2.78255940e-01 -9.60024035 -7.90968188 -4.79767385 -2.69343284 -1.45766912 
2.15443469e-01 -9.60024035 -7.90968188 -4.79767385 -2.69343284 -1.45766912 
1.66810054e-01 -9.60024035 -7.90968188 -4.79767385 -2.69343284 -1.45766912 
1.29154967e-01 -9.60024035 -7.90968188 -4.79767385 -2.69343284 -1.45766912 
1.00000000e-01 -9.60024035 -7.90968188 -4.79767385 -2.69343284 -1.45766912 
7.74263683e-02 -9.60024035 -7.90968188 -4.79767385 -2.69343284 -1.45766912 
5.99484250e-02 -9.60024035 -7.90968188 -4.79767385 -2.69343284 -1.45766912 
4.64158883e-02 -9.60024035 -7.90968188 -4.79767385 -2.69343284 -1.45766912 
3.59381366e-02 -9.60024035 -7.90968188 -4.79767385 -2.69343284 -1.45766912 
2.78255940e-02 -9.60024035 -7.90968188 -4.79767385 -2.69343284 -1.45766912 
2.15443469e-02 -9.60024035 -7.90968188 -4.79767385 -2.69343284 -1.45766912 
1.66810054e-02 -9.60024035 -7.90968188 -4.79767385 -2.69343284 -1.45766912 
1.29154967e-02 -9.60024035 -7.90968188 -4.79767385 -2.69343284 -1.45766912 
1.00000000e-02 -9.60024035 -7.90968188 -4.79767385 -2.69343284 -1.45766912 
7.74263683e-03 -9.60024035 -7.90968188 -4.79767385 -2.69343284 -1.45766912 
5.99484250e-03 -9.60024035 -7.90968188 -4.79767385 -2.69343284 -1.45766912 
4.64158883e-03 -9.60024035 -7.90968188 -4.79767385 -2.69343284 -1.45766912 
3.59381366e-03 -9.60024035 -7.90968188 -4.79767385 -2.69343284 -1.45766912 
2.78255940e-03 -9.60024035 -7.90968188 -4.79767385 -2.69343284 -1.45766912 
2.15443469e-03 -9.60024035 -7.90968188 -4.79767385 -2.69343284 -1.45766912 
1.66810054e-03 -9.60024035 -7.90968188 -4.79767385 -2.69343284 -1.45766912 
1.29154967e-03 -9.60024035 -7.90968188 -4.79767385 -2.69343284 -1.45766912 
1.00000000e-03 -9.60024035 -7.90968188 -4.79767385 -2.69343284 -1.45766912 
7.74263683e-04 -9.60024035 -7.90968188 -4.79767385 -2.69343284 -1.45766912 
5.99484250e-04 -9.60024035 -7.90968188 -4.79767385 -2.69343284 -1.45766912 
4.64158883e-04 -9.60024035 -7.90968188 -4.79767385 -2.69343284 -1.45766912 
3.59381366e-04 -9.60024035 -7.90968188 -4.79767385 -2.69343284 -1.45766912 
2.78255940e-04 -9.60024035 -7.90968188 -4.79767385 -2.69343284 -1.45766912 
2.15443469e-04 -9.60024035 -7.90968188 -4.79767385 -2.69343284 -1.45766912 
1.66810054e-04 -9.60024035 -7.90968188 -4.79767385 -2.69343284 -1.45766912 
1.29154967e-04 -9.60024035 -7.90968188 -4.79767385 -2.69343284 -1.45766912 
1.00000000e-04 -9.60024035 -7.90968188 -4.79767385 -2.69343284 -1.45766912 
7.74263683e-05 -9.60024035 -7.90968188 -4.79767385 -2.69343284 -1.45766912 
5.99484250e-05 -9.60024035 -7.90968188 -4.79767385 -2.69343284 -1.45766912 
4.64158883e-05 -9.60024035 -7.90968188 -4.79767385 -2.69343284 -1.45766912 
3.59381366e-05 -9.60024035 -7.90968188 -4.79767385 -2.69343284 -1.45766912 
2.78255940e-05 -9.60024035 -7.90968188 -4.79767385 -2.69343284 -1.45766912 
2.15443469e-05 -9.60024035 -7.90968188 -4.79767385 -2.69343284 -1.45766912 
1.66810054e-05 -9.60024035 -7.90968188 -4.79767385 -2.69343284 -1.45766912 
1.29154967e-05 -9.60024035 -7.90968188 -4.79767385 -2.69343284 -1.45766912 
1.00000000e-05 -9.60024035 -7.90968188 -4.79767385 -2.69343284 -1.45766912 
7.74263683e-06 -9.60024035 -7.90968188 -4.79767385 -2.69343284 -1.45766912 
5.99484250e-06 -9.60024035 -7.90968188 -4.79767385 -2.69343284 -1.45766912 
4.64158883e-06 -9.60024035 -7.90968188 -4.79767385 -2.69343284 -1.45766912 
3.59381366e-06 -9.60024035 -7.90968188 -4.79767385 -2.69343284 -1.45766912 
2.78255940e-06 -9.60024035 -7.90968188 -4.79767385 -2.69343284 -1.45766912 
2.15443469e-06 -9.60024035 -7.90968188 -4.79767385 -2.69343284 -1.45766912 
1.66810054e-06 -9.60024035 -7.90968188 -4.79767385 -2.69343284 -1.45766912 
1.29154967e-06 -9.60024035 -7.90968188 -4.79767385 -2.69343284 -1.45766912 
1.00000000e-06 -9.60024035 -7.90968188 -4.79767385 -2.69343284 -1.45766912 
7.74263683e-07 -9.60024035 -7.90968188 -4.79767385 -2.69343284 -1.45766912 
5.99484250e-07 -9.60024035 -7.90968188 -4.79767385 -2.69343284 -1.45766912 
4.64158883e-07 -9.60024035 -7.90968188 -4.79767385 -2.69343284 -1.45766912 
3.59381366e-07 -9.60024035 -7.90968188 -4.79767385 -2.69343284 -1.45766912 
2.78255940e-07 -9.60024035 -7.90968188 -4.79767385 -2.69343284 -1.45766912 
2.15443469e-07 -9.60024035 -7.90968188 -4.79767385 -2.69343284 -1.45766912 
1.66810054e-07 -9.60024035 -7.90968188 -4.79767385 -2.69343284 -1.45766912 
1.29154967e-07 -9.60024035 -7.90968188 -4.79767385 -2.69343284 -1.45766912 
1.00000000e-07 -9.60024035 -7.90968188 -4.79767385 -2.69343284 -1.45766912 
7.74263683e-08 -9.60024035 -7.90968188 -4.79767385 -2.69343284 -1.45766912 
5.99484250e-08 -9.60024035 -7.90968188 -4.79767385 -2.69343284 -1.45766912 
4.64158883e-08 -9.60024035 -7.90968188 -4.79767385 -2.69343284 -1.45766912 
3.59381366e-08 -9.60024035 -7.90968188 -4.79767385 -2.69343284 -1.45766912 
2.78255940e-08 -9.60024035 -7.90968188 -4.79767385 -2.69343284 -1.45766912 
2.15443469e-08 -9.60024035 -7.90968188 -4.79767385 -2.69343284 -1.45766912 
1.66810054e-08 -9.60024035 -7.90968188 -4.79767385 -2.69343284 -1.45766912 
1.29154967e-08 -9.60024035 -7.90968188 -4.79767385 -2.69343284 -1.45766912 
1.00000000e-08 -9.60024035 -7.90968188 -4.79767385 -2.69343284 -1.45766912 
7.74263683e-09 -9.60024035 -7.90968188 -4.79767385 -2.69343284 -1.45766912 
5.99484250e-09 -9.60024035 -7.90968188 -4.79767385 -2.69343284 -1.45766912 
4.64158883e-09 -9.60024035 -7.90968188 -4.79767385 -2.69343284 -1.45766912 
3.59381366e-09 -9.60024035 -7.90968188 -4.79767385 -2.69343284 -1.45766912 
2.78255940e-09 -9.60024035 -7.90968188 -4.79767385 -2.69343284 -1.45766912 
2.15443469e-09 -9.60024035 -7.90968188 -4.79767385 -2.69343284 -1.45766912 
1.66810054e-09 -9.60024035 -7.90968188 -4.79767385 -2.69343284 -1.45766912 
1.29154967e-09 -9.60024035 -7.90968188 -4.79767385 -2.69343284 -1.45766912 
1.00000000e-09 -9.60024035 -7.90968188 -4.79767385 -2.69343284 -1.45766912 
7.74263683e-10 -9.60024035 -7.90968188 -4.79767385 -2.69343284 -1.45766912 
5.99484250e-10 -9.60024035 -7.90968188 -4.79767385 -2.69343284 -1.45766912 
4.64158883e-10 -9.60024035 -7.90968188 -4.79767385 -2.69343284 -1.45766912 
3.59381366e-10 -9.60024035 -7.90968188 -4.79767385 -2.69343284 -1.45766912 
2.78255940e-10 -9.60024035 -7.90968188 -4.79767385 -2.69343284 -1.45766912 
2.15443469e-10 -9.60024035 -7.90968188 -4.79767385 -2.69343284 -1.45766912 
1.66810054e-10 -9.60024035 -7.90968188 -4.79767385 -2.69343284 -1.45766912 
1.29154967e-10 -9.60024035 -7.90968188 -4.79767385 -2.69343284 -1.45766912 
1.00000000e-10 -9.60024035 -7.90968188 -4.79767385 -2.69343284 -1.45766912 
