Chemical species: N2 H2O CO2 CH4 O2 O3 N2O NH3
P (bar) | log_N2: -2σ | log_N2: -1σ | log_N2: median | log_N2: +1σ | log_N2: +2σ 
1.00000000e+01 -0.04383488 -0.03288889 -0.01051571 -0.00009837 -0.00002373 
7.74263683e+00 -0.04383488 -0.03288889 -0.01051571 -0.00009837 -0.00002373 
5.99484250e+00 -0.04383488 -0.03288889 -0.01051571 -0.00009837 -0.00002373 
4.64158883e+00 -0.04383488 -0.03288889 -0.01051571 -0.00009837 -0.00002373 
3.59381366e+00 -0.04383488 -0.03288889 -0.01051571 -0.00009837 -0.00002373 
2.78255940e+00 -0.04383488 -0.03288889 -0.01051571 -0.00009837 -0.00002373 
2.15443469e+00 -0.04383488 -0.03288889 -0.01051571 -0.00009837 -0.00002373 
1.66810054e+00 -0.04383488 -0.03288889 -0.01051571 -0.00009837 -0.00002373 
1.29154967e+00 -0.04383488 -0.03288889 -0.01051571 -0.00009837 -0.00002373 
1.00000000e+00 -0.04383488 -0.03288889 -0.01051571 -0.00009837 -0.00002373 
7.74263683e-01 -0.04383488 -0.03288889 -0.01051571 -0.00009837 -0.00002373 
5.99484250e-01 -0.04383488 -0.03288889 -0.01051571 -0.00009837 -0.00002373 
4.64158883e-01 -0.04383488 -0.03288889 -0.01051571 -0.00009837 -0.00002373 
3.59381366e-01 -0.04383488 -0.03288889 -0.01051571 -0.00009837 -0.00002373 
2.78255940e-01 -0.04383488 -0.03288889 -0.01051571 -0.00009837 -0.00002373 
2.15443469e-01 -0.04383488 -0.03288889 -0.01051571 -0.00009837 -0.00002373 
1.66810054e-01 -0.04383488 -0.03288889 -0.01051571 -0.00009837 -0.00002373 
1.29154967e-01 -0.04383488 -0.03288889 -0.01051571 -0.00009837 -0.00002373 
1.00000000e-01 -0.04383488 -0.03288889 -0.01051571 -0.00009837 -0.00002373 
7.74263683e-02 -0.04383488 -0.03288889 -0.01051571 -0.00009837 -0.00002373 
5.99484250e-02 -0.04383488 -0.03288889 -0.01051571 -0.00009837 -0.00002373 
4.64158883e-02 -0.04383488 -0.03288889 -0.01051571 -0.00009837 -0.00002373 
3.59381366e-02 -0.04383488 -0.03288889 -0.01051571 -0.00009837 -0.00002373 
2.78255940e-02 -0.04383488 -0.03288889 -0.01051571 -0.00009837 -0.00002373 
2.15443469e-02 -0.04383488 -0.03288889 -0.01051571 -0.00009837 -0.00002373 
1.66810054e-02 -0.04383488 -0.03288889 -0.01051571 -0.00009837 -0.00002373 
1.29154967e-02 -0.04383488 -0.03288889 -0.01051571 -0.00009837 -0.00002373 
1.00000000e-02 -0.04383488 -0.03288889 -0.01051571 -0.00009837 -0.00002373 
7.74263683e-03 -0.04383488 -0.03288889 -0.01051571 -0.00009837 -0.00002373 
5.99484250e-03 -0.04383488 -0.03288889 -0.01051571 -0.00009837 -0.00002373 
4.64158883e-03 -0.04383488 -0.03288889 -0.01051571 -0.00009837 -0.00002373 
3.59381366e-03 -0.04383488 -0.03288889 -0.01051571 -0.00009837 -0.00002373 
2.78255940e-03 -0.04383488 -0.03288889 -0.01051571 -0.00009837 -0.00002373 
2.15443469e-03 -0.04383488 -0.03288889 -0.01051571 -0.00009837 -0.00002373 
1.66810054e-03 -0.04383488 -0.03288889 -0.01051571 -0.00009837 -0.00002373 
1.29154967e-03 -0.04383488 -0.03288889 -0.01051571 -0.00009837 -0.00002373 
1.00000000e-03 -0.04383488 -0.03288889 -0.01051571 -0.00009837 -0.00002373 
7.74263683e-04 -0.04383488 -0.03288889 -0.01051571 -0.00009837 -0.00002373 
5.99484250e-04 -0.04383488 -0.03288889 -0.01051571 -0.00009837 -0.00002373 
4.64158883e-04 -0.04383488 -0.03288889 -0.01051571 -0.00009837 -0.00002373 
3.59381366e-04 -0.04383488 -0.03288889 -0.01051571 -0.00009837 -0.00002373 
2.78255940e-04 -0.04383488 -0.03288889 -0.01051571 -0.00009837 -0.00002373 
2.15443469e-04 -0.04383488 -0.03288889 -0.01051571 -0.00009837 -0.00002373 
1.66810054e-04 -0.04383488 -0.03288889 -0.01051571 -0.00009837 -0.00002373 
1.29154967e-04 -0.04383488 -0.03288889 -0.01051571 -0.00009837 -0.00002373 
1.00000000e-04 -0.04383488 -0.03288889 -0.01051571 -0.00009837 -0.00002373 
7.74263683e-05 -0.04383488 -0.03288889 -0.01051571 -0.00009837 -0.00002373 
5.99484250e-05 -0.04383488 -0.03288889 -0.01051571 -0.00009837 -0.00002373 
4.64158883e-05 -0.04383488 -0.03288889 -0.01051571 -0.00009837 -0.00002373 
3.59381366e-05 -0.04383488 -0.03288889 -0.01051571 -0.00009837 -0.00002373 
2.78255940e-05 -0.04383488 -0.03288889 -0.01051571 -0.00009837 -0.00002373 
2.15443469e-05 -0.04383488 -0.03288889 -0.01051571 -0.00009837 -0.00002373 
1.66810054e-05 -0.04383488 -0.03288889 -0.01051571 -0.00009837 -0.00002373 
1.29154967e-05 -0.04383488 -0.03288889 -0.01051571 -0.00009837 -0.00002373 
1.00000000e-05 -0.04383488 -0.03288889 -0.01051571 -0.00009837 -0.00002373 
7.74263683e-06 -0.04383488 -0.03288889 -0.01051571 -0.00009837 -0.00002373 
5.99484250e-06 -0.04383488 -0.03288889 -0.01051571 -0.00009837 -0.00002373 
4.64158883e-06 -0.04383488 -0.03288889 -0.01051571 -0.00009837 -0.00002373 
3.59381366e-06 -0.04383488 -0.03288889 -0.01051571 -0.00009837 -0.00002373 
2.78255940e-06 -0.04383488 -0.03288889 -0.01051571 -0.00009837 -0.00002373 
2.15443469e-06 -0.04383488 -0.03288889 -0.01051571 -0.00009837 -0.00002373 
1.66810054e-06 -0.04383488 -0.03288889 -0.01051571 -0.00009837 -0.00002373 
1.29154967e-06 -0.04383488 -0.03288889 -0.01051571 -0.00009837 -0.00002373 
1.00000000e-06 -0.04383488 -0.03288889 -0.01051571 -0.00009837 -0.00002373 
7.74263683e-07 -0.04383488 -0.03288889 -0.01051571 -0.00009837 -0.00002373 
5.99484250e-07 -0.04383488 -0.03288889 -0.01051571 -0.00009837 -0.00002373 
4.64158883e-07 -0.04383488 -0.03288889 -0.01051571 -0.00009837 -0.00002373 
3.59381366e-07 -0.04383488 -0.03288889 -0.01051571 -0.00009837 -0.00002373 
2.78255940e-07 -0.04383488 -0.03288889 -0.01051571 -0.00009837 -0.00002373 
2.15443469e-07 -0.04383488 -0.03288889 -0.01051571 -0.00009837 -0.00002373 
1.66810054e-07 -0.04383488 -0.03288889 -0.01051571 -0.00009837 -0.00002373 
1.29154967e-07 -0.04383488 -0.03288889 -0.01051571 -0.00009837 -0.00002373 
1.00000000e-07 -0.04383488 -0.03288889 -0.01051571 -0.00009837 -0.00002373 
7.74263683e-08 -0.04383488 -0.03288889 -0.01051571 -0.00009837 -0.00002373 
5.99484250e-08 -0.04383488 -0.03288889 -0.01051571 -0.00009837 -0.00002373 
4.64158883e-08 -0.04383488 -0.03288889 -0.01051571 -0.00009837 -0.00002373 
3.59381366e-08 -0.04383488 -0.03288889 -0.01051571 -0.00009837 -0.00002373 
2.78255940e-08 -0.04383488 -0.03288889 -0.01051571 -0.00009837 -0.00002373 
2.15443469e-08 -0.04383488 -0.03288889 -0.01051571 -0.00009837 -0.00002373 
1.66810054e-08 -0.04383488 -0.03288889 -0.01051571 -0.00009837 -0.00002373 
1.29154967e-08 -0.04383488 -0.03288889 -0.01051571 -0.00009837 -0.00002373 
1.00000000e-08 -0.04383488 -0.03288889 -0.01051571 -0.00009837 -0.00002373 
7.74263683e-09 -0.04383488 -0.03288889 -0.01051571 -0.00009837 -0.00002373 
5.99484250e-09 -0.04383488 -0.03288889 -0.01051571 -0.00009837 -0.00002373 
4.64158883e-09 -0.04383488 -0.03288889 -0.01051571 -0.00009837 -0.00002373 
3.59381366e-09 -0.04383488 -0.03288889 -0.01051571 -0.00009837 -0.00002373 
2.78255940e-09 -0.04383488 -0.03288889 -0.01051571 -0.00009837 -0.00002373 
2.15443469e-09 -0.04383488 -0.03288889 -0.01051571 -0.00009837 -0.00002373 
1.66810054e-09 -0.04383488 -0.03288889 -0.01051571 -0.00009837 -0.00002373 
1.29154967e-09 -0.04383488 -0.03288889 -0.01051571 -0.00009837 -0.00002373 
1.00000000e-09 -0.04383488 -0.03288889 -0.01051571 -0.00009837 -0.00002373 
7.74263683e-10 -0.04383488 -0.03288889 -0.01051571 -0.00009837 -0.00002373 
5.99484250e-10 -0.04383488 -0.03288889 -0.01051571 -0.00009837 -0.00002373 
4.64158883e-10 -0.04383488 -0.03288889 -0.01051571 -0.00009837 -0.00002373 
3.59381366e-10 -0.04383488 -0.03288889 -0.01051571 -0.00009837 -0.00002373 
2.78255940e-10 -0.04383488 -0.03288889 -0.01051571 -0.00009837 -0.00002373 
2.15443469e-10 -0.04383488 -0.03288889 -0.01051571 -0.00009837 -0.00002373 
1.66810054e-10 -0.04383488 -0.03288889 -0.01051571 -0.00009837 -0.00002373 
1.29154967e-10 -0.04383488 -0.03288889 -0.01051571 -0.00009837 -0.00002373 
1.00000000e-10 -0.04383488 -0.03288889 -0.01051571 -0.00009837 -0.00002373 
P (bar) | log_H2O: -2σ | log_H2O: -1σ | log_H2O: median | log_H2O: +1σ | log_H2O: +2σ 
1.00000000e+01 -5.16003480 -4.70651358 -4.29264825 -3.89955623 -3.54899865 
7.74263683e+00 -5.16003480 -4.70651358 -4.29264825 -3.89955623 -3.54899865 
5.99484250e+00 -5.16003480 -4.70651358 -4.29264825 -3.89955623 -3.54899865 
4.64158883e+00 -5.16003480 -4.70651358 -4.29264825 -3.89955623 -3.54899865 
3.59381366e+00 -5.16003480 -4.70651358 -4.29264825 -3.89955623 -3.54899865 
2.78255940e+00 -5.16003480 -4.70651358 -4.29264825 -3.89955623 -3.54899865 
2.15443469e+00 -5.16003480 -4.70651358 -4.29264825 -3.89955623 -3.54899865 
1.66810054e+00 -5.16003480 -4.70651358 -4.29264825 -3.89955623 -3.54899865 
1.29154967e+00 -5.16003480 -4.70651358 -4.29264825 -3.89955623 -3.54899865 
1.00000000e+00 -5.16003480 -4.70651358 -4.29264825 -3.89955623 -3.54899865 
7.74263683e-01 -5.16003480 -4.70651358 -4.29264825 -3.89955623 -3.54899865 
5.99484250e-01 -5.16003480 -4.70651358 -4.29264825 -3.89955623 -3.54899865 
4.64158883e-01 -5.16003480 -4.70651358 -4.29264825 -3.89955623 -3.54899865 
3.59381366e-01 -5.16003480 -4.70651358 -4.29264825 -3.89955623 -3.54899865 
2.78255940e-01 -5.16003480 -4.70651358 -4.29264825 -3.89955623 -3.54899865 
2.15443469e-01 -5.16003480 -4.70651358 -4.29264825 -3.89955623 -3.54899865 
1.66810054e-01 -5.16003480 -4.70651358 -4.29264825 -3.89955623 -3.54899865 
1.29154967e-01 -5.16003480 -4.70651358 -4.29264825 -3.89955623 -3.54899865 
1.00000000e-01 -5.16003480 -4.70651358 -4.29264825 -3.89955623 -3.54899865 
7.74263683e-02 -5.16003480 -4.70651358 -4.29264825 -3.89955623 -3.54899865 
5.99484250e-02 -5.16003480 -4.70651358 -4.29264825 -3.89955623 -3.54899865 
4.64158883e-02 -5.16003480 -4.70651358 -4.29264825 -3.89955623 -3.54899865 
3.59381366e-02 -5.16003480 -4.70651358 -4.29264825 -3.89955623 -3.54899865 
2.78255940e-02 -5.16003480 -4.70651358 -4.29264825 -3.89955623 -3.54899865 
2.15443469e-02 -5.16003480 -4.70651358 -4.29264825 -3.89955623 -3.54899865 
1.66810054e-02 -5.16003480 -4.70651358 -4.29264825 -3.89955623 -3.54899865 
1.29154967e-02 -5.16003480 -4.70651358 -4.29264825 -3.89955623 -3.54899865 
1.00000000e-02 -5.16003480 -4.70651358 -4.29264825 -3.89955623 -3.54899865 
7.74263683e-03 -5.16003480 -4.70651358 -4.29264825 -3.89955623 -3.54899865 
5.99484250e-03 -5.16003480 -4.70651358 -4.29264825 -3.89955623 -3.54899865 
4.64158883e-03 -5.16003480 -4.70651358 -4.29264825 -3.89955623 -3.54899865 
3.59381366e-03 -5.16003480 -4.70651358 -4.29264825 -3.89955623 -3.54899865 
2.78255940e-03 -5.16003480 -4.70651358 -4.29264825 -3.89955623 -3.54899865 
2.15443469e-03 -5.16003480 -4.70651358 -4.29264825 -3.89955623 -3.54899865 
1.66810054e-03 -5.16003480 -4.70651358 -4.29264825 -3.89955623 -3.54899865 
1.29154967e-03 -5.16003480 -4.70651358 -4.29264825 -3.89955623 -3.54899865 
1.00000000e-03 -5.16003480 -4.70651358 -4.29264825 -3.89955623 -3.54899865 
7.74263683e-04 -5.16003480 -4.70651358 -4.29264825 -3.89955623 -3.54899865 
5.99484250e-04 -5.16003480 -4.70651358 -4.29264825 -3.89955623 -3.54899865 
4.64158883e-04 -5.16003480 -4.70651358 -4.29264825 -3.89955623 -3.54899865 
3.59381366e-04 -5.16003480 -4.70651358 -4.29264825 -3.89955623 -3.54899865 
2.78255940e-04 -5.16003480 -4.70651358 -4.29264825 -3.89955623 -3.54899865 
2.15443469e-04 -5.16003480 -4.70651358 -4.29264825 -3.89955623 -3.54899865 
1.66810054e-04 -5.16003480 -4.70651358 -4.29264825 -3.89955623 -3.54899865 
1.29154967e-04 -5.16003480 -4.70651358 -4.29264825 -3.89955623 -3.54899865 
1.00000000e-04 -5.16003480 -4.70651358 -4.29264825 -3.89955623 -3.54899865 
7.74263683e-05 -5.16003480 -4.70651358 -4.29264825 -3.89955623 -3.54899865 
5.99484250e-05 -5.16003480 -4.70651358 -4.29264825 -3.89955623 -3.54899865 
4.64158883e-05 -5.16003480 -4.70651358 -4.29264825 -3.89955623 -3.54899865 
3.59381366e-05 -5.16003480 -4.70651358 -4.29264825 -3.89955623 -3.54899865 
2.78255940e-05 -5.16003480 -4.70651358 -4.29264825 -3.89955623 -3.54899865 
2.15443469e-05 -5.16003480 -4.70651358 -4.29264825 -3.89955623 -3.54899865 
1.66810054e-05 -5.16003480 -4.70651358 -4.29264825 -3.89955623 -3.54899865 
1.29154967e-05 -5.16003480 -4.70651358 -4.29264825 -3.89955623 -3.54899865 
1.00000000e-05 -5.16003480 -4.70651358 -4.29264825 -3.89955623 -3.54899865 
7.74263683e-06 -5.16003480 -4.70651358 -4.29264825 -3.89955623 -3.54899865 
5.99484250e-06 -5.16003480 -4.70651358 -4.29264825 -3.89955623 -3.54899865 
4.64158883e-06 -5.16003480 -4.70651358 -4.29264825 -3.89955623 -3.54899865 
3.59381366e-06 -5.16003480 -4.70651358 -4.29264825 -3.89955623 -3.54899865 
2.78255940e-06 -5.16003480 -4.70651358 -4.29264825 -3.89955623 -3.54899865 
2.15443469e-06 -5.16003480 -4.70651358 -4.29264825 -3.89955623 -3.54899865 
1.66810054e-06 -5.16003480 -4.70651358 -4.29264825 -3.89955623 -3.54899865 
1.29154967e-06 -5.16003480 -4.70651358 -4.29264825 -3.89955623 -3.54899865 
1.00000000e-06 -5.16003480 -4.70651358 -4.29264825 -3.89955623 -3.54899865 
7.74263683e-07 -5.16003480 -4.70651358 -4.29264825 -3.89955623 -3.54899865 
5.99484250e-07 -5.16003480 -4.70651358 -4.29264825 -3.89955623 -3.54899865 
4.64158883e-07 -5.16003480 -4.70651358 -4.29264825 -3.89955623 -3.54899865 
3.59381366e-07 -5.16003480 -4.70651358 -4.29264825 -3.89955623 -3.54899865 
2.78255940e-07 -5.16003480 -4.70651358 -4.29264825 -3.89955623 -3.54899865 
2.15443469e-07 -5.16003480 -4.70651358 -4.29264825 -3.89955623 -3.54899865 
1.66810054e-07 -5.16003480 -4.70651358 -4.29264825 -3.89955623 -3.54899865 
1.29154967e-07 -5.16003480 -4.70651358 -4.29264825 -3.89955623 -3.54899865 
1.00000000e-07 -5.16003480 -4.70651358 -4.29264825 -3.89955623 -3.54899865 
7.74263683e-08 -5.16003480 -4.70651358 -4.29264825 -3.89955623 -3.54899865 
5.99484250e-08 -5.16003480 -4.70651358 -4.29264825 -3.89955623 -3.54899865 
4.64158883e-08 -5.16003480 -4.70651358 -4.29264825 -3.89955623 -3.54899865 
3.59381366e-08 -5.16003480 -4.70651358 -4.29264825 -3.89955623 -3.54899865 
2.78255940e-08 -5.16003480 -4.70651358 -4.29264825 -3.89955623 -3.54899865 
2.15443469e-08 -5.16003480 -4.70651358 -4.29264825 -3.89955623 -3.54899865 
1.66810054e-08 -5.16003480 -4.70651358 -4.29264825 -3.89955623 -3.54899865 
1.29154967e-08 -5.16003480 -4.70651358 -4.29264825 -3.89955623 -3.54899865 
1.00000000e-08 -5.16003480 -4.70651358 -4.29264825 -3.89955623 -3.54899865 
7.74263683e-09 -5.16003480 -4.70651358 -4.29264825 -3.89955623 -3.54899865 
5.99484250e-09 -5.16003480 -4.70651358 -4.29264825 -3.89955623 -3.54899865 
4.64158883e-09 -5.16003480 -4.70651358 -4.29264825 -3.89955623 -3.54899865 
3.59381366e-09 -5.16003480 -4.70651358 -4.29264825 -3.89955623 -3.54899865 
2.78255940e-09 -5.16003480 -4.70651358 -4.29264825 -3.89955623 -3.54899865 
2.15443469e-09 -5.16003480 -4.70651358 -4.29264825 -3.89955623 -3.54899865 
1.66810054e-09 -5.16003480 -4.70651358 -4.29264825 -3.89955623 -3.54899865 
1.29154967e-09 -5.16003480 -4.70651358 -4.29264825 -3.89955623 -3.54899865 
1.00000000e-09 -5.16003480 -4.70651358 -4.29264825 -3.89955623 -3.54899865 
7.74263683e-10 -5.16003480 -4.70651358 -4.29264825 -3.89955623 -3.54899865 
5.99484250e-10 -5.16003480 -4.70651358 -4.29264825 -3.89955623 -3.54899865 
4.64158883e-10 -5.16003480 -4.70651358 -4.29264825 -3.89955623 -3.54899865 
3.59381366e-10 -5.16003480 -4.70651358 -4.29264825 -3.89955623 -3.54899865 
2.78255940e-10 -5.16003480 -4.70651358 -4.29264825 -3.89955623 -3.54899865 
2.15443469e-10 -5.16003480 -4.70651358 -4.29264825 -3.89955623 -3.54899865 
1.66810054e-10 -5.16003480 -4.70651358 -4.29264825 -3.89955623 -3.54899865 
1.29154967e-10 -5.16003480 -4.70651358 -4.29264825 -3.89955623 -3.54899865 
1.00000000e-10 -5.16003480 -4.70651358 -4.29264825 -3.89955623 -3.54899865 
P (bar) | log_CO2: -2σ | log_CO2: -1σ | log_CO2: median | log_CO2: +1σ | log_CO2: +2σ 
1.00000000e+01 -5.33821850 -4.69348138 -4.17953241 -3.63612198 -3.15803913 
7.74263683e+00 -5.33821850 -4.69348138 -4.17953241 -3.63612198 -3.15803913 
5.99484250e+00 -5.33821850 -4.69348138 -4.17953241 -3.63612198 -3.15803913 
4.64158883e+00 -5.33821850 -4.69348138 -4.17953241 -3.63612198 -3.15803913 
3.59381366e+00 -5.33821850 -4.69348138 -4.17953241 -3.63612198 -3.15803913 
2.78255940e+00 -5.33821850 -4.69348138 -4.17953241 -3.63612198 -3.15803913 
2.15443469e+00 -5.33821850 -4.69348138 -4.17953241 -3.63612198 -3.15803913 
1.66810054e+00 -5.33821850 -4.69348138 -4.17953241 -3.63612198 -3.15803913 
1.29154967e+00 -5.33821850 -4.69348138 -4.17953241 -3.63612198 -3.15803913 
1.00000000e+00 -5.33821850 -4.69348138 -4.17953241 -3.63612198 -3.15803913 
7.74263683e-01 -5.33821850 -4.69348138 -4.17953241 -3.63612198 -3.15803913 
5.99484250e-01 -5.33821850 -4.69348138 -4.17953241 -3.63612198 -3.15803913 
4.64158883e-01 -5.33821850 -4.69348138 -4.17953241 -3.63612198 -3.15803913 
3.59381366e-01 -5.33821850 -4.69348138 -4.17953241 -3.63612198 -3.15803913 
2.78255940e-01 -5.33821850 -4.69348138 -4.17953241 -3.63612198 -3.15803913 
2.15443469e-01 -5.33821850 -4.69348138 -4.17953241 -3.63612198 -3.15803913 
1.66810054e-01 -5.33821850 -4.69348138 -4.17953241 -3.63612198 -3.15803913 
1.29154967e-01 -5.33821850 -4.69348138 -4.17953241 -3.63612198 -3.15803913 
1.00000000e-01 -5.33821850 -4.69348138 -4.17953241 -3.63612198 -3.15803913 
7.74263683e-02 -5.33821850 -4.69348138 -4.17953241 -3.63612198 -3.15803913 
5.99484250e-02 -5.33821850 -4.69348138 -4.17953241 -3.63612198 -3.15803913 
4.64158883e-02 -5.33821850 -4.69348138 -4.17953241 -3.63612198 -3.15803913 
3.59381366e-02 -5.33821850 -4.69348138 -4.17953241 -3.63612198 -3.15803913 
2.78255940e-02 -5.33821850 -4.69348138 -4.17953241 -3.63612198 -3.15803913 
2.15443469e-02 -5.33821850 -4.69348138 -4.17953241 -3.63612198 -3.15803913 
1.66810054e-02 -5.33821850 -4.69348138 -4.17953241 -3.63612198 -3.15803913 
1.29154967e-02 -5.33821850 -4.69348138 -4.17953241 -3.63612198 -3.15803913 
1.00000000e-02 -5.33821850 -4.69348138 -4.17953241 -3.63612198 -3.15803913 
7.74263683e-03 -5.33821850 -4.69348138 -4.17953241 -3.63612198 -3.15803913 
5.99484250e-03 -5.33821850 -4.69348138 -4.17953241 -3.63612198 -3.15803913 
4.64158883e-03 -5.33821850 -4.69348138 -4.17953241 -3.63612198 -3.15803913 
3.59381366e-03 -5.33821850 -4.69348138 -4.17953241 -3.63612198 -3.15803913 
2.78255940e-03 -5.33821850 -4.69348138 -4.17953241 -3.63612198 -3.15803913 
2.15443469e-03 -5.33821850 -4.69348138 -4.17953241 -3.63612198 -3.15803913 
1.66810054e-03 -5.33821850 -4.69348138 -4.17953241 -3.63612198 -3.15803913 
1.29154967e-03 -5.33821850 -4.69348138 -4.17953241 -3.63612198 -3.15803913 
1.00000000e-03 -5.33821850 -4.69348138 -4.17953241 -3.63612198 -3.15803913 
7.74263683e-04 -5.33821850 -4.69348138 -4.17953241 -3.63612198 -3.15803913 
5.99484250e-04 -5.33821850 -4.69348138 -4.17953241 -3.63612198 -3.15803913 
4.64158883e-04 -5.33821850 -4.69348138 -4.17953241 -3.63612198 -3.15803913 
3.59381366e-04 -5.33821850 -4.69348138 -4.17953241 -3.63612198 -3.15803913 
2.78255940e-04 -5.33821850 -4.69348138 -4.17953241 -3.63612198 -3.15803913 
2.15443469e-04 -5.33821850 -4.69348138 -4.17953241 -3.63612198 -3.15803913 
1.66810054e-04 -5.33821850 -4.69348138 -4.17953241 -3.63612198 -3.15803913 
1.29154967e-04 -5.33821850 -4.69348138 -4.17953241 -3.63612198 -3.15803913 
1.00000000e-04 -5.33821850 -4.69348138 -4.17953241 -3.63612198 -3.15803913 
7.74263683e-05 -5.33821850 -4.69348138 -4.17953241 -3.63612198 -3.15803913 
5.99484250e-05 -5.33821850 -4.69348138 -4.17953241 -3.63612198 -3.15803913 
4.64158883e-05 -5.33821850 -4.69348138 -4.17953241 -3.63612198 -3.15803913 
3.59381366e-05 -5.33821850 -4.69348138 -4.17953241 -3.63612198 -3.15803913 
2.78255940e-05 -5.33821850 -4.69348138 -4.17953241 -3.63612198 -3.15803913 
2.15443469e-05 -5.33821850 -4.69348138 -4.17953241 -3.63612198 -3.15803913 
1.66810054e-05 -5.33821850 -4.69348138 -4.17953241 -3.63612198 -3.15803913 
1.29154967e-05 -5.33821850 -4.69348138 -4.17953241 -3.63612198 -3.15803913 
1.00000000e-05 -5.33821850 -4.69348138 -4.17953241 -3.63612198 -3.15803913 
7.74263683e-06 -5.33821850 -4.69348138 -4.17953241 -3.63612198 -3.15803913 
5.99484250e-06 -5.33821850 -4.69348138 -4.17953241 -3.63612198 -3.15803913 
4.64158883e-06 -5.33821850 -4.69348138 -4.17953241 -3.63612198 -3.15803913 
3.59381366e-06 -5.33821850 -4.69348138 -4.17953241 -3.63612198 -3.15803913 
2.78255940e-06 -5.33821850 -4.69348138 -4.17953241 -3.63612198 -3.15803913 
2.15443469e-06 -5.33821850 -4.69348138 -4.17953241 -3.63612198 -3.15803913 
1.66810054e-06 -5.33821850 -4.69348138 -4.17953241 -3.63612198 -3.15803913 
1.29154967e-06 -5.33821850 -4.69348138 -4.17953241 -3.63612198 -3.15803913 
1.00000000e-06 -5.33821850 -4.69348138 -4.17953241 -3.63612198 -3.15803913 
7.74263683e-07 -5.33821850 -4.69348138 -4.17953241 -3.63612198 -3.15803913 
5.99484250e-07 -5.33821850 -4.69348138 -4.17953241 -3.63612198 -3.15803913 
4.64158883e-07 -5.33821850 -4.69348138 -4.17953241 -3.63612198 -3.15803913 
3.59381366e-07 -5.33821850 -4.69348138 -4.17953241 -3.63612198 -3.15803913 
2.78255940e-07 -5.33821850 -4.69348138 -4.17953241 -3.63612198 -3.15803913 
2.15443469e-07 -5.33821850 -4.69348138 -4.17953241 -3.63612198 -3.15803913 
1.66810054e-07 -5.33821850 -4.69348138 -4.17953241 -3.63612198 -3.15803913 
1.29154967e-07 -5.33821850 -4.69348138 -4.17953241 -3.63612198 -3.15803913 
1.00000000e-07 -5.33821850 -4.69348138 -4.17953241 -3.63612198 -3.15803913 
7.74263683e-08 -5.33821850 -4.69348138 -4.17953241 -3.63612198 -3.15803913 
5.99484250e-08 -5.33821850 -4.69348138 -4.17953241 -3.63612198 -3.15803913 
4.64158883e-08 -5.33821850 -4.69348138 -4.17953241 -3.63612198 -3.15803913 
3.59381366e-08 -5.33821850 -4.69348138 -4.17953241 -3.63612198 -3.15803913 
2.78255940e-08 -5.33821850 -4.69348138 -4.17953241 -3.63612198 -3.15803913 
2.15443469e-08 -5.33821850 -4.69348138 -4.17953241 -3.63612198 -3.15803913 
1.66810054e-08 -5.33821850 -4.69348138 -4.17953241 -3.63612198 -3.15803913 
1.29154967e-08 -5.33821850 -4.69348138 -4.17953241 -3.63612198 -3.15803913 
1.00000000e-08 -5.33821850 -4.69348138 -4.17953241 -3.63612198 -3.15803913 
7.74263683e-09 -5.33821850 -4.69348138 -4.17953241 -3.63612198 -3.15803913 
5.99484250e-09 -5.33821850 -4.69348138 -4.17953241 -3.63612198 -3.15803913 
4.64158883e-09 -5.33821850 -4.69348138 -4.17953241 -3.63612198 -3.15803913 
3.59381366e-09 -5.33821850 -4.69348138 -4.17953241 -3.63612198 -3.15803913 
2.78255940e-09 -5.33821850 -4.69348138 -4.17953241 -3.63612198 -3.15803913 
2.15443469e-09 -5.33821850 -4.69348138 -4.17953241 -3.63612198 -3.15803913 
1.66810054e-09 -5.33821850 -4.69348138 -4.17953241 -3.63612198 -3.15803913 
1.29154967e-09 -5.33821850 -4.69348138 -4.17953241 -3.63612198 -3.15803913 
1.00000000e-09 -5.33821850 -4.69348138 -4.17953241 -3.63612198 -3.15803913 
7.74263683e-10 -5.33821850 -4.69348138 -4.17953241 -3.63612198 -3.15803913 
5.99484250e-10 -5.33821850 -4.69348138 -4.17953241 -3.63612198 -3.15803913 
4.64158883e-10 -5.33821850 -4.69348138 -4.17953241 -3.63612198 -3.15803913 
3.59381366e-10 -5.33821850 -4.69348138 -4.17953241 -3.63612198 -3.15803913 
2.78255940e-10 -5.33821850 -4.69348138 -4.17953241 -3.63612198 -3.15803913 
2.15443469e-10 -5.33821850 -4.69348138 -4.17953241 -3.63612198 -3.15803913 
1.66810054e-10 -5.33821850 -4.69348138 -4.17953241 -3.63612198 -3.15803913 
1.29154967e-10 -5.33821850 -4.69348138 -4.17953241 -3.63612198 -3.15803913 
1.00000000e-10 -5.33821850 -4.69348138 -4.17953241 -3.63612198 -3.15803913 
P (bar) | log_CH4: -2σ | log_CH4: -1σ | log_CH4: median | log_CH4: +1σ | log_CH4: +2σ 
1.00000000e+01 -5.31516313 -5.05838475 -4.78577451 -4.51257680 -4.26060448 
7.74263683e+00 -5.31516313 -5.05838475 -4.78577451 -4.51257680 -4.26060448 
5.99484250e+00 -5.31516313 -5.05838475 -4.78577451 -4.51257680 -4.26060448 
4.64158883e+00 -5.31516313 -5.05838475 -4.78577451 -4.51257680 -4.26060448 
3.59381366e+00 -5.31516313 -5.05838475 -4.78577451 -4.51257680 -4.26060448 
2.78255940e+00 -5.31516313 -5.05838475 -4.78577451 -4.51257680 -4.26060448 
2.15443469e+00 -5.31516313 -5.05838475 -4.78577451 -4.51257680 -4.26060448 
1.66810054e+00 -5.31516313 -5.05838475 -4.78577451 -4.51257680 -4.26060448 
1.29154967e+00 -5.31516313 -5.05838475 -4.78577451 -4.51257680 -4.26060448 
1.00000000e+00 -5.31516313 -5.05838475 -4.78577451 -4.51257680 -4.26060448 
7.74263683e-01 -5.31516313 -5.05838475 -4.78577451 -4.51257680 -4.26060448 
5.99484250e-01 -5.31516313 -5.05838475 -4.78577451 -4.51257680 -4.26060448 
4.64158883e-01 -5.31516313 -5.05838475 -4.78577451 -4.51257680 -4.26060448 
3.59381366e-01 -5.31516313 -5.05838475 -4.78577451 -4.51257680 -4.26060448 
2.78255940e-01 -5.31516313 -5.05838475 -4.78577451 -4.51257680 -4.26060448 
2.15443469e-01 -5.31516313 -5.05838475 -4.78577451 -4.51257680 -4.26060448 
1.66810054e-01 -5.31516313 -5.05838475 -4.78577451 -4.51257680 -4.26060448 
1.29154967e-01 -5.31516313 -5.05838475 -4.78577451 -4.51257680 -4.26060448 
1.00000000e-01 -5.31516313 -5.05838475 -4.78577451 -4.51257680 -4.26060448 
7.74263683e-02 -5.31516313 -5.05838475 -4.78577451 -4.51257680 -4.26060448 
5.99484250e-02 -5.31516313 -5.05838475 -4.78577451 -4.51257680 -4.26060448 
4.64158883e-02 -5.31516313 -5.05838475 -4.78577451 -4.51257680 -4.26060448 
3.59381366e-02 -5.31516313 -5.05838475 -4.78577451 -4.51257680 -4.26060448 
2.78255940e-02 -5.31516313 -5.05838475 -4.78577451 -4.51257680 -4.26060448 
2.15443469e-02 -5.31516313 -5.05838475 -4.78577451 -4.51257680 -4.26060448 
1.66810054e-02 -5.31516313 -5.05838475 -4.78577451 -4.51257680 -4.26060448 
1.29154967e-02 -5.31516313 -5.05838475 -4.78577451 -4.51257680 -4.26060448 
1.00000000e-02 -5.31516313 -5.05838475 -4.78577451 -4.51257680 -4.26060448 
7.74263683e-03 -5.31516313 -5.05838475 -4.78577451 -4.51257680 -4.26060448 
5.99484250e-03 -5.31516313 -5.05838475 -4.78577451 -4.51257680 -4.26060448 
4.64158883e-03 -5.31516313 -5.05838475 -4.78577451 -4.51257680 -4.26060448 
3.59381366e-03 -5.31516313 -5.05838475 -4.78577451 -4.51257680 -4.26060448 
2.78255940e-03 -5.31516313 -5.05838475 -4.78577451 -4.51257680 -4.26060448 
2.15443469e-03 -5.31516313 -5.05838475 -4.78577451 -4.51257680 -4.26060448 
1.66810054e-03 -5.31516313 -5.05838475 -4.78577451 -4.51257680 -4.26060448 
1.29154967e-03 -5.31516313 -5.05838475 -4.78577451 -4.51257680 -4.26060448 
1.00000000e-03 -5.31516313 -5.05838475 -4.78577451 -4.51257680 -4.26060448 
7.74263683e-04 -5.31516313 -5.05838475 -4.78577451 -4.51257680 -4.26060448 
5.99484250e-04 -5.31516313 -5.05838475 -4.78577451 -4.51257680 -4.26060448 
4.64158883e-04 -5.31516313 -5.05838475 -4.78577451 -4.51257680 -4.26060448 
3.59381366e-04 -5.31516313 -5.05838475 -4.78577451 -4.51257680 -4.26060448 
2.78255940e-04 -5.31516313 -5.05838475 -4.78577451 -4.51257680 -4.26060448 
2.15443469e-04 -5.31516313 -5.05838475 -4.78577451 -4.51257680 -4.26060448 
1.66810054e-04 -5.31516313 -5.05838475 -4.78577451 -4.51257680 -4.26060448 
1.29154967e-04 -5.31516313 -5.05838475 -4.78577451 -4.51257680 -4.26060448 
1.00000000e-04 -5.31516313 -5.05838475 -4.78577451 -4.51257680 -4.26060448 
7.74263683e-05 -5.31516313 -5.05838475 -4.78577451 -4.51257680 -4.26060448 
5.99484250e-05 -5.31516313 -5.05838475 -4.78577451 -4.51257680 -4.26060448 
4.64158883e-05 -5.31516313 -5.05838475 -4.78577451 -4.51257680 -4.26060448 
3.59381366e-05 -5.31516313 -5.05838475 -4.78577451 -4.51257680 -4.26060448 
2.78255940e-05 -5.31516313 -5.05838475 -4.78577451 -4.51257680 -4.26060448 
2.15443469e-05 -5.31516313 -5.05838475 -4.78577451 -4.51257680 -4.26060448 
1.66810054e-05 -5.31516313 -5.05838475 -4.78577451 -4.51257680 -4.26060448 
1.29154967e-05 -5.31516313 -5.05838475 -4.78577451 -4.51257680 -4.26060448 
1.00000000e-05 -5.31516313 -5.05838475 -4.78577451 -4.51257680 -4.26060448 
7.74263683e-06 -5.31516313 -5.05838475 -4.78577451 -4.51257680 -4.26060448 
5.99484250e-06 -5.31516313 -5.05838475 -4.78577451 -4.51257680 -4.26060448 
4.64158883e-06 -5.31516313 -5.05838475 -4.78577451 -4.51257680 -4.26060448 
3.59381366e-06 -5.31516313 -5.05838475 -4.78577451 -4.51257680 -4.26060448 
2.78255940e-06 -5.31516313 -5.05838475 -4.78577451 -4.51257680 -4.26060448 
2.15443469e-06 -5.31516313 -5.05838475 -4.78577451 -4.51257680 -4.26060448 
1.66810054e-06 -5.31516313 -5.05838475 -4.78577451 -4.51257680 -4.26060448 
1.29154967e-06 -5.31516313 -5.05838475 -4.78577451 -4.51257680 -4.26060448 
1.00000000e-06 -5.31516313 -5.05838475 -4.78577451 -4.51257680 -4.26060448 
7.74263683e-07 -5.31516313 -5.05838475 -4.78577451 -4.51257680 -4.26060448 
5.99484250e-07 -5.31516313 -5.05838475 -4.78577451 -4.51257680 -4.26060448 
4.64158883e-07 -5.31516313 -5.05838475 -4.78577451 -4.51257680 -4.26060448 
3.59381366e-07 -5.31516313 -5.05838475 -4.78577451 -4.51257680 -4.26060448 
2.78255940e-07 -5.31516313 -5.05838475 -4.78577451 -4.51257680 -4.26060448 
2.15443469e-07 -5.31516313 -5.05838475 -4.78577451 -4.51257680 -4.26060448 
1.66810054e-07 -5.31516313 -5.05838475 -4.78577451 -4.51257680 -4.26060448 
1.29154967e-07 -5.31516313 -5.05838475 -4.78577451 -4.51257680 -4.26060448 
1.00000000e-07 -5.31516313 -5.05838475 -4.78577451 -4.51257680 -4.26060448 
7.74263683e-08 -5.31516313 -5.05838475 -4.78577451 -4.51257680 -4.26060448 
5.99484250e-08 -5.31516313 -5.05838475 -4.78577451 -4.51257680 -4.26060448 
4.64158883e-08 -5.31516313 -5.05838475 -4.78577451 -4.51257680 -4.26060448 
3.59381366e-08 -5.31516313 -5.05838475 -4.78577451 -4.51257680 -4.26060448 
2.78255940e-08 -5.31516313 -5.05838475 -4.78577451 -4.51257680 -4.26060448 
2.15443469e-08 -5.31516313 -5.05838475 -4.78577451 -4.51257680 -4.26060448 
1.66810054e-08 -5.31516313 -5.05838475 -4.78577451 -4.51257680 -4.26060448 
1.29154967e-08 -5.31516313 -5.05838475 -4.78577451 -4.51257680 -4.26060448 
1.00000000e-08 -5.31516313 -5.05838475 -4.78577451 -4.51257680 -4.26060448 
7.74263683e-09 -5.31516313 -5.05838475 -4.78577451 -4.51257680 -4.26060448 
5.99484250e-09 -5.31516313 -5.05838475 -4.78577451 -4.51257680 -4.26060448 
4.64158883e-09 -5.31516313 -5.05838475 -4.78577451 -4.51257680 -4.26060448 
3.59381366e-09 -5.31516313 -5.05838475 -4.78577451 -4.51257680 -4.26060448 
2.78255940e-09 -5.31516313 -5.05838475 -4.78577451 -4.51257680 -4.26060448 
2.15443469e-09 -5.31516313 -5.05838475 -4.78577451 -4.51257680 -4.26060448 
1.66810054e-09 -5.31516313 -5.05838475 -4.78577451 -4.51257680 -4.26060448 
1.29154967e-09 -5.31516313 -5.05838475 -4.78577451 -4.51257680 -4.26060448 
1.00000000e-09 -5.31516313 -5.05838475 -4.78577451 -4.51257680 -4.26060448 
7.74263683e-10 -5.31516313 -5.05838475 -4.78577451 -4.51257680 -4.26060448 
5.99484250e-10 -5.31516313 -5.05838475 -4.78577451 -4.51257680 -4.26060448 
4.64158883e-10 -5.31516313 -5.05838475 -4.78577451 -4.51257680 -4.26060448 
3.59381366e-10 -5.31516313 -5.05838475 -4.78577451 -4.51257680 -4.26060448 
2.78255940e-10 -5.31516313 -5.05838475 -4.78577451 -4.51257680 -4.26060448 
2.15443469e-10 -5.31516313 -5.05838475 -4.78577451 -4.51257680 -4.26060448 
1.66810054e-10 -5.31516313 -5.05838475 -4.78577451 -4.51257680 -4.26060448 
1.29154967e-10 -5.31516313 -5.05838475 -4.78577451 -4.51257680 -4.26060448 
1.00000000e-10 -5.31516313 -5.05838475 -4.78577451 -4.51257680 -4.26060448 
P (bar) | log_O2: -2σ | log_O2: -1σ | log_O2: median | log_O2: +1σ | log_O2: +2σ 
1.00000000e+01 -9.09331705 -5.58428611 -1.62418902 -1.13892516 -1.02110212 
7.74263683e+00 -9.09331705 -5.58428611 -1.62418902 -1.13892516 -1.02110212 
5.99484250e+00 -9.09331705 -5.58428611 -1.62418902 -1.13892516 -1.02110212 
4.64158883e+00 -9.09331705 -5.58428611 -1.62418902 -1.13892516 -1.02110212 
3.59381366e+00 -9.09331705 -5.58428611 -1.62418902 -1.13892516 -1.02110212 
2.78255940e+00 -9.09331705 -5.58428611 -1.62418902 -1.13892516 -1.02110212 
2.15443469e+00 -9.09331705 -5.58428611 -1.62418902 -1.13892516 -1.02110212 
1.66810054e+00 -9.09331705 -5.58428611 -1.62418902 -1.13892516 -1.02110212 
1.29154967e+00 -9.09331705 -5.58428611 -1.62418902 -1.13892516 -1.02110212 
1.00000000e+00 -9.09331705 -5.58428611 -1.62418902 -1.13892516 -1.02110212 
7.74263683e-01 -9.09331705 -5.58428611 -1.62418902 -1.13892516 -1.02110212 
5.99484250e-01 -9.09331705 -5.58428611 -1.62418902 -1.13892516 -1.02110212 
4.64158883e-01 -9.09331705 -5.58428611 -1.62418902 -1.13892516 -1.02110212 
3.59381366e-01 -9.09331705 -5.58428611 -1.62418902 -1.13892516 -1.02110212 
2.78255940e-01 -9.09331705 -5.58428611 -1.62418902 -1.13892516 -1.02110212 
2.15443469e-01 -9.09331705 -5.58428611 -1.62418902 -1.13892516 -1.02110212 
1.66810054e-01 -9.09331705 -5.58428611 -1.62418902 -1.13892516 -1.02110212 
1.29154967e-01 -9.09331705 -5.58428611 -1.62418902 -1.13892516 -1.02110212 
1.00000000e-01 -9.09331705 -5.58428611 -1.62418902 -1.13892516 -1.02110212 
7.74263683e-02 -9.09331705 -5.58428611 -1.62418902 -1.13892516 -1.02110212 
5.99484250e-02 -9.09331705 -5.58428611 -1.62418902 -1.13892516 -1.02110212 
4.64158883e-02 -9.09331705 -5.58428611 -1.62418902 -1.13892516 -1.02110212 
3.59381366e-02 -9.09331705 -5.58428611 -1.62418902 -1.13892516 -1.02110212 
2.78255940e-02 -9.09331705 -5.58428611 -1.62418902 -1.13892516 -1.02110212 
2.15443469e-02 -9.09331705 -5.58428611 -1.62418902 -1.13892516 -1.02110212 
1.66810054e-02 -9.09331705 -5.58428611 -1.62418902 -1.13892516 -1.02110212 
1.29154967e-02 -9.09331705 -5.58428611 -1.62418902 -1.13892516 -1.02110212 
1.00000000e-02 -9.09331705 -5.58428611 -1.62418902 -1.13892516 -1.02110212 
7.74263683e-03 -9.09331705 -5.58428611 -1.62418902 -1.13892516 -1.02110212 
5.99484250e-03 -9.09331705 -5.58428611 -1.62418902 -1.13892516 -1.02110212 
4.64158883e-03 -9.09331705 -5.58428611 -1.62418902 -1.13892516 -1.02110212 
3.59381366e-03 -9.09331705 -5.58428611 -1.62418902 -1.13892516 -1.02110212 
2.78255940e-03 -9.09331705 -5.58428611 -1.62418902 -1.13892516 -1.02110212 
2.15443469e-03 -9.09331705 -5.58428611 -1.62418902 -1.13892516 -1.02110212 
1.66810054e-03 -9.09331705 -5.58428611 -1.62418902 -1.13892516 -1.02110212 
1.29154967e-03 -9.09331705 -5.58428611 -1.62418902 -1.13892516 -1.02110212 
1.00000000e-03 -9.09331705 -5.58428611 -1.62418902 -1.13892516 -1.02110212 
7.74263683e-04 -9.09331705 -5.58428611 -1.62418902 -1.13892516 -1.02110212 
5.99484250e-04 -9.09331705 -5.58428611 -1.62418902 -1.13892516 -1.02110212 
4.64158883e-04 -9.09331705 -5.58428611 -1.62418902 -1.13892516 -1.02110212 
3.59381366e-04 -9.09331705 -5.58428611 -1.62418902 -1.13892516 -1.02110212 
2.78255940e-04 -9.09331705 -5.58428611 -1.62418902 -1.13892516 -1.02110212 
2.15443469e-04 -9.09331705 -5.58428611 -1.62418902 -1.13892516 -1.02110212 
1.66810054e-04 -9.09331705 -5.58428611 -1.62418902 -1.13892516 -1.02110212 
1.29154967e-04 -9.09331705 -5.58428611 -1.62418902 -1.13892516 -1.02110212 
1.00000000e-04 -9.09331705 -5.58428611 -1.62418902 -1.13892516 -1.02110212 
7.74263683e-05 -9.09331705 -5.58428611 -1.62418902 -1.13892516 -1.02110212 
5.99484250e-05 -9.09331705 -5.58428611 -1.62418902 -1.13892516 -1.02110212 
4.64158883e-05 -9.09331705 -5.58428611 -1.62418902 -1.13892516 -1.02110212 
3.59381366e-05 -9.09331705 -5.58428611 -1.62418902 -1.13892516 -1.02110212 
2.78255940e-05 -9.09331705 -5.58428611 -1.62418902 -1.13892516 -1.02110212 
2.15443469e-05 -9.09331705 -5.58428611 -1.62418902 -1.13892516 -1.02110212 
1.66810054e-05 -9.09331705 -5.58428611 -1.62418902 -1.13892516 -1.02110212 
1.29154967e-05 -9.09331705 -5.58428611 -1.62418902 -1.13892516 -1.02110212 
1.00000000e-05 -9.09331705 -5.58428611 -1.62418902 -1.13892516 -1.02110212 
7.74263683e-06 -9.09331705 -5.58428611 -1.62418902 -1.13892516 -1.02110212 
5.99484250e-06 -9.09331705 -5.58428611 -1.62418902 -1.13892516 -1.02110212 
4.64158883e-06 -9.09331705 -5.58428611 -1.62418902 -1.13892516 -1.02110212 
3.59381366e-06 -9.09331705 -5.58428611 -1.62418902 -1.13892516 -1.02110212 
2.78255940e-06 -9.09331705 -5.58428611 -1.62418902 -1.13892516 -1.02110212 
2.15443469e-06 -9.09331705 -5.58428611 -1.62418902 -1.13892516 -1.02110212 
1.66810054e-06 -9.09331705 -5.58428611 -1.62418902 -1.13892516 -1.02110212 
1.29154967e-06 -9.09331705 -5.58428611 -1.62418902 -1.13892516 -1.02110212 
1.00000000e-06 -9.09331705 -5.58428611 -1.62418902 -1.13892516 -1.02110212 
7.74263683e-07 -9.09331705 -5.58428611 -1.62418902 -1.13892516 -1.02110212 
5.99484250e-07 -9.09331705 -5.58428611 -1.62418902 -1.13892516 -1.02110212 
4.64158883e-07 -9.09331705 -5.58428611 -1.62418902 -1.13892516 -1.02110212 
3.59381366e-07 -9.09331705 -5.58428611 -1.62418902 -1.13892516 -1.02110212 
2.78255940e-07 -9.09331705 -5.58428611 -1.62418902 -1.13892516 -1.02110212 
2.15443469e-07 -9.09331705 -5.58428611 -1.62418902 -1.13892516 -1.02110212 
1.66810054e-07 -9.09331705 -5.58428611 -1.62418902 -1.13892516 -1.02110212 
1.29154967e-07 -9.09331705 -5.58428611 -1.62418902 -1.13892516 -1.02110212 
1.00000000e-07 -9.09331705 -5.58428611 -1.62418902 -1.13892516 -1.02110212 
7.74263683e-08 -9.09331705 -5.58428611 -1.62418902 -1.13892516 -1.02110212 
5.99484250e-08 -9.09331705 -5.58428611 -1.62418902 -1.13892516 -1.02110212 
4.64158883e-08 -9.09331705 -5.58428611 -1.62418902 -1.13892516 -1.02110212 
3.59381366e-08 -9.09331705 -5.58428611 -1.62418902 -1.13892516 -1.02110212 
2.78255940e-08 -9.09331705 -5.58428611 -1.62418902 -1.13892516 -1.02110212 
2.15443469e-08 -9.09331705 -5.58428611 -1.62418902 -1.13892516 -1.02110212 
1.66810054e-08 -9.09331705 -5.58428611 -1.62418902 -1.13892516 -1.02110212 
1.29154967e-08 -9.09331705 -5.58428611 -1.62418902 -1.13892516 -1.02110212 
1.00000000e-08 -9.09331705 -5.58428611 -1.62418902 -1.13892516 -1.02110212 
7.74263683e-09 -9.09331705 -5.58428611 -1.62418902 -1.13892516 -1.02110212 
5.99484250e-09 -9.09331705 -5.58428611 -1.62418902 -1.13892516 -1.02110212 
4.64158883e-09 -9.09331705 -5.58428611 -1.62418902 -1.13892516 -1.02110212 
3.59381366e-09 -9.09331705 -5.58428611 -1.62418902 -1.13892516 -1.02110212 
2.78255940e-09 -9.09331705 -5.58428611 -1.62418902 -1.13892516 -1.02110212 
2.15443469e-09 -9.09331705 -5.58428611 -1.62418902 -1.13892516 -1.02110212 
1.66810054e-09 -9.09331705 -5.58428611 -1.62418902 -1.13892516 -1.02110212 
1.29154967e-09 -9.09331705 -5.58428611 -1.62418902 -1.13892516 -1.02110212 
1.00000000e-09 -9.09331705 -5.58428611 -1.62418902 -1.13892516 -1.02110212 
7.74263683e-10 -9.09331705 -5.58428611 -1.62418902 -1.13892516 -1.02110212 
5.99484250e-10 -9.09331705 -5.58428611 -1.62418902 -1.13892516 -1.02110212 
4.64158883e-10 -9.09331705 -5.58428611 -1.62418902 -1.13892516 -1.02110212 
3.59381366e-10 -9.09331705 -5.58428611 -1.62418902 -1.13892516 -1.02110212 
2.78255940e-10 -9.09331705 -5.58428611 -1.62418902 -1.13892516 -1.02110212 
2.15443469e-10 -9.09331705 -5.58428611 -1.62418902 -1.13892516 -1.02110212 
1.66810054e-10 -9.09331705 -5.58428611 -1.62418902 -1.13892516 -1.02110212 
1.29154967e-10 -9.09331705 -5.58428611 -1.62418902 -1.13892516 -1.02110212 
1.00000000e-10 -9.09331705 -5.58428611 -1.62418902 -1.13892516 -1.02110212 
P (bar) | log_O3: -2σ | log_O3: -1σ | log_O3: median | log_O3: +1σ | log_O3: +2σ 
1.00000000e+01 -9.88257671 -9.35086149 -8.13779005 -6.72290465 -5.69163773 
7.74263683e+00 -9.88257671 -9.35086149 -8.13779005 -6.72290465 -5.69163773 
5.99484250e+00 -9.88257671 -9.35086149 -8.13779005 -6.72290465 -5.69163773 
4.64158883e+00 -9.88257671 -9.35086149 -8.13779005 -6.72290465 -5.69163773 
3.59381366e+00 -9.88257671 -9.35086149 -8.13779005 -6.72290465 -5.69163773 
2.78255940e+00 -9.88257671 -9.35086149 -8.13779005 -6.72290465 -5.69163773 
2.15443469e+00 -9.88257671 -9.35086149 -8.13779005 -6.72290465 -5.69163773 
1.66810054e+00 -9.88257671 -9.35086149 -8.13779005 -6.72290465 -5.69163773 
1.29154967e+00 -9.88257671 -9.35086149 -8.13779005 -6.72290465 -5.69163773 
1.00000000e+00 -9.88257671 -9.35086149 -8.13779005 -6.72290465 -5.69163773 
7.74263683e-01 -9.88257671 -9.35086149 -8.13779005 -6.72290465 -5.69163773 
5.99484250e-01 -9.88257671 -9.35086149 -8.13779005 -6.72290465 -5.69163773 
4.64158883e-01 -9.88257671 -9.35086149 -8.13779005 -6.72290465 -5.69163773 
3.59381366e-01 -9.88257671 -9.35086149 -8.13779005 -6.72290465 -5.69163773 
2.78255940e-01 -9.88257671 -9.35086149 -8.13779005 -6.72290465 -5.69163773 
2.15443469e-01 -9.88257671 -9.35086149 -8.13779005 -6.72290465 -5.69163773 
1.66810054e-01 -9.88257671 -9.35086149 -8.13779005 -6.72290465 -5.69163773 
1.29154967e-01 -9.88257671 -9.35086149 -8.13779005 -6.72290465 -5.69163773 
1.00000000e-01 -9.88257671 -9.35086149 -8.13779005 -6.72290465 -5.69163773 
7.74263683e-02 -9.88257671 -9.35086149 -8.13779005 -6.72290465 -5.69163773 
5.99484250e-02 -9.88257671 -9.35086149 -8.13779005 -6.72290465 -5.69163773 
4.64158883e-02 -9.88257671 -9.35086149 -8.13779005 -6.72290465 -5.69163773 
3.59381366e-02 -9.88257671 -9.35086149 -8.13779005 -6.72290465 -5.69163773 
2.78255940e-02 -9.88257671 -9.35086149 -8.13779005 -6.72290465 -5.69163773 
2.15443469e-02 -9.88257671 -9.35086149 -8.13779005 -6.72290465 -5.69163773 
1.66810054e-02 -9.88257671 -9.35086149 -8.13779005 -6.72290465 -5.69163773 
1.29154967e-02 -9.88257671 -9.35086149 -8.13779005 -6.72290465 -5.69163773 
1.00000000e-02 -9.88257671 -9.35086149 -8.13779005 -6.72290465 -5.69163773 
7.74263683e-03 -9.88257671 -9.35086149 -8.13779005 -6.72290465 -5.69163773 
5.99484250e-03 -9.88257671 -9.35086149 -8.13779005 -6.72290465 -5.69163773 
4.64158883e-03 -9.88257671 -9.35086149 -8.13779005 -6.72290465 -5.69163773 
3.59381366e-03 -9.88257671 -9.35086149 -8.13779005 -6.72290465 -5.69163773 
2.78255940e-03 -9.88257671 -9.35086149 -8.13779005 -6.72290465 -5.69163773 
2.15443469e-03 -9.88257671 -9.35086149 -8.13779005 -6.72290465 -5.69163773 
1.66810054e-03 -9.88257671 -9.35086149 -8.13779005 -6.72290465 -5.69163773 
1.29154967e-03 -9.88257671 -9.35086149 -8.13779005 -6.72290465 -5.69163773 
1.00000000e-03 -9.88257671 -9.35086149 -8.13779005 -6.72290465 -5.69163773 
7.74263683e-04 -9.88257671 -9.35086149 -8.13779005 -6.72290465 -5.69163773 
5.99484250e-04 -9.88257671 -9.35086149 -8.13779005 -6.72290465 -5.69163773 
4.64158883e-04 -9.88257671 -9.35086149 -8.13779005 -6.72290465 -5.69163773 
3.59381366e-04 -9.88257671 -9.35086149 -8.13779005 -6.72290465 -5.69163773 
2.78255940e-04 -9.88257671 -9.35086149 -8.13779005 -6.72290465 -5.69163773 
2.15443469e-04 -9.88257671 -9.35086149 -8.13779005 -6.72290465 -5.69163773 
1.66810054e-04 -9.88257671 -9.35086149 -8.13779005 -6.72290465 -5.69163773 
1.29154967e-04 -9.88257671 -9.35086149 -8.13779005 -6.72290465 -5.69163773 
1.00000000e-04 -9.88257671 -9.35086149 -8.13779005 -6.72290465 -5.69163773 
7.74263683e-05 -9.88257671 -9.35086149 -8.13779005 -6.72290465 -5.69163773 
5.99484250e-05 -9.88257671 -9.35086149 -8.13779005 -6.72290465 -5.69163773 
4.64158883e-05 -9.88257671 -9.35086149 -8.13779005 -6.72290465 -5.69163773 
3.59381366e-05 -9.88257671 -9.35086149 -8.13779005 -6.72290465 -5.69163773 
2.78255940e-05 -9.88257671 -9.35086149 -8.13779005 -6.72290465 -5.69163773 
2.15443469e-05 -9.88257671 -9.35086149 -8.13779005 -6.72290465 -5.69163773 
1.66810054e-05 -9.88257671 -9.35086149 -8.13779005 -6.72290465 -5.69163773 
1.29154967e-05 -9.88257671 -9.35086149 -8.13779005 -6.72290465 -5.69163773 
1.00000000e-05 -9.88257671 -9.35086149 -8.13779005 -6.72290465 -5.69163773 
7.74263683e-06 -9.88257671 -9.35086149 -8.13779005 -6.72290465 -5.69163773 
5.99484250e-06 -9.88257671 -9.35086149 -8.13779005 -6.72290465 -5.69163773 
4.64158883e-06 -9.88257671 -9.35086149 -8.13779005 -6.72290465 -5.69163773 
3.59381366e-06 -9.88257671 -9.35086149 -8.13779005 -6.72290465 -5.69163773 
2.78255940e-06 -9.88257671 -9.35086149 -8.13779005 -6.72290465 -5.69163773 
2.15443469e-06 -9.88257671 -9.35086149 -8.13779005 -6.72290465 -5.69163773 
1.66810054e-06 -9.88257671 -9.35086149 -8.13779005 -6.72290465 -5.69163773 
1.29154967e-06 -9.88257671 -9.35086149 -8.13779005 -6.72290465 -5.69163773 
1.00000000e-06 -9.88257671 -9.35086149 -8.13779005 -6.72290465 -5.69163773 
7.74263683e-07 -9.88257671 -9.35086149 -8.13779005 -6.72290465 -5.69163773 
5.99484250e-07 -9.88257671 -9.35086149 -8.13779005 -6.72290465 -5.69163773 
4.64158883e-07 -9.88257671 -9.35086149 -8.13779005 -6.72290465 -5.69163773 
3.59381366e-07 -9.88257671 -9.35086149 -8.13779005 -6.72290465 -5.69163773 
2.78255940e-07 -9.88257671 -9.35086149 -8.13779005 -6.72290465 -5.69163773 
2.15443469e-07 -9.88257671 -9.35086149 -8.13779005 -6.72290465 -5.69163773 
1.66810054e-07 -9.88257671 -9.35086149 -8.13779005 -6.72290465 -5.69163773 
1.29154967e-07 -9.88257671 -9.35086149 -8.13779005 -6.72290465 -5.69163773 
1.00000000e-07 -9.88257671 -9.35086149 -8.13779005 -6.72290465 -5.69163773 
7.74263683e-08 -9.88257671 -9.35086149 -8.13779005 -6.72290465 -5.69163773 
5.99484250e-08 -9.88257671 -9.35086149 -8.13779005 -6.72290465 -5.69163773 
4.64158883e-08 -9.88257671 -9.35086149 -8.13779005 -6.72290465 -5.69163773 
3.59381366e-08 -9.88257671 -9.35086149 -8.13779005 -6.72290465 -5.69163773 
2.78255940e-08 -9.88257671 -9.35086149 -8.13779005 -6.72290465 -5.69163773 
2.15443469e-08 -9.88257671 -9.35086149 -8.13779005 -6.72290465 -5.69163773 
1.66810054e-08 -9.88257671 -9.35086149 -8.13779005 -6.72290465 -5.69163773 
1.29154967e-08 -9.88257671 -9.35086149 -8.13779005 -6.72290465 -5.69163773 
1.00000000e-08 -9.88257671 -9.35086149 -8.13779005 -6.72290465 -5.69163773 
7.74263683e-09 -9.88257671 -9.35086149 -8.13779005 -6.72290465 -5.69163773 
5.99484250e-09 -9.88257671 -9.35086149 -8.13779005 -6.72290465 -5.69163773 
4.64158883e-09 -9.88257671 -9.35086149 -8.13779005 -6.72290465 -5.69163773 
3.59381366e-09 -9.88257671 -9.35086149 -8.13779005 -6.72290465 -5.69163773 
2.78255940e-09 -9.88257671 -9.35086149 -8.13779005 -6.72290465 -5.69163773 
2.15443469e-09 -9.88257671 -9.35086149 -8.13779005 -6.72290465 -5.69163773 
1.66810054e-09 -9.88257671 -9.35086149 -8.13779005 -6.72290465 -5.69163773 
1.29154967e-09 -9.88257671 -9.35086149 -8.13779005 -6.72290465 -5.69163773 
1.00000000e-09 -9.88257671 -9.35086149 -8.13779005 -6.72290465 -5.69163773 
7.74263683e-10 -9.88257671 -9.35086149 -8.13779005 -6.72290465 -5.69163773 
5.99484250e-10 -9.88257671 -9.35086149 -8.13779005 -6.72290465 -5.69163773 
4.64158883e-10 -9.88257671 -9.35086149 -8.13779005 -6.72290465 -5.69163773 
3.59381366e-10 -9.88257671 -9.35086149 -8.13779005 -6.72290465 -5.69163773 
2.78255940e-10 -9.88257671 -9.35086149 -8.13779005 -6.72290465 -5.69163773 
2.15443469e-10 -9.88257671 -9.35086149 -8.13779005 -6.72290465 -5.69163773 
1.66810054e-10 -9.88257671 -9.35086149 -8.13779005 -6.72290465 -5.69163773 
1.29154967e-10 -9.88257671 -9.35086149 -8.13779005 -6.72290465 -5.69163773 
1.00000000e-10 -9.88257671 -9.35086149 -8.13779005 -6.72290465 -5.69163773 
P (bar) | log_N2O: -2σ | log_N2O: -1σ | log_N2O: median | log_N2O: +1σ | log_N2O: +2σ 
1.00000000e+01 -9.91661539 -9.46713974 -8.26401753 -6.98671713 -5.98526062 
7.74263683e+00 -9.91661539 -9.46713974 -8.26401753 -6.98671713 -5.98526062 
5.99484250e+00 -9.91661539 -9.46713974 -8.26401753 -6.98671713 -5.98526062 
4.64158883e+00 -9.91661539 -9.46713974 -8.26401753 -6.98671713 -5.98526062 
3.59381366e+00 -9.91661539 -9.46713974 -8.26401753 -6.98671713 -5.98526062 
2.78255940e+00 -9.91661539 -9.46713974 -8.26401753 -6.98671713 -5.98526062 
2.15443469e+00 -9.91661539 -9.46713974 -8.26401753 -6.98671713 -5.98526062 
1.66810054e+00 -9.91661539 -9.46713974 -8.26401753 -6.98671713 -5.98526062 
1.29154967e+00 -9.91661539 -9.46713974 -8.26401753 -6.98671713 -5.98526062 
1.00000000e+00 -9.91661539 -9.46713974 -8.26401753 -6.98671713 -5.98526062 
7.74263683e-01 -9.91661539 -9.46713974 -8.26401753 -6.98671713 -5.98526062 
5.99484250e-01 -9.91661539 -9.46713974 -8.26401753 -6.98671713 -5.98526062 
4.64158883e-01 -9.91661539 -9.46713974 -8.26401753 -6.98671713 -5.98526062 
3.59381366e-01 -9.91661539 -9.46713974 -8.26401753 -6.98671713 -5.98526062 
2.78255940e-01 -9.91661539 -9.46713974 -8.26401753 -6.98671713 -5.98526062 
2.15443469e-01 -9.91661539 -9.46713974 -8.26401753 -6.98671713 -5.98526062 
1.66810054e-01 -9.91661539 -9.46713974 -8.26401753 -6.98671713 -5.98526062 
1.29154967e-01 -9.91661539 -9.46713974 -8.26401753 -6.98671713 -5.98526062 
1.00000000e-01 -9.91661539 -9.46713974 -8.26401753 -6.98671713 -5.98526062 
7.74263683e-02 -9.91661539 -9.46713974 -8.26401753 -6.98671713 -5.98526062 
5.99484250e-02 -9.91661539 -9.46713974 -8.26401753 -6.98671713 -5.98526062 
4.64158883e-02 -9.91661539 -9.46713974 -8.26401753 -6.98671713 -5.98526062 
3.59381366e-02 -9.91661539 -9.46713974 -8.26401753 -6.98671713 -5.98526062 
2.78255940e-02 -9.91661539 -9.46713974 -8.26401753 -6.98671713 -5.98526062 
2.15443469e-02 -9.91661539 -9.46713974 -8.26401753 -6.98671713 -5.98526062 
1.66810054e-02 -9.91661539 -9.46713974 -8.26401753 -6.98671713 -5.98526062 
1.29154967e-02 -9.91661539 -9.46713974 -8.26401753 -6.98671713 -5.98526062 
1.00000000e-02 -9.91661539 -9.46713974 -8.26401753 -6.98671713 -5.98526062 
7.74263683e-03 -9.91661539 -9.46713974 -8.26401753 -6.98671713 -5.98526062 
5.99484250e-03 -9.91661539 -9.46713974 -8.26401753 -6.98671713 -5.98526062 
4.64158883e-03 -9.91661539 -9.46713974 -8.26401753 -6.98671713 -5.98526062 
3.59381366e-03 -9.91661539 -9.46713974 -8.26401753 -6.98671713 -5.98526062 
2.78255940e-03 -9.91661539 -9.46713974 -8.26401753 -6.98671713 -5.98526062 
2.15443469e-03 -9.91661539 -9.46713974 -8.26401753 -6.98671713 -5.98526062 
1.66810054e-03 -9.91661539 -9.46713974 -8.26401753 -6.98671713 -5.98526062 
1.29154967e-03 -9.91661539 -9.46713974 -8.26401753 -6.98671713 -5.98526062 
1.00000000e-03 -9.91661539 -9.46713974 -8.26401753 -6.98671713 -5.98526062 
7.74263683e-04 -9.91661539 -9.46713974 -8.26401753 -6.98671713 -5.98526062 
5.99484250e-04 -9.91661539 -9.46713974 -8.26401753 -6.98671713 -5.98526062 
4.64158883e-04 -9.91661539 -9.46713974 -8.26401753 -6.98671713 -5.98526062 
3.59381366e-04 -9.91661539 -9.46713974 -8.26401753 -6.98671713 -5.98526062 
2.78255940e-04 -9.91661539 -9.46713974 -8.26401753 -6.98671713 -5.98526062 
2.15443469e-04 -9.91661539 -9.46713974 -8.26401753 -6.98671713 -5.98526062 
1.66810054e-04 -9.91661539 -9.46713974 -8.26401753 -6.98671713 -5.98526062 
1.29154967e-04 -9.91661539 -9.46713974 -8.26401753 -6.98671713 -5.98526062 
1.00000000e-04 -9.91661539 -9.46713974 -8.26401753 -6.98671713 -5.98526062 
7.74263683e-05 -9.91661539 -9.46713974 -8.26401753 -6.98671713 -5.98526062 
5.99484250e-05 -9.91661539 -9.46713974 -8.26401753 -6.98671713 -5.98526062 
4.64158883e-05 -9.91661539 -9.46713974 -8.26401753 -6.98671713 -5.98526062 
3.59381366e-05 -9.91661539 -9.46713974 -8.26401753 -6.98671713 -5.98526062 
2.78255940e-05 -9.91661539 -9.46713974 -8.26401753 -6.98671713 -5.98526062 
2.15443469e-05 -9.91661539 -9.46713974 -8.26401753 -6.98671713 -5.98526062 
1.66810054e-05 -9.91661539 -9.46713974 -8.26401753 -6.98671713 -5.98526062 
1.29154967e-05 -9.91661539 -9.46713974 -8.26401753 -6.98671713 -5.98526062 
1.00000000e-05 -9.91661539 -9.46713974 -8.26401753 -6.98671713 -5.98526062 
7.74263683e-06 -9.91661539 -9.46713974 -8.26401753 -6.98671713 -5.98526062 
5.99484250e-06 -9.91661539 -9.46713974 -8.26401753 -6.98671713 -5.98526062 
4.64158883e-06 -9.91661539 -9.46713974 -8.26401753 -6.98671713 -5.98526062 
3.59381366e-06 -9.91661539 -9.46713974 -8.26401753 -6.98671713 -5.98526062 
2.78255940e-06 -9.91661539 -9.46713974 -8.26401753 -6.98671713 -5.98526062 
2.15443469e-06 -9.91661539 -9.46713974 -8.26401753 -6.98671713 -5.98526062 
1.66810054e-06 -9.91661539 -9.46713974 -8.26401753 -6.98671713 -5.98526062 
1.29154967e-06 -9.91661539 -9.46713974 -8.26401753 -6.98671713 -5.98526062 
1.00000000e-06 -9.91661539 -9.46713974 -8.26401753 -6.98671713 -5.98526062 
7.74263683e-07 -9.91661539 -9.46713974 -8.26401753 -6.98671713 -5.98526062 
5.99484250e-07 -9.91661539 -9.46713974 -8.26401753 -6.98671713 -5.98526062 
4.64158883e-07 -9.91661539 -9.46713974 -8.26401753 -6.98671713 -5.98526062 
3.59381366e-07 -9.91661539 -9.46713974 -8.26401753 -6.98671713 -5.98526062 
2.78255940e-07 -9.91661539 -9.46713974 -8.26401753 -6.98671713 -5.98526062 
2.15443469e-07 -9.91661539 -9.46713974 -8.26401753 -6.98671713 -5.98526062 
1.66810054e-07 -9.91661539 -9.46713974 -8.26401753 -6.98671713 -5.98526062 
1.29154967e-07 -9.91661539 -9.46713974 -8.26401753 -6.98671713 -5.98526062 
1.00000000e-07 -9.91661539 -9.46713974 -8.26401753 -6.98671713 -5.98526062 
7.74263683e-08 -9.91661539 -9.46713974 -8.26401753 -6.98671713 -5.98526062 
5.99484250e-08 -9.91661539 -9.46713974 -8.26401753 -6.98671713 -5.98526062 
4.64158883e-08 -9.91661539 -9.46713974 -8.26401753 -6.98671713 -5.98526062 
3.59381366e-08 -9.91661539 -9.46713974 -8.26401753 -6.98671713 -5.98526062 
2.78255940e-08 -9.91661539 -9.46713974 -8.26401753 -6.98671713 -5.98526062 
2.15443469e-08 -9.91661539 -9.46713974 -8.26401753 -6.98671713 -5.98526062 
1.66810054e-08 -9.91661539 -9.46713974 -8.26401753 -6.98671713 -5.98526062 
1.29154967e-08 -9.91661539 -9.46713974 -8.26401753 -6.98671713 -5.98526062 
1.00000000e-08 -9.91661539 -9.46713974 -8.26401753 -6.98671713 -5.98526062 
7.74263683e-09 -9.91661539 -9.46713974 -8.26401753 -6.98671713 -5.98526062 
5.99484250e-09 -9.91661539 -9.46713974 -8.26401753 -6.98671713 -5.98526062 
4.64158883e-09 -9.91661539 -9.46713974 -8.26401753 -6.98671713 -5.98526062 
3.59381366e-09 -9.91661539 -9.46713974 -8.26401753 -6.98671713 -5.98526062 
2.78255940e-09 -9.91661539 -9.46713974 -8.26401753 -6.98671713 -5.98526062 
2.15443469e-09 -9.91661539 -9.46713974 -8.26401753 -6.98671713 -5.98526062 
1.66810054e-09 -9.91661539 -9.46713974 -8.26401753 -6.98671713 -5.98526062 
1.29154967e-09 -9.91661539 -9.46713974 -8.26401753 -6.98671713 -5.98526062 
1.00000000e-09 -9.91661539 -9.46713974 -8.26401753 -6.98671713 -5.98526062 
7.74263683e-10 -9.91661539 -9.46713974 -8.26401753 -6.98671713 -5.98526062 
5.99484250e-10 -9.91661539 -9.46713974 -8.26401753 -6.98671713 -5.98526062 
4.64158883e-10 -9.91661539 -9.46713974 -8.26401753 -6.98671713 -5.98526062 
3.59381366e-10 -9.91661539 -9.46713974 -8.26401753 -6.98671713 -5.98526062 
2.78255940e-10 -9.91661539 -9.46713974 -8.26401753 -6.98671713 -5.98526062 
2.15443469e-10 -9.91661539 -9.46713974 -8.26401753 -6.98671713 -5.98526062 
1.66810054e-10 -9.91661539 -9.46713974 -8.26401753 -6.98671713 -5.98526062 
1.29154967e-10 -9.91661539 -9.46713974 -8.26401753 -6.98671713 -5.98526062 
1.00000000e-10 -9.91661539 -9.46713974 -8.26401753 -6.98671713 -5.98526062 
P (bar) | log_NH3: -2σ | log_NH3: -1σ | log_NH3: median | log_NH3: +1σ | log_NH3: +2σ 
1.00000000e+01 -9.85522756 -9.17609441 -7.46682333 -6.44336306 -5.93815145 
7.74263683e+00 -9.85522756 -9.17609441 -7.46682333 -6.44336306 -5.93815145 
5.99484250e+00 -9.85522756 -9.17609441 -7.46682333 -6.44336306 -5.93815145 
4.64158883e+00 -9.85522756 -9.17609441 -7.46682333 -6.44336306 -5.93815145 
3.59381366e+00 -9.85522756 -9.17609441 -7.46682333 -6.44336306 -5.93815145 
2.78255940e+00 -9.85522756 -9.17609441 -7.46682333 -6.44336306 -5.93815145 
2.15443469e+00 -9.85522756 -9.17609441 -7.46682333 -6.44336306 -5.93815145 
1.66810054e+00 -9.85522756 -9.17609441 -7.46682333 -6.44336306 -5.93815145 
1.29154967e+00 -9.85522756 -9.17609441 -7.46682333 -6.44336306 -5.93815145 
1.00000000e+00 -9.85522756 -9.17609441 -7.46682333 -6.44336306 -5.93815145 
7.74263683e-01 -9.85522756 -9.17609441 -7.46682333 -6.44336306 -5.93815145 
5.99484250e-01 -9.85522756 -9.17609441 -7.46682333 -6.44336306 -5.93815145 
4.64158883e-01 -9.85522756 -9.17609441 -7.46682333 -6.44336306 -5.93815145 
3.59381366e-01 -9.85522756 -9.17609441 -7.46682333 -6.44336306 -5.93815145 
2.78255940e-01 -9.85522756 -9.17609441 -7.46682333 -6.44336306 -5.93815145 
2.15443469e-01 -9.85522756 -9.17609441 -7.46682333 -6.44336306 -5.93815145 
1.66810054e-01 -9.85522756 -9.17609441 -7.46682333 -6.44336306 -5.93815145 
1.29154967e-01 -9.85522756 -9.17609441 -7.46682333 -6.44336306 -5.93815145 
1.00000000e-01 -9.85522756 -9.17609441 -7.46682333 -6.44336306 -5.93815145 
7.74263683e-02 -9.85522756 -9.17609441 -7.46682333 -6.44336306 -5.93815145 
5.99484250e-02 -9.85522756 -9.17609441 -7.46682333 -6.44336306 -5.93815145 
4.64158883e-02 -9.85522756 -9.17609441 -7.46682333 -6.44336306 -5.93815145 
3.59381366e-02 -9.85522756 -9.17609441 -7.46682333 -6.44336306 -5.93815145 
2.78255940e-02 -9.85522756 -9.17609441 -7.46682333 -6.44336306 -5.93815145 
2.15443469e-02 -9.85522756 -9.17609441 -7.46682333 -6.44336306 -5.93815145 
1.66810054e-02 -9.85522756 -9.17609441 -7.46682333 -6.44336306 -5.93815145 
1.29154967e-02 -9.85522756 -9.17609441 -7.46682333 -6.44336306 -5.93815145 
1.00000000e-02 -9.85522756 -9.17609441 -7.46682333 -6.44336306 -5.93815145 
7.74263683e-03 -9.85522756 -9.17609441 -7.46682333 -6.44336306 -5.93815145 
5.99484250e-03 -9.85522756 -9.17609441 -7.46682333 -6.44336306 -5.93815145 
4.64158883e-03 -9.85522756 -9.17609441 -7.46682333 -6.44336306 -5.93815145 
3.59381366e-03 -9.85522756 -9.17609441 -7.46682333 -6.44336306 -5.93815145 
2.78255940e-03 -9.85522756 -9.17609441 -7.46682333 -6.44336306 -5.93815145 
2.15443469e-03 -9.85522756 -9.17609441 -7.46682333 -6.44336306 -5.93815145 
1.66810054e-03 -9.85522756 -9.17609441 -7.46682333 -6.44336306 -5.93815145 
1.29154967e-03 -9.85522756 -9.17609441 -7.46682333 -6.44336306 -5.93815145 
1.00000000e-03 -9.85522756 -9.17609441 -7.46682333 -6.44336306 -5.93815145 
7.74263683e-04 -9.85522756 -9.17609441 -7.46682333 -6.44336306 -5.93815145 
5.99484250e-04 -9.85522756 -9.17609441 -7.46682333 -6.44336306 -5.93815145 
4.64158883e-04 -9.85522756 -9.17609441 -7.46682333 -6.44336306 -5.93815145 
3.59381366e-04 -9.85522756 -9.17609441 -7.46682333 -6.44336306 -5.93815145 
2.78255940e-04 -9.85522756 -9.17609441 -7.46682333 -6.44336306 -5.93815145 
2.15443469e-04 -9.85522756 -9.17609441 -7.46682333 -6.44336306 -5.93815145 
1.66810054e-04 -9.85522756 -9.17609441 -7.46682333 -6.44336306 -5.93815145 
1.29154967e-04 -9.85522756 -9.17609441 -7.46682333 -6.44336306 -5.93815145 
1.00000000e-04 -9.85522756 -9.17609441 -7.46682333 -6.44336306 -5.93815145 
7.74263683e-05 -9.85522756 -9.17609441 -7.46682333 -6.44336306 -5.93815145 
5.99484250e-05 -9.85522756 -9.17609441 -7.46682333 -6.44336306 -5.93815145 
4.64158883e-05 -9.85522756 -9.17609441 -7.46682333 -6.44336306 -5.93815145 
3.59381366e-05 -9.85522756 -9.17609441 -7.46682333 -6.44336306 -5.93815145 
2.78255940e-05 -9.85522756 -9.17609441 -7.46682333 -6.44336306 -5.93815145 
2.15443469e-05 -9.85522756 -9.17609441 -7.46682333 -6.44336306 -5.93815145 
1.66810054e-05 -9.85522756 -9.17609441 -7.46682333 -6.44336306 -5.93815145 
1.29154967e-05 -9.85522756 -9.17609441 -7.46682333 -6.44336306 -5.93815145 
1.00000000e-05 -9.85522756 -9.17609441 -7.46682333 -6.44336306 -5.93815145 
7.74263683e-06 -9.85522756 -9.17609441 -7.46682333 -6.44336306 -5.93815145 
5.99484250e-06 -9.85522756 -9.17609441 -7.46682333 -6.44336306 -5.93815145 
4.64158883e-06 -9.85522756 -9.17609441 -7.46682333 -6.44336306 -5.93815145 
3.59381366e-06 -9.85522756 -9.17609441 -7.46682333 -6.44336306 -5.93815145 
2.78255940e-06 -9.85522756 -9.17609441 -7.46682333 -6.44336306 -5.93815145 
2.15443469e-06 -9.85522756 -9.17609441 -7.46682333 -6.44336306 -5.93815145 
1.66810054e-06 -9.85522756 -9.17609441 -7.46682333 -6.44336306 -5.93815145 
1.29154967e-06 -9.85522756 -9.17609441 -7.46682333 -6.44336306 -5.93815145 
1.00000000e-06 -9.85522756 -9.17609441 -7.46682333 -6.44336306 -5.93815145 
7.74263683e-07 -9.85522756 -9.17609441 -7.46682333 -6.44336306 -5.93815145 
5.99484250e-07 -9.85522756 -9.17609441 -7.46682333 -6.44336306 -5.93815145 
4.64158883e-07 -9.85522756 -9.17609441 -7.46682333 -6.44336306 -5.93815145 
3.59381366e-07 -9.85522756 -9.17609441 -7.46682333 -6.44336306 -5.93815145 
2.78255940e-07 -9.85522756 -9.17609441 -7.46682333 -6.44336306 -5.93815145 
2.15443469e-07 -9.85522756 -9.17609441 -7.46682333 -6.44336306 -5.93815145 
1.66810054e-07 -9.85522756 -9.17609441 -7.46682333 -6.44336306 -5.93815145 
1.29154967e-07 -9.85522756 -9.17609441 -7.46682333 -6.44336306 -5.93815145 
1.00000000e-07 -9.85522756 -9.17609441 -7.46682333 -6.44336306 -5.93815145 
7.74263683e-08 -9.85522756 -9.17609441 -7.46682333 -6.44336306 -5.93815145 
5.99484250e-08 -9.85522756 -9.17609441 -7.46682333 -6.44336306 -5.93815145 
4.64158883e-08 -9.85522756 -9.17609441 -7.46682333 -6.44336306 -5.93815145 
3.59381366e-08 -9.85522756 -9.17609441 -7.46682333 -6.44336306 -5.93815145 
2.78255940e-08 -9.85522756 -9.17609441 -7.46682333 -6.44336306 -5.93815145 
2.15443469e-08 -9.85522756 -9.17609441 -7.46682333 -6.44336306 -5.93815145 
1.66810054e-08 -9.85522756 -9.17609441 -7.46682333 -6.44336306 -5.93815145 
1.29154967e-08 -9.85522756 -9.17609441 -7.46682333 -6.44336306 -5.93815145 
1.00000000e-08 -9.85522756 -9.17609441 -7.46682333 -6.44336306 -5.93815145 
7.74263683e-09 -9.85522756 -9.17609441 -7.46682333 -6.44336306 -5.93815145 
5.99484250e-09 -9.85522756 -9.17609441 -7.46682333 -6.44336306 -5.93815145 
4.64158883e-09 -9.85522756 -9.17609441 -7.46682333 -6.44336306 -5.93815145 
3.59381366e-09 -9.85522756 -9.17609441 -7.46682333 -6.44336306 -5.93815145 
2.78255940e-09 -9.85522756 -9.17609441 -7.46682333 -6.44336306 -5.93815145 
2.15443469e-09 -9.85522756 -9.17609441 -7.46682333 -6.44336306 -5.93815145 
1.66810054e-09 -9.85522756 -9.17609441 -7.46682333 -6.44336306 -5.93815145 
1.29154967e-09 -9.85522756 -9.17609441 -7.46682333 -6.44336306 -5.93815145 
1.00000000e-09 -9.85522756 -9.17609441 -7.46682333 -6.44336306 -5.93815145 
7.74263683e-10 -9.85522756 -9.17609441 -7.46682333 -6.44336306 -5.93815145 
5.99484250e-10 -9.85522756 -9.17609441 -7.46682333 -6.44336306 -5.93815145 
4.64158883e-10 -9.85522756 -9.17609441 -7.46682333 -6.44336306 -5.93815145 
3.59381366e-10 -9.85522756 -9.17609441 -7.46682333 -6.44336306 -5.93815145 
2.78255940e-10 -9.85522756 -9.17609441 -7.46682333 -6.44336306 -5.93815145 
2.15443469e-10 -9.85522756 -9.17609441 -7.46682333 -6.44336306 -5.93815145 
1.66810054e-10 -9.85522756 -9.17609441 -7.46682333 -6.44336306 -5.93815145 
1.29154967e-10 -9.85522756 -9.17609441 -7.46682333 -6.44336306 -5.93815145 
1.00000000e-10 -9.85522756 -9.17609441 -7.46682333 -6.44336306 -5.93815145 
