Chemical species: N2 H2O CO2 CH4 O2 O3 N2O NH3
P (bar) | log_N2: -2σ | log_N2: -1σ | log_N2: median | log_N2: +1σ | log_N2: +2σ 
1.00000000e+01 -0.05765377 -0.03265146 -0.00811558 -0.00110263 -0.00021398 
7.74263683e+00 -0.05765377 -0.03265146 -0.00811558 -0.00110263 -0.00021398 
5.99484250e+00 -0.05765377 -0.03265146 -0.00811558 -0.00110263 -0.00021398 
4.64158883e+00 -0.05765377 -0.03265146 -0.00811558 -0.00110263 -0.00021398 
3.59381366e+00 -0.05765377 -0.03265146 -0.00811558 -0.00110263 -0.00021398 
2.78255940e+00 -0.05765377 -0.03265146 -0.00811558 -0.00110263 -0.00021398 
2.15443469e+00 -0.05765377 -0.03265146 -0.00811558 -0.00110263 -0.00021398 
1.66810054e+00 -0.05765377 -0.03265146 -0.00811558 -0.00110263 -0.00021398 
1.29154967e+00 -0.05765377 -0.03265146 -0.00811558 -0.00110263 -0.00021398 
1.00000000e+00 -0.05765377 -0.03265146 -0.00811558 -0.00110263 -0.00021398 
7.74263683e-01 -0.05765377 -0.03265146 -0.00811558 -0.00110263 -0.00021398 
5.99484250e-01 -0.05765377 -0.03265146 -0.00811558 -0.00110263 -0.00021398 
4.64158883e-01 -0.05765377 -0.03265146 -0.00811558 -0.00110263 -0.00021398 
3.59381366e-01 -0.05765377 -0.03265146 -0.00811558 -0.00110263 -0.00021398 
2.78255940e-01 -0.05765377 -0.03265146 -0.00811558 -0.00110263 -0.00021398 
2.15443469e-01 -0.05765377 -0.03265146 -0.00811558 -0.00110263 -0.00021398 
1.66810054e-01 -0.05765377 -0.03265146 -0.00811558 -0.00110263 -0.00021398 
1.29154967e-01 -0.05765377 -0.03265146 -0.00811558 -0.00110263 -0.00021398 
1.00000000e-01 -0.05765377 -0.03265146 -0.00811558 -0.00110263 -0.00021398 
7.74263683e-02 -0.05765377 -0.03265146 -0.00811558 -0.00110263 -0.00021398 
5.99484250e-02 -0.05765377 -0.03265146 -0.00811558 -0.00110263 -0.00021398 
4.64158883e-02 -0.05765377 -0.03265146 -0.00811558 -0.00110263 -0.00021398 
3.59381366e-02 -0.05765377 -0.03265146 -0.00811558 -0.00110263 -0.00021398 
2.78255940e-02 -0.05765377 -0.03265146 -0.00811558 -0.00110263 -0.00021398 
2.15443469e-02 -0.05765377 -0.03265146 -0.00811558 -0.00110263 -0.00021398 
1.66810054e-02 -0.05765377 -0.03265146 -0.00811558 -0.00110263 -0.00021398 
1.29154967e-02 -0.05765377 -0.03265146 -0.00811558 -0.00110263 -0.00021398 
1.00000000e-02 -0.05765377 -0.03265146 -0.00811558 -0.00110263 -0.00021398 
7.74263683e-03 -0.05765377 -0.03265146 -0.00811558 -0.00110263 -0.00021398 
5.99484250e-03 -0.05765377 -0.03265146 -0.00811558 -0.00110263 -0.00021398 
4.64158883e-03 -0.05765377 -0.03265146 -0.00811558 -0.00110263 -0.00021398 
3.59381366e-03 -0.05765377 -0.03265146 -0.00811558 -0.00110263 -0.00021398 
2.78255940e-03 -0.05765377 -0.03265146 -0.00811558 -0.00110263 -0.00021398 
2.15443469e-03 -0.05765377 -0.03265146 -0.00811558 -0.00110263 -0.00021398 
1.66810054e-03 -0.05765377 -0.03265146 -0.00811558 -0.00110263 -0.00021398 
1.29154967e-03 -0.05765377 -0.03265146 -0.00811558 -0.00110263 -0.00021398 
1.00000000e-03 -0.05765377 -0.03265146 -0.00811558 -0.00110263 -0.00021398 
7.74263683e-04 -0.05765377 -0.03265146 -0.00811558 -0.00110263 -0.00021398 
5.99484250e-04 -0.05765377 -0.03265146 -0.00811558 -0.00110263 -0.00021398 
4.64158883e-04 -0.05765377 -0.03265146 -0.00811558 -0.00110263 -0.00021398 
3.59381366e-04 -0.05765377 -0.03265146 -0.00811558 -0.00110263 -0.00021398 
2.78255940e-04 -0.05765377 -0.03265146 -0.00811558 -0.00110263 -0.00021398 
2.15443469e-04 -0.05765377 -0.03265146 -0.00811558 -0.00110263 -0.00021398 
1.66810054e-04 -0.05765377 -0.03265146 -0.00811558 -0.00110263 -0.00021398 
1.29154967e-04 -0.05765377 -0.03265146 -0.00811558 -0.00110263 -0.00021398 
1.00000000e-04 -0.05765377 -0.03265146 -0.00811558 -0.00110263 -0.00021398 
7.74263683e-05 -0.05765377 -0.03265146 -0.00811558 -0.00110263 -0.00021398 
5.99484250e-05 -0.05765377 -0.03265146 -0.00811558 -0.00110263 -0.00021398 
4.64158883e-05 -0.05765377 -0.03265146 -0.00811558 -0.00110263 -0.00021398 
3.59381366e-05 -0.05765377 -0.03265146 -0.00811558 -0.00110263 -0.00021398 
2.78255940e-05 -0.05765377 -0.03265146 -0.00811558 -0.00110263 -0.00021398 
2.15443469e-05 -0.05765377 -0.03265146 -0.00811558 -0.00110263 -0.00021398 
1.66810054e-05 -0.05765377 -0.03265146 -0.00811558 -0.00110263 -0.00021398 
1.29154967e-05 -0.05765377 -0.03265146 -0.00811558 -0.00110263 -0.00021398 
1.00000000e-05 -0.05765377 -0.03265146 -0.00811558 -0.00110263 -0.00021398 
7.74263683e-06 -0.05765377 -0.03265146 -0.00811558 -0.00110263 -0.00021398 
5.99484250e-06 -0.05765377 -0.03265146 -0.00811558 -0.00110263 -0.00021398 
4.64158883e-06 -0.05765377 -0.03265146 -0.00811558 -0.00110263 -0.00021398 
3.59381366e-06 -0.05765377 -0.03265146 -0.00811558 -0.00110263 -0.00021398 
2.78255940e-06 -0.05765377 -0.03265146 -0.00811558 -0.00110263 -0.00021398 
2.15443469e-06 -0.05765377 -0.03265146 -0.00811558 -0.00110263 -0.00021398 
1.66810054e-06 -0.05765377 -0.03265146 -0.00811558 -0.00110263 -0.00021398 
1.29154967e-06 -0.05765377 -0.03265146 -0.00811558 -0.00110263 -0.00021398 
1.00000000e-06 -0.05765377 -0.03265146 -0.00811558 -0.00110263 -0.00021398 
7.74263683e-07 -0.05765377 -0.03265146 -0.00811558 -0.00110263 -0.00021398 
5.99484250e-07 -0.05765377 -0.03265146 -0.00811558 -0.00110263 -0.00021398 
4.64158883e-07 -0.05765377 -0.03265146 -0.00811558 -0.00110263 -0.00021398 
3.59381366e-07 -0.05765377 -0.03265146 -0.00811558 -0.00110263 -0.00021398 
2.78255940e-07 -0.05765377 -0.03265146 -0.00811558 -0.00110263 -0.00021398 
2.15443469e-07 -0.05765377 -0.03265146 -0.00811558 -0.00110263 -0.00021398 
1.66810054e-07 -0.05765377 -0.03265146 -0.00811558 -0.00110263 -0.00021398 
1.29154967e-07 -0.05765377 -0.03265146 -0.00811558 -0.00110263 -0.00021398 
1.00000000e-07 -0.05765377 -0.03265146 -0.00811558 -0.00110263 -0.00021398 
7.74263683e-08 -0.05765377 -0.03265146 -0.00811558 -0.00110263 -0.00021398 
5.99484250e-08 -0.05765377 -0.03265146 -0.00811558 -0.00110263 -0.00021398 
4.64158883e-08 -0.05765377 -0.03265146 -0.00811558 -0.00110263 -0.00021398 
3.59381366e-08 -0.05765377 -0.03265146 -0.00811558 -0.00110263 -0.00021398 
2.78255940e-08 -0.05765377 -0.03265146 -0.00811558 -0.00110263 -0.00021398 
2.15443469e-08 -0.05765377 -0.03265146 -0.00811558 -0.00110263 -0.00021398 
1.66810054e-08 -0.05765377 -0.03265146 -0.00811558 -0.00110263 -0.00021398 
1.29154967e-08 -0.05765377 -0.03265146 -0.00811558 -0.00110263 -0.00021398 
1.00000000e-08 -0.05765377 -0.03265146 -0.00811558 -0.00110263 -0.00021398 
7.74263683e-09 -0.05765377 -0.03265146 -0.00811558 -0.00110263 -0.00021398 
5.99484250e-09 -0.05765377 -0.03265146 -0.00811558 -0.00110263 -0.00021398 
4.64158883e-09 -0.05765377 -0.03265146 -0.00811558 -0.00110263 -0.00021398 
3.59381366e-09 -0.05765377 -0.03265146 -0.00811558 -0.00110263 -0.00021398 
2.78255940e-09 -0.05765377 -0.03265146 -0.00811558 -0.00110263 -0.00021398 
2.15443469e-09 -0.05765377 -0.03265146 -0.00811558 -0.00110263 -0.00021398 
1.66810054e-09 -0.05765377 -0.03265146 -0.00811558 -0.00110263 -0.00021398 
1.29154967e-09 -0.05765377 -0.03265146 -0.00811558 -0.00110263 -0.00021398 
1.00000000e-09 -0.05765377 -0.03265146 -0.00811558 -0.00110263 -0.00021398 
7.74263683e-10 -0.05765377 -0.03265146 -0.00811558 -0.00110263 -0.00021398 
5.99484250e-10 -0.05765377 -0.03265146 -0.00811558 -0.00110263 -0.00021398 
4.64158883e-10 -0.05765377 -0.03265146 -0.00811558 -0.00110263 -0.00021398 
3.59381366e-10 -0.05765377 -0.03265146 -0.00811558 -0.00110263 -0.00021398 
2.78255940e-10 -0.05765377 -0.03265146 -0.00811558 -0.00110263 -0.00021398 
2.15443469e-10 -0.05765377 -0.03265146 -0.00811558 -0.00110263 -0.00021398 
1.66810054e-10 -0.05765377 -0.03265146 -0.00811558 -0.00110263 -0.00021398 
1.29154967e-10 -0.05765377 -0.03265146 -0.00811558 -0.00110263 -0.00021398 
1.00000000e-10 -0.05765377 -0.03265146 -0.00811558 -0.00110263 -0.00021398 
P (bar) | log_H2O: -2σ | log_H2O: -1σ | log_H2O: median | log_H2O: +1σ | log_H2O: +2σ 
1.00000000e+01 -9.03715166 -5.79959613 -4.28741036 -3.47585674 -2.62944228 
7.74263683e+00 -9.03715166 -5.79959613 -4.28741036 -3.47585674 -2.62944228 
5.99484250e+00 -9.03715166 -5.79959613 -4.28741036 -3.47585674 -2.62944228 
4.64158883e+00 -9.03715166 -5.79959613 -4.28741036 -3.47585674 -2.62944228 
3.59381366e+00 -9.03715166 -5.79959613 -4.28741036 -3.47585674 -2.62944228 
2.78255940e+00 -9.03715166 -5.79959613 -4.28741036 -3.47585674 -2.62944228 
2.15443469e+00 -9.03715166 -5.79959613 -4.28741036 -3.47585674 -2.62944228 
1.66810054e+00 -9.03715166 -5.79959613 -4.28741036 -3.47585674 -2.62944228 
1.29154967e+00 -9.03715166 -5.79959613 -4.28741036 -3.47585674 -2.62944228 
1.00000000e+00 -9.03715166 -5.79959613 -4.28741036 -3.47585674 -2.62944228 
7.74263683e-01 -9.03715166 -5.79959613 -4.28741036 -3.47585674 -2.62944228 
5.99484250e-01 -9.03715166 -5.79959613 -4.28741036 -3.47585674 -2.62944228 
4.64158883e-01 -9.03715166 -5.79959613 -4.28741036 -3.47585674 -2.62944228 
3.59381366e-01 -9.03715166 -5.79959613 -4.28741036 -3.47585674 -2.62944228 
2.78255940e-01 -9.03715166 -5.79959613 -4.28741036 -3.47585674 -2.62944228 
2.15443469e-01 -9.03715166 -5.79959613 -4.28741036 -3.47585674 -2.62944228 
1.66810054e-01 -9.03715166 -5.79959613 -4.28741036 -3.47585674 -2.62944228 
1.29154967e-01 -9.03715166 -5.79959613 -4.28741036 -3.47585674 -2.62944228 
1.00000000e-01 -9.03715166 -5.79959613 -4.28741036 -3.47585674 -2.62944228 
7.74263683e-02 -9.03715166 -5.79959613 -4.28741036 -3.47585674 -2.62944228 
5.99484250e-02 -9.03715166 -5.79959613 -4.28741036 -3.47585674 -2.62944228 
4.64158883e-02 -9.03715166 -5.79959613 -4.28741036 -3.47585674 -2.62944228 
3.59381366e-02 -9.03715166 -5.79959613 -4.28741036 -3.47585674 -2.62944228 
2.78255940e-02 -9.03715166 -5.79959613 -4.28741036 -3.47585674 -2.62944228 
2.15443469e-02 -9.03715166 -5.79959613 -4.28741036 -3.47585674 -2.62944228 
1.66810054e-02 -9.03715166 -5.79959613 -4.28741036 -3.47585674 -2.62944228 
1.29154967e-02 -9.03715166 -5.79959613 -4.28741036 -3.47585674 -2.62944228 
1.00000000e-02 -9.03715166 -5.79959613 -4.28741036 -3.47585674 -2.62944228 
7.74263683e-03 -9.03715166 -5.79959613 -4.28741036 -3.47585674 -2.62944228 
5.99484250e-03 -9.03715166 -5.79959613 -4.28741036 -3.47585674 -2.62944228 
4.64158883e-03 -9.03715166 -5.79959613 -4.28741036 -3.47585674 -2.62944228 
3.59381366e-03 -9.03715166 -5.79959613 -4.28741036 -3.47585674 -2.62944228 
2.78255940e-03 -9.03715166 -5.79959613 -4.28741036 -3.47585674 -2.62944228 
2.15443469e-03 -9.03715166 -5.79959613 -4.28741036 -3.47585674 -2.62944228 
1.66810054e-03 -9.03715166 -5.79959613 -4.28741036 -3.47585674 -2.62944228 
1.29154967e-03 -9.03715166 -5.79959613 -4.28741036 -3.47585674 -2.62944228 
1.00000000e-03 -9.03715166 -5.79959613 -4.28741036 -3.47585674 -2.62944228 
7.74263683e-04 -9.03715166 -5.79959613 -4.28741036 -3.47585674 -2.62944228 
5.99484250e-04 -9.03715166 -5.79959613 -4.28741036 -3.47585674 -2.62944228 
4.64158883e-04 -9.03715166 -5.79959613 -4.28741036 -3.47585674 -2.62944228 
3.59381366e-04 -9.03715166 -5.79959613 -4.28741036 -3.47585674 -2.62944228 
2.78255940e-04 -9.03715166 -5.79959613 -4.28741036 -3.47585674 -2.62944228 
2.15443469e-04 -9.03715166 -5.79959613 -4.28741036 -3.47585674 -2.62944228 
1.66810054e-04 -9.03715166 -5.79959613 -4.28741036 -3.47585674 -2.62944228 
1.29154967e-04 -9.03715166 -5.79959613 -4.28741036 -3.47585674 -2.62944228 
1.00000000e-04 -9.03715166 -5.79959613 -4.28741036 -3.47585674 -2.62944228 
7.74263683e-05 -9.03715166 -5.79959613 -4.28741036 -3.47585674 -2.62944228 
5.99484250e-05 -9.03715166 -5.79959613 -4.28741036 -3.47585674 -2.62944228 
4.64158883e-05 -9.03715166 -5.79959613 -4.28741036 -3.47585674 -2.62944228 
3.59381366e-05 -9.03715166 -5.79959613 -4.28741036 -3.47585674 -2.62944228 
2.78255940e-05 -9.03715166 -5.79959613 -4.28741036 -3.47585674 -2.62944228 
2.15443469e-05 -9.03715166 -5.79959613 -4.28741036 -3.47585674 -2.62944228 
1.66810054e-05 -9.03715166 -5.79959613 -4.28741036 -3.47585674 -2.62944228 
1.29154967e-05 -9.03715166 -5.79959613 -4.28741036 -3.47585674 -2.62944228 
1.00000000e-05 -9.03715166 -5.79959613 -4.28741036 -3.47585674 -2.62944228 
7.74263683e-06 -9.03715166 -5.79959613 -4.28741036 -3.47585674 -2.62944228 
5.99484250e-06 -9.03715166 -5.79959613 -4.28741036 -3.47585674 -2.62944228 
4.64158883e-06 -9.03715166 -5.79959613 -4.28741036 -3.47585674 -2.62944228 
3.59381366e-06 -9.03715166 -5.79959613 -4.28741036 -3.47585674 -2.62944228 
2.78255940e-06 -9.03715166 -5.79959613 -4.28741036 -3.47585674 -2.62944228 
2.15443469e-06 -9.03715166 -5.79959613 -4.28741036 -3.47585674 -2.62944228 
1.66810054e-06 -9.03715166 -5.79959613 -4.28741036 -3.47585674 -2.62944228 
1.29154967e-06 -9.03715166 -5.79959613 -4.28741036 -3.47585674 -2.62944228 
1.00000000e-06 -9.03715166 -5.79959613 -4.28741036 -3.47585674 -2.62944228 
7.74263683e-07 -9.03715166 -5.79959613 -4.28741036 -3.47585674 -2.62944228 
5.99484250e-07 -9.03715166 -5.79959613 -4.28741036 -3.47585674 -2.62944228 
4.64158883e-07 -9.03715166 -5.79959613 -4.28741036 -3.47585674 -2.62944228 
3.59381366e-07 -9.03715166 -5.79959613 -4.28741036 -3.47585674 -2.62944228 
2.78255940e-07 -9.03715166 -5.79959613 -4.28741036 -3.47585674 -2.62944228 
2.15443469e-07 -9.03715166 -5.79959613 -4.28741036 -3.47585674 -2.62944228 
1.66810054e-07 -9.03715166 -5.79959613 -4.28741036 -3.47585674 -2.62944228 
1.29154967e-07 -9.03715166 -5.79959613 -4.28741036 -3.47585674 -2.62944228 
1.00000000e-07 -9.03715166 -5.79959613 -4.28741036 -3.47585674 -2.62944228 
7.74263683e-08 -9.03715166 -5.79959613 -4.28741036 -3.47585674 -2.62944228 
5.99484250e-08 -9.03715166 -5.79959613 -4.28741036 -3.47585674 -2.62944228 
4.64158883e-08 -9.03715166 -5.79959613 -4.28741036 -3.47585674 -2.62944228 
3.59381366e-08 -9.03715166 -5.79959613 -4.28741036 -3.47585674 -2.62944228 
2.78255940e-08 -9.03715166 -5.79959613 -4.28741036 -3.47585674 -2.62944228 
2.15443469e-08 -9.03715166 -5.79959613 -4.28741036 -3.47585674 -2.62944228 
1.66810054e-08 -9.03715166 -5.79959613 -4.28741036 -3.47585674 -2.62944228 
1.29154967e-08 -9.03715166 -5.79959613 -4.28741036 -3.47585674 -2.62944228 
1.00000000e-08 -9.03715166 -5.79959613 -4.28741036 -3.47585674 -2.62944228 
7.74263683e-09 -9.03715166 -5.79959613 -4.28741036 -3.47585674 -2.62944228 
5.99484250e-09 -9.03715166 -5.79959613 -4.28741036 -3.47585674 -2.62944228 
4.64158883e-09 -9.03715166 -5.79959613 -4.28741036 -3.47585674 -2.62944228 
3.59381366e-09 -9.03715166 -5.79959613 -4.28741036 -3.47585674 -2.62944228 
2.78255940e-09 -9.03715166 -5.79959613 -4.28741036 -3.47585674 -2.62944228 
2.15443469e-09 -9.03715166 -5.79959613 -4.28741036 -3.47585674 -2.62944228 
1.66810054e-09 -9.03715166 -5.79959613 -4.28741036 -3.47585674 -2.62944228 
1.29154967e-09 -9.03715166 -5.79959613 -4.28741036 -3.47585674 -2.62944228 
1.00000000e-09 -9.03715166 -5.79959613 -4.28741036 -3.47585674 -2.62944228 
7.74263683e-10 -9.03715166 -5.79959613 -4.28741036 -3.47585674 -2.62944228 
5.99484250e-10 -9.03715166 -5.79959613 -4.28741036 -3.47585674 -2.62944228 
4.64158883e-10 -9.03715166 -5.79959613 -4.28741036 -3.47585674 -2.62944228 
3.59381366e-10 -9.03715166 -5.79959613 -4.28741036 -3.47585674 -2.62944228 
2.78255940e-10 -9.03715166 -5.79959613 -4.28741036 -3.47585674 -2.62944228 
2.15443469e-10 -9.03715166 -5.79959613 -4.28741036 -3.47585674 -2.62944228 
1.66810054e-10 -9.03715166 -5.79959613 -4.28741036 -3.47585674 -2.62944228 
1.29154967e-10 -9.03715166 -5.79959613 -4.28741036 -3.47585674 -2.62944228 
1.00000000e-10 -9.03715166 -5.79959613 -4.28741036 -3.47585674 -2.62944228 
P (bar) | log_CO2: -2σ | log_CO2: -1σ | log_CO2: median | log_CO2: +1σ | log_CO2: +2σ 
1.00000000e+01 -3.72697516 -2.90990507 -2.11606060 -1.39058302 -1.05385771 
7.74263683e+00 -3.72697516 -2.90990507 -2.11606060 -1.39058302 -1.05385771 
5.99484250e+00 -3.72697516 -2.90990507 -2.11606060 -1.39058302 -1.05385771 
4.64158883e+00 -3.72697516 -2.90990507 -2.11606060 -1.39058302 -1.05385771 
3.59381366e+00 -3.72697516 -2.90990507 -2.11606060 -1.39058302 -1.05385771 
2.78255940e+00 -3.72697516 -2.90990507 -2.11606060 -1.39058302 -1.05385771 
2.15443469e+00 -3.72697516 -2.90990507 -2.11606060 -1.39058302 -1.05385771 
1.66810054e+00 -3.72697516 -2.90990507 -2.11606060 -1.39058302 -1.05385771 
1.29154967e+00 -3.72697516 -2.90990507 -2.11606060 -1.39058302 -1.05385771 
1.00000000e+00 -3.72697516 -2.90990507 -2.11606060 -1.39058302 -1.05385771 
7.74263683e-01 -3.72697516 -2.90990507 -2.11606060 -1.39058302 -1.05385771 
5.99484250e-01 -3.72697516 -2.90990507 -2.11606060 -1.39058302 -1.05385771 
4.64158883e-01 -3.72697516 -2.90990507 -2.11606060 -1.39058302 -1.05385771 
3.59381366e-01 -3.72697516 -2.90990507 -2.11606060 -1.39058302 -1.05385771 
2.78255940e-01 -3.72697516 -2.90990507 -2.11606060 -1.39058302 -1.05385771 
2.15443469e-01 -3.72697516 -2.90990507 -2.11606060 -1.39058302 -1.05385771 
1.66810054e-01 -3.72697516 -2.90990507 -2.11606060 -1.39058302 -1.05385771 
1.29154967e-01 -3.72697516 -2.90990507 -2.11606060 -1.39058302 -1.05385771 
1.00000000e-01 -3.72697516 -2.90990507 -2.11606060 -1.39058302 -1.05385771 
7.74263683e-02 -3.72697516 -2.90990507 -2.11606060 -1.39058302 -1.05385771 
5.99484250e-02 -3.72697516 -2.90990507 -2.11606060 -1.39058302 -1.05385771 
4.64158883e-02 -3.72697516 -2.90990507 -2.11606060 -1.39058302 -1.05385771 
3.59381366e-02 -3.72697516 -2.90990507 -2.11606060 -1.39058302 -1.05385771 
2.78255940e-02 -3.72697516 -2.90990507 -2.11606060 -1.39058302 -1.05385771 
2.15443469e-02 -3.72697516 -2.90990507 -2.11606060 -1.39058302 -1.05385771 
1.66810054e-02 -3.72697516 -2.90990507 -2.11606060 -1.39058302 -1.05385771 
1.29154967e-02 -3.72697516 -2.90990507 -2.11606060 -1.39058302 -1.05385771 
1.00000000e-02 -3.72697516 -2.90990507 -2.11606060 -1.39058302 -1.05385771 
7.74263683e-03 -3.72697516 -2.90990507 -2.11606060 -1.39058302 -1.05385771 
5.99484250e-03 -3.72697516 -2.90990507 -2.11606060 -1.39058302 -1.05385771 
4.64158883e-03 -3.72697516 -2.90990507 -2.11606060 -1.39058302 -1.05385771 
3.59381366e-03 -3.72697516 -2.90990507 -2.11606060 -1.39058302 -1.05385771 
2.78255940e-03 -3.72697516 -2.90990507 -2.11606060 -1.39058302 -1.05385771 
2.15443469e-03 -3.72697516 -2.90990507 -2.11606060 -1.39058302 -1.05385771 
1.66810054e-03 -3.72697516 -2.90990507 -2.11606060 -1.39058302 -1.05385771 
1.29154967e-03 -3.72697516 -2.90990507 -2.11606060 -1.39058302 -1.05385771 
1.00000000e-03 -3.72697516 -2.90990507 -2.11606060 -1.39058302 -1.05385771 
7.74263683e-04 -3.72697516 -2.90990507 -2.11606060 -1.39058302 -1.05385771 
5.99484250e-04 -3.72697516 -2.90990507 -2.11606060 -1.39058302 -1.05385771 
4.64158883e-04 -3.72697516 -2.90990507 -2.11606060 -1.39058302 -1.05385771 
3.59381366e-04 -3.72697516 -2.90990507 -2.11606060 -1.39058302 -1.05385771 
2.78255940e-04 -3.72697516 -2.90990507 -2.11606060 -1.39058302 -1.05385771 
2.15443469e-04 -3.72697516 -2.90990507 -2.11606060 -1.39058302 -1.05385771 
1.66810054e-04 -3.72697516 -2.90990507 -2.11606060 -1.39058302 -1.05385771 
1.29154967e-04 -3.72697516 -2.90990507 -2.11606060 -1.39058302 -1.05385771 
1.00000000e-04 -3.72697516 -2.90990507 -2.11606060 -1.39058302 -1.05385771 
7.74263683e-05 -3.72697516 -2.90990507 -2.11606060 -1.39058302 -1.05385771 
5.99484250e-05 -3.72697516 -2.90990507 -2.11606060 -1.39058302 -1.05385771 
4.64158883e-05 -3.72697516 -2.90990507 -2.11606060 -1.39058302 -1.05385771 
3.59381366e-05 -3.72697516 -2.90990507 -2.11606060 -1.39058302 -1.05385771 
2.78255940e-05 -3.72697516 -2.90990507 -2.11606060 -1.39058302 -1.05385771 
2.15443469e-05 -3.72697516 -2.90990507 -2.11606060 -1.39058302 -1.05385771 
1.66810054e-05 -3.72697516 -2.90990507 -2.11606060 -1.39058302 -1.05385771 
1.29154967e-05 -3.72697516 -2.90990507 -2.11606060 -1.39058302 -1.05385771 
1.00000000e-05 -3.72697516 -2.90990507 -2.11606060 -1.39058302 -1.05385771 
7.74263683e-06 -3.72697516 -2.90990507 -2.11606060 -1.39058302 -1.05385771 
5.99484250e-06 -3.72697516 -2.90990507 -2.11606060 -1.39058302 -1.05385771 
4.64158883e-06 -3.72697516 -2.90990507 -2.11606060 -1.39058302 -1.05385771 
3.59381366e-06 -3.72697516 -2.90990507 -2.11606060 -1.39058302 -1.05385771 
2.78255940e-06 -3.72697516 -2.90990507 -2.11606060 -1.39058302 -1.05385771 
2.15443469e-06 -3.72697516 -2.90990507 -2.11606060 -1.39058302 -1.05385771 
1.66810054e-06 -3.72697516 -2.90990507 -2.11606060 -1.39058302 -1.05385771 
1.29154967e-06 -3.72697516 -2.90990507 -2.11606060 -1.39058302 -1.05385771 
1.00000000e-06 -3.72697516 -2.90990507 -2.11606060 -1.39058302 -1.05385771 
7.74263683e-07 -3.72697516 -2.90990507 -2.11606060 -1.39058302 -1.05385771 
5.99484250e-07 -3.72697516 -2.90990507 -2.11606060 -1.39058302 -1.05385771 
4.64158883e-07 -3.72697516 -2.90990507 -2.11606060 -1.39058302 -1.05385771 
3.59381366e-07 -3.72697516 -2.90990507 -2.11606060 -1.39058302 -1.05385771 
2.78255940e-07 -3.72697516 -2.90990507 -2.11606060 -1.39058302 -1.05385771 
2.15443469e-07 -3.72697516 -2.90990507 -2.11606060 -1.39058302 -1.05385771 
1.66810054e-07 -3.72697516 -2.90990507 -2.11606060 -1.39058302 -1.05385771 
1.29154967e-07 -3.72697516 -2.90990507 -2.11606060 -1.39058302 -1.05385771 
1.00000000e-07 -3.72697516 -2.90990507 -2.11606060 -1.39058302 -1.05385771 
7.74263683e-08 -3.72697516 -2.90990507 -2.11606060 -1.39058302 -1.05385771 
5.99484250e-08 -3.72697516 -2.90990507 -2.11606060 -1.39058302 -1.05385771 
4.64158883e-08 -3.72697516 -2.90990507 -2.11606060 -1.39058302 -1.05385771 
3.59381366e-08 -3.72697516 -2.90990507 -2.11606060 -1.39058302 -1.05385771 
2.78255940e-08 -3.72697516 -2.90990507 -2.11606060 -1.39058302 -1.05385771 
2.15443469e-08 -3.72697516 -2.90990507 -2.11606060 -1.39058302 -1.05385771 
1.66810054e-08 -3.72697516 -2.90990507 -2.11606060 -1.39058302 -1.05385771 
1.29154967e-08 -3.72697516 -2.90990507 -2.11606060 -1.39058302 -1.05385771 
1.00000000e-08 -3.72697516 -2.90990507 -2.11606060 -1.39058302 -1.05385771 
7.74263683e-09 -3.72697516 -2.90990507 -2.11606060 -1.39058302 -1.05385771 
5.99484250e-09 -3.72697516 -2.90990507 -2.11606060 -1.39058302 -1.05385771 
4.64158883e-09 -3.72697516 -2.90990507 -2.11606060 -1.39058302 -1.05385771 
3.59381366e-09 -3.72697516 -2.90990507 -2.11606060 -1.39058302 -1.05385771 
2.78255940e-09 -3.72697516 -2.90990507 -2.11606060 -1.39058302 -1.05385771 
2.15443469e-09 -3.72697516 -2.90990507 -2.11606060 -1.39058302 -1.05385771 
1.66810054e-09 -3.72697516 -2.90990507 -2.11606060 -1.39058302 -1.05385771 
1.29154967e-09 -3.72697516 -2.90990507 -2.11606060 -1.39058302 -1.05385771 
1.00000000e-09 -3.72697516 -2.90990507 -2.11606060 -1.39058302 -1.05385771 
7.74263683e-10 -3.72697516 -2.90990507 -2.11606060 -1.39058302 -1.05385771 
5.99484250e-10 -3.72697516 -2.90990507 -2.11606060 -1.39058302 -1.05385771 
4.64158883e-10 -3.72697516 -2.90990507 -2.11606060 -1.39058302 -1.05385771 
3.59381366e-10 -3.72697516 -2.90990507 -2.11606060 -1.39058302 -1.05385771 
2.78255940e-10 -3.72697516 -2.90990507 -2.11606060 -1.39058302 -1.05385771 
2.15443469e-10 -3.72697516 -2.90990507 -2.11606060 -1.39058302 -1.05385771 
1.66810054e-10 -3.72697516 -2.90990507 -2.11606060 -1.39058302 -1.05385771 
1.29154967e-10 -3.72697516 -2.90990507 -2.11606060 -1.39058302 -1.05385771 
1.00000000e-10 -3.72697516 -2.90990507 -2.11606060 -1.39058302 -1.05385771 
P (bar) | log_CH4: -2σ | log_CH4: -1σ | log_CH4: median | log_CH4: +1σ | log_CH4: +2σ 
1.00000000e+01 -4.49455715 -4.14243015 -3.72479411 -3.28288310 -2.92155267 
7.74263683e+00 -4.49455715 -4.14243015 -3.72479411 -3.28288310 -2.92155267 
5.99484250e+00 -4.49455715 -4.14243015 -3.72479411 -3.28288310 -2.92155267 
4.64158883e+00 -4.49455715 -4.14243015 -3.72479411 -3.28288310 -2.92155267 
3.59381366e+00 -4.49455715 -4.14243015 -3.72479411 -3.28288310 -2.92155267 
2.78255940e+00 -4.49455715 -4.14243015 -3.72479411 -3.28288310 -2.92155267 
2.15443469e+00 -4.49455715 -4.14243015 -3.72479411 -3.28288310 -2.92155267 
1.66810054e+00 -4.49455715 -4.14243015 -3.72479411 -3.28288310 -2.92155267 
1.29154967e+00 -4.49455715 -4.14243015 -3.72479411 -3.28288310 -2.92155267 
1.00000000e+00 -4.49455715 -4.14243015 -3.72479411 -3.28288310 -2.92155267 
7.74263683e-01 -4.49455715 -4.14243015 -3.72479411 -3.28288310 -2.92155267 
5.99484250e-01 -4.49455715 -4.14243015 -3.72479411 -3.28288310 -2.92155267 
4.64158883e-01 -4.49455715 -4.14243015 -3.72479411 -3.28288310 -2.92155267 
3.59381366e-01 -4.49455715 -4.14243015 -3.72479411 -3.28288310 -2.92155267 
2.78255940e-01 -4.49455715 -4.14243015 -3.72479411 -3.28288310 -2.92155267 
2.15443469e-01 -4.49455715 -4.14243015 -3.72479411 -3.28288310 -2.92155267 
1.66810054e-01 -4.49455715 -4.14243015 -3.72479411 -3.28288310 -2.92155267 
1.29154967e-01 -4.49455715 -4.14243015 -3.72479411 -3.28288310 -2.92155267 
1.00000000e-01 -4.49455715 -4.14243015 -3.72479411 -3.28288310 -2.92155267 
7.74263683e-02 -4.49455715 -4.14243015 -3.72479411 -3.28288310 -2.92155267 
5.99484250e-02 -4.49455715 -4.14243015 -3.72479411 -3.28288310 -2.92155267 
4.64158883e-02 -4.49455715 -4.14243015 -3.72479411 -3.28288310 -2.92155267 
3.59381366e-02 -4.49455715 -4.14243015 -3.72479411 -3.28288310 -2.92155267 
2.78255940e-02 -4.49455715 -4.14243015 -3.72479411 -3.28288310 -2.92155267 
2.15443469e-02 -4.49455715 -4.14243015 -3.72479411 -3.28288310 -2.92155267 
1.66810054e-02 -4.49455715 -4.14243015 -3.72479411 -3.28288310 -2.92155267 
1.29154967e-02 -4.49455715 -4.14243015 -3.72479411 -3.28288310 -2.92155267 
1.00000000e-02 -4.49455715 -4.14243015 -3.72479411 -3.28288310 -2.92155267 
7.74263683e-03 -4.49455715 -4.14243015 -3.72479411 -3.28288310 -2.92155267 
5.99484250e-03 -4.49455715 -4.14243015 -3.72479411 -3.28288310 -2.92155267 
4.64158883e-03 -4.49455715 -4.14243015 -3.72479411 -3.28288310 -2.92155267 
3.59381366e-03 -4.49455715 -4.14243015 -3.72479411 -3.28288310 -2.92155267 
2.78255940e-03 -4.49455715 -4.14243015 -3.72479411 -3.28288310 -2.92155267 
2.15443469e-03 -4.49455715 -4.14243015 -3.72479411 -3.28288310 -2.92155267 
1.66810054e-03 -4.49455715 -4.14243015 -3.72479411 -3.28288310 -2.92155267 
1.29154967e-03 -4.49455715 -4.14243015 -3.72479411 -3.28288310 -2.92155267 
1.00000000e-03 -4.49455715 -4.14243015 -3.72479411 -3.28288310 -2.92155267 
7.74263683e-04 -4.49455715 -4.14243015 -3.72479411 -3.28288310 -2.92155267 
5.99484250e-04 -4.49455715 -4.14243015 -3.72479411 -3.28288310 -2.92155267 
4.64158883e-04 -4.49455715 -4.14243015 -3.72479411 -3.28288310 -2.92155267 
3.59381366e-04 -4.49455715 -4.14243015 -3.72479411 -3.28288310 -2.92155267 
2.78255940e-04 -4.49455715 -4.14243015 -3.72479411 -3.28288310 -2.92155267 
2.15443469e-04 -4.49455715 -4.14243015 -3.72479411 -3.28288310 -2.92155267 
1.66810054e-04 -4.49455715 -4.14243015 -3.72479411 -3.28288310 -2.92155267 
1.29154967e-04 -4.49455715 -4.14243015 -3.72479411 -3.28288310 -2.92155267 
1.00000000e-04 -4.49455715 -4.14243015 -3.72479411 -3.28288310 -2.92155267 
7.74263683e-05 -4.49455715 -4.14243015 -3.72479411 -3.28288310 -2.92155267 
5.99484250e-05 -4.49455715 -4.14243015 -3.72479411 -3.28288310 -2.92155267 
4.64158883e-05 -4.49455715 -4.14243015 -3.72479411 -3.28288310 -2.92155267 
3.59381366e-05 -4.49455715 -4.14243015 -3.72479411 -3.28288310 -2.92155267 
2.78255940e-05 -4.49455715 -4.14243015 -3.72479411 -3.28288310 -2.92155267 
2.15443469e-05 -4.49455715 -4.14243015 -3.72479411 -3.28288310 -2.92155267 
1.66810054e-05 -4.49455715 -4.14243015 -3.72479411 -3.28288310 -2.92155267 
1.29154967e-05 -4.49455715 -4.14243015 -3.72479411 -3.28288310 -2.92155267 
1.00000000e-05 -4.49455715 -4.14243015 -3.72479411 -3.28288310 -2.92155267 
7.74263683e-06 -4.49455715 -4.14243015 -3.72479411 -3.28288310 -2.92155267 
5.99484250e-06 -4.49455715 -4.14243015 -3.72479411 -3.28288310 -2.92155267 
4.64158883e-06 -4.49455715 -4.14243015 -3.72479411 -3.28288310 -2.92155267 
3.59381366e-06 -4.49455715 -4.14243015 -3.72479411 -3.28288310 -2.92155267 
2.78255940e-06 -4.49455715 -4.14243015 -3.72479411 -3.28288310 -2.92155267 
2.15443469e-06 -4.49455715 -4.14243015 -3.72479411 -3.28288310 -2.92155267 
1.66810054e-06 -4.49455715 -4.14243015 -3.72479411 -3.28288310 -2.92155267 
1.29154967e-06 -4.49455715 -4.14243015 -3.72479411 -3.28288310 -2.92155267 
1.00000000e-06 -4.49455715 -4.14243015 -3.72479411 -3.28288310 -2.92155267 
7.74263683e-07 -4.49455715 -4.14243015 -3.72479411 -3.28288310 -2.92155267 
5.99484250e-07 -4.49455715 -4.14243015 -3.72479411 -3.28288310 -2.92155267 
4.64158883e-07 -4.49455715 -4.14243015 -3.72479411 -3.28288310 -2.92155267 
3.59381366e-07 -4.49455715 -4.14243015 -3.72479411 -3.28288310 -2.92155267 
2.78255940e-07 -4.49455715 -4.14243015 -3.72479411 -3.28288310 -2.92155267 
2.15443469e-07 -4.49455715 -4.14243015 -3.72479411 -3.28288310 -2.92155267 
1.66810054e-07 -4.49455715 -4.14243015 -3.72479411 -3.28288310 -2.92155267 
1.29154967e-07 -4.49455715 -4.14243015 -3.72479411 -3.28288310 -2.92155267 
1.00000000e-07 -4.49455715 -4.14243015 -3.72479411 -3.28288310 -2.92155267 
7.74263683e-08 -4.49455715 -4.14243015 -3.72479411 -3.28288310 -2.92155267 
5.99484250e-08 -4.49455715 -4.14243015 -3.72479411 -3.28288310 -2.92155267 
4.64158883e-08 -4.49455715 -4.14243015 -3.72479411 -3.28288310 -2.92155267 
3.59381366e-08 -4.49455715 -4.14243015 -3.72479411 -3.28288310 -2.92155267 
2.78255940e-08 -4.49455715 -4.14243015 -3.72479411 -3.28288310 -2.92155267 
2.15443469e-08 -4.49455715 -4.14243015 -3.72479411 -3.28288310 -2.92155267 
1.66810054e-08 -4.49455715 -4.14243015 -3.72479411 -3.28288310 -2.92155267 
1.29154967e-08 -4.49455715 -4.14243015 -3.72479411 -3.28288310 -2.92155267 
1.00000000e-08 -4.49455715 -4.14243015 -3.72479411 -3.28288310 -2.92155267 
7.74263683e-09 -4.49455715 -4.14243015 -3.72479411 -3.28288310 -2.92155267 
5.99484250e-09 -4.49455715 -4.14243015 -3.72479411 -3.28288310 -2.92155267 
4.64158883e-09 -4.49455715 -4.14243015 -3.72479411 -3.28288310 -2.92155267 
3.59381366e-09 -4.49455715 -4.14243015 -3.72479411 -3.28288310 -2.92155267 
2.78255940e-09 -4.49455715 -4.14243015 -3.72479411 -3.28288310 -2.92155267 
2.15443469e-09 -4.49455715 -4.14243015 -3.72479411 -3.28288310 -2.92155267 
1.66810054e-09 -4.49455715 -4.14243015 -3.72479411 -3.28288310 -2.92155267 
1.29154967e-09 -4.49455715 -4.14243015 -3.72479411 -3.28288310 -2.92155267 
1.00000000e-09 -4.49455715 -4.14243015 -3.72479411 -3.28288310 -2.92155267 
7.74263683e-10 -4.49455715 -4.14243015 -3.72479411 -3.28288310 -2.92155267 
5.99484250e-10 -4.49455715 -4.14243015 -3.72479411 -3.28288310 -2.92155267 
4.64158883e-10 -4.49455715 -4.14243015 -3.72479411 -3.28288310 -2.92155267 
3.59381366e-10 -4.49455715 -4.14243015 -3.72479411 -3.28288310 -2.92155267 
2.78255940e-10 -4.49455715 -4.14243015 -3.72479411 -3.28288310 -2.92155267 
2.15443469e-10 -4.49455715 -4.14243015 -3.72479411 -3.28288310 -2.92155267 
1.66810054e-10 -4.49455715 -4.14243015 -3.72479411 -3.28288310 -2.92155267 
1.29154967e-10 -4.49455715 -4.14243015 -3.72479411 -3.28288310 -2.92155267 
1.00000000e-10 -4.49455715 -4.14243015 -3.72479411 -3.28288310 -2.92155267 
P (bar) | log_O2: -2σ | log_O2: -1σ | log_O2: median | log_O2: +1σ | log_O2: +2σ 
1.00000000e+01 -9.53705827 -8.06675247 -3.91430050 -1.46347984 -1.04007007 
7.74263683e+00 -9.53705827 -8.06675247 -3.91430050 -1.46347984 -1.04007007 
5.99484250e+00 -9.53705827 -8.06675247 -3.91430050 -1.46347984 -1.04007007 
4.64158883e+00 -9.53705827 -8.06675247 -3.91430050 -1.46347984 -1.04007007 
3.59381366e+00 -9.53705827 -8.06675247 -3.91430050 -1.46347984 -1.04007007 
2.78255940e+00 -9.53705827 -8.06675247 -3.91430050 -1.46347984 -1.04007007 
2.15443469e+00 -9.53705827 -8.06675247 -3.91430050 -1.46347984 -1.04007007 
1.66810054e+00 -9.53705827 -8.06675247 -3.91430050 -1.46347984 -1.04007007 
1.29154967e+00 -9.53705827 -8.06675247 -3.91430050 -1.46347984 -1.04007007 
1.00000000e+00 -9.53705827 -8.06675247 -3.91430050 -1.46347984 -1.04007007 
7.74263683e-01 -9.53705827 -8.06675247 -3.91430050 -1.46347984 -1.04007007 
5.99484250e-01 -9.53705827 -8.06675247 -3.91430050 -1.46347984 -1.04007007 
4.64158883e-01 -9.53705827 -8.06675247 -3.91430050 -1.46347984 -1.04007007 
3.59381366e-01 -9.53705827 -8.06675247 -3.91430050 -1.46347984 -1.04007007 
2.78255940e-01 -9.53705827 -8.06675247 -3.91430050 -1.46347984 -1.04007007 
2.15443469e-01 -9.53705827 -8.06675247 -3.91430050 -1.46347984 -1.04007007 
1.66810054e-01 -9.53705827 -8.06675247 -3.91430050 -1.46347984 -1.04007007 
1.29154967e-01 -9.53705827 -8.06675247 -3.91430050 -1.46347984 -1.04007007 
1.00000000e-01 -9.53705827 -8.06675247 -3.91430050 -1.46347984 -1.04007007 
7.74263683e-02 -9.53705827 -8.06675247 -3.91430050 -1.46347984 -1.04007007 
5.99484250e-02 -9.53705827 -8.06675247 -3.91430050 -1.46347984 -1.04007007 
4.64158883e-02 -9.53705827 -8.06675247 -3.91430050 -1.46347984 -1.04007007 
3.59381366e-02 -9.53705827 -8.06675247 -3.91430050 -1.46347984 -1.04007007 
2.78255940e-02 -9.53705827 -8.06675247 -3.91430050 -1.46347984 -1.04007007 
2.15443469e-02 -9.53705827 -8.06675247 -3.91430050 -1.46347984 -1.04007007 
1.66810054e-02 -9.53705827 -8.06675247 -3.91430050 -1.46347984 -1.04007007 
1.29154967e-02 -9.53705827 -8.06675247 -3.91430050 -1.46347984 -1.04007007 
1.00000000e-02 -9.53705827 -8.06675247 -3.91430050 -1.46347984 -1.04007007 
7.74263683e-03 -9.53705827 -8.06675247 -3.91430050 -1.46347984 -1.04007007 
5.99484250e-03 -9.53705827 -8.06675247 -3.91430050 -1.46347984 -1.04007007 
4.64158883e-03 -9.53705827 -8.06675247 -3.91430050 -1.46347984 -1.04007007 
3.59381366e-03 -9.53705827 -8.06675247 -3.91430050 -1.46347984 -1.04007007 
2.78255940e-03 -9.53705827 -8.06675247 -3.91430050 -1.46347984 -1.04007007 
2.15443469e-03 -9.53705827 -8.06675247 -3.91430050 -1.46347984 -1.04007007 
1.66810054e-03 -9.53705827 -8.06675247 -3.91430050 -1.46347984 -1.04007007 
1.29154967e-03 -9.53705827 -8.06675247 -3.91430050 -1.46347984 -1.04007007 
1.00000000e-03 -9.53705827 -8.06675247 -3.91430050 -1.46347984 -1.04007007 
7.74263683e-04 -9.53705827 -8.06675247 -3.91430050 -1.46347984 -1.04007007 
5.99484250e-04 -9.53705827 -8.06675247 -3.91430050 -1.46347984 -1.04007007 
4.64158883e-04 -9.53705827 -8.06675247 -3.91430050 -1.46347984 -1.04007007 
3.59381366e-04 -9.53705827 -8.06675247 -3.91430050 -1.46347984 -1.04007007 
2.78255940e-04 -9.53705827 -8.06675247 -3.91430050 -1.46347984 -1.04007007 
2.15443469e-04 -9.53705827 -8.06675247 -3.91430050 -1.46347984 -1.04007007 
1.66810054e-04 -9.53705827 -8.06675247 -3.91430050 -1.46347984 -1.04007007 
1.29154967e-04 -9.53705827 -8.06675247 -3.91430050 -1.46347984 -1.04007007 
1.00000000e-04 -9.53705827 -8.06675247 -3.91430050 -1.46347984 -1.04007007 
7.74263683e-05 -9.53705827 -8.06675247 -3.91430050 -1.46347984 -1.04007007 
5.99484250e-05 -9.53705827 -8.06675247 -3.91430050 -1.46347984 -1.04007007 
4.64158883e-05 -9.53705827 -8.06675247 -3.91430050 -1.46347984 -1.04007007 
3.59381366e-05 -9.53705827 -8.06675247 -3.91430050 -1.46347984 -1.04007007 
2.78255940e-05 -9.53705827 -8.06675247 -3.91430050 -1.46347984 -1.04007007 
2.15443469e-05 -9.53705827 -8.06675247 -3.91430050 -1.46347984 -1.04007007 
1.66810054e-05 -9.53705827 -8.06675247 -3.91430050 -1.46347984 -1.04007007 
1.29154967e-05 -9.53705827 -8.06675247 -3.91430050 -1.46347984 -1.04007007 
1.00000000e-05 -9.53705827 -8.06675247 -3.91430050 -1.46347984 -1.04007007 
7.74263683e-06 -9.53705827 -8.06675247 -3.91430050 -1.46347984 -1.04007007 
5.99484250e-06 -9.53705827 -8.06675247 -3.91430050 -1.46347984 -1.04007007 
4.64158883e-06 -9.53705827 -8.06675247 -3.91430050 -1.46347984 -1.04007007 
3.59381366e-06 -9.53705827 -8.06675247 -3.91430050 -1.46347984 -1.04007007 
2.78255940e-06 -9.53705827 -8.06675247 -3.91430050 -1.46347984 -1.04007007 
2.15443469e-06 -9.53705827 -8.06675247 -3.91430050 -1.46347984 -1.04007007 
1.66810054e-06 -9.53705827 -8.06675247 -3.91430050 -1.46347984 -1.04007007 
1.29154967e-06 -9.53705827 -8.06675247 -3.91430050 -1.46347984 -1.04007007 
1.00000000e-06 -9.53705827 -8.06675247 -3.91430050 -1.46347984 -1.04007007 
7.74263683e-07 -9.53705827 -8.06675247 -3.91430050 -1.46347984 -1.04007007 
5.99484250e-07 -9.53705827 -8.06675247 -3.91430050 -1.46347984 -1.04007007 
4.64158883e-07 -9.53705827 -8.06675247 -3.91430050 -1.46347984 -1.04007007 
3.59381366e-07 -9.53705827 -8.06675247 -3.91430050 -1.46347984 -1.04007007 
2.78255940e-07 -9.53705827 -8.06675247 -3.91430050 -1.46347984 -1.04007007 
2.15443469e-07 -9.53705827 -8.06675247 -3.91430050 -1.46347984 -1.04007007 
1.66810054e-07 -9.53705827 -8.06675247 -3.91430050 -1.46347984 -1.04007007 
1.29154967e-07 -9.53705827 -8.06675247 -3.91430050 -1.46347984 -1.04007007 
1.00000000e-07 -9.53705827 -8.06675247 -3.91430050 -1.46347984 -1.04007007 
7.74263683e-08 -9.53705827 -8.06675247 -3.91430050 -1.46347984 -1.04007007 
5.99484250e-08 -9.53705827 -8.06675247 -3.91430050 -1.46347984 -1.04007007 
4.64158883e-08 -9.53705827 -8.06675247 -3.91430050 -1.46347984 -1.04007007 
3.59381366e-08 -9.53705827 -8.06675247 -3.91430050 -1.46347984 -1.04007007 
2.78255940e-08 -9.53705827 -8.06675247 -3.91430050 -1.46347984 -1.04007007 
2.15443469e-08 -9.53705827 -8.06675247 -3.91430050 -1.46347984 -1.04007007 
1.66810054e-08 -9.53705827 -8.06675247 -3.91430050 -1.46347984 -1.04007007 
1.29154967e-08 -9.53705827 -8.06675247 -3.91430050 -1.46347984 -1.04007007 
1.00000000e-08 -9.53705827 -8.06675247 -3.91430050 -1.46347984 -1.04007007 
7.74263683e-09 -9.53705827 -8.06675247 -3.91430050 -1.46347984 -1.04007007 
5.99484250e-09 -9.53705827 -8.06675247 -3.91430050 -1.46347984 -1.04007007 
4.64158883e-09 -9.53705827 -8.06675247 -3.91430050 -1.46347984 -1.04007007 
3.59381366e-09 -9.53705827 -8.06675247 -3.91430050 -1.46347984 -1.04007007 
2.78255940e-09 -9.53705827 -8.06675247 -3.91430050 -1.46347984 -1.04007007 
2.15443469e-09 -9.53705827 -8.06675247 -3.91430050 -1.46347984 -1.04007007 
1.66810054e-09 -9.53705827 -8.06675247 -3.91430050 -1.46347984 -1.04007007 
1.29154967e-09 -9.53705827 -8.06675247 -3.91430050 -1.46347984 -1.04007007 
1.00000000e-09 -9.53705827 -8.06675247 -3.91430050 -1.46347984 -1.04007007 
7.74263683e-10 -9.53705827 -8.06675247 -3.91430050 -1.46347984 -1.04007007 
5.99484250e-10 -9.53705827 -8.06675247 -3.91430050 -1.46347984 -1.04007007 
4.64158883e-10 -9.53705827 -8.06675247 -3.91430050 -1.46347984 -1.04007007 
3.59381366e-10 -9.53705827 -8.06675247 -3.91430050 -1.46347984 -1.04007007 
2.78255940e-10 -9.53705827 -8.06675247 -3.91430050 -1.46347984 -1.04007007 
2.15443469e-10 -9.53705827 -8.06675247 -3.91430050 -1.46347984 -1.04007007 
1.66810054e-10 -9.53705827 -8.06675247 -3.91430050 -1.46347984 -1.04007007 
1.29154967e-10 -9.53705827 -8.06675247 -3.91430050 -1.46347984 -1.04007007 
1.00000000e-10 -9.53705827 -8.06675247 -3.91430050 -1.46347984 -1.04007007 
P (bar) | log_O3: -2σ | log_O3: -1σ | log_O3: median | log_O3: +1σ | log_O3: +2σ 
1.00000000e+01 -9.90681201 -9.34040437 -7.97393196 -6.50008498 -5.46454665 
7.74263683e+00 -9.90681201 -9.34040437 -7.97393196 -6.50008498 -5.46454665 
5.99484250e+00 -9.90681201 -9.34040437 -7.97393196 -6.50008498 -5.46454665 
4.64158883e+00 -9.90681201 -9.34040437 -7.97393196 -6.50008498 -5.46454665 
3.59381366e+00 -9.90681201 -9.34040437 -7.97393196 -6.50008498 -5.46454665 
2.78255940e+00 -9.90681201 -9.34040437 -7.97393196 -6.50008498 -5.46454665 
2.15443469e+00 -9.90681201 -9.34040437 -7.97393196 -6.50008498 -5.46454665 
1.66810054e+00 -9.90681201 -9.34040437 -7.97393196 -6.50008498 -5.46454665 
1.29154967e+00 -9.90681201 -9.34040437 -7.97393196 -6.50008498 -5.46454665 
1.00000000e+00 -9.90681201 -9.34040437 -7.97393196 -6.50008498 -5.46454665 
7.74263683e-01 -9.90681201 -9.34040437 -7.97393196 -6.50008498 -5.46454665 
5.99484250e-01 -9.90681201 -9.34040437 -7.97393196 -6.50008498 -5.46454665 
4.64158883e-01 -9.90681201 -9.34040437 -7.97393196 -6.50008498 -5.46454665 
3.59381366e-01 -9.90681201 -9.34040437 -7.97393196 -6.50008498 -5.46454665 
2.78255940e-01 -9.90681201 -9.34040437 -7.97393196 -6.50008498 -5.46454665 
2.15443469e-01 -9.90681201 -9.34040437 -7.97393196 -6.50008498 -5.46454665 
1.66810054e-01 -9.90681201 -9.34040437 -7.97393196 -6.50008498 -5.46454665 
1.29154967e-01 -9.90681201 -9.34040437 -7.97393196 -6.50008498 -5.46454665 
1.00000000e-01 -9.90681201 -9.34040437 -7.97393196 -6.50008498 -5.46454665 
7.74263683e-02 -9.90681201 -9.34040437 -7.97393196 -6.50008498 -5.46454665 
5.99484250e-02 -9.90681201 -9.34040437 -7.97393196 -6.50008498 -5.46454665 
4.64158883e-02 -9.90681201 -9.34040437 -7.97393196 -6.50008498 -5.46454665 
3.59381366e-02 -9.90681201 -9.34040437 -7.97393196 -6.50008498 -5.46454665 
2.78255940e-02 -9.90681201 -9.34040437 -7.97393196 -6.50008498 -5.46454665 
2.15443469e-02 -9.90681201 -9.34040437 -7.97393196 -6.50008498 -5.46454665 
1.66810054e-02 -9.90681201 -9.34040437 -7.97393196 -6.50008498 -5.46454665 
1.29154967e-02 -9.90681201 -9.34040437 -7.97393196 -6.50008498 -5.46454665 
1.00000000e-02 -9.90681201 -9.34040437 -7.97393196 -6.50008498 -5.46454665 
7.74263683e-03 -9.90681201 -9.34040437 -7.97393196 -6.50008498 -5.46454665 
5.99484250e-03 -9.90681201 -9.34040437 -7.97393196 -6.50008498 -5.46454665 
4.64158883e-03 -9.90681201 -9.34040437 -7.97393196 -6.50008498 -5.46454665 
3.59381366e-03 -9.90681201 -9.34040437 -7.97393196 -6.50008498 -5.46454665 
2.78255940e-03 -9.90681201 -9.34040437 -7.97393196 -6.50008498 -5.46454665 
2.15443469e-03 -9.90681201 -9.34040437 -7.97393196 -6.50008498 -5.46454665 
1.66810054e-03 -9.90681201 -9.34040437 -7.97393196 -6.50008498 -5.46454665 
1.29154967e-03 -9.90681201 -9.34040437 -7.97393196 -6.50008498 -5.46454665 
1.00000000e-03 -9.90681201 -9.34040437 -7.97393196 -6.50008498 -5.46454665 
7.74263683e-04 -9.90681201 -9.34040437 -7.97393196 -6.50008498 -5.46454665 
5.99484250e-04 -9.90681201 -9.34040437 -7.97393196 -6.50008498 -5.46454665 
4.64158883e-04 -9.90681201 -9.34040437 -7.97393196 -6.50008498 -5.46454665 
3.59381366e-04 -9.90681201 -9.34040437 -7.97393196 -6.50008498 -5.46454665 
2.78255940e-04 -9.90681201 -9.34040437 -7.97393196 -6.50008498 -5.46454665 
2.15443469e-04 -9.90681201 -9.34040437 -7.97393196 -6.50008498 -5.46454665 
1.66810054e-04 -9.90681201 -9.34040437 -7.97393196 -6.50008498 -5.46454665 
1.29154967e-04 -9.90681201 -9.34040437 -7.97393196 -6.50008498 -5.46454665 
1.00000000e-04 -9.90681201 -9.34040437 -7.97393196 -6.50008498 -5.46454665 
7.74263683e-05 -9.90681201 -9.34040437 -7.97393196 -6.50008498 -5.46454665 
5.99484250e-05 -9.90681201 -9.34040437 -7.97393196 -6.50008498 -5.46454665 
4.64158883e-05 -9.90681201 -9.34040437 -7.97393196 -6.50008498 -5.46454665 
3.59381366e-05 -9.90681201 -9.34040437 -7.97393196 -6.50008498 -5.46454665 
2.78255940e-05 -9.90681201 -9.34040437 -7.97393196 -6.50008498 -5.46454665 
2.15443469e-05 -9.90681201 -9.34040437 -7.97393196 -6.50008498 -5.46454665 
1.66810054e-05 -9.90681201 -9.34040437 -7.97393196 -6.50008498 -5.46454665 
1.29154967e-05 -9.90681201 -9.34040437 -7.97393196 -6.50008498 -5.46454665 
1.00000000e-05 -9.90681201 -9.34040437 -7.97393196 -6.50008498 -5.46454665 
7.74263683e-06 -9.90681201 -9.34040437 -7.97393196 -6.50008498 -5.46454665 
5.99484250e-06 -9.90681201 -9.34040437 -7.97393196 -6.50008498 -5.46454665 
4.64158883e-06 -9.90681201 -9.34040437 -7.97393196 -6.50008498 -5.46454665 
3.59381366e-06 -9.90681201 -9.34040437 -7.97393196 -6.50008498 -5.46454665 
2.78255940e-06 -9.90681201 -9.34040437 -7.97393196 -6.50008498 -5.46454665 
2.15443469e-06 -9.90681201 -9.34040437 -7.97393196 -6.50008498 -5.46454665 
1.66810054e-06 -9.90681201 -9.34040437 -7.97393196 -6.50008498 -5.46454665 
1.29154967e-06 -9.90681201 -9.34040437 -7.97393196 -6.50008498 -5.46454665 
1.00000000e-06 -9.90681201 -9.34040437 -7.97393196 -6.50008498 -5.46454665 
7.74263683e-07 -9.90681201 -9.34040437 -7.97393196 -6.50008498 -5.46454665 
5.99484250e-07 -9.90681201 -9.34040437 -7.97393196 -6.50008498 -5.46454665 
4.64158883e-07 -9.90681201 -9.34040437 -7.97393196 -6.50008498 -5.46454665 
3.59381366e-07 -9.90681201 -9.34040437 -7.97393196 -6.50008498 -5.46454665 
2.78255940e-07 -9.90681201 -9.34040437 -7.97393196 -6.50008498 -5.46454665 
2.15443469e-07 -9.90681201 -9.34040437 -7.97393196 -6.50008498 -5.46454665 
1.66810054e-07 -9.90681201 -9.34040437 -7.97393196 -6.50008498 -5.46454665 
1.29154967e-07 -9.90681201 -9.34040437 -7.97393196 -6.50008498 -5.46454665 
1.00000000e-07 -9.90681201 -9.34040437 -7.97393196 -6.50008498 -5.46454665 
7.74263683e-08 -9.90681201 -9.34040437 -7.97393196 -6.50008498 -5.46454665 
5.99484250e-08 -9.90681201 -9.34040437 -7.97393196 -6.50008498 -5.46454665 
4.64158883e-08 -9.90681201 -9.34040437 -7.97393196 -6.50008498 -5.46454665 
3.59381366e-08 -9.90681201 -9.34040437 -7.97393196 -6.50008498 -5.46454665 
2.78255940e-08 -9.90681201 -9.34040437 -7.97393196 -6.50008498 -5.46454665 
2.15443469e-08 -9.90681201 -9.34040437 -7.97393196 -6.50008498 -5.46454665 
1.66810054e-08 -9.90681201 -9.34040437 -7.97393196 -6.50008498 -5.46454665 
1.29154967e-08 -9.90681201 -9.34040437 -7.97393196 -6.50008498 -5.46454665 
1.00000000e-08 -9.90681201 -9.34040437 -7.97393196 -6.50008498 -5.46454665 
7.74263683e-09 -9.90681201 -9.34040437 -7.97393196 -6.50008498 -5.46454665 
5.99484250e-09 -9.90681201 -9.34040437 -7.97393196 -6.50008498 -5.46454665 
4.64158883e-09 -9.90681201 -9.34040437 -7.97393196 -6.50008498 -5.46454665 
3.59381366e-09 -9.90681201 -9.34040437 -7.97393196 -6.50008498 -5.46454665 
2.78255940e-09 -9.90681201 -9.34040437 -7.97393196 -6.50008498 -5.46454665 
2.15443469e-09 -9.90681201 -9.34040437 -7.97393196 -6.50008498 -5.46454665 
1.66810054e-09 -9.90681201 -9.34040437 -7.97393196 -6.50008498 -5.46454665 
1.29154967e-09 -9.90681201 -9.34040437 -7.97393196 -6.50008498 -5.46454665 
1.00000000e-09 -9.90681201 -9.34040437 -7.97393196 -6.50008498 -5.46454665 
7.74263683e-10 -9.90681201 -9.34040437 -7.97393196 -6.50008498 -5.46454665 
5.99484250e-10 -9.90681201 -9.34040437 -7.97393196 -6.50008498 -5.46454665 
4.64158883e-10 -9.90681201 -9.34040437 -7.97393196 -6.50008498 -5.46454665 
3.59381366e-10 -9.90681201 -9.34040437 -7.97393196 -6.50008498 -5.46454665 
2.78255940e-10 -9.90681201 -9.34040437 -7.97393196 -6.50008498 -5.46454665 
2.15443469e-10 -9.90681201 -9.34040437 -7.97393196 -6.50008498 -5.46454665 
1.66810054e-10 -9.90681201 -9.34040437 -7.97393196 -6.50008498 -5.46454665 
1.29154967e-10 -9.90681201 -9.34040437 -7.97393196 -6.50008498 -5.46454665 
1.00000000e-10 -9.90681201 -9.34040437 -7.97393196 -6.50008498 -5.46454665 
P (bar) | log_N2O: -2σ | log_N2O: -1σ | log_N2O: median | log_N2O: +1σ | log_N2O: +2σ 
1.00000000e+01 -9.89815420 -9.05257461 -7.55041908 -5.89889683 -4.73738590 
7.74263683e+00 -9.89815420 -9.05257461 -7.55041908 -5.89889683 -4.73738590 
5.99484250e+00 -9.89815420 -9.05257461 -7.55041908 -5.89889683 -4.73738590 
4.64158883e+00 -9.89815420 -9.05257461 -7.55041908 -5.89889683 -4.73738590 
3.59381366e+00 -9.89815420 -9.05257461 -7.55041908 -5.89889683 -4.73738590 
2.78255940e+00 -9.89815420 -9.05257461 -7.55041908 -5.89889683 -4.73738590 
2.15443469e+00 -9.89815420 -9.05257461 -7.55041908 -5.89889683 -4.73738590 
1.66810054e+00 -9.89815420 -9.05257461 -7.55041908 -5.89889683 -4.73738590 
1.29154967e+00 -9.89815420 -9.05257461 -7.55041908 -5.89889683 -4.73738590 
1.00000000e+00 -9.89815420 -9.05257461 -7.55041908 -5.89889683 -4.73738590 
7.74263683e-01 -9.89815420 -9.05257461 -7.55041908 -5.89889683 -4.73738590 
5.99484250e-01 -9.89815420 -9.05257461 -7.55041908 -5.89889683 -4.73738590 
4.64158883e-01 -9.89815420 -9.05257461 -7.55041908 -5.89889683 -4.73738590 
3.59381366e-01 -9.89815420 -9.05257461 -7.55041908 -5.89889683 -4.73738590 
2.78255940e-01 -9.89815420 -9.05257461 -7.55041908 -5.89889683 -4.73738590 
2.15443469e-01 -9.89815420 -9.05257461 -7.55041908 -5.89889683 -4.73738590 
1.66810054e-01 -9.89815420 -9.05257461 -7.55041908 -5.89889683 -4.73738590 
1.29154967e-01 -9.89815420 -9.05257461 -7.55041908 -5.89889683 -4.73738590 
1.00000000e-01 -9.89815420 -9.05257461 -7.55041908 -5.89889683 -4.73738590 
7.74263683e-02 -9.89815420 -9.05257461 -7.55041908 -5.89889683 -4.73738590 
5.99484250e-02 -9.89815420 -9.05257461 -7.55041908 -5.89889683 -4.73738590 
4.64158883e-02 -9.89815420 -9.05257461 -7.55041908 -5.89889683 -4.73738590 
3.59381366e-02 -9.89815420 -9.05257461 -7.55041908 -5.89889683 -4.73738590 
2.78255940e-02 -9.89815420 -9.05257461 -7.55041908 -5.89889683 -4.73738590 
2.15443469e-02 -9.89815420 -9.05257461 -7.55041908 -5.89889683 -4.73738590 
1.66810054e-02 -9.89815420 -9.05257461 -7.55041908 -5.89889683 -4.73738590 
1.29154967e-02 -9.89815420 -9.05257461 -7.55041908 -5.89889683 -4.73738590 
1.00000000e-02 -9.89815420 -9.05257461 -7.55041908 -5.89889683 -4.73738590 
7.74263683e-03 -9.89815420 -9.05257461 -7.55041908 -5.89889683 -4.73738590 
5.99484250e-03 -9.89815420 -9.05257461 -7.55041908 -5.89889683 -4.73738590 
4.64158883e-03 -9.89815420 -9.05257461 -7.55041908 -5.89889683 -4.73738590 
3.59381366e-03 -9.89815420 -9.05257461 -7.55041908 -5.89889683 -4.73738590 
2.78255940e-03 -9.89815420 -9.05257461 -7.55041908 -5.89889683 -4.73738590 
2.15443469e-03 -9.89815420 -9.05257461 -7.55041908 -5.89889683 -4.73738590 
1.66810054e-03 -9.89815420 -9.05257461 -7.55041908 -5.89889683 -4.73738590 
1.29154967e-03 -9.89815420 -9.05257461 -7.55041908 -5.89889683 -4.73738590 
1.00000000e-03 -9.89815420 -9.05257461 -7.55041908 -5.89889683 -4.73738590 
7.74263683e-04 -9.89815420 -9.05257461 -7.55041908 -5.89889683 -4.73738590 
5.99484250e-04 -9.89815420 -9.05257461 -7.55041908 -5.89889683 -4.73738590 
4.64158883e-04 -9.89815420 -9.05257461 -7.55041908 -5.89889683 -4.73738590 
3.59381366e-04 -9.89815420 -9.05257461 -7.55041908 -5.89889683 -4.73738590 
2.78255940e-04 -9.89815420 -9.05257461 -7.55041908 -5.89889683 -4.73738590 
2.15443469e-04 -9.89815420 -9.05257461 -7.55041908 -5.89889683 -4.73738590 
1.66810054e-04 -9.89815420 -9.05257461 -7.55041908 -5.89889683 -4.73738590 
1.29154967e-04 -9.89815420 -9.05257461 -7.55041908 -5.89889683 -4.73738590 
1.00000000e-04 -9.89815420 -9.05257461 -7.55041908 -5.89889683 -4.73738590 
7.74263683e-05 -9.89815420 -9.05257461 -7.55041908 -5.89889683 -4.73738590 
5.99484250e-05 -9.89815420 -9.05257461 -7.55041908 -5.89889683 -4.73738590 
4.64158883e-05 -9.89815420 -9.05257461 -7.55041908 -5.89889683 -4.73738590 
3.59381366e-05 -9.89815420 -9.05257461 -7.55041908 -5.89889683 -4.73738590 
2.78255940e-05 -9.89815420 -9.05257461 -7.55041908 -5.89889683 -4.73738590 
2.15443469e-05 -9.89815420 -9.05257461 -7.55041908 -5.89889683 -4.73738590 
1.66810054e-05 -9.89815420 -9.05257461 -7.55041908 -5.89889683 -4.73738590 
1.29154967e-05 -9.89815420 -9.05257461 -7.55041908 -5.89889683 -4.73738590 
1.00000000e-05 -9.89815420 -9.05257461 -7.55041908 -5.89889683 -4.73738590 
7.74263683e-06 -9.89815420 -9.05257461 -7.55041908 -5.89889683 -4.73738590 
5.99484250e-06 -9.89815420 -9.05257461 -7.55041908 -5.89889683 -4.73738590 
4.64158883e-06 -9.89815420 -9.05257461 -7.55041908 -5.89889683 -4.73738590 
3.59381366e-06 -9.89815420 -9.05257461 -7.55041908 -5.89889683 -4.73738590 
2.78255940e-06 -9.89815420 -9.05257461 -7.55041908 -5.89889683 -4.73738590 
2.15443469e-06 -9.89815420 -9.05257461 -7.55041908 -5.89889683 -4.73738590 
1.66810054e-06 -9.89815420 -9.05257461 -7.55041908 -5.89889683 -4.73738590 
1.29154967e-06 -9.89815420 -9.05257461 -7.55041908 -5.89889683 -4.73738590 
1.00000000e-06 -9.89815420 -9.05257461 -7.55041908 -5.89889683 -4.73738590 
7.74263683e-07 -9.89815420 -9.05257461 -7.55041908 -5.89889683 -4.73738590 
5.99484250e-07 -9.89815420 -9.05257461 -7.55041908 -5.89889683 -4.73738590 
4.64158883e-07 -9.89815420 -9.05257461 -7.55041908 -5.89889683 -4.73738590 
3.59381366e-07 -9.89815420 -9.05257461 -7.55041908 -5.89889683 -4.73738590 
2.78255940e-07 -9.89815420 -9.05257461 -7.55041908 -5.89889683 -4.73738590 
2.15443469e-07 -9.89815420 -9.05257461 -7.55041908 -5.89889683 -4.73738590 
1.66810054e-07 -9.89815420 -9.05257461 -7.55041908 -5.89889683 -4.73738590 
1.29154967e-07 -9.89815420 -9.05257461 -7.55041908 -5.89889683 -4.73738590 
1.00000000e-07 -9.89815420 -9.05257461 -7.55041908 -5.89889683 -4.73738590 
7.74263683e-08 -9.89815420 -9.05257461 -7.55041908 -5.89889683 -4.73738590 
5.99484250e-08 -9.89815420 -9.05257461 -7.55041908 -5.89889683 -4.73738590 
4.64158883e-08 -9.89815420 -9.05257461 -7.55041908 -5.89889683 -4.73738590 
3.59381366e-08 -9.89815420 -9.05257461 -7.55041908 -5.89889683 -4.73738590 
2.78255940e-08 -9.89815420 -9.05257461 -7.55041908 -5.89889683 -4.73738590 
2.15443469e-08 -9.89815420 -9.05257461 -7.55041908 -5.89889683 -4.73738590 
1.66810054e-08 -9.89815420 -9.05257461 -7.55041908 -5.89889683 -4.73738590 
1.29154967e-08 -9.89815420 -9.05257461 -7.55041908 -5.89889683 -4.73738590 
1.00000000e-08 -9.89815420 -9.05257461 -7.55041908 -5.89889683 -4.73738590 
7.74263683e-09 -9.89815420 -9.05257461 -7.55041908 -5.89889683 -4.73738590 
5.99484250e-09 -9.89815420 -9.05257461 -7.55041908 -5.89889683 -4.73738590 
4.64158883e-09 -9.89815420 -9.05257461 -7.55041908 -5.89889683 -4.73738590 
3.59381366e-09 -9.89815420 -9.05257461 -7.55041908 -5.89889683 -4.73738590 
2.78255940e-09 -9.89815420 -9.05257461 -7.55041908 -5.89889683 -4.73738590 
2.15443469e-09 -9.89815420 -9.05257461 -7.55041908 -5.89889683 -4.73738590 
1.66810054e-09 -9.89815420 -9.05257461 -7.55041908 -5.89889683 -4.73738590 
1.29154967e-09 -9.89815420 -9.05257461 -7.55041908 -5.89889683 -4.73738590 
1.00000000e-09 -9.89815420 -9.05257461 -7.55041908 -5.89889683 -4.73738590 
7.74263683e-10 -9.89815420 -9.05257461 -7.55041908 -5.89889683 -4.73738590 
5.99484250e-10 -9.89815420 -9.05257461 -7.55041908 -5.89889683 -4.73738590 
4.64158883e-10 -9.89815420 -9.05257461 -7.55041908 -5.89889683 -4.73738590 
3.59381366e-10 -9.89815420 -9.05257461 -7.55041908 -5.89889683 -4.73738590 
2.78255940e-10 -9.89815420 -9.05257461 -7.55041908 -5.89889683 -4.73738590 
2.15443469e-10 -9.89815420 -9.05257461 -7.55041908 -5.89889683 -4.73738590 
1.66810054e-10 -9.89815420 -9.05257461 -7.55041908 -5.89889683 -4.73738590 
1.29154967e-10 -9.89815420 -9.05257461 -7.55041908 -5.89889683 -4.73738590 
1.00000000e-10 -9.89815420 -9.05257461 -7.55041908 -5.89889683 -4.73738590 
P (bar) | log_NH3: -2σ | log_NH3: -1σ | log_NH3: median | log_NH3: +1σ | log_NH3: +2σ 
1.00000000e+01 -9.79710690 -9.10585187 -7.33655319 -5.84190286 -4.76111734 
7.74263683e+00 -9.79710690 -9.10585187 -7.33655319 -5.84190286 -4.76111734 
5.99484250e+00 -9.79710690 -9.10585187 -7.33655319 -5.84190286 -4.76111734 
4.64158883e+00 -9.79710690 -9.10585187 -7.33655319 -5.84190286 -4.76111734 
3.59381366e+00 -9.79710690 -9.10585187 -7.33655319 -5.84190286 -4.76111734 
2.78255940e+00 -9.79710690 -9.10585187 -7.33655319 -5.84190286 -4.76111734 
2.15443469e+00 -9.79710690 -9.10585187 -7.33655319 -5.84190286 -4.76111734 
1.66810054e+00 -9.79710690 -9.10585187 -7.33655319 -5.84190286 -4.76111734 
1.29154967e+00 -9.79710690 -9.10585187 -7.33655319 -5.84190286 -4.76111734 
1.00000000e+00 -9.79710690 -9.10585187 -7.33655319 -5.84190286 -4.76111734 
7.74263683e-01 -9.79710690 -9.10585187 -7.33655319 -5.84190286 -4.76111734 
5.99484250e-01 -9.79710690 -9.10585187 -7.33655319 -5.84190286 -4.76111734 
4.64158883e-01 -9.79710690 -9.10585187 -7.33655319 -5.84190286 -4.76111734 
3.59381366e-01 -9.79710690 -9.10585187 -7.33655319 -5.84190286 -4.76111734 
2.78255940e-01 -9.79710690 -9.10585187 -7.33655319 -5.84190286 -4.76111734 
2.15443469e-01 -9.79710690 -9.10585187 -7.33655319 -5.84190286 -4.76111734 
1.66810054e-01 -9.79710690 -9.10585187 -7.33655319 -5.84190286 -4.76111734 
1.29154967e-01 -9.79710690 -9.10585187 -7.33655319 -5.84190286 -4.76111734 
1.00000000e-01 -9.79710690 -9.10585187 -7.33655319 -5.84190286 -4.76111734 
7.74263683e-02 -9.79710690 -9.10585187 -7.33655319 -5.84190286 -4.76111734 
5.99484250e-02 -9.79710690 -9.10585187 -7.33655319 -5.84190286 -4.76111734 
4.64158883e-02 -9.79710690 -9.10585187 -7.33655319 -5.84190286 -4.76111734 
3.59381366e-02 -9.79710690 -9.10585187 -7.33655319 -5.84190286 -4.76111734 
2.78255940e-02 -9.79710690 -9.10585187 -7.33655319 -5.84190286 -4.76111734 
2.15443469e-02 -9.79710690 -9.10585187 -7.33655319 -5.84190286 -4.76111734 
1.66810054e-02 -9.79710690 -9.10585187 -7.33655319 -5.84190286 -4.76111734 
1.29154967e-02 -9.79710690 -9.10585187 -7.33655319 -5.84190286 -4.76111734 
1.00000000e-02 -9.79710690 -9.10585187 -7.33655319 -5.84190286 -4.76111734 
7.74263683e-03 -9.79710690 -9.10585187 -7.33655319 -5.84190286 -4.76111734 
5.99484250e-03 -9.79710690 -9.10585187 -7.33655319 -5.84190286 -4.76111734 
4.64158883e-03 -9.79710690 -9.10585187 -7.33655319 -5.84190286 -4.76111734 
3.59381366e-03 -9.79710690 -9.10585187 -7.33655319 -5.84190286 -4.76111734 
2.78255940e-03 -9.79710690 -9.10585187 -7.33655319 -5.84190286 -4.76111734 
2.15443469e-03 -9.79710690 -9.10585187 -7.33655319 -5.84190286 -4.76111734 
1.66810054e-03 -9.79710690 -9.10585187 -7.33655319 -5.84190286 -4.76111734 
1.29154967e-03 -9.79710690 -9.10585187 -7.33655319 -5.84190286 -4.76111734 
1.00000000e-03 -9.79710690 -9.10585187 -7.33655319 -5.84190286 -4.76111734 
7.74263683e-04 -9.79710690 -9.10585187 -7.33655319 -5.84190286 -4.76111734 
5.99484250e-04 -9.79710690 -9.10585187 -7.33655319 -5.84190286 -4.76111734 
4.64158883e-04 -9.79710690 -9.10585187 -7.33655319 -5.84190286 -4.76111734 
3.59381366e-04 -9.79710690 -9.10585187 -7.33655319 -5.84190286 -4.76111734 
2.78255940e-04 -9.79710690 -9.10585187 -7.33655319 -5.84190286 -4.76111734 
2.15443469e-04 -9.79710690 -9.10585187 -7.33655319 -5.84190286 -4.76111734 
1.66810054e-04 -9.79710690 -9.10585187 -7.33655319 -5.84190286 -4.76111734 
1.29154967e-04 -9.79710690 -9.10585187 -7.33655319 -5.84190286 -4.76111734 
1.00000000e-04 -9.79710690 -9.10585187 -7.33655319 -5.84190286 -4.76111734 
7.74263683e-05 -9.79710690 -9.10585187 -7.33655319 -5.84190286 -4.76111734 
5.99484250e-05 -9.79710690 -9.10585187 -7.33655319 -5.84190286 -4.76111734 
4.64158883e-05 -9.79710690 -9.10585187 -7.33655319 -5.84190286 -4.76111734 
3.59381366e-05 -9.79710690 -9.10585187 -7.33655319 -5.84190286 -4.76111734 
2.78255940e-05 -9.79710690 -9.10585187 -7.33655319 -5.84190286 -4.76111734 
2.15443469e-05 -9.79710690 -9.10585187 -7.33655319 -5.84190286 -4.76111734 
1.66810054e-05 -9.79710690 -9.10585187 -7.33655319 -5.84190286 -4.76111734 
1.29154967e-05 -9.79710690 -9.10585187 -7.33655319 -5.84190286 -4.76111734 
1.00000000e-05 -9.79710690 -9.10585187 -7.33655319 -5.84190286 -4.76111734 
7.74263683e-06 -9.79710690 -9.10585187 -7.33655319 -5.84190286 -4.76111734 
5.99484250e-06 -9.79710690 -9.10585187 -7.33655319 -5.84190286 -4.76111734 
4.64158883e-06 -9.79710690 -9.10585187 -7.33655319 -5.84190286 -4.76111734 
3.59381366e-06 -9.79710690 -9.10585187 -7.33655319 -5.84190286 -4.76111734 
2.78255940e-06 -9.79710690 -9.10585187 -7.33655319 -5.84190286 -4.76111734 
2.15443469e-06 -9.79710690 -9.10585187 -7.33655319 -5.84190286 -4.76111734 
1.66810054e-06 -9.79710690 -9.10585187 -7.33655319 -5.84190286 -4.76111734 
1.29154967e-06 -9.79710690 -9.10585187 -7.33655319 -5.84190286 -4.76111734 
1.00000000e-06 -9.79710690 -9.10585187 -7.33655319 -5.84190286 -4.76111734 
7.74263683e-07 -9.79710690 -9.10585187 -7.33655319 -5.84190286 -4.76111734 
5.99484250e-07 -9.79710690 -9.10585187 -7.33655319 -5.84190286 -4.76111734 
4.64158883e-07 -9.79710690 -9.10585187 -7.33655319 -5.84190286 -4.76111734 
3.59381366e-07 -9.79710690 -9.10585187 -7.33655319 -5.84190286 -4.76111734 
2.78255940e-07 -9.79710690 -9.10585187 -7.33655319 -5.84190286 -4.76111734 
2.15443469e-07 -9.79710690 -9.10585187 -7.33655319 -5.84190286 -4.76111734 
1.66810054e-07 -9.79710690 -9.10585187 -7.33655319 -5.84190286 -4.76111734 
1.29154967e-07 -9.79710690 -9.10585187 -7.33655319 -5.84190286 -4.76111734 
1.00000000e-07 -9.79710690 -9.10585187 -7.33655319 -5.84190286 -4.76111734 
7.74263683e-08 -9.79710690 -9.10585187 -7.33655319 -5.84190286 -4.76111734 
5.99484250e-08 -9.79710690 -9.10585187 -7.33655319 -5.84190286 -4.76111734 
4.64158883e-08 -9.79710690 -9.10585187 -7.33655319 -5.84190286 -4.76111734 
3.59381366e-08 -9.79710690 -9.10585187 -7.33655319 -5.84190286 -4.76111734 
2.78255940e-08 -9.79710690 -9.10585187 -7.33655319 -5.84190286 -4.76111734 
2.15443469e-08 -9.79710690 -9.10585187 -7.33655319 -5.84190286 -4.76111734 
1.66810054e-08 -9.79710690 -9.10585187 -7.33655319 -5.84190286 -4.76111734 
1.29154967e-08 -9.79710690 -9.10585187 -7.33655319 -5.84190286 -4.76111734 
1.00000000e-08 -9.79710690 -9.10585187 -7.33655319 -5.84190286 -4.76111734 
7.74263683e-09 -9.79710690 -9.10585187 -7.33655319 -5.84190286 -4.76111734 
5.99484250e-09 -9.79710690 -9.10585187 -7.33655319 -5.84190286 -4.76111734 
4.64158883e-09 -9.79710690 -9.10585187 -7.33655319 -5.84190286 -4.76111734 
3.59381366e-09 -9.79710690 -9.10585187 -7.33655319 -5.84190286 -4.76111734 
2.78255940e-09 -9.79710690 -9.10585187 -7.33655319 -5.84190286 -4.76111734 
2.15443469e-09 -9.79710690 -9.10585187 -7.33655319 -5.84190286 -4.76111734 
1.66810054e-09 -9.79710690 -9.10585187 -7.33655319 -5.84190286 -4.76111734 
1.29154967e-09 -9.79710690 -9.10585187 -7.33655319 -5.84190286 -4.76111734 
1.00000000e-09 -9.79710690 -9.10585187 -7.33655319 -5.84190286 -4.76111734 
7.74263683e-10 -9.79710690 -9.10585187 -7.33655319 -5.84190286 -4.76111734 
5.99484250e-10 -9.79710690 -9.10585187 -7.33655319 -5.84190286 -4.76111734 
4.64158883e-10 -9.79710690 -9.10585187 -7.33655319 -5.84190286 -4.76111734 
3.59381366e-10 -9.79710690 -9.10585187 -7.33655319 -5.84190286 -4.76111734 
2.78255940e-10 -9.79710690 -9.10585187 -7.33655319 -5.84190286 -4.76111734 
2.15443469e-10 -9.79710690 -9.10585187 -7.33655319 -5.84190286 -4.76111734 
1.66810054e-10 -9.79710690 -9.10585187 -7.33655319 -5.84190286 -4.76111734 
1.29154967e-10 -9.79710690 -9.10585187 -7.33655319 -5.84190286 -4.76111734 
1.00000000e-10 -9.79710690 -9.10585187 -7.33655319 -5.84190286 -4.76111734 
