Chemical species: N2 H2O CO2 CH4 O2 O3 N2O NH3
P (bar) | log_N2: -2σ | log_N2: -1σ | log_N2: median | log_N2: +1σ | log_N2: +2σ 
1.00000000e+01 -0.04577947 -0.04417645 -0.03959154 -0.03064177 -0.02150364 
7.74263683e+00 -0.04577947 -0.04417645 -0.03959154 -0.03064177 -0.02150364 
5.99484250e+00 -0.04577947 -0.04417645 -0.03959154 -0.03064177 -0.02150364 
4.64158883e+00 -0.04577947 -0.04417645 -0.03959154 -0.03064177 -0.02150364 
3.59381366e+00 -0.04577947 -0.04417645 -0.03959154 -0.03064177 -0.02150364 
2.78255940e+00 -0.04577947 -0.04417645 -0.03959154 -0.03064177 -0.02150364 
2.15443469e+00 -0.04577947 -0.04417645 -0.03959154 -0.03064177 -0.02150364 
1.66810054e+00 -0.04577947 -0.04417645 -0.03959154 -0.03064177 -0.02150364 
1.29154967e+00 -0.04577947 -0.04417645 -0.03959154 -0.03064177 -0.02150364 
1.00000000e+00 -0.04577947 -0.04417645 -0.03959154 -0.03064177 -0.02150364 
7.74263683e-01 -0.04577947 -0.04417645 -0.03959154 -0.03064177 -0.02150364 
5.99484250e-01 -0.04577947 -0.04417645 -0.03959154 -0.03064177 -0.02150364 
4.64158883e-01 -0.04577947 -0.04417645 -0.03959154 -0.03064177 -0.02150364 
3.59381366e-01 -0.04577947 -0.04417645 -0.03959154 -0.03064177 -0.02150364 
2.78255940e-01 -0.04577947 -0.04417645 -0.03959154 -0.03064177 -0.02150364 
2.15443469e-01 -0.04577947 -0.04417645 -0.03959154 -0.03064177 -0.02150364 
1.66810054e-01 -0.04577947 -0.04417645 -0.03959154 -0.03064177 -0.02150364 
1.29154967e-01 -0.04577947 -0.04417645 -0.03959154 -0.03064177 -0.02150364 
1.00000000e-01 -0.04577947 -0.04417645 -0.03959154 -0.03064177 -0.02150364 
7.74263683e-02 -0.04577947 -0.04417645 -0.03959154 -0.03064177 -0.02150364 
5.99484250e-02 -0.04577947 -0.04417645 -0.03959154 -0.03064177 -0.02150364 
4.64158883e-02 -0.04577947 -0.04417645 -0.03959154 -0.03064177 -0.02150364 
3.59381366e-02 -0.04577947 -0.04417645 -0.03959154 -0.03064177 -0.02150364 
2.78255940e-02 -0.04577947 -0.04417645 -0.03959154 -0.03064177 -0.02150364 
2.15443469e-02 -0.04577947 -0.04417645 -0.03959154 -0.03064177 -0.02150364 
1.66810054e-02 -0.04577947 -0.04417645 -0.03959154 -0.03064177 -0.02150364 
1.29154967e-02 -0.04577947 -0.04417645 -0.03959154 -0.03064177 -0.02150364 
1.00000000e-02 -0.04577947 -0.04417645 -0.03959154 -0.03064177 -0.02150364 
7.74263683e-03 -0.04577947 -0.04417645 -0.03959154 -0.03064177 -0.02150364 
5.99484250e-03 -0.04577947 -0.04417645 -0.03959154 -0.03064177 -0.02150364 
4.64158883e-03 -0.04577947 -0.04417645 -0.03959154 -0.03064177 -0.02150364 
3.59381366e-03 -0.04577947 -0.04417645 -0.03959154 -0.03064177 -0.02150364 
2.78255940e-03 -0.04577947 -0.04417645 -0.03959154 -0.03064177 -0.02150364 
2.15443469e-03 -0.04577947 -0.04417645 -0.03959154 -0.03064177 -0.02150364 
1.66810054e-03 -0.04577947 -0.04417645 -0.03959154 -0.03064177 -0.02150364 
1.29154967e-03 -0.04577947 -0.04417645 -0.03959154 -0.03064177 -0.02150364 
1.00000000e-03 -0.04577947 -0.04417645 -0.03959154 -0.03064177 -0.02150364 
7.74263683e-04 -0.04577947 -0.04417645 -0.03959154 -0.03064177 -0.02150364 
5.99484250e-04 -0.04577947 -0.04417645 -0.03959154 -0.03064177 -0.02150364 
4.64158883e-04 -0.04577947 -0.04417645 -0.03959154 -0.03064177 -0.02150364 
3.59381366e-04 -0.04577947 -0.04417645 -0.03959154 -0.03064177 -0.02150364 
2.78255940e-04 -0.04577947 -0.04417645 -0.03959154 -0.03064177 -0.02150364 
2.15443469e-04 -0.04577947 -0.04417645 -0.03959154 -0.03064177 -0.02150364 
1.66810054e-04 -0.04577947 -0.04417645 -0.03959154 -0.03064177 -0.02150364 
1.29154967e-04 -0.04577947 -0.04417645 -0.03959154 -0.03064177 -0.02150364 
1.00000000e-04 -0.04577947 -0.04417645 -0.03959154 -0.03064177 -0.02150364 
7.74263683e-05 -0.04577947 -0.04417645 -0.03959154 -0.03064177 -0.02150364 
5.99484250e-05 -0.04577947 -0.04417645 -0.03959154 -0.03064177 -0.02150364 
4.64158883e-05 -0.04577947 -0.04417645 -0.03959154 -0.03064177 -0.02150364 
3.59381366e-05 -0.04577947 -0.04417645 -0.03959154 -0.03064177 -0.02150364 
2.78255940e-05 -0.04577947 -0.04417645 -0.03959154 -0.03064177 -0.02150364 
2.15443469e-05 -0.04577947 -0.04417645 -0.03959154 -0.03064177 -0.02150364 
1.66810054e-05 -0.04577947 -0.04417645 -0.03959154 -0.03064177 -0.02150364 
1.29154967e-05 -0.04577947 -0.04417645 -0.03959154 -0.03064177 -0.02150364 
1.00000000e-05 -0.04577947 -0.04417645 -0.03959154 -0.03064177 -0.02150364 
7.74263683e-06 -0.04577947 -0.04417645 -0.03959154 -0.03064177 -0.02150364 
5.99484250e-06 -0.04577947 -0.04417645 -0.03959154 -0.03064177 -0.02150364 
4.64158883e-06 -0.04577947 -0.04417645 -0.03959154 -0.03064177 -0.02150364 
3.59381366e-06 -0.04577947 -0.04417645 -0.03959154 -0.03064177 -0.02150364 
2.78255940e-06 -0.04577947 -0.04417645 -0.03959154 -0.03064177 -0.02150364 
2.15443469e-06 -0.04577947 -0.04417645 -0.03959154 -0.03064177 -0.02150364 
1.66810054e-06 -0.04577947 -0.04417645 -0.03959154 -0.03064177 -0.02150364 
1.29154967e-06 -0.04577947 -0.04417645 -0.03959154 -0.03064177 -0.02150364 
1.00000000e-06 -0.04577947 -0.04417645 -0.03959154 -0.03064177 -0.02150364 
7.74263683e-07 -0.04577947 -0.04417645 -0.03959154 -0.03064177 -0.02150364 
5.99484250e-07 -0.04577947 -0.04417645 -0.03959154 -0.03064177 -0.02150364 
4.64158883e-07 -0.04577947 -0.04417645 -0.03959154 -0.03064177 -0.02150364 
3.59381366e-07 -0.04577947 -0.04417645 -0.03959154 -0.03064177 -0.02150364 
2.78255940e-07 -0.04577947 -0.04417645 -0.03959154 -0.03064177 -0.02150364 
2.15443469e-07 -0.04577947 -0.04417645 -0.03959154 -0.03064177 -0.02150364 
1.66810054e-07 -0.04577947 -0.04417645 -0.03959154 -0.03064177 -0.02150364 
1.29154967e-07 -0.04577947 -0.04417645 -0.03959154 -0.03064177 -0.02150364 
1.00000000e-07 -0.04577947 -0.04417645 -0.03959154 -0.03064177 -0.02150364 
7.74263683e-08 -0.04577947 -0.04417645 -0.03959154 -0.03064177 -0.02150364 
5.99484250e-08 -0.04577947 -0.04417645 -0.03959154 -0.03064177 -0.02150364 
4.64158883e-08 -0.04577947 -0.04417645 -0.03959154 -0.03064177 -0.02150364 
3.59381366e-08 -0.04577947 -0.04417645 -0.03959154 -0.03064177 -0.02150364 
2.78255940e-08 -0.04577947 -0.04417645 -0.03959154 -0.03064177 -0.02150364 
2.15443469e-08 -0.04577947 -0.04417645 -0.03959154 -0.03064177 -0.02150364 
1.66810054e-08 -0.04577947 -0.04417645 -0.03959154 -0.03064177 -0.02150364 
1.29154967e-08 -0.04577947 -0.04417645 -0.03959154 -0.03064177 -0.02150364 
1.00000000e-08 -0.04577947 -0.04417645 -0.03959154 -0.03064177 -0.02150364 
7.74263683e-09 -0.04577947 -0.04417645 -0.03959154 -0.03064177 -0.02150364 
5.99484250e-09 -0.04577947 -0.04417645 -0.03959154 -0.03064177 -0.02150364 
4.64158883e-09 -0.04577947 -0.04417645 -0.03959154 -0.03064177 -0.02150364 
3.59381366e-09 -0.04577947 -0.04417645 -0.03959154 -0.03064177 -0.02150364 
2.78255940e-09 -0.04577947 -0.04417645 -0.03959154 -0.03064177 -0.02150364 
2.15443469e-09 -0.04577947 -0.04417645 -0.03959154 -0.03064177 -0.02150364 
1.66810054e-09 -0.04577947 -0.04417645 -0.03959154 -0.03064177 -0.02150364 
1.29154967e-09 -0.04577947 -0.04417645 -0.03959154 -0.03064177 -0.02150364 
1.00000000e-09 -0.04577947 -0.04417645 -0.03959154 -0.03064177 -0.02150364 
7.74263683e-10 -0.04577947 -0.04417645 -0.03959154 -0.03064177 -0.02150364 
5.99484250e-10 -0.04577947 -0.04417645 -0.03959154 -0.03064177 -0.02150364 
4.64158883e-10 -0.04577947 -0.04417645 -0.03959154 -0.03064177 -0.02150364 
3.59381366e-10 -0.04577947 -0.04417645 -0.03959154 -0.03064177 -0.02150364 
2.78255940e-10 -0.04577947 -0.04417645 -0.03959154 -0.03064177 -0.02150364 
2.15443469e-10 -0.04577947 -0.04417645 -0.03959154 -0.03064177 -0.02150364 
1.66810054e-10 -0.04577947 -0.04417645 -0.03959154 -0.03064177 -0.02150364 
1.29154967e-10 -0.04577947 -0.04417645 -0.03959154 -0.03064177 -0.02150364 
1.00000000e-10 -0.04577947 -0.04417645 -0.03959154 -0.03064177 -0.02150364 
P (bar) | log_H2O: -2σ | log_H2O: -1σ | log_H2O: median | log_H2O: +1σ | log_H2O: +2σ 
1.00000000e+01 -4.74791859 -4.60861745 -4.45557200 -4.31632638 -4.18375369 
7.74263683e+00 -4.74791859 -4.60861745 -4.45557200 -4.31632638 -4.18375369 
5.99484250e+00 -4.74791859 -4.60861745 -4.45557200 -4.31632638 -4.18375369 
4.64158883e+00 -4.74791859 -4.60861745 -4.45557200 -4.31632638 -4.18375369 
3.59381366e+00 -4.74791859 -4.60861745 -4.45557200 -4.31632638 -4.18375369 
2.78255940e+00 -4.74791859 -4.60861745 -4.45557200 -4.31632638 -4.18375369 
2.15443469e+00 -4.74791859 -4.60861745 -4.45557200 -4.31632638 -4.18375369 
1.66810054e+00 -4.74791859 -4.60861745 -4.45557200 -4.31632638 -4.18375369 
1.29154967e+00 -4.74791859 -4.60861745 -4.45557200 -4.31632638 -4.18375369 
1.00000000e+00 -4.74791859 -4.60861745 -4.45557200 -4.31632638 -4.18375369 
7.74263683e-01 -4.74791859 -4.60861745 -4.45557200 -4.31632638 -4.18375369 
5.99484250e-01 -4.74791859 -4.60861745 -4.45557200 -4.31632638 -4.18375369 
4.64158883e-01 -4.74791859 -4.60861745 -4.45557200 -4.31632638 -4.18375369 
3.59381366e-01 -4.74791859 -4.60861745 -4.45557200 -4.31632638 -4.18375369 
2.78255940e-01 -4.74791859 -4.60861745 -4.45557200 -4.31632638 -4.18375369 
2.15443469e-01 -4.74791859 -4.60861745 -4.45557200 -4.31632638 -4.18375369 
1.66810054e-01 -4.74791859 -4.60861745 -4.45557200 -4.31632638 -4.18375369 
1.29154967e-01 -4.74791859 -4.60861745 -4.45557200 -4.31632638 -4.18375369 
1.00000000e-01 -4.74791859 -4.60861745 -4.45557200 -4.31632638 -4.18375369 
7.74263683e-02 -4.74791859 -4.60861745 -4.45557200 -4.31632638 -4.18375369 
5.99484250e-02 -4.74791859 -4.60861745 -4.45557200 -4.31632638 -4.18375369 
4.64158883e-02 -4.74791859 -4.60861745 -4.45557200 -4.31632638 -4.18375369 
3.59381366e-02 -4.74791859 -4.60861745 -4.45557200 -4.31632638 -4.18375369 
2.78255940e-02 -4.74791859 -4.60861745 -4.45557200 -4.31632638 -4.18375369 
2.15443469e-02 -4.74791859 -4.60861745 -4.45557200 -4.31632638 -4.18375369 
1.66810054e-02 -4.74791859 -4.60861745 -4.45557200 -4.31632638 -4.18375369 
1.29154967e-02 -4.74791859 -4.60861745 -4.45557200 -4.31632638 -4.18375369 
1.00000000e-02 -4.74791859 -4.60861745 -4.45557200 -4.31632638 -4.18375369 
7.74263683e-03 -4.74791859 -4.60861745 -4.45557200 -4.31632638 -4.18375369 
5.99484250e-03 -4.74791859 -4.60861745 -4.45557200 -4.31632638 -4.18375369 
4.64158883e-03 -4.74791859 -4.60861745 -4.45557200 -4.31632638 -4.18375369 
3.59381366e-03 -4.74791859 -4.60861745 -4.45557200 -4.31632638 -4.18375369 
2.78255940e-03 -4.74791859 -4.60861745 -4.45557200 -4.31632638 -4.18375369 
2.15443469e-03 -4.74791859 -4.60861745 -4.45557200 -4.31632638 -4.18375369 
1.66810054e-03 -4.74791859 -4.60861745 -4.45557200 -4.31632638 -4.18375369 
1.29154967e-03 -4.74791859 -4.60861745 -4.45557200 -4.31632638 -4.18375369 
1.00000000e-03 -4.74791859 -4.60861745 -4.45557200 -4.31632638 -4.18375369 
7.74263683e-04 -4.74791859 -4.60861745 -4.45557200 -4.31632638 -4.18375369 
5.99484250e-04 -4.74791859 -4.60861745 -4.45557200 -4.31632638 -4.18375369 
4.64158883e-04 -4.74791859 -4.60861745 -4.45557200 -4.31632638 -4.18375369 
3.59381366e-04 -4.74791859 -4.60861745 -4.45557200 -4.31632638 -4.18375369 
2.78255940e-04 -4.74791859 -4.60861745 -4.45557200 -4.31632638 -4.18375369 
2.15443469e-04 -4.74791859 -4.60861745 -4.45557200 -4.31632638 -4.18375369 
1.66810054e-04 -4.74791859 -4.60861745 -4.45557200 -4.31632638 -4.18375369 
1.29154967e-04 -4.74791859 -4.60861745 -4.45557200 -4.31632638 -4.18375369 
1.00000000e-04 -4.74791859 -4.60861745 -4.45557200 -4.31632638 -4.18375369 
7.74263683e-05 -4.74791859 -4.60861745 -4.45557200 -4.31632638 -4.18375369 
5.99484250e-05 -4.74791859 -4.60861745 -4.45557200 -4.31632638 -4.18375369 
4.64158883e-05 -4.74791859 -4.60861745 -4.45557200 -4.31632638 -4.18375369 
3.59381366e-05 -4.74791859 -4.60861745 -4.45557200 -4.31632638 -4.18375369 
2.78255940e-05 -4.74791859 -4.60861745 -4.45557200 -4.31632638 -4.18375369 
2.15443469e-05 -4.74791859 -4.60861745 -4.45557200 -4.31632638 -4.18375369 
1.66810054e-05 -4.74791859 -4.60861745 -4.45557200 -4.31632638 -4.18375369 
1.29154967e-05 -4.74791859 -4.60861745 -4.45557200 -4.31632638 -4.18375369 
1.00000000e-05 -4.74791859 -4.60861745 -4.45557200 -4.31632638 -4.18375369 
7.74263683e-06 -4.74791859 -4.60861745 -4.45557200 -4.31632638 -4.18375369 
5.99484250e-06 -4.74791859 -4.60861745 -4.45557200 -4.31632638 -4.18375369 
4.64158883e-06 -4.74791859 -4.60861745 -4.45557200 -4.31632638 -4.18375369 
3.59381366e-06 -4.74791859 -4.60861745 -4.45557200 -4.31632638 -4.18375369 
2.78255940e-06 -4.74791859 -4.60861745 -4.45557200 -4.31632638 -4.18375369 
2.15443469e-06 -4.74791859 -4.60861745 -4.45557200 -4.31632638 -4.18375369 
1.66810054e-06 -4.74791859 -4.60861745 -4.45557200 -4.31632638 -4.18375369 
1.29154967e-06 -4.74791859 -4.60861745 -4.45557200 -4.31632638 -4.18375369 
1.00000000e-06 -4.74791859 -4.60861745 -4.45557200 -4.31632638 -4.18375369 
7.74263683e-07 -4.74791859 -4.60861745 -4.45557200 -4.31632638 -4.18375369 
5.99484250e-07 -4.74791859 -4.60861745 -4.45557200 -4.31632638 -4.18375369 
4.64158883e-07 -4.74791859 -4.60861745 -4.45557200 -4.31632638 -4.18375369 
3.59381366e-07 -4.74791859 -4.60861745 -4.45557200 -4.31632638 -4.18375369 
2.78255940e-07 -4.74791859 -4.60861745 -4.45557200 -4.31632638 -4.18375369 
2.15443469e-07 -4.74791859 -4.60861745 -4.45557200 -4.31632638 -4.18375369 
1.66810054e-07 -4.74791859 -4.60861745 -4.45557200 -4.31632638 -4.18375369 
1.29154967e-07 -4.74791859 -4.60861745 -4.45557200 -4.31632638 -4.18375369 
1.00000000e-07 -4.74791859 -4.60861745 -4.45557200 -4.31632638 -4.18375369 
7.74263683e-08 -4.74791859 -4.60861745 -4.45557200 -4.31632638 -4.18375369 
5.99484250e-08 -4.74791859 -4.60861745 -4.45557200 -4.31632638 -4.18375369 
4.64158883e-08 -4.74791859 -4.60861745 -4.45557200 -4.31632638 -4.18375369 
3.59381366e-08 -4.74791859 -4.60861745 -4.45557200 -4.31632638 -4.18375369 
2.78255940e-08 -4.74791859 -4.60861745 -4.45557200 -4.31632638 -4.18375369 
2.15443469e-08 -4.74791859 -4.60861745 -4.45557200 -4.31632638 -4.18375369 
1.66810054e-08 -4.74791859 -4.60861745 -4.45557200 -4.31632638 -4.18375369 
1.29154967e-08 -4.74791859 -4.60861745 -4.45557200 -4.31632638 -4.18375369 
1.00000000e-08 -4.74791859 -4.60861745 -4.45557200 -4.31632638 -4.18375369 
7.74263683e-09 -4.74791859 -4.60861745 -4.45557200 -4.31632638 -4.18375369 
5.99484250e-09 -4.74791859 -4.60861745 -4.45557200 -4.31632638 -4.18375369 
4.64158883e-09 -4.74791859 -4.60861745 -4.45557200 -4.31632638 -4.18375369 
3.59381366e-09 -4.74791859 -4.60861745 -4.45557200 -4.31632638 -4.18375369 
2.78255940e-09 -4.74791859 -4.60861745 -4.45557200 -4.31632638 -4.18375369 
2.15443469e-09 -4.74791859 -4.60861745 -4.45557200 -4.31632638 -4.18375369 
1.66810054e-09 -4.74791859 -4.60861745 -4.45557200 -4.31632638 -4.18375369 
1.29154967e-09 -4.74791859 -4.60861745 -4.45557200 -4.31632638 -4.18375369 
1.00000000e-09 -4.74791859 -4.60861745 -4.45557200 -4.31632638 -4.18375369 
7.74263683e-10 -4.74791859 -4.60861745 -4.45557200 -4.31632638 -4.18375369 
5.99484250e-10 -4.74791859 -4.60861745 -4.45557200 -4.31632638 -4.18375369 
4.64158883e-10 -4.74791859 -4.60861745 -4.45557200 -4.31632638 -4.18375369 
3.59381366e-10 -4.74791859 -4.60861745 -4.45557200 -4.31632638 -4.18375369 
2.78255940e-10 -4.74791859 -4.60861745 -4.45557200 -4.31632638 -4.18375369 
2.15443469e-10 -4.74791859 -4.60861745 -4.45557200 -4.31632638 -4.18375369 
1.66810054e-10 -4.74791859 -4.60861745 -4.45557200 -4.31632638 -4.18375369 
1.29154967e-10 -4.74791859 -4.60861745 -4.45557200 -4.31632638 -4.18375369 
1.00000000e-10 -4.74791859 -4.60861745 -4.45557200 -4.31632638 -4.18375369 
P (bar) | log_CO2: -2σ | log_CO2: -1σ | log_CO2: median | log_CO2: +1σ | log_CO2: +2σ 
1.00000000e+01 -3.82844293 -3.65728112 -3.46646700 -3.29914785 -3.12623601 
7.74263683e+00 -3.82844293 -3.65728112 -3.46646700 -3.29914785 -3.12623601 
5.99484250e+00 -3.82844293 -3.65728112 -3.46646700 -3.29914785 -3.12623601 
4.64158883e+00 -3.82844293 -3.65728112 -3.46646700 -3.29914785 -3.12623601 
3.59381366e+00 -3.82844293 -3.65728112 -3.46646700 -3.29914785 -3.12623601 
2.78255940e+00 -3.82844293 -3.65728112 -3.46646700 -3.29914785 -3.12623601 
2.15443469e+00 -3.82844293 -3.65728112 -3.46646700 -3.29914785 -3.12623601 
1.66810054e+00 -3.82844293 -3.65728112 -3.46646700 -3.29914785 -3.12623601 
1.29154967e+00 -3.82844293 -3.65728112 -3.46646700 -3.29914785 -3.12623601 
1.00000000e+00 -3.82844293 -3.65728112 -3.46646700 -3.29914785 -3.12623601 
7.74263683e-01 -3.82844293 -3.65728112 -3.46646700 -3.29914785 -3.12623601 
5.99484250e-01 -3.82844293 -3.65728112 -3.46646700 -3.29914785 -3.12623601 
4.64158883e-01 -3.82844293 -3.65728112 -3.46646700 -3.29914785 -3.12623601 
3.59381366e-01 -3.82844293 -3.65728112 -3.46646700 -3.29914785 -3.12623601 
2.78255940e-01 -3.82844293 -3.65728112 -3.46646700 -3.29914785 -3.12623601 
2.15443469e-01 -3.82844293 -3.65728112 -3.46646700 -3.29914785 -3.12623601 
1.66810054e-01 -3.82844293 -3.65728112 -3.46646700 -3.29914785 -3.12623601 
1.29154967e-01 -3.82844293 -3.65728112 -3.46646700 -3.29914785 -3.12623601 
1.00000000e-01 -3.82844293 -3.65728112 -3.46646700 -3.29914785 -3.12623601 
7.74263683e-02 -3.82844293 -3.65728112 -3.46646700 -3.29914785 -3.12623601 
5.99484250e-02 -3.82844293 -3.65728112 -3.46646700 -3.29914785 -3.12623601 
4.64158883e-02 -3.82844293 -3.65728112 -3.46646700 -3.29914785 -3.12623601 
3.59381366e-02 -3.82844293 -3.65728112 -3.46646700 -3.29914785 -3.12623601 
2.78255940e-02 -3.82844293 -3.65728112 -3.46646700 -3.29914785 -3.12623601 
2.15443469e-02 -3.82844293 -3.65728112 -3.46646700 -3.29914785 -3.12623601 
1.66810054e-02 -3.82844293 -3.65728112 -3.46646700 -3.29914785 -3.12623601 
1.29154967e-02 -3.82844293 -3.65728112 -3.46646700 -3.29914785 -3.12623601 
1.00000000e-02 -3.82844293 -3.65728112 -3.46646700 -3.29914785 -3.12623601 
7.74263683e-03 -3.82844293 -3.65728112 -3.46646700 -3.29914785 -3.12623601 
5.99484250e-03 -3.82844293 -3.65728112 -3.46646700 -3.29914785 -3.12623601 
4.64158883e-03 -3.82844293 -3.65728112 -3.46646700 -3.29914785 -3.12623601 
3.59381366e-03 -3.82844293 -3.65728112 -3.46646700 -3.29914785 -3.12623601 
2.78255940e-03 -3.82844293 -3.65728112 -3.46646700 -3.29914785 -3.12623601 
2.15443469e-03 -3.82844293 -3.65728112 -3.46646700 -3.29914785 -3.12623601 
1.66810054e-03 -3.82844293 -3.65728112 -3.46646700 -3.29914785 -3.12623601 
1.29154967e-03 -3.82844293 -3.65728112 -3.46646700 -3.29914785 -3.12623601 
1.00000000e-03 -3.82844293 -3.65728112 -3.46646700 -3.29914785 -3.12623601 
7.74263683e-04 -3.82844293 -3.65728112 -3.46646700 -3.29914785 -3.12623601 
5.99484250e-04 -3.82844293 -3.65728112 -3.46646700 -3.29914785 -3.12623601 
4.64158883e-04 -3.82844293 -3.65728112 -3.46646700 -3.29914785 -3.12623601 
3.59381366e-04 -3.82844293 -3.65728112 -3.46646700 -3.29914785 -3.12623601 
2.78255940e-04 -3.82844293 -3.65728112 -3.46646700 -3.29914785 -3.12623601 
2.15443469e-04 -3.82844293 -3.65728112 -3.46646700 -3.29914785 -3.12623601 
1.66810054e-04 -3.82844293 -3.65728112 -3.46646700 -3.29914785 -3.12623601 
1.29154967e-04 -3.82844293 -3.65728112 -3.46646700 -3.29914785 -3.12623601 
1.00000000e-04 -3.82844293 -3.65728112 -3.46646700 -3.29914785 -3.12623601 
7.74263683e-05 -3.82844293 -3.65728112 -3.46646700 -3.29914785 -3.12623601 
5.99484250e-05 -3.82844293 -3.65728112 -3.46646700 -3.29914785 -3.12623601 
4.64158883e-05 -3.82844293 -3.65728112 -3.46646700 -3.29914785 -3.12623601 
3.59381366e-05 -3.82844293 -3.65728112 -3.46646700 -3.29914785 -3.12623601 
2.78255940e-05 -3.82844293 -3.65728112 -3.46646700 -3.29914785 -3.12623601 
2.15443469e-05 -3.82844293 -3.65728112 -3.46646700 -3.29914785 -3.12623601 
1.66810054e-05 -3.82844293 -3.65728112 -3.46646700 -3.29914785 -3.12623601 
1.29154967e-05 -3.82844293 -3.65728112 -3.46646700 -3.29914785 -3.12623601 
1.00000000e-05 -3.82844293 -3.65728112 -3.46646700 -3.29914785 -3.12623601 
7.74263683e-06 -3.82844293 -3.65728112 -3.46646700 -3.29914785 -3.12623601 
5.99484250e-06 -3.82844293 -3.65728112 -3.46646700 -3.29914785 -3.12623601 
4.64158883e-06 -3.82844293 -3.65728112 -3.46646700 -3.29914785 -3.12623601 
3.59381366e-06 -3.82844293 -3.65728112 -3.46646700 -3.29914785 -3.12623601 
2.78255940e-06 -3.82844293 -3.65728112 -3.46646700 -3.29914785 -3.12623601 
2.15443469e-06 -3.82844293 -3.65728112 -3.46646700 -3.29914785 -3.12623601 
1.66810054e-06 -3.82844293 -3.65728112 -3.46646700 -3.29914785 -3.12623601 
1.29154967e-06 -3.82844293 -3.65728112 -3.46646700 -3.29914785 -3.12623601 
1.00000000e-06 -3.82844293 -3.65728112 -3.46646700 -3.29914785 -3.12623601 
7.74263683e-07 -3.82844293 -3.65728112 -3.46646700 -3.29914785 -3.12623601 
5.99484250e-07 -3.82844293 -3.65728112 -3.46646700 -3.29914785 -3.12623601 
4.64158883e-07 -3.82844293 -3.65728112 -3.46646700 -3.29914785 -3.12623601 
3.59381366e-07 -3.82844293 -3.65728112 -3.46646700 -3.29914785 -3.12623601 
2.78255940e-07 -3.82844293 -3.65728112 -3.46646700 -3.29914785 -3.12623601 
2.15443469e-07 -3.82844293 -3.65728112 -3.46646700 -3.29914785 -3.12623601 
1.66810054e-07 -3.82844293 -3.65728112 -3.46646700 -3.29914785 -3.12623601 
1.29154967e-07 -3.82844293 -3.65728112 -3.46646700 -3.29914785 -3.12623601 
1.00000000e-07 -3.82844293 -3.65728112 -3.46646700 -3.29914785 -3.12623601 
7.74263683e-08 -3.82844293 -3.65728112 -3.46646700 -3.29914785 -3.12623601 
5.99484250e-08 -3.82844293 -3.65728112 -3.46646700 -3.29914785 -3.12623601 
4.64158883e-08 -3.82844293 -3.65728112 -3.46646700 -3.29914785 -3.12623601 
3.59381366e-08 -3.82844293 -3.65728112 -3.46646700 -3.29914785 -3.12623601 
2.78255940e-08 -3.82844293 -3.65728112 -3.46646700 -3.29914785 -3.12623601 
2.15443469e-08 -3.82844293 -3.65728112 -3.46646700 -3.29914785 -3.12623601 
1.66810054e-08 -3.82844293 -3.65728112 -3.46646700 -3.29914785 -3.12623601 
1.29154967e-08 -3.82844293 -3.65728112 -3.46646700 -3.29914785 -3.12623601 
1.00000000e-08 -3.82844293 -3.65728112 -3.46646700 -3.29914785 -3.12623601 
7.74263683e-09 -3.82844293 -3.65728112 -3.46646700 -3.29914785 -3.12623601 
5.99484250e-09 -3.82844293 -3.65728112 -3.46646700 -3.29914785 -3.12623601 
4.64158883e-09 -3.82844293 -3.65728112 -3.46646700 -3.29914785 -3.12623601 
3.59381366e-09 -3.82844293 -3.65728112 -3.46646700 -3.29914785 -3.12623601 
2.78255940e-09 -3.82844293 -3.65728112 -3.46646700 -3.29914785 -3.12623601 
2.15443469e-09 -3.82844293 -3.65728112 -3.46646700 -3.29914785 -3.12623601 
1.66810054e-09 -3.82844293 -3.65728112 -3.46646700 -3.29914785 -3.12623601 
1.29154967e-09 -3.82844293 -3.65728112 -3.46646700 -3.29914785 -3.12623601 
1.00000000e-09 -3.82844293 -3.65728112 -3.46646700 -3.29914785 -3.12623601 
7.74263683e-10 -3.82844293 -3.65728112 -3.46646700 -3.29914785 -3.12623601 
5.99484250e-10 -3.82844293 -3.65728112 -3.46646700 -3.29914785 -3.12623601 
4.64158883e-10 -3.82844293 -3.65728112 -3.46646700 -3.29914785 -3.12623601 
3.59381366e-10 -3.82844293 -3.65728112 -3.46646700 -3.29914785 -3.12623601 
2.78255940e-10 -3.82844293 -3.65728112 -3.46646700 -3.29914785 -3.12623601 
2.15443469e-10 -3.82844293 -3.65728112 -3.46646700 -3.29914785 -3.12623601 
1.66810054e-10 -3.82844293 -3.65728112 -3.46646700 -3.29914785 -3.12623601 
1.29154967e-10 -3.82844293 -3.65728112 -3.46646700 -3.29914785 -3.12623601 
1.00000000e-10 -3.82844293 -3.65728112 -3.46646700 -3.29914785 -3.12623601 
P (bar) | log_CH4: -2σ | log_CH4: -1σ | log_CH4: median | log_CH4: +1σ | log_CH4: +2σ 
1.00000000e+01 -4.66942951 -4.58046875 -4.49301609 -4.39680020 -4.30857760 
7.74263683e+00 -4.66942951 -4.58046875 -4.49301609 -4.39680020 -4.30857760 
5.99484250e+00 -4.66942951 -4.58046875 -4.49301609 -4.39680020 -4.30857760 
4.64158883e+00 -4.66942951 -4.58046875 -4.49301609 -4.39680020 -4.30857760 
3.59381366e+00 -4.66942951 -4.58046875 -4.49301609 -4.39680020 -4.30857760 
2.78255940e+00 -4.66942951 -4.58046875 -4.49301609 -4.39680020 -4.30857760 
2.15443469e+00 -4.66942951 -4.58046875 -4.49301609 -4.39680020 -4.30857760 
1.66810054e+00 -4.66942951 -4.58046875 -4.49301609 -4.39680020 -4.30857760 
1.29154967e+00 -4.66942951 -4.58046875 -4.49301609 -4.39680020 -4.30857760 
1.00000000e+00 -4.66942951 -4.58046875 -4.49301609 -4.39680020 -4.30857760 
7.74263683e-01 -4.66942951 -4.58046875 -4.49301609 -4.39680020 -4.30857760 
5.99484250e-01 -4.66942951 -4.58046875 -4.49301609 -4.39680020 -4.30857760 
4.64158883e-01 -4.66942951 -4.58046875 -4.49301609 -4.39680020 -4.30857760 
3.59381366e-01 -4.66942951 -4.58046875 -4.49301609 -4.39680020 -4.30857760 
2.78255940e-01 -4.66942951 -4.58046875 -4.49301609 -4.39680020 -4.30857760 
2.15443469e-01 -4.66942951 -4.58046875 -4.49301609 -4.39680020 -4.30857760 
1.66810054e-01 -4.66942951 -4.58046875 -4.49301609 -4.39680020 -4.30857760 
1.29154967e-01 -4.66942951 -4.58046875 -4.49301609 -4.39680020 -4.30857760 
1.00000000e-01 -4.66942951 -4.58046875 -4.49301609 -4.39680020 -4.30857760 
7.74263683e-02 -4.66942951 -4.58046875 -4.49301609 -4.39680020 -4.30857760 
5.99484250e-02 -4.66942951 -4.58046875 -4.49301609 -4.39680020 -4.30857760 
4.64158883e-02 -4.66942951 -4.58046875 -4.49301609 -4.39680020 -4.30857760 
3.59381366e-02 -4.66942951 -4.58046875 -4.49301609 -4.39680020 -4.30857760 
2.78255940e-02 -4.66942951 -4.58046875 -4.49301609 -4.39680020 -4.30857760 
2.15443469e-02 -4.66942951 -4.58046875 -4.49301609 -4.39680020 -4.30857760 
1.66810054e-02 -4.66942951 -4.58046875 -4.49301609 -4.39680020 -4.30857760 
1.29154967e-02 -4.66942951 -4.58046875 -4.49301609 -4.39680020 -4.30857760 
1.00000000e-02 -4.66942951 -4.58046875 -4.49301609 -4.39680020 -4.30857760 
7.74263683e-03 -4.66942951 -4.58046875 -4.49301609 -4.39680020 -4.30857760 
5.99484250e-03 -4.66942951 -4.58046875 -4.49301609 -4.39680020 -4.30857760 
4.64158883e-03 -4.66942951 -4.58046875 -4.49301609 -4.39680020 -4.30857760 
3.59381366e-03 -4.66942951 -4.58046875 -4.49301609 -4.39680020 -4.30857760 
2.78255940e-03 -4.66942951 -4.58046875 -4.49301609 -4.39680020 -4.30857760 
2.15443469e-03 -4.66942951 -4.58046875 -4.49301609 -4.39680020 -4.30857760 
1.66810054e-03 -4.66942951 -4.58046875 -4.49301609 -4.39680020 -4.30857760 
1.29154967e-03 -4.66942951 -4.58046875 -4.49301609 -4.39680020 -4.30857760 
1.00000000e-03 -4.66942951 -4.58046875 -4.49301609 -4.39680020 -4.30857760 
7.74263683e-04 -4.66942951 -4.58046875 -4.49301609 -4.39680020 -4.30857760 
5.99484250e-04 -4.66942951 -4.58046875 -4.49301609 -4.39680020 -4.30857760 
4.64158883e-04 -4.66942951 -4.58046875 -4.49301609 -4.39680020 -4.30857760 
3.59381366e-04 -4.66942951 -4.58046875 -4.49301609 -4.39680020 -4.30857760 
2.78255940e-04 -4.66942951 -4.58046875 -4.49301609 -4.39680020 -4.30857760 
2.15443469e-04 -4.66942951 -4.58046875 -4.49301609 -4.39680020 -4.30857760 
1.66810054e-04 -4.66942951 -4.58046875 -4.49301609 -4.39680020 -4.30857760 
1.29154967e-04 -4.66942951 -4.58046875 -4.49301609 -4.39680020 -4.30857760 
1.00000000e-04 -4.66942951 -4.58046875 -4.49301609 -4.39680020 -4.30857760 
7.74263683e-05 -4.66942951 -4.58046875 -4.49301609 -4.39680020 -4.30857760 
5.99484250e-05 -4.66942951 -4.58046875 -4.49301609 -4.39680020 -4.30857760 
4.64158883e-05 -4.66942951 -4.58046875 -4.49301609 -4.39680020 -4.30857760 
3.59381366e-05 -4.66942951 -4.58046875 -4.49301609 -4.39680020 -4.30857760 
2.78255940e-05 -4.66942951 -4.58046875 -4.49301609 -4.39680020 -4.30857760 
2.15443469e-05 -4.66942951 -4.58046875 -4.49301609 -4.39680020 -4.30857760 
1.66810054e-05 -4.66942951 -4.58046875 -4.49301609 -4.39680020 -4.30857760 
1.29154967e-05 -4.66942951 -4.58046875 -4.49301609 -4.39680020 -4.30857760 
1.00000000e-05 -4.66942951 -4.58046875 -4.49301609 -4.39680020 -4.30857760 
7.74263683e-06 -4.66942951 -4.58046875 -4.49301609 -4.39680020 -4.30857760 
5.99484250e-06 -4.66942951 -4.58046875 -4.49301609 -4.39680020 -4.30857760 
4.64158883e-06 -4.66942951 -4.58046875 -4.49301609 -4.39680020 -4.30857760 
3.59381366e-06 -4.66942951 -4.58046875 -4.49301609 -4.39680020 -4.30857760 
2.78255940e-06 -4.66942951 -4.58046875 -4.49301609 -4.39680020 -4.30857760 
2.15443469e-06 -4.66942951 -4.58046875 -4.49301609 -4.39680020 -4.30857760 
1.66810054e-06 -4.66942951 -4.58046875 -4.49301609 -4.39680020 -4.30857760 
1.29154967e-06 -4.66942951 -4.58046875 -4.49301609 -4.39680020 -4.30857760 
1.00000000e-06 -4.66942951 -4.58046875 -4.49301609 -4.39680020 -4.30857760 
7.74263683e-07 -4.66942951 -4.58046875 -4.49301609 -4.39680020 -4.30857760 
5.99484250e-07 -4.66942951 -4.58046875 -4.49301609 -4.39680020 -4.30857760 
4.64158883e-07 -4.66942951 -4.58046875 -4.49301609 -4.39680020 -4.30857760 
3.59381366e-07 -4.66942951 -4.58046875 -4.49301609 -4.39680020 -4.30857760 
2.78255940e-07 -4.66942951 -4.58046875 -4.49301609 -4.39680020 -4.30857760 
2.15443469e-07 -4.66942951 -4.58046875 -4.49301609 -4.39680020 -4.30857760 
1.66810054e-07 -4.66942951 -4.58046875 -4.49301609 -4.39680020 -4.30857760 
1.29154967e-07 -4.66942951 -4.58046875 -4.49301609 -4.39680020 -4.30857760 
1.00000000e-07 -4.66942951 -4.58046875 -4.49301609 -4.39680020 -4.30857760 
7.74263683e-08 -4.66942951 -4.58046875 -4.49301609 -4.39680020 -4.30857760 
5.99484250e-08 -4.66942951 -4.58046875 -4.49301609 -4.39680020 -4.30857760 
4.64158883e-08 -4.66942951 -4.58046875 -4.49301609 -4.39680020 -4.30857760 
3.59381366e-08 -4.66942951 -4.58046875 -4.49301609 -4.39680020 -4.30857760 
2.78255940e-08 -4.66942951 -4.58046875 -4.49301609 -4.39680020 -4.30857760 
2.15443469e-08 -4.66942951 -4.58046875 -4.49301609 -4.39680020 -4.30857760 
1.66810054e-08 -4.66942951 -4.58046875 -4.49301609 -4.39680020 -4.30857760 
1.29154967e-08 -4.66942951 -4.58046875 -4.49301609 -4.39680020 -4.30857760 
1.00000000e-08 -4.66942951 -4.58046875 -4.49301609 -4.39680020 -4.30857760 
7.74263683e-09 -4.66942951 -4.58046875 -4.49301609 -4.39680020 -4.30857760 
5.99484250e-09 -4.66942951 -4.58046875 -4.49301609 -4.39680020 -4.30857760 
4.64158883e-09 -4.66942951 -4.58046875 -4.49301609 -4.39680020 -4.30857760 
3.59381366e-09 -4.66942951 -4.58046875 -4.49301609 -4.39680020 -4.30857760 
2.78255940e-09 -4.66942951 -4.58046875 -4.49301609 -4.39680020 -4.30857760 
2.15443469e-09 -4.66942951 -4.58046875 -4.49301609 -4.39680020 -4.30857760 
1.66810054e-09 -4.66942951 -4.58046875 -4.49301609 -4.39680020 -4.30857760 
1.29154967e-09 -4.66942951 -4.58046875 -4.49301609 -4.39680020 -4.30857760 
1.00000000e-09 -4.66942951 -4.58046875 -4.49301609 -4.39680020 -4.30857760 
7.74263683e-10 -4.66942951 -4.58046875 -4.49301609 -4.39680020 -4.30857760 
5.99484250e-10 -4.66942951 -4.58046875 -4.49301609 -4.39680020 -4.30857760 
4.64158883e-10 -4.66942951 -4.58046875 -4.49301609 -4.39680020 -4.30857760 
3.59381366e-10 -4.66942951 -4.58046875 -4.49301609 -4.39680020 -4.30857760 
2.78255940e-10 -4.66942951 -4.58046875 -4.49301609 -4.39680020 -4.30857760 
2.15443469e-10 -4.66942951 -4.58046875 -4.49301609 -4.39680020 -4.30857760 
1.66810054e-10 -4.66942951 -4.58046875 -4.49301609 -4.39680020 -4.30857760 
1.29154967e-10 -4.66942951 -4.58046875 -4.49301609 -4.39680020 -4.30857760 
1.00000000e-10 -4.66942951 -4.58046875 -4.49301609 -4.39680020 -4.30857760 
P (bar) | log_O2: -2σ | log_O2: -1σ | log_O2: median | log_O2: +1σ | log_O2: +2σ 
1.00000000e+01 -1.31999258 -1.16912671 -1.06244328 -1.01642648 -1.00164899 
7.74263683e+00 -1.31999258 -1.16912671 -1.06244328 -1.01642648 -1.00164899 
5.99484250e+00 -1.31999258 -1.16912671 -1.06244328 -1.01642648 -1.00164899 
4.64158883e+00 -1.31999258 -1.16912671 -1.06244328 -1.01642648 -1.00164899 
3.59381366e+00 -1.31999258 -1.16912671 -1.06244328 -1.01642648 -1.00164899 
2.78255940e+00 -1.31999258 -1.16912671 -1.06244328 -1.01642648 -1.00164899 
2.15443469e+00 -1.31999258 -1.16912671 -1.06244328 -1.01642648 -1.00164899 
1.66810054e+00 -1.31999258 -1.16912671 -1.06244328 -1.01642648 -1.00164899 
1.29154967e+00 -1.31999258 -1.16912671 -1.06244328 -1.01642648 -1.00164899 
1.00000000e+00 -1.31999258 -1.16912671 -1.06244328 -1.01642648 -1.00164899 
7.74263683e-01 -1.31999258 -1.16912671 -1.06244328 -1.01642648 -1.00164899 
5.99484250e-01 -1.31999258 -1.16912671 -1.06244328 -1.01642648 -1.00164899 
4.64158883e-01 -1.31999258 -1.16912671 -1.06244328 -1.01642648 -1.00164899 
3.59381366e-01 -1.31999258 -1.16912671 -1.06244328 -1.01642648 -1.00164899 
2.78255940e-01 -1.31999258 -1.16912671 -1.06244328 -1.01642648 -1.00164899 
2.15443469e-01 -1.31999258 -1.16912671 -1.06244328 -1.01642648 -1.00164899 
1.66810054e-01 -1.31999258 -1.16912671 -1.06244328 -1.01642648 -1.00164899 
1.29154967e-01 -1.31999258 -1.16912671 -1.06244328 -1.01642648 -1.00164899 
1.00000000e-01 -1.31999258 -1.16912671 -1.06244328 -1.01642648 -1.00164899 
7.74263683e-02 -1.31999258 -1.16912671 -1.06244328 -1.01642648 -1.00164899 
5.99484250e-02 -1.31999258 -1.16912671 -1.06244328 -1.01642648 -1.00164899 
4.64158883e-02 -1.31999258 -1.16912671 -1.06244328 -1.01642648 -1.00164899 
3.59381366e-02 -1.31999258 -1.16912671 -1.06244328 -1.01642648 -1.00164899 
2.78255940e-02 -1.31999258 -1.16912671 -1.06244328 -1.01642648 -1.00164899 
2.15443469e-02 -1.31999258 -1.16912671 -1.06244328 -1.01642648 -1.00164899 
1.66810054e-02 -1.31999258 -1.16912671 -1.06244328 -1.01642648 -1.00164899 
1.29154967e-02 -1.31999258 -1.16912671 -1.06244328 -1.01642648 -1.00164899 
1.00000000e-02 -1.31999258 -1.16912671 -1.06244328 -1.01642648 -1.00164899 
7.74263683e-03 -1.31999258 -1.16912671 -1.06244328 -1.01642648 -1.00164899 
5.99484250e-03 -1.31999258 -1.16912671 -1.06244328 -1.01642648 -1.00164899 
4.64158883e-03 -1.31999258 -1.16912671 -1.06244328 -1.01642648 -1.00164899 
3.59381366e-03 -1.31999258 -1.16912671 -1.06244328 -1.01642648 -1.00164899 
2.78255940e-03 -1.31999258 -1.16912671 -1.06244328 -1.01642648 -1.00164899 
2.15443469e-03 -1.31999258 -1.16912671 -1.06244328 -1.01642648 -1.00164899 
1.66810054e-03 -1.31999258 -1.16912671 -1.06244328 -1.01642648 -1.00164899 
1.29154967e-03 -1.31999258 -1.16912671 -1.06244328 -1.01642648 -1.00164899 
1.00000000e-03 -1.31999258 -1.16912671 -1.06244328 -1.01642648 -1.00164899 
7.74263683e-04 -1.31999258 -1.16912671 -1.06244328 -1.01642648 -1.00164899 
5.99484250e-04 -1.31999258 -1.16912671 -1.06244328 -1.01642648 -1.00164899 
4.64158883e-04 -1.31999258 -1.16912671 -1.06244328 -1.01642648 -1.00164899 
3.59381366e-04 -1.31999258 -1.16912671 -1.06244328 -1.01642648 -1.00164899 
2.78255940e-04 -1.31999258 -1.16912671 -1.06244328 -1.01642648 -1.00164899 
2.15443469e-04 -1.31999258 -1.16912671 -1.06244328 -1.01642648 -1.00164899 
1.66810054e-04 -1.31999258 -1.16912671 -1.06244328 -1.01642648 -1.00164899 
1.29154967e-04 -1.31999258 -1.16912671 -1.06244328 -1.01642648 -1.00164899 
1.00000000e-04 -1.31999258 -1.16912671 -1.06244328 -1.01642648 -1.00164899 
7.74263683e-05 -1.31999258 -1.16912671 -1.06244328 -1.01642648 -1.00164899 
5.99484250e-05 -1.31999258 -1.16912671 -1.06244328 -1.01642648 -1.00164899 
4.64158883e-05 -1.31999258 -1.16912671 -1.06244328 -1.01642648 -1.00164899 
3.59381366e-05 -1.31999258 -1.16912671 -1.06244328 -1.01642648 -1.00164899 
2.78255940e-05 -1.31999258 -1.16912671 -1.06244328 -1.01642648 -1.00164899 
2.15443469e-05 -1.31999258 -1.16912671 -1.06244328 -1.01642648 -1.00164899 
1.66810054e-05 -1.31999258 -1.16912671 -1.06244328 -1.01642648 -1.00164899 
1.29154967e-05 -1.31999258 -1.16912671 -1.06244328 -1.01642648 -1.00164899 
1.00000000e-05 -1.31999258 -1.16912671 -1.06244328 -1.01642648 -1.00164899 
7.74263683e-06 -1.31999258 -1.16912671 -1.06244328 -1.01642648 -1.00164899 
5.99484250e-06 -1.31999258 -1.16912671 -1.06244328 -1.01642648 -1.00164899 
4.64158883e-06 -1.31999258 -1.16912671 -1.06244328 -1.01642648 -1.00164899 
3.59381366e-06 -1.31999258 -1.16912671 -1.06244328 -1.01642648 -1.00164899 
2.78255940e-06 -1.31999258 -1.16912671 -1.06244328 -1.01642648 -1.00164899 
2.15443469e-06 -1.31999258 -1.16912671 -1.06244328 -1.01642648 -1.00164899 
1.66810054e-06 -1.31999258 -1.16912671 -1.06244328 -1.01642648 -1.00164899 
1.29154967e-06 -1.31999258 -1.16912671 -1.06244328 -1.01642648 -1.00164899 
1.00000000e-06 -1.31999258 -1.16912671 -1.06244328 -1.01642648 -1.00164899 
7.74263683e-07 -1.31999258 -1.16912671 -1.06244328 -1.01642648 -1.00164899 
5.99484250e-07 -1.31999258 -1.16912671 -1.06244328 -1.01642648 -1.00164899 
4.64158883e-07 -1.31999258 -1.16912671 -1.06244328 -1.01642648 -1.00164899 
3.59381366e-07 -1.31999258 -1.16912671 -1.06244328 -1.01642648 -1.00164899 
2.78255940e-07 -1.31999258 -1.16912671 -1.06244328 -1.01642648 -1.00164899 
2.15443469e-07 -1.31999258 -1.16912671 -1.06244328 -1.01642648 -1.00164899 
1.66810054e-07 -1.31999258 -1.16912671 -1.06244328 -1.01642648 -1.00164899 
1.29154967e-07 -1.31999258 -1.16912671 -1.06244328 -1.01642648 -1.00164899 
1.00000000e-07 -1.31999258 -1.16912671 -1.06244328 -1.01642648 -1.00164899 
7.74263683e-08 -1.31999258 -1.16912671 -1.06244328 -1.01642648 -1.00164899 
5.99484250e-08 -1.31999258 -1.16912671 -1.06244328 -1.01642648 -1.00164899 
4.64158883e-08 -1.31999258 -1.16912671 -1.06244328 -1.01642648 -1.00164899 
3.59381366e-08 -1.31999258 -1.16912671 -1.06244328 -1.01642648 -1.00164899 
2.78255940e-08 -1.31999258 -1.16912671 -1.06244328 -1.01642648 -1.00164899 
2.15443469e-08 -1.31999258 -1.16912671 -1.06244328 -1.01642648 -1.00164899 
1.66810054e-08 -1.31999258 -1.16912671 -1.06244328 -1.01642648 -1.00164899 
1.29154967e-08 -1.31999258 -1.16912671 -1.06244328 -1.01642648 -1.00164899 
1.00000000e-08 -1.31999258 -1.16912671 -1.06244328 -1.01642648 -1.00164899 
7.74263683e-09 -1.31999258 -1.16912671 -1.06244328 -1.01642648 -1.00164899 
5.99484250e-09 -1.31999258 -1.16912671 -1.06244328 -1.01642648 -1.00164899 
4.64158883e-09 -1.31999258 -1.16912671 -1.06244328 -1.01642648 -1.00164899 
3.59381366e-09 -1.31999258 -1.16912671 -1.06244328 -1.01642648 -1.00164899 
2.78255940e-09 -1.31999258 -1.16912671 -1.06244328 -1.01642648 -1.00164899 
2.15443469e-09 -1.31999258 -1.16912671 -1.06244328 -1.01642648 -1.00164899 
1.66810054e-09 -1.31999258 -1.16912671 -1.06244328 -1.01642648 -1.00164899 
1.29154967e-09 -1.31999258 -1.16912671 -1.06244328 -1.01642648 -1.00164899 
1.00000000e-09 -1.31999258 -1.16912671 -1.06244328 -1.01642648 -1.00164899 
7.74263683e-10 -1.31999258 -1.16912671 -1.06244328 -1.01642648 -1.00164899 
5.99484250e-10 -1.31999258 -1.16912671 -1.06244328 -1.01642648 -1.00164899 
4.64158883e-10 -1.31999258 -1.16912671 -1.06244328 -1.01642648 -1.00164899 
3.59381366e-10 -1.31999258 -1.16912671 -1.06244328 -1.01642648 -1.00164899 
2.78255940e-10 -1.31999258 -1.16912671 -1.06244328 -1.01642648 -1.00164899 
2.15443469e-10 -1.31999258 -1.16912671 -1.06244328 -1.01642648 -1.00164899 
1.66810054e-10 -1.31999258 -1.16912671 -1.06244328 -1.01642648 -1.00164899 
1.29154967e-10 -1.31999258 -1.16912671 -1.06244328 -1.01642648 -1.00164899 
1.00000000e-10 -1.31999258 -1.16912671 -1.06244328 -1.01642648 -1.00164899 
P (bar) | log_O3: -2σ | log_O3: -1σ | log_O3: median | log_O3: +1σ | log_O3: +2σ 
1.00000000e+01 -9.94613138 -9.56422294 -8.67566764 -7.70181234 -7.09593401 
7.74263683e+00 -9.94613138 -9.56422294 -8.67566764 -7.70181234 -7.09593401 
5.99484250e+00 -9.94613138 -9.56422294 -8.67566764 -7.70181234 -7.09593401 
4.64158883e+00 -9.94613138 -9.56422294 -8.67566764 -7.70181234 -7.09593401 
3.59381366e+00 -9.94613138 -9.56422294 -8.67566764 -7.70181234 -7.09593401 
2.78255940e+00 -9.94613138 -9.56422294 -8.67566764 -7.70181234 -7.09593401 
2.15443469e+00 -9.94613138 -9.56422294 -8.67566764 -7.70181234 -7.09593401 
1.66810054e+00 -9.94613138 -9.56422294 -8.67566764 -7.70181234 -7.09593401 
1.29154967e+00 -9.94613138 -9.56422294 -8.67566764 -7.70181234 -7.09593401 
1.00000000e+00 -9.94613138 -9.56422294 -8.67566764 -7.70181234 -7.09593401 
7.74263683e-01 -9.94613138 -9.56422294 -8.67566764 -7.70181234 -7.09593401 
5.99484250e-01 -9.94613138 -9.56422294 -8.67566764 -7.70181234 -7.09593401 
4.64158883e-01 -9.94613138 -9.56422294 -8.67566764 -7.70181234 -7.09593401 
3.59381366e-01 -9.94613138 -9.56422294 -8.67566764 -7.70181234 -7.09593401 
2.78255940e-01 -9.94613138 -9.56422294 -8.67566764 -7.70181234 -7.09593401 
2.15443469e-01 -9.94613138 -9.56422294 -8.67566764 -7.70181234 -7.09593401 
1.66810054e-01 -9.94613138 -9.56422294 -8.67566764 -7.70181234 -7.09593401 
1.29154967e-01 -9.94613138 -9.56422294 -8.67566764 -7.70181234 -7.09593401 
1.00000000e-01 -9.94613138 -9.56422294 -8.67566764 -7.70181234 -7.09593401 
7.74263683e-02 -9.94613138 -9.56422294 -8.67566764 -7.70181234 -7.09593401 
5.99484250e-02 -9.94613138 -9.56422294 -8.67566764 -7.70181234 -7.09593401 
4.64158883e-02 -9.94613138 -9.56422294 -8.67566764 -7.70181234 -7.09593401 
3.59381366e-02 -9.94613138 -9.56422294 -8.67566764 -7.70181234 -7.09593401 
2.78255940e-02 -9.94613138 -9.56422294 -8.67566764 -7.70181234 -7.09593401 
2.15443469e-02 -9.94613138 -9.56422294 -8.67566764 -7.70181234 -7.09593401 
1.66810054e-02 -9.94613138 -9.56422294 -8.67566764 -7.70181234 -7.09593401 
1.29154967e-02 -9.94613138 -9.56422294 -8.67566764 -7.70181234 -7.09593401 
1.00000000e-02 -9.94613138 -9.56422294 -8.67566764 -7.70181234 -7.09593401 
7.74263683e-03 -9.94613138 -9.56422294 -8.67566764 -7.70181234 -7.09593401 
5.99484250e-03 -9.94613138 -9.56422294 -8.67566764 -7.70181234 -7.09593401 
4.64158883e-03 -9.94613138 -9.56422294 -8.67566764 -7.70181234 -7.09593401 
3.59381366e-03 -9.94613138 -9.56422294 -8.67566764 -7.70181234 -7.09593401 
2.78255940e-03 -9.94613138 -9.56422294 -8.67566764 -7.70181234 -7.09593401 
2.15443469e-03 -9.94613138 -9.56422294 -8.67566764 -7.70181234 -7.09593401 
1.66810054e-03 -9.94613138 -9.56422294 -8.67566764 -7.70181234 -7.09593401 
1.29154967e-03 -9.94613138 -9.56422294 -8.67566764 -7.70181234 -7.09593401 
1.00000000e-03 -9.94613138 -9.56422294 -8.67566764 -7.70181234 -7.09593401 
7.74263683e-04 -9.94613138 -9.56422294 -8.67566764 -7.70181234 -7.09593401 
5.99484250e-04 -9.94613138 -9.56422294 -8.67566764 -7.70181234 -7.09593401 
4.64158883e-04 -9.94613138 -9.56422294 -8.67566764 -7.70181234 -7.09593401 
3.59381366e-04 -9.94613138 -9.56422294 -8.67566764 -7.70181234 -7.09593401 
2.78255940e-04 -9.94613138 -9.56422294 -8.67566764 -7.70181234 -7.09593401 
2.15443469e-04 -9.94613138 -9.56422294 -8.67566764 -7.70181234 -7.09593401 
1.66810054e-04 -9.94613138 -9.56422294 -8.67566764 -7.70181234 -7.09593401 
1.29154967e-04 -9.94613138 -9.56422294 -8.67566764 -7.70181234 -7.09593401 
1.00000000e-04 -9.94613138 -9.56422294 -8.67566764 -7.70181234 -7.09593401 
7.74263683e-05 -9.94613138 -9.56422294 -8.67566764 -7.70181234 -7.09593401 
5.99484250e-05 -9.94613138 -9.56422294 -8.67566764 -7.70181234 -7.09593401 
4.64158883e-05 -9.94613138 -9.56422294 -8.67566764 -7.70181234 -7.09593401 
3.59381366e-05 -9.94613138 -9.56422294 -8.67566764 -7.70181234 -7.09593401 
2.78255940e-05 -9.94613138 -9.56422294 -8.67566764 -7.70181234 -7.09593401 
2.15443469e-05 -9.94613138 -9.56422294 -8.67566764 -7.70181234 -7.09593401 
1.66810054e-05 -9.94613138 -9.56422294 -8.67566764 -7.70181234 -7.09593401 
1.29154967e-05 -9.94613138 -9.56422294 -8.67566764 -7.70181234 -7.09593401 
1.00000000e-05 -9.94613138 -9.56422294 -8.67566764 -7.70181234 -7.09593401 
7.74263683e-06 -9.94613138 -9.56422294 -8.67566764 -7.70181234 -7.09593401 
5.99484250e-06 -9.94613138 -9.56422294 -8.67566764 -7.70181234 -7.09593401 
4.64158883e-06 -9.94613138 -9.56422294 -8.67566764 -7.70181234 -7.09593401 
3.59381366e-06 -9.94613138 -9.56422294 -8.67566764 -7.70181234 -7.09593401 
2.78255940e-06 -9.94613138 -9.56422294 -8.67566764 -7.70181234 -7.09593401 
2.15443469e-06 -9.94613138 -9.56422294 -8.67566764 -7.70181234 -7.09593401 
1.66810054e-06 -9.94613138 -9.56422294 -8.67566764 -7.70181234 -7.09593401 
1.29154967e-06 -9.94613138 -9.56422294 -8.67566764 -7.70181234 -7.09593401 
1.00000000e-06 -9.94613138 -9.56422294 -8.67566764 -7.70181234 -7.09593401 
7.74263683e-07 -9.94613138 -9.56422294 -8.67566764 -7.70181234 -7.09593401 
5.99484250e-07 -9.94613138 -9.56422294 -8.67566764 -7.70181234 -7.09593401 
4.64158883e-07 -9.94613138 -9.56422294 -8.67566764 -7.70181234 -7.09593401 
3.59381366e-07 -9.94613138 -9.56422294 -8.67566764 -7.70181234 -7.09593401 
2.78255940e-07 -9.94613138 -9.56422294 -8.67566764 -7.70181234 -7.09593401 
2.15443469e-07 -9.94613138 -9.56422294 -8.67566764 -7.70181234 -7.09593401 
1.66810054e-07 -9.94613138 -9.56422294 -8.67566764 -7.70181234 -7.09593401 
1.29154967e-07 -9.94613138 -9.56422294 -8.67566764 -7.70181234 -7.09593401 
1.00000000e-07 -9.94613138 -9.56422294 -8.67566764 -7.70181234 -7.09593401 
7.74263683e-08 -9.94613138 -9.56422294 -8.67566764 -7.70181234 -7.09593401 
5.99484250e-08 -9.94613138 -9.56422294 -8.67566764 -7.70181234 -7.09593401 
4.64158883e-08 -9.94613138 -9.56422294 -8.67566764 -7.70181234 -7.09593401 
3.59381366e-08 -9.94613138 -9.56422294 -8.67566764 -7.70181234 -7.09593401 
2.78255940e-08 -9.94613138 -9.56422294 -8.67566764 -7.70181234 -7.09593401 
2.15443469e-08 -9.94613138 -9.56422294 -8.67566764 -7.70181234 -7.09593401 
1.66810054e-08 -9.94613138 -9.56422294 -8.67566764 -7.70181234 -7.09593401 
1.29154967e-08 -9.94613138 -9.56422294 -8.67566764 -7.70181234 -7.09593401 
1.00000000e-08 -9.94613138 -9.56422294 -8.67566764 -7.70181234 -7.09593401 
7.74263683e-09 -9.94613138 -9.56422294 -8.67566764 -7.70181234 -7.09593401 
5.99484250e-09 -9.94613138 -9.56422294 -8.67566764 -7.70181234 -7.09593401 
4.64158883e-09 -9.94613138 -9.56422294 -8.67566764 -7.70181234 -7.09593401 
3.59381366e-09 -9.94613138 -9.56422294 -8.67566764 -7.70181234 -7.09593401 
2.78255940e-09 -9.94613138 -9.56422294 -8.67566764 -7.70181234 -7.09593401 
2.15443469e-09 -9.94613138 -9.56422294 -8.67566764 -7.70181234 -7.09593401 
1.66810054e-09 -9.94613138 -9.56422294 -8.67566764 -7.70181234 -7.09593401 
1.29154967e-09 -9.94613138 -9.56422294 -8.67566764 -7.70181234 -7.09593401 
1.00000000e-09 -9.94613138 -9.56422294 -8.67566764 -7.70181234 -7.09593401 
7.74263683e-10 -9.94613138 -9.56422294 -8.67566764 -7.70181234 -7.09593401 
5.99484250e-10 -9.94613138 -9.56422294 -8.67566764 -7.70181234 -7.09593401 
4.64158883e-10 -9.94613138 -9.56422294 -8.67566764 -7.70181234 -7.09593401 
3.59381366e-10 -9.94613138 -9.56422294 -8.67566764 -7.70181234 -7.09593401 
2.78255940e-10 -9.94613138 -9.56422294 -8.67566764 -7.70181234 -7.09593401 
2.15443469e-10 -9.94613138 -9.56422294 -8.67566764 -7.70181234 -7.09593401 
1.66810054e-10 -9.94613138 -9.56422294 -8.67566764 -7.70181234 -7.09593401 
1.29154967e-10 -9.94613138 -9.56422294 -8.67566764 -7.70181234 -7.09593401 
1.00000000e-10 -9.94613138 -9.56422294 -8.67566764 -7.70181234 -7.09593401 
P (bar) | log_N2O: -2σ | log_N2O: -1σ | log_N2O: median | log_N2O: +1σ | log_N2O: +2σ 
1.00000000e+01 -7.76849427 -7.15104582 -6.75178851 -6.42142444 -6.16194652 
7.74263683e+00 -7.76849427 -7.15104582 -6.75178851 -6.42142444 -6.16194652 
5.99484250e+00 -7.76849427 -7.15104582 -6.75178851 -6.42142444 -6.16194652 
4.64158883e+00 -7.76849427 -7.15104582 -6.75178851 -6.42142444 -6.16194652 
3.59381366e+00 -7.76849427 -7.15104582 -6.75178851 -6.42142444 -6.16194652 
2.78255940e+00 -7.76849427 -7.15104582 -6.75178851 -6.42142444 -6.16194652 
2.15443469e+00 -7.76849427 -7.15104582 -6.75178851 -6.42142444 -6.16194652 
1.66810054e+00 -7.76849427 -7.15104582 -6.75178851 -6.42142444 -6.16194652 
1.29154967e+00 -7.76849427 -7.15104582 -6.75178851 -6.42142444 -6.16194652 
1.00000000e+00 -7.76849427 -7.15104582 -6.75178851 -6.42142444 -6.16194652 
7.74263683e-01 -7.76849427 -7.15104582 -6.75178851 -6.42142444 -6.16194652 
5.99484250e-01 -7.76849427 -7.15104582 -6.75178851 -6.42142444 -6.16194652 
4.64158883e-01 -7.76849427 -7.15104582 -6.75178851 -6.42142444 -6.16194652 
3.59381366e-01 -7.76849427 -7.15104582 -6.75178851 -6.42142444 -6.16194652 
2.78255940e-01 -7.76849427 -7.15104582 -6.75178851 -6.42142444 -6.16194652 
2.15443469e-01 -7.76849427 -7.15104582 -6.75178851 -6.42142444 -6.16194652 
1.66810054e-01 -7.76849427 -7.15104582 -6.75178851 -6.42142444 -6.16194652 
1.29154967e-01 -7.76849427 -7.15104582 -6.75178851 -6.42142444 -6.16194652 
1.00000000e-01 -7.76849427 -7.15104582 -6.75178851 -6.42142444 -6.16194652 
7.74263683e-02 -7.76849427 -7.15104582 -6.75178851 -6.42142444 -6.16194652 
5.99484250e-02 -7.76849427 -7.15104582 -6.75178851 -6.42142444 -6.16194652 
4.64158883e-02 -7.76849427 -7.15104582 -6.75178851 -6.42142444 -6.16194652 
3.59381366e-02 -7.76849427 -7.15104582 -6.75178851 -6.42142444 -6.16194652 
2.78255940e-02 -7.76849427 -7.15104582 -6.75178851 -6.42142444 -6.16194652 
2.15443469e-02 -7.76849427 -7.15104582 -6.75178851 -6.42142444 -6.16194652 
1.66810054e-02 -7.76849427 -7.15104582 -6.75178851 -6.42142444 -6.16194652 
1.29154967e-02 -7.76849427 -7.15104582 -6.75178851 -6.42142444 -6.16194652 
1.00000000e-02 -7.76849427 -7.15104582 -6.75178851 -6.42142444 -6.16194652 
7.74263683e-03 -7.76849427 -7.15104582 -6.75178851 -6.42142444 -6.16194652 
5.99484250e-03 -7.76849427 -7.15104582 -6.75178851 -6.42142444 -6.16194652 
4.64158883e-03 -7.76849427 -7.15104582 -6.75178851 -6.42142444 -6.16194652 
3.59381366e-03 -7.76849427 -7.15104582 -6.75178851 -6.42142444 -6.16194652 
2.78255940e-03 -7.76849427 -7.15104582 -6.75178851 -6.42142444 -6.16194652 
2.15443469e-03 -7.76849427 -7.15104582 -6.75178851 -6.42142444 -6.16194652 
1.66810054e-03 -7.76849427 -7.15104582 -6.75178851 -6.42142444 -6.16194652 
1.29154967e-03 -7.76849427 -7.15104582 -6.75178851 -6.42142444 -6.16194652 
1.00000000e-03 -7.76849427 -7.15104582 -6.75178851 -6.42142444 -6.16194652 
7.74263683e-04 -7.76849427 -7.15104582 -6.75178851 -6.42142444 -6.16194652 
5.99484250e-04 -7.76849427 -7.15104582 -6.75178851 -6.42142444 -6.16194652 
4.64158883e-04 -7.76849427 -7.15104582 -6.75178851 -6.42142444 -6.16194652 
3.59381366e-04 -7.76849427 -7.15104582 -6.75178851 -6.42142444 -6.16194652 
2.78255940e-04 -7.76849427 -7.15104582 -6.75178851 -6.42142444 -6.16194652 
2.15443469e-04 -7.76849427 -7.15104582 -6.75178851 -6.42142444 -6.16194652 
1.66810054e-04 -7.76849427 -7.15104582 -6.75178851 -6.42142444 -6.16194652 
1.29154967e-04 -7.76849427 -7.15104582 -6.75178851 -6.42142444 -6.16194652 
1.00000000e-04 -7.76849427 -7.15104582 -6.75178851 -6.42142444 -6.16194652 
7.74263683e-05 -7.76849427 -7.15104582 -6.75178851 -6.42142444 -6.16194652 
5.99484250e-05 -7.76849427 -7.15104582 -6.75178851 -6.42142444 -6.16194652 
4.64158883e-05 -7.76849427 -7.15104582 -6.75178851 -6.42142444 -6.16194652 
3.59381366e-05 -7.76849427 -7.15104582 -6.75178851 -6.42142444 -6.16194652 
2.78255940e-05 -7.76849427 -7.15104582 -6.75178851 -6.42142444 -6.16194652 
2.15443469e-05 -7.76849427 -7.15104582 -6.75178851 -6.42142444 -6.16194652 
1.66810054e-05 -7.76849427 -7.15104582 -6.75178851 -6.42142444 -6.16194652 
1.29154967e-05 -7.76849427 -7.15104582 -6.75178851 -6.42142444 -6.16194652 
1.00000000e-05 -7.76849427 -7.15104582 -6.75178851 -6.42142444 -6.16194652 
7.74263683e-06 -7.76849427 -7.15104582 -6.75178851 -6.42142444 -6.16194652 
5.99484250e-06 -7.76849427 -7.15104582 -6.75178851 -6.42142444 -6.16194652 
4.64158883e-06 -7.76849427 -7.15104582 -6.75178851 -6.42142444 -6.16194652 
3.59381366e-06 -7.76849427 -7.15104582 -6.75178851 -6.42142444 -6.16194652 
2.78255940e-06 -7.76849427 -7.15104582 -6.75178851 -6.42142444 -6.16194652 
2.15443469e-06 -7.76849427 -7.15104582 -6.75178851 -6.42142444 -6.16194652 
1.66810054e-06 -7.76849427 -7.15104582 -6.75178851 -6.42142444 -6.16194652 
1.29154967e-06 -7.76849427 -7.15104582 -6.75178851 -6.42142444 -6.16194652 
1.00000000e-06 -7.76849427 -7.15104582 -6.75178851 -6.42142444 -6.16194652 
7.74263683e-07 -7.76849427 -7.15104582 -6.75178851 -6.42142444 -6.16194652 
5.99484250e-07 -7.76849427 -7.15104582 -6.75178851 -6.42142444 -6.16194652 
4.64158883e-07 -7.76849427 -7.15104582 -6.75178851 -6.42142444 -6.16194652 
3.59381366e-07 -7.76849427 -7.15104582 -6.75178851 -6.42142444 -6.16194652 
2.78255940e-07 -7.76849427 -7.15104582 -6.75178851 -6.42142444 -6.16194652 
2.15443469e-07 -7.76849427 -7.15104582 -6.75178851 -6.42142444 -6.16194652 
1.66810054e-07 -7.76849427 -7.15104582 -6.75178851 -6.42142444 -6.16194652 
1.29154967e-07 -7.76849427 -7.15104582 -6.75178851 -6.42142444 -6.16194652 
1.00000000e-07 -7.76849427 -7.15104582 -6.75178851 -6.42142444 -6.16194652 
7.74263683e-08 -7.76849427 -7.15104582 -6.75178851 -6.42142444 -6.16194652 
5.99484250e-08 -7.76849427 -7.15104582 -6.75178851 -6.42142444 -6.16194652 
4.64158883e-08 -7.76849427 -7.15104582 -6.75178851 -6.42142444 -6.16194652 
3.59381366e-08 -7.76849427 -7.15104582 -6.75178851 -6.42142444 -6.16194652 
2.78255940e-08 -7.76849427 -7.15104582 -6.75178851 -6.42142444 -6.16194652 
2.15443469e-08 -7.76849427 -7.15104582 -6.75178851 -6.42142444 -6.16194652 
1.66810054e-08 -7.76849427 -7.15104582 -6.75178851 -6.42142444 -6.16194652 
1.29154967e-08 -7.76849427 -7.15104582 -6.75178851 -6.42142444 -6.16194652 
1.00000000e-08 -7.76849427 -7.15104582 -6.75178851 -6.42142444 -6.16194652 
7.74263683e-09 -7.76849427 -7.15104582 -6.75178851 -6.42142444 -6.16194652 
5.99484250e-09 -7.76849427 -7.15104582 -6.75178851 -6.42142444 -6.16194652 
4.64158883e-09 -7.76849427 -7.15104582 -6.75178851 -6.42142444 -6.16194652 
3.59381366e-09 -7.76849427 -7.15104582 -6.75178851 -6.42142444 -6.16194652 
2.78255940e-09 -7.76849427 -7.15104582 -6.75178851 -6.42142444 -6.16194652 
2.15443469e-09 -7.76849427 -7.15104582 -6.75178851 -6.42142444 -6.16194652 
1.66810054e-09 -7.76849427 -7.15104582 -6.75178851 -6.42142444 -6.16194652 
1.29154967e-09 -7.76849427 -7.15104582 -6.75178851 -6.42142444 -6.16194652 
1.00000000e-09 -7.76849427 -7.15104582 -6.75178851 -6.42142444 -6.16194652 
7.74263683e-10 -7.76849427 -7.15104582 -6.75178851 -6.42142444 -6.16194652 
5.99484250e-10 -7.76849427 -7.15104582 -6.75178851 -6.42142444 -6.16194652 
4.64158883e-10 -7.76849427 -7.15104582 -6.75178851 -6.42142444 -6.16194652 
3.59381366e-10 -7.76849427 -7.15104582 -6.75178851 -6.42142444 -6.16194652 
2.78255940e-10 -7.76849427 -7.15104582 -6.75178851 -6.42142444 -6.16194652 
2.15443469e-10 -7.76849427 -7.15104582 -6.75178851 -6.42142444 -6.16194652 
1.66810054e-10 -7.76849427 -7.15104582 -6.75178851 -6.42142444 -6.16194652 
1.29154967e-10 -7.76849427 -7.15104582 -6.75178851 -6.42142444 -6.16194652 
1.00000000e-10 -7.76849427 -7.15104582 -6.75178851 -6.42142444 -6.16194652 
P (bar) | log_NH3: -2σ | log_NH3: -1σ | log_NH3: median | log_NH3: +1σ | log_NH3: +2σ 
1.00000000e+01 -7.17877412 -6.79939630 -6.54822807 -6.34299259 -6.16397024 
7.74263683e+00 -7.17877412 -6.79939630 -6.54822807 -6.34299259 -6.16397024 
5.99484250e+00 -7.17877412 -6.79939630 -6.54822807 -6.34299259 -6.16397024 
4.64158883e+00 -7.17877412 -6.79939630 -6.54822807 -6.34299259 -6.16397024 
3.59381366e+00 -7.17877412 -6.79939630 -6.54822807 -6.34299259 -6.16397024 
2.78255940e+00 -7.17877412 -6.79939630 -6.54822807 -6.34299259 -6.16397024 
2.15443469e+00 -7.17877412 -6.79939630 -6.54822807 -6.34299259 -6.16397024 
1.66810054e+00 -7.17877412 -6.79939630 -6.54822807 -6.34299259 -6.16397024 
1.29154967e+00 -7.17877412 -6.79939630 -6.54822807 -6.34299259 -6.16397024 
1.00000000e+00 -7.17877412 -6.79939630 -6.54822807 -6.34299259 -6.16397024 
7.74263683e-01 -7.17877412 -6.79939630 -6.54822807 -6.34299259 -6.16397024 
5.99484250e-01 -7.17877412 -6.79939630 -6.54822807 -6.34299259 -6.16397024 
4.64158883e-01 -7.17877412 -6.79939630 -6.54822807 -6.34299259 -6.16397024 
3.59381366e-01 -7.17877412 -6.79939630 -6.54822807 -6.34299259 -6.16397024 
2.78255940e-01 -7.17877412 -6.79939630 -6.54822807 -6.34299259 -6.16397024 
2.15443469e-01 -7.17877412 -6.79939630 -6.54822807 -6.34299259 -6.16397024 
1.66810054e-01 -7.17877412 -6.79939630 -6.54822807 -6.34299259 -6.16397024 
1.29154967e-01 -7.17877412 -6.79939630 -6.54822807 -6.34299259 -6.16397024 
1.00000000e-01 -7.17877412 -6.79939630 -6.54822807 -6.34299259 -6.16397024 
7.74263683e-02 -7.17877412 -6.79939630 -6.54822807 -6.34299259 -6.16397024 
5.99484250e-02 -7.17877412 -6.79939630 -6.54822807 -6.34299259 -6.16397024 
4.64158883e-02 -7.17877412 -6.79939630 -6.54822807 -6.34299259 -6.16397024 
3.59381366e-02 -7.17877412 -6.79939630 -6.54822807 -6.34299259 -6.16397024 
2.78255940e-02 -7.17877412 -6.79939630 -6.54822807 -6.34299259 -6.16397024 
2.15443469e-02 -7.17877412 -6.79939630 -6.54822807 -6.34299259 -6.16397024 
1.66810054e-02 -7.17877412 -6.79939630 -6.54822807 -6.34299259 -6.16397024 
1.29154967e-02 -7.17877412 -6.79939630 -6.54822807 -6.34299259 -6.16397024 
1.00000000e-02 -7.17877412 -6.79939630 -6.54822807 -6.34299259 -6.16397024 
7.74263683e-03 -7.17877412 -6.79939630 -6.54822807 -6.34299259 -6.16397024 
5.99484250e-03 -7.17877412 -6.79939630 -6.54822807 -6.34299259 -6.16397024 
4.64158883e-03 -7.17877412 -6.79939630 -6.54822807 -6.34299259 -6.16397024 
3.59381366e-03 -7.17877412 -6.79939630 -6.54822807 -6.34299259 -6.16397024 
2.78255940e-03 -7.17877412 -6.79939630 -6.54822807 -6.34299259 -6.16397024 
2.15443469e-03 -7.17877412 -6.79939630 -6.54822807 -6.34299259 -6.16397024 
1.66810054e-03 -7.17877412 -6.79939630 -6.54822807 -6.34299259 -6.16397024 
1.29154967e-03 -7.17877412 -6.79939630 -6.54822807 -6.34299259 -6.16397024 
1.00000000e-03 -7.17877412 -6.79939630 -6.54822807 -6.34299259 -6.16397024 
7.74263683e-04 -7.17877412 -6.79939630 -6.54822807 -6.34299259 -6.16397024 
5.99484250e-04 -7.17877412 -6.79939630 -6.54822807 -6.34299259 -6.16397024 
4.64158883e-04 -7.17877412 -6.79939630 -6.54822807 -6.34299259 -6.16397024 
3.59381366e-04 -7.17877412 -6.79939630 -6.54822807 -6.34299259 -6.16397024 
2.78255940e-04 -7.17877412 -6.79939630 -6.54822807 -6.34299259 -6.16397024 
2.15443469e-04 -7.17877412 -6.79939630 -6.54822807 -6.34299259 -6.16397024 
1.66810054e-04 -7.17877412 -6.79939630 -6.54822807 -6.34299259 -6.16397024 
1.29154967e-04 -7.17877412 -6.79939630 -6.54822807 -6.34299259 -6.16397024 
1.00000000e-04 -7.17877412 -6.79939630 -6.54822807 -6.34299259 -6.16397024 
7.74263683e-05 -7.17877412 -6.79939630 -6.54822807 -6.34299259 -6.16397024 
5.99484250e-05 -7.17877412 -6.79939630 -6.54822807 -6.34299259 -6.16397024 
4.64158883e-05 -7.17877412 -6.79939630 -6.54822807 -6.34299259 -6.16397024 
3.59381366e-05 -7.17877412 -6.79939630 -6.54822807 -6.34299259 -6.16397024 
2.78255940e-05 -7.17877412 -6.79939630 -6.54822807 -6.34299259 -6.16397024 
2.15443469e-05 -7.17877412 -6.79939630 -6.54822807 -6.34299259 -6.16397024 
1.66810054e-05 -7.17877412 -6.79939630 -6.54822807 -6.34299259 -6.16397024 
1.29154967e-05 -7.17877412 -6.79939630 -6.54822807 -6.34299259 -6.16397024 
1.00000000e-05 -7.17877412 -6.79939630 -6.54822807 -6.34299259 -6.16397024 
7.74263683e-06 -7.17877412 -6.79939630 -6.54822807 -6.34299259 -6.16397024 
5.99484250e-06 -7.17877412 -6.79939630 -6.54822807 -6.34299259 -6.16397024 
4.64158883e-06 -7.17877412 -6.79939630 -6.54822807 -6.34299259 -6.16397024 
3.59381366e-06 -7.17877412 -6.79939630 -6.54822807 -6.34299259 -6.16397024 
2.78255940e-06 -7.17877412 -6.79939630 -6.54822807 -6.34299259 -6.16397024 
2.15443469e-06 -7.17877412 -6.79939630 -6.54822807 -6.34299259 -6.16397024 
1.66810054e-06 -7.17877412 -6.79939630 -6.54822807 -6.34299259 -6.16397024 
1.29154967e-06 -7.17877412 -6.79939630 -6.54822807 -6.34299259 -6.16397024 
1.00000000e-06 -7.17877412 -6.79939630 -6.54822807 -6.34299259 -6.16397024 
7.74263683e-07 -7.17877412 -6.79939630 -6.54822807 -6.34299259 -6.16397024 
5.99484250e-07 -7.17877412 -6.79939630 -6.54822807 -6.34299259 -6.16397024 
4.64158883e-07 -7.17877412 -6.79939630 -6.54822807 -6.34299259 -6.16397024 
3.59381366e-07 -7.17877412 -6.79939630 -6.54822807 -6.34299259 -6.16397024 
2.78255940e-07 -7.17877412 -6.79939630 -6.54822807 -6.34299259 -6.16397024 
2.15443469e-07 -7.17877412 -6.79939630 -6.54822807 -6.34299259 -6.16397024 
1.66810054e-07 -7.17877412 -6.79939630 -6.54822807 -6.34299259 -6.16397024 
1.29154967e-07 -7.17877412 -6.79939630 -6.54822807 -6.34299259 -6.16397024 
1.00000000e-07 -7.17877412 -6.79939630 -6.54822807 -6.34299259 -6.16397024 
7.74263683e-08 -7.17877412 -6.79939630 -6.54822807 -6.34299259 -6.16397024 
5.99484250e-08 -7.17877412 -6.79939630 -6.54822807 -6.34299259 -6.16397024 
4.64158883e-08 -7.17877412 -6.79939630 -6.54822807 -6.34299259 -6.16397024 
3.59381366e-08 -7.17877412 -6.79939630 -6.54822807 -6.34299259 -6.16397024 
2.78255940e-08 -7.17877412 -6.79939630 -6.54822807 -6.34299259 -6.16397024 
2.15443469e-08 -7.17877412 -6.79939630 -6.54822807 -6.34299259 -6.16397024 
1.66810054e-08 -7.17877412 -6.79939630 -6.54822807 -6.34299259 -6.16397024 
1.29154967e-08 -7.17877412 -6.79939630 -6.54822807 -6.34299259 -6.16397024 
1.00000000e-08 -7.17877412 -6.79939630 -6.54822807 -6.34299259 -6.16397024 
7.74263683e-09 -7.17877412 -6.79939630 -6.54822807 -6.34299259 -6.16397024 
5.99484250e-09 -7.17877412 -6.79939630 -6.54822807 -6.34299259 -6.16397024 
4.64158883e-09 -7.17877412 -6.79939630 -6.54822807 -6.34299259 -6.16397024 
3.59381366e-09 -7.17877412 -6.79939630 -6.54822807 -6.34299259 -6.16397024 
2.78255940e-09 -7.17877412 -6.79939630 -6.54822807 -6.34299259 -6.16397024 
2.15443469e-09 -7.17877412 -6.79939630 -6.54822807 -6.34299259 -6.16397024 
1.66810054e-09 -7.17877412 -6.79939630 -6.54822807 -6.34299259 -6.16397024 
1.29154967e-09 -7.17877412 -6.79939630 -6.54822807 -6.34299259 -6.16397024 
1.00000000e-09 -7.17877412 -6.79939630 -6.54822807 -6.34299259 -6.16397024 
7.74263683e-10 -7.17877412 -6.79939630 -6.54822807 -6.34299259 -6.16397024 
5.99484250e-10 -7.17877412 -6.79939630 -6.54822807 -6.34299259 -6.16397024 
4.64158883e-10 -7.17877412 -6.79939630 -6.54822807 -6.34299259 -6.16397024 
3.59381366e-10 -7.17877412 -6.79939630 -6.54822807 -6.34299259 -6.16397024 
2.78255940e-10 -7.17877412 -6.79939630 -6.54822807 -6.34299259 -6.16397024 
2.15443469e-10 -7.17877412 -6.79939630 -6.54822807 -6.34299259 -6.16397024 
1.66810054e-10 -7.17877412 -6.79939630 -6.54822807 -6.34299259 -6.16397024 
1.29154967e-10 -7.17877412 -6.79939630 -6.54822807 -6.34299259 -6.16397024 
1.00000000e-10 -7.17877412 -6.79939630 -6.54822807 -6.34299259 -6.16397024 
