Chemical species: N2 H2O CO2 CH4 O2 O3 N2O NH3
P (bar) | log_N2: -2σ | log_N2: -1σ | log_N2: median | log_N2: +1σ | log_N2: +2σ 
1.00000000e+01 -0.04448285 -0.03467689 -0.01496833 -0.00023685 -0.00006431 
7.74263683e+00 -0.04448285 -0.03467689 -0.01496833 -0.00023685 -0.00006431 
5.99484250e+00 -0.04448285 -0.03467689 -0.01496833 -0.00023685 -0.00006431 
4.64158883e+00 -0.04448285 -0.03467689 -0.01496833 -0.00023685 -0.00006431 
3.59381366e+00 -0.04448285 -0.03467689 -0.01496833 -0.00023685 -0.00006431 
2.78255940e+00 -0.04448285 -0.03467689 -0.01496833 -0.00023685 -0.00006431 
2.15443469e+00 -0.04448285 -0.03467689 -0.01496833 -0.00023685 -0.00006431 
1.66810054e+00 -0.04448285 -0.03467689 -0.01496833 -0.00023685 -0.00006431 
1.29154967e+00 -0.04448285 -0.03467689 -0.01496833 -0.00023685 -0.00006431 
1.00000000e+00 -0.04448285 -0.03467689 -0.01496833 -0.00023685 -0.00006431 
7.74263683e-01 -0.04448285 -0.03467689 -0.01496833 -0.00023685 -0.00006431 
5.99484250e-01 -0.04448285 -0.03467689 -0.01496833 -0.00023685 -0.00006431 
4.64158883e-01 -0.04448285 -0.03467689 -0.01496833 -0.00023685 -0.00006431 
3.59381366e-01 -0.04448285 -0.03467689 -0.01496833 -0.00023685 -0.00006431 
2.78255940e-01 -0.04448285 -0.03467689 -0.01496833 -0.00023685 -0.00006431 
2.15443469e-01 -0.04448285 -0.03467689 -0.01496833 -0.00023685 -0.00006431 
1.66810054e-01 -0.04448285 -0.03467689 -0.01496833 -0.00023685 -0.00006431 
1.29154967e-01 -0.04448285 -0.03467689 -0.01496833 -0.00023685 -0.00006431 
1.00000000e-01 -0.04448285 -0.03467689 -0.01496833 -0.00023685 -0.00006431 
7.74263683e-02 -0.04448285 -0.03467689 -0.01496833 -0.00023685 -0.00006431 
5.99484250e-02 -0.04448285 -0.03467689 -0.01496833 -0.00023685 -0.00006431 
4.64158883e-02 -0.04448285 -0.03467689 -0.01496833 -0.00023685 -0.00006431 
3.59381366e-02 -0.04448285 -0.03467689 -0.01496833 -0.00023685 -0.00006431 
2.78255940e-02 -0.04448285 -0.03467689 -0.01496833 -0.00023685 -0.00006431 
2.15443469e-02 -0.04448285 -0.03467689 -0.01496833 -0.00023685 -0.00006431 
1.66810054e-02 -0.04448285 -0.03467689 -0.01496833 -0.00023685 -0.00006431 
1.29154967e-02 -0.04448285 -0.03467689 -0.01496833 -0.00023685 -0.00006431 
1.00000000e-02 -0.04448285 -0.03467689 -0.01496833 -0.00023685 -0.00006431 
7.74263683e-03 -0.04448285 -0.03467689 -0.01496833 -0.00023685 -0.00006431 
5.99484250e-03 -0.04448285 -0.03467689 -0.01496833 -0.00023685 -0.00006431 
4.64158883e-03 -0.04448285 -0.03467689 -0.01496833 -0.00023685 -0.00006431 
3.59381366e-03 -0.04448285 -0.03467689 -0.01496833 -0.00023685 -0.00006431 
2.78255940e-03 -0.04448285 -0.03467689 -0.01496833 -0.00023685 -0.00006431 
2.15443469e-03 -0.04448285 -0.03467689 -0.01496833 -0.00023685 -0.00006431 
1.66810054e-03 -0.04448285 -0.03467689 -0.01496833 -0.00023685 -0.00006431 
1.29154967e-03 -0.04448285 -0.03467689 -0.01496833 -0.00023685 -0.00006431 
1.00000000e-03 -0.04448285 -0.03467689 -0.01496833 -0.00023685 -0.00006431 
7.74263683e-04 -0.04448285 -0.03467689 -0.01496833 -0.00023685 -0.00006431 
5.99484250e-04 -0.04448285 -0.03467689 -0.01496833 -0.00023685 -0.00006431 
4.64158883e-04 -0.04448285 -0.03467689 -0.01496833 -0.00023685 -0.00006431 
3.59381366e-04 -0.04448285 -0.03467689 -0.01496833 -0.00023685 -0.00006431 
2.78255940e-04 -0.04448285 -0.03467689 -0.01496833 -0.00023685 -0.00006431 
2.15443469e-04 -0.04448285 -0.03467689 -0.01496833 -0.00023685 -0.00006431 
1.66810054e-04 -0.04448285 -0.03467689 -0.01496833 -0.00023685 -0.00006431 
1.29154967e-04 -0.04448285 -0.03467689 -0.01496833 -0.00023685 -0.00006431 
1.00000000e-04 -0.04448285 -0.03467689 -0.01496833 -0.00023685 -0.00006431 
7.74263683e-05 -0.04448285 -0.03467689 -0.01496833 -0.00023685 -0.00006431 
5.99484250e-05 -0.04448285 -0.03467689 -0.01496833 -0.00023685 -0.00006431 
4.64158883e-05 -0.04448285 -0.03467689 -0.01496833 -0.00023685 -0.00006431 
3.59381366e-05 -0.04448285 -0.03467689 -0.01496833 -0.00023685 -0.00006431 
2.78255940e-05 -0.04448285 -0.03467689 -0.01496833 -0.00023685 -0.00006431 
2.15443469e-05 -0.04448285 -0.03467689 -0.01496833 -0.00023685 -0.00006431 
1.66810054e-05 -0.04448285 -0.03467689 -0.01496833 -0.00023685 -0.00006431 
1.29154967e-05 -0.04448285 -0.03467689 -0.01496833 -0.00023685 -0.00006431 
1.00000000e-05 -0.04448285 -0.03467689 -0.01496833 -0.00023685 -0.00006431 
7.74263683e-06 -0.04448285 -0.03467689 -0.01496833 -0.00023685 -0.00006431 
5.99484250e-06 -0.04448285 -0.03467689 -0.01496833 -0.00023685 -0.00006431 
4.64158883e-06 -0.04448285 -0.03467689 -0.01496833 -0.00023685 -0.00006431 
3.59381366e-06 -0.04448285 -0.03467689 -0.01496833 -0.00023685 -0.00006431 
2.78255940e-06 -0.04448285 -0.03467689 -0.01496833 -0.00023685 -0.00006431 
2.15443469e-06 -0.04448285 -0.03467689 -0.01496833 -0.00023685 -0.00006431 
1.66810054e-06 -0.04448285 -0.03467689 -0.01496833 -0.00023685 -0.00006431 
1.29154967e-06 -0.04448285 -0.03467689 -0.01496833 -0.00023685 -0.00006431 
1.00000000e-06 -0.04448285 -0.03467689 -0.01496833 -0.00023685 -0.00006431 
7.74263683e-07 -0.04448285 -0.03467689 -0.01496833 -0.00023685 -0.00006431 
5.99484250e-07 -0.04448285 -0.03467689 -0.01496833 -0.00023685 -0.00006431 
4.64158883e-07 -0.04448285 -0.03467689 -0.01496833 -0.00023685 -0.00006431 
3.59381366e-07 -0.04448285 -0.03467689 -0.01496833 -0.00023685 -0.00006431 
2.78255940e-07 -0.04448285 -0.03467689 -0.01496833 -0.00023685 -0.00006431 
2.15443469e-07 -0.04448285 -0.03467689 -0.01496833 -0.00023685 -0.00006431 
1.66810054e-07 -0.04448285 -0.03467689 -0.01496833 -0.00023685 -0.00006431 
1.29154967e-07 -0.04448285 -0.03467689 -0.01496833 -0.00023685 -0.00006431 
1.00000000e-07 -0.04448285 -0.03467689 -0.01496833 -0.00023685 -0.00006431 
7.74263683e-08 -0.04448285 -0.03467689 -0.01496833 -0.00023685 -0.00006431 
5.99484250e-08 -0.04448285 -0.03467689 -0.01496833 -0.00023685 -0.00006431 
4.64158883e-08 -0.04448285 -0.03467689 -0.01496833 -0.00023685 -0.00006431 
3.59381366e-08 -0.04448285 -0.03467689 -0.01496833 -0.00023685 -0.00006431 
2.78255940e-08 -0.04448285 -0.03467689 -0.01496833 -0.00023685 -0.00006431 
2.15443469e-08 -0.04448285 -0.03467689 -0.01496833 -0.00023685 -0.00006431 
1.66810054e-08 -0.04448285 -0.03467689 -0.01496833 -0.00023685 -0.00006431 
1.29154967e-08 -0.04448285 -0.03467689 -0.01496833 -0.00023685 -0.00006431 
1.00000000e-08 -0.04448285 -0.03467689 -0.01496833 -0.00023685 -0.00006431 
7.74263683e-09 -0.04448285 -0.03467689 -0.01496833 -0.00023685 -0.00006431 
5.99484250e-09 -0.04448285 -0.03467689 -0.01496833 -0.00023685 -0.00006431 
4.64158883e-09 -0.04448285 -0.03467689 -0.01496833 -0.00023685 -0.00006431 
3.59381366e-09 -0.04448285 -0.03467689 -0.01496833 -0.00023685 -0.00006431 
2.78255940e-09 -0.04448285 -0.03467689 -0.01496833 -0.00023685 -0.00006431 
2.15443469e-09 -0.04448285 -0.03467689 -0.01496833 -0.00023685 -0.00006431 
1.66810054e-09 -0.04448285 -0.03467689 -0.01496833 -0.00023685 -0.00006431 
1.29154967e-09 -0.04448285 -0.03467689 -0.01496833 -0.00023685 -0.00006431 
1.00000000e-09 -0.04448285 -0.03467689 -0.01496833 -0.00023685 -0.00006431 
7.74263683e-10 -0.04448285 -0.03467689 -0.01496833 -0.00023685 -0.00006431 
5.99484250e-10 -0.04448285 -0.03467689 -0.01496833 -0.00023685 -0.00006431 
4.64158883e-10 -0.04448285 -0.03467689 -0.01496833 -0.00023685 -0.00006431 
3.59381366e-10 -0.04448285 -0.03467689 -0.01496833 -0.00023685 -0.00006431 
2.78255940e-10 -0.04448285 -0.03467689 -0.01496833 -0.00023685 -0.00006431 
2.15443469e-10 -0.04448285 -0.03467689 -0.01496833 -0.00023685 -0.00006431 
1.66810054e-10 -0.04448285 -0.03467689 -0.01496833 -0.00023685 -0.00006431 
1.29154967e-10 -0.04448285 -0.03467689 -0.01496833 -0.00023685 -0.00006431 
1.00000000e-10 -0.04448285 -0.03467689 -0.01496833 -0.00023685 -0.00006431 
P (bar) | log_H2O: -2σ | log_H2O: -1σ | log_H2O: median | log_H2O: +1σ | log_H2O: +2σ 
1.00000000e+01 -4.70081110 -4.33222398 -4.03865614 -3.72766187 -3.43309844 
7.74263683e+00 -4.70081110 -4.33222398 -4.03865614 -3.72766187 -3.43309844 
5.99484250e+00 -4.70081110 -4.33222398 -4.03865614 -3.72766187 -3.43309844 
4.64158883e+00 -4.70081110 -4.33222398 -4.03865614 -3.72766187 -3.43309844 
3.59381366e+00 -4.70081110 -4.33222398 -4.03865614 -3.72766187 -3.43309844 
2.78255940e+00 -4.70081110 -4.33222398 -4.03865614 -3.72766187 -3.43309844 
2.15443469e+00 -4.70081110 -4.33222398 -4.03865614 -3.72766187 -3.43309844 
1.66810054e+00 -4.70081110 -4.33222398 -4.03865614 -3.72766187 -3.43309844 
1.29154967e+00 -4.70081110 -4.33222398 -4.03865614 -3.72766187 -3.43309844 
1.00000000e+00 -4.70081110 -4.33222398 -4.03865614 -3.72766187 -3.43309844 
7.74263683e-01 -4.70081110 -4.33222398 -4.03865614 -3.72766187 -3.43309844 
5.99484250e-01 -4.70081110 -4.33222398 -4.03865614 -3.72766187 -3.43309844 
4.64158883e-01 -4.70081110 -4.33222398 -4.03865614 -3.72766187 -3.43309844 
3.59381366e-01 -4.70081110 -4.33222398 -4.03865614 -3.72766187 -3.43309844 
2.78255940e-01 -4.70081110 -4.33222398 -4.03865614 -3.72766187 -3.43309844 
2.15443469e-01 -4.70081110 -4.33222398 -4.03865614 -3.72766187 -3.43309844 
1.66810054e-01 -4.70081110 -4.33222398 -4.03865614 -3.72766187 -3.43309844 
1.29154967e-01 -4.70081110 -4.33222398 -4.03865614 -3.72766187 -3.43309844 
1.00000000e-01 -4.70081110 -4.33222398 -4.03865614 -3.72766187 -3.43309844 
7.74263683e-02 -4.70081110 -4.33222398 -4.03865614 -3.72766187 -3.43309844 
5.99484250e-02 -4.70081110 -4.33222398 -4.03865614 -3.72766187 -3.43309844 
4.64158883e-02 -4.70081110 -4.33222398 -4.03865614 -3.72766187 -3.43309844 
3.59381366e-02 -4.70081110 -4.33222398 -4.03865614 -3.72766187 -3.43309844 
2.78255940e-02 -4.70081110 -4.33222398 -4.03865614 -3.72766187 -3.43309844 
2.15443469e-02 -4.70081110 -4.33222398 -4.03865614 -3.72766187 -3.43309844 
1.66810054e-02 -4.70081110 -4.33222398 -4.03865614 -3.72766187 -3.43309844 
1.29154967e-02 -4.70081110 -4.33222398 -4.03865614 -3.72766187 -3.43309844 
1.00000000e-02 -4.70081110 -4.33222398 -4.03865614 -3.72766187 -3.43309844 
7.74263683e-03 -4.70081110 -4.33222398 -4.03865614 -3.72766187 -3.43309844 
5.99484250e-03 -4.70081110 -4.33222398 -4.03865614 -3.72766187 -3.43309844 
4.64158883e-03 -4.70081110 -4.33222398 -4.03865614 -3.72766187 -3.43309844 
3.59381366e-03 -4.70081110 -4.33222398 -4.03865614 -3.72766187 -3.43309844 
2.78255940e-03 -4.70081110 -4.33222398 -4.03865614 -3.72766187 -3.43309844 
2.15443469e-03 -4.70081110 -4.33222398 -4.03865614 -3.72766187 -3.43309844 
1.66810054e-03 -4.70081110 -4.33222398 -4.03865614 -3.72766187 -3.43309844 
1.29154967e-03 -4.70081110 -4.33222398 -4.03865614 -3.72766187 -3.43309844 
1.00000000e-03 -4.70081110 -4.33222398 -4.03865614 -3.72766187 -3.43309844 
7.74263683e-04 -4.70081110 -4.33222398 -4.03865614 -3.72766187 -3.43309844 
5.99484250e-04 -4.70081110 -4.33222398 -4.03865614 -3.72766187 -3.43309844 
4.64158883e-04 -4.70081110 -4.33222398 -4.03865614 -3.72766187 -3.43309844 
3.59381366e-04 -4.70081110 -4.33222398 -4.03865614 -3.72766187 -3.43309844 
2.78255940e-04 -4.70081110 -4.33222398 -4.03865614 -3.72766187 -3.43309844 
2.15443469e-04 -4.70081110 -4.33222398 -4.03865614 -3.72766187 -3.43309844 
1.66810054e-04 -4.70081110 -4.33222398 -4.03865614 -3.72766187 -3.43309844 
1.29154967e-04 -4.70081110 -4.33222398 -4.03865614 -3.72766187 -3.43309844 
1.00000000e-04 -4.70081110 -4.33222398 -4.03865614 -3.72766187 -3.43309844 
7.74263683e-05 -4.70081110 -4.33222398 -4.03865614 -3.72766187 -3.43309844 
5.99484250e-05 -4.70081110 -4.33222398 -4.03865614 -3.72766187 -3.43309844 
4.64158883e-05 -4.70081110 -4.33222398 -4.03865614 -3.72766187 -3.43309844 
3.59381366e-05 -4.70081110 -4.33222398 -4.03865614 -3.72766187 -3.43309844 
2.78255940e-05 -4.70081110 -4.33222398 -4.03865614 -3.72766187 -3.43309844 
2.15443469e-05 -4.70081110 -4.33222398 -4.03865614 -3.72766187 -3.43309844 
1.66810054e-05 -4.70081110 -4.33222398 -4.03865614 -3.72766187 -3.43309844 
1.29154967e-05 -4.70081110 -4.33222398 -4.03865614 -3.72766187 -3.43309844 
1.00000000e-05 -4.70081110 -4.33222398 -4.03865614 -3.72766187 -3.43309844 
7.74263683e-06 -4.70081110 -4.33222398 -4.03865614 -3.72766187 -3.43309844 
5.99484250e-06 -4.70081110 -4.33222398 -4.03865614 -3.72766187 -3.43309844 
4.64158883e-06 -4.70081110 -4.33222398 -4.03865614 -3.72766187 -3.43309844 
3.59381366e-06 -4.70081110 -4.33222398 -4.03865614 -3.72766187 -3.43309844 
2.78255940e-06 -4.70081110 -4.33222398 -4.03865614 -3.72766187 -3.43309844 
2.15443469e-06 -4.70081110 -4.33222398 -4.03865614 -3.72766187 -3.43309844 
1.66810054e-06 -4.70081110 -4.33222398 -4.03865614 -3.72766187 -3.43309844 
1.29154967e-06 -4.70081110 -4.33222398 -4.03865614 -3.72766187 -3.43309844 
1.00000000e-06 -4.70081110 -4.33222398 -4.03865614 -3.72766187 -3.43309844 
7.74263683e-07 -4.70081110 -4.33222398 -4.03865614 -3.72766187 -3.43309844 
5.99484250e-07 -4.70081110 -4.33222398 -4.03865614 -3.72766187 -3.43309844 
4.64158883e-07 -4.70081110 -4.33222398 -4.03865614 -3.72766187 -3.43309844 
3.59381366e-07 -4.70081110 -4.33222398 -4.03865614 -3.72766187 -3.43309844 
2.78255940e-07 -4.70081110 -4.33222398 -4.03865614 -3.72766187 -3.43309844 
2.15443469e-07 -4.70081110 -4.33222398 -4.03865614 -3.72766187 -3.43309844 
1.66810054e-07 -4.70081110 -4.33222398 -4.03865614 -3.72766187 -3.43309844 
1.29154967e-07 -4.70081110 -4.33222398 -4.03865614 -3.72766187 -3.43309844 
1.00000000e-07 -4.70081110 -4.33222398 -4.03865614 -3.72766187 -3.43309844 
7.74263683e-08 -4.70081110 -4.33222398 -4.03865614 -3.72766187 -3.43309844 
5.99484250e-08 -4.70081110 -4.33222398 -4.03865614 -3.72766187 -3.43309844 
4.64158883e-08 -4.70081110 -4.33222398 -4.03865614 -3.72766187 -3.43309844 
3.59381366e-08 -4.70081110 -4.33222398 -4.03865614 -3.72766187 -3.43309844 
2.78255940e-08 -4.70081110 -4.33222398 -4.03865614 -3.72766187 -3.43309844 
2.15443469e-08 -4.70081110 -4.33222398 -4.03865614 -3.72766187 -3.43309844 
1.66810054e-08 -4.70081110 -4.33222398 -4.03865614 -3.72766187 -3.43309844 
1.29154967e-08 -4.70081110 -4.33222398 -4.03865614 -3.72766187 -3.43309844 
1.00000000e-08 -4.70081110 -4.33222398 -4.03865614 -3.72766187 -3.43309844 
7.74263683e-09 -4.70081110 -4.33222398 -4.03865614 -3.72766187 -3.43309844 
5.99484250e-09 -4.70081110 -4.33222398 -4.03865614 -3.72766187 -3.43309844 
4.64158883e-09 -4.70081110 -4.33222398 -4.03865614 -3.72766187 -3.43309844 
3.59381366e-09 -4.70081110 -4.33222398 -4.03865614 -3.72766187 -3.43309844 
2.78255940e-09 -4.70081110 -4.33222398 -4.03865614 -3.72766187 -3.43309844 
2.15443469e-09 -4.70081110 -4.33222398 -4.03865614 -3.72766187 -3.43309844 
1.66810054e-09 -4.70081110 -4.33222398 -4.03865614 -3.72766187 -3.43309844 
1.29154967e-09 -4.70081110 -4.33222398 -4.03865614 -3.72766187 -3.43309844 
1.00000000e-09 -4.70081110 -4.33222398 -4.03865614 -3.72766187 -3.43309844 
7.74263683e-10 -4.70081110 -4.33222398 -4.03865614 -3.72766187 -3.43309844 
5.99484250e-10 -4.70081110 -4.33222398 -4.03865614 -3.72766187 -3.43309844 
4.64158883e-10 -4.70081110 -4.33222398 -4.03865614 -3.72766187 -3.43309844 
3.59381366e-10 -4.70081110 -4.33222398 -4.03865614 -3.72766187 -3.43309844 
2.78255940e-10 -4.70081110 -4.33222398 -4.03865614 -3.72766187 -3.43309844 
2.15443469e-10 -4.70081110 -4.33222398 -4.03865614 -3.72766187 -3.43309844 
1.66810054e-10 -4.70081110 -4.33222398 -4.03865614 -3.72766187 -3.43309844 
1.29154967e-10 -4.70081110 -4.33222398 -4.03865614 -3.72766187 -3.43309844 
1.00000000e-10 -4.70081110 -4.33222398 -4.03865614 -3.72766187 -3.43309844 
P (bar) | log_CO2: -2σ | log_CO2: -1σ | log_CO2: median | log_CO2: +1σ | log_CO2: +2σ 
1.00000000e+01 -4.62655788 -4.20679203 -3.78625846 -3.37906783 -3.00129504 
7.74263683e+00 -4.62655788 -4.20679203 -3.78625846 -3.37906783 -3.00129504 
5.99484250e+00 -4.62655788 -4.20679203 -3.78625846 -3.37906783 -3.00129504 
4.64158883e+00 -4.62655788 -4.20679203 -3.78625846 -3.37906783 -3.00129504 
3.59381366e+00 -4.62655788 -4.20679203 -3.78625846 -3.37906783 -3.00129504 
2.78255940e+00 -4.62655788 -4.20679203 -3.78625846 -3.37906783 -3.00129504 
2.15443469e+00 -4.62655788 -4.20679203 -3.78625846 -3.37906783 -3.00129504 
1.66810054e+00 -4.62655788 -4.20679203 -3.78625846 -3.37906783 -3.00129504 
1.29154967e+00 -4.62655788 -4.20679203 -3.78625846 -3.37906783 -3.00129504 
1.00000000e+00 -4.62655788 -4.20679203 -3.78625846 -3.37906783 -3.00129504 
7.74263683e-01 -4.62655788 -4.20679203 -3.78625846 -3.37906783 -3.00129504 
5.99484250e-01 -4.62655788 -4.20679203 -3.78625846 -3.37906783 -3.00129504 
4.64158883e-01 -4.62655788 -4.20679203 -3.78625846 -3.37906783 -3.00129504 
3.59381366e-01 -4.62655788 -4.20679203 -3.78625846 -3.37906783 -3.00129504 
2.78255940e-01 -4.62655788 -4.20679203 -3.78625846 -3.37906783 -3.00129504 
2.15443469e-01 -4.62655788 -4.20679203 -3.78625846 -3.37906783 -3.00129504 
1.66810054e-01 -4.62655788 -4.20679203 -3.78625846 -3.37906783 -3.00129504 
1.29154967e-01 -4.62655788 -4.20679203 -3.78625846 -3.37906783 -3.00129504 
1.00000000e-01 -4.62655788 -4.20679203 -3.78625846 -3.37906783 -3.00129504 
7.74263683e-02 -4.62655788 -4.20679203 -3.78625846 -3.37906783 -3.00129504 
5.99484250e-02 -4.62655788 -4.20679203 -3.78625846 -3.37906783 -3.00129504 
4.64158883e-02 -4.62655788 -4.20679203 -3.78625846 -3.37906783 -3.00129504 
3.59381366e-02 -4.62655788 -4.20679203 -3.78625846 -3.37906783 -3.00129504 
2.78255940e-02 -4.62655788 -4.20679203 -3.78625846 -3.37906783 -3.00129504 
2.15443469e-02 -4.62655788 -4.20679203 -3.78625846 -3.37906783 -3.00129504 
1.66810054e-02 -4.62655788 -4.20679203 -3.78625846 -3.37906783 -3.00129504 
1.29154967e-02 -4.62655788 -4.20679203 -3.78625846 -3.37906783 -3.00129504 
1.00000000e-02 -4.62655788 -4.20679203 -3.78625846 -3.37906783 -3.00129504 
7.74263683e-03 -4.62655788 -4.20679203 -3.78625846 -3.37906783 -3.00129504 
5.99484250e-03 -4.62655788 -4.20679203 -3.78625846 -3.37906783 -3.00129504 
4.64158883e-03 -4.62655788 -4.20679203 -3.78625846 -3.37906783 -3.00129504 
3.59381366e-03 -4.62655788 -4.20679203 -3.78625846 -3.37906783 -3.00129504 
2.78255940e-03 -4.62655788 -4.20679203 -3.78625846 -3.37906783 -3.00129504 
2.15443469e-03 -4.62655788 -4.20679203 -3.78625846 -3.37906783 -3.00129504 
1.66810054e-03 -4.62655788 -4.20679203 -3.78625846 -3.37906783 -3.00129504 
1.29154967e-03 -4.62655788 -4.20679203 -3.78625846 -3.37906783 -3.00129504 
1.00000000e-03 -4.62655788 -4.20679203 -3.78625846 -3.37906783 -3.00129504 
7.74263683e-04 -4.62655788 -4.20679203 -3.78625846 -3.37906783 -3.00129504 
5.99484250e-04 -4.62655788 -4.20679203 -3.78625846 -3.37906783 -3.00129504 
4.64158883e-04 -4.62655788 -4.20679203 -3.78625846 -3.37906783 -3.00129504 
3.59381366e-04 -4.62655788 -4.20679203 -3.78625846 -3.37906783 -3.00129504 
2.78255940e-04 -4.62655788 -4.20679203 -3.78625846 -3.37906783 -3.00129504 
2.15443469e-04 -4.62655788 -4.20679203 -3.78625846 -3.37906783 -3.00129504 
1.66810054e-04 -4.62655788 -4.20679203 -3.78625846 -3.37906783 -3.00129504 
1.29154967e-04 -4.62655788 -4.20679203 -3.78625846 -3.37906783 -3.00129504 
1.00000000e-04 -4.62655788 -4.20679203 -3.78625846 -3.37906783 -3.00129504 
7.74263683e-05 -4.62655788 -4.20679203 -3.78625846 -3.37906783 -3.00129504 
5.99484250e-05 -4.62655788 -4.20679203 -3.78625846 -3.37906783 -3.00129504 
4.64158883e-05 -4.62655788 -4.20679203 -3.78625846 -3.37906783 -3.00129504 
3.59381366e-05 -4.62655788 -4.20679203 -3.78625846 -3.37906783 -3.00129504 
2.78255940e-05 -4.62655788 -4.20679203 -3.78625846 -3.37906783 -3.00129504 
2.15443469e-05 -4.62655788 -4.20679203 -3.78625846 -3.37906783 -3.00129504 
1.66810054e-05 -4.62655788 -4.20679203 -3.78625846 -3.37906783 -3.00129504 
1.29154967e-05 -4.62655788 -4.20679203 -3.78625846 -3.37906783 -3.00129504 
1.00000000e-05 -4.62655788 -4.20679203 -3.78625846 -3.37906783 -3.00129504 
7.74263683e-06 -4.62655788 -4.20679203 -3.78625846 -3.37906783 -3.00129504 
5.99484250e-06 -4.62655788 -4.20679203 -3.78625846 -3.37906783 -3.00129504 
4.64158883e-06 -4.62655788 -4.20679203 -3.78625846 -3.37906783 -3.00129504 
3.59381366e-06 -4.62655788 -4.20679203 -3.78625846 -3.37906783 -3.00129504 
2.78255940e-06 -4.62655788 -4.20679203 -3.78625846 -3.37906783 -3.00129504 
2.15443469e-06 -4.62655788 -4.20679203 -3.78625846 -3.37906783 -3.00129504 
1.66810054e-06 -4.62655788 -4.20679203 -3.78625846 -3.37906783 -3.00129504 
1.29154967e-06 -4.62655788 -4.20679203 -3.78625846 -3.37906783 -3.00129504 
1.00000000e-06 -4.62655788 -4.20679203 -3.78625846 -3.37906783 -3.00129504 
7.74263683e-07 -4.62655788 -4.20679203 -3.78625846 -3.37906783 -3.00129504 
5.99484250e-07 -4.62655788 -4.20679203 -3.78625846 -3.37906783 -3.00129504 
4.64158883e-07 -4.62655788 -4.20679203 -3.78625846 -3.37906783 -3.00129504 
3.59381366e-07 -4.62655788 -4.20679203 -3.78625846 -3.37906783 -3.00129504 
2.78255940e-07 -4.62655788 -4.20679203 -3.78625846 -3.37906783 -3.00129504 
2.15443469e-07 -4.62655788 -4.20679203 -3.78625846 -3.37906783 -3.00129504 
1.66810054e-07 -4.62655788 -4.20679203 -3.78625846 -3.37906783 -3.00129504 
1.29154967e-07 -4.62655788 -4.20679203 -3.78625846 -3.37906783 -3.00129504 
1.00000000e-07 -4.62655788 -4.20679203 -3.78625846 -3.37906783 -3.00129504 
7.74263683e-08 -4.62655788 -4.20679203 -3.78625846 -3.37906783 -3.00129504 
5.99484250e-08 -4.62655788 -4.20679203 -3.78625846 -3.37906783 -3.00129504 
4.64158883e-08 -4.62655788 -4.20679203 -3.78625846 -3.37906783 -3.00129504 
3.59381366e-08 -4.62655788 -4.20679203 -3.78625846 -3.37906783 -3.00129504 
2.78255940e-08 -4.62655788 -4.20679203 -3.78625846 -3.37906783 -3.00129504 
2.15443469e-08 -4.62655788 -4.20679203 -3.78625846 -3.37906783 -3.00129504 
1.66810054e-08 -4.62655788 -4.20679203 -3.78625846 -3.37906783 -3.00129504 
1.29154967e-08 -4.62655788 -4.20679203 -3.78625846 -3.37906783 -3.00129504 
1.00000000e-08 -4.62655788 -4.20679203 -3.78625846 -3.37906783 -3.00129504 
7.74263683e-09 -4.62655788 -4.20679203 -3.78625846 -3.37906783 -3.00129504 
5.99484250e-09 -4.62655788 -4.20679203 -3.78625846 -3.37906783 -3.00129504 
4.64158883e-09 -4.62655788 -4.20679203 -3.78625846 -3.37906783 -3.00129504 
3.59381366e-09 -4.62655788 -4.20679203 -3.78625846 -3.37906783 -3.00129504 
2.78255940e-09 -4.62655788 -4.20679203 -3.78625846 -3.37906783 -3.00129504 
2.15443469e-09 -4.62655788 -4.20679203 -3.78625846 -3.37906783 -3.00129504 
1.66810054e-09 -4.62655788 -4.20679203 -3.78625846 -3.37906783 -3.00129504 
1.29154967e-09 -4.62655788 -4.20679203 -3.78625846 -3.37906783 -3.00129504 
1.00000000e-09 -4.62655788 -4.20679203 -3.78625846 -3.37906783 -3.00129504 
7.74263683e-10 -4.62655788 -4.20679203 -3.78625846 -3.37906783 -3.00129504 
5.99484250e-10 -4.62655788 -4.20679203 -3.78625846 -3.37906783 -3.00129504 
4.64158883e-10 -4.62655788 -4.20679203 -3.78625846 -3.37906783 -3.00129504 
3.59381366e-10 -4.62655788 -4.20679203 -3.78625846 -3.37906783 -3.00129504 
2.78255940e-10 -4.62655788 -4.20679203 -3.78625846 -3.37906783 -3.00129504 
2.15443469e-10 -4.62655788 -4.20679203 -3.78625846 -3.37906783 -3.00129504 
1.66810054e-10 -4.62655788 -4.20679203 -3.78625846 -3.37906783 -3.00129504 
1.29154967e-10 -4.62655788 -4.20679203 -3.78625846 -3.37906783 -3.00129504 
1.00000000e-10 -4.62655788 -4.20679203 -3.78625846 -3.37906783 -3.00129504 
P (bar) | log_CH4: -2σ | log_CH4: -1σ | log_CH4: median | log_CH4: +1σ | log_CH4: +2σ 
1.00000000e+01 -4.58633258 -4.37860681 -4.17485381 -3.95874203 -3.69446873 
7.74263683e+00 -4.58633258 -4.37860681 -4.17485381 -3.95874203 -3.69446873 
5.99484250e+00 -4.58633258 -4.37860681 -4.17485381 -3.95874203 -3.69446873 
4.64158883e+00 -4.58633258 -4.37860681 -4.17485381 -3.95874203 -3.69446873 
3.59381366e+00 -4.58633258 -4.37860681 -4.17485381 -3.95874203 -3.69446873 
2.78255940e+00 -4.58633258 -4.37860681 -4.17485381 -3.95874203 -3.69446873 
2.15443469e+00 -4.58633258 -4.37860681 -4.17485381 -3.95874203 -3.69446873 
1.66810054e+00 -4.58633258 -4.37860681 -4.17485381 -3.95874203 -3.69446873 
1.29154967e+00 -4.58633258 -4.37860681 -4.17485381 -3.95874203 -3.69446873 
1.00000000e+00 -4.58633258 -4.37860681 -4.17485381 -3.95874203 -3.69446873 
7.74263683e-01 -4.58633258 -4.37860681 -4.17485381 -3.95874203 -3.69446873 
5.99484250e-01 -4.58633258 -4.37860681 -4.17485381 -3.95874203 -3.69446873 
4.64158883e-01 -4.58633258 -4.37860681 -4.17485381 -3.95874203 -3.69446873 
3.59381366e-01 -4.58633258 -4.37860681 -4.17485381 -3.95874203 -3.69446873 
2.78255940e-01 -4.58633258 -4.37860681 -4.17485381 -3.95874203 -3.69446873 
2.15443469e-01 -4.58633258 -4.37860681 -4.17485381 -3.95874203 -3.69446873 
1.66810054e-01 -4.58633258 -4.37860681 -4.17485381 -3.95874203 -3.69446873 
1.29154967e-01 -4.58633258 -4.37860681 -4.17485381 -3.95874203 -3.69446873 
1.00000000e-01 -4.58633258 -4.37860681 -4.17485381 -3.95874203 -3.69446873 
7.74263683e-02 -4.58633258 -4.37860681 -4.17485381 -3.95874203 -3.69446873 
5.99484250e-02 -4.58633258 -4.37860681 -4.17485381 -3.95874203 -3.69446873 
4.64158883e-02 -4.58633258 -4.37860681 -4.17485381 -3.95874203 -3.69446873 
3.59381366e-02 -4.58633258 -4.37860681 -4.17485381 -3.95874203 -3.69446873 
2.78255940e-02 -4.58633258 -4.37860681 -4.17485381 -3.95874203 -3.69446873 
2.15443469e-02 -4.58633258 -4.37860681 -4.17485381 -3.95874203 -3.69446873 
1.66810054e-02 -4.58633258 -4.37860681 -4.17485381 -3.95874203 -3.69446873 
1.29154967e-02 -4.58633258 -4.37860681 -4.17485381 -3.95874203 -3.69446873 
1.00000000e-02 -4.58633258 -4.37860681 -4.17485381 -3.95874203 -3.69446873 
7.74263683e-03 -4.58633258 -4.37860681 -4.17485381 -3.95874203 -3.69446873 
5.99484250e-03 -4.58633258 -4.37860681 -4.17485381 -3.95874203 -3.69446873 
4.64158883e-03 -4.58633258 -4.37860681 -4.17485381 -3.95874203 -3.69446873 
3.59381366e-03 -4.58633258 -4.37860681 -4.17485381 -3.95874203 -3.69446873 
2.78255940e-03 -4.58633258 -4.37860681 -4.17485381 -3.95874203 -3.69446873 
2.15443469e-03 -4.58633258 -4.37860681 -4.17485381 -3.95874203 -3.69446873 
1.66810054e-03 -4.58633258 -4.37860681 -4.17485381 -3.95874203 -3.69446873 
1.29154967e-03 -4.58633258 -4.37860681 -4.17485381 -3.95874203 -3.69446873 
1.00000000e-03 -4.58633258 -4.37860681 -4.17485381 -3.95874203 -3.69446873 
7.74263683e-04 -4.58633258 -4.37860681 -4.17485381 -3.95874203 -3.69446873 
5.99484250e-04 -4.58633258 -4.37860681 -4.17485381 -3.95874203 -3.69446873 
4.64158883e-04 -4.58633258 -4.37860681 -4.17485381 -3.95874203 -3.69446873 
3.59381366e-04 -4.58633258 -4.37860681 -4.17485381 -3.95874203 -3.69446873 
2.78255940e-04 -4.58633258 -4.37860681 -4.17485381 -3.95874203 -3.69446873 
2.15443469e-04 -4.58633258 -4.37860681 -4.17485381 -3.95874203 -3.69446873 
1.66810054e-04 -4.58633258 -4.37860681 -4.17485381 -3.95874203 -3.69446873 
1.29154967e-04 -4.58633258 -4.37860681 -4.17485381 -3.95874203 -3.69446873 
1.00000000e-04 -4.58633258 -4.37860681 -4.17485381 -3.95874203 -3.69446873 
7.74263683e-05 -4.58633258 -4.37860681 -4.17485381 -3.95874203 -3.69446873 
5.99484250e-05 -4.58633258 -4.37860681 -4.17485381 -3.95874203 -3.69446873 
4.64158883e-05 -4.58633258 -4.37860681 -4.17485381 -3.95874203 -3.69446873 
3.59381366e-05 -4.58633258 -4.37860681 -4.17485381 -3.95874203 -3.69446873 
2.78255940e-05 -4.58633258 -4.37860681 -4.17485381 -3.95874203 -3.69446873 
2.15443469e-05 -4.58633258 -4.37860681 -4.17485381 -3.95874203 -3.69446873 
1.66810054e-05 -4.58633258 -4.37860681 -4.17485381 -3.95874203 -3.69446873 
1.29154967e-05 -4.58633258 -4.37860681 -4.17485381 -3.95874203 -3.69446873 
1.00000000e-05 -4.58633258 -4.37860681 -4.17485381 -3.95874203 -3.69446873 
7.74263683e-06 -4.58633258 -4.37860681 -4.17485381 -3.95874203 -3.69446873 
5.99484250e-06 -4.58633258 -4.37860681 -4.17485381 -3.95874203 -3.69446873 
4.64158883e-06 -4.58633258 -4.37860681 -4.17485381 -3.95874203 -3.69446873 
3.59381366e-06 -4.58633258 -4.37860681 -4.17485381 -3.95874203 -3.69446873 
2.78255940e-06 -4.58633258 -4.37860681 -4.17485381 -3.95874203 -3.69446873 
2.15443469e-06 -4.58633258 -4.37860681 -4.17485381 -3.95874203 -3.69446873 
1.66810054e-06 -4.58633258 -4.37860681 -4.17485381 -3.95874203 -3.69446873 
1.29154967e-06 -4.58633258 -4.37860681 -4.17485381 -3.95874203 -3.69446873 
1.00000000e-06 -4.58633258 -4.37860681 -4.17485381 -3.95874203 -3.69446873 
7.74263683e-07 -4.58633258 -4.37860681 -4.17485381 -3.95874203 -3.69446873 
5.99484250e-07 -4.58633258 -4.37860681 -4.17485381 -3.95874203 -3.69446873 
4.64158883e-07 -4.58633258 -4.37860681 -4.17485381 -3.95874203 -3.69446873 
3.59381366e-07 -4.58633258 -4.37860681 -4.17485381 -3.95874203 -3.69446873 
2.78255940e-07 -4.58633258 -4.37860681 -4.17485381 -3.95874203 -3.69446873 
2.15443469e-07 -4.58633258 -4.37860681 -4.17485381 -3.95874203 -3.69446873 
1.66810054e-07 -4.58633258 -4.37860681 -4.17485381 -3.95874203 -3.69446873 
1.29154967e-07 -4.58633258 -4.37860681 -4.17485381 -3.95874203 -3.69446873 
1.00000000e-07 -4.58633258 -4.37860681 -4.17485381 -3.95874203 -3.69446873 
7.74263683e-08 -4.58633258 -4.37860681 -4.17485381 -3.95874203 -3.69446873 
5.99484250e-08 -4.58633258 -4.37860681 -4.17485381 -3.95874203 -3.69446873 
4.64158883e-08 -4.58633258 -4.37860681 -4.17485381 -3.95874203 -3.69446873 
3.59381366e-08 -4.58633258 -4.37860681 -4.17485381 -3.95874203 -3.69446873 
2.78255940e-08 -4.58633258 -4.37860681 -4.17485381 -3.95874203 -3.69446873 
2.15443469e-08 -4.58633258 -4.37860681 -4.17485381 -3.95874203 -3.69446873 
1.66810054e-08 -4.58633258 -4.37860681 -4.17485381 -3.95874203 -3.69446873 
1.29154967e-08 -4.58633258 -4.37860681 -4.17485381 -3.95874203 -3.69446873 
1.00000000e-08 -4.58633258 -4.37860681 -4.17485381 -3.95874203 -3.69446873 
7.74263683e-09 -4.58633258 -4.37860681 -4.17485381 -3.95874203 -3.69446873 
5.99484250e-09 -4.58633258 -4.37860681 -4.17485381 -3.95874203 -3.69446873 
4.64158883e-09 -4.58633258 -4.37860681 -4.17485381 -3.95874203 -3.69446873 
3.59381366e-09 -4.58633258 -4.37860681 -4.17485381 -3.95874203 -3.69446873 
2.78255940e-09 -4.58633258 -4.37860681 -4.17485381 -3.95874203 -3.69446873 
2.15443469e-09 -4.58633258 -4.37860681 -4.17485381 -3.95874203 -3.69446873 
1.66810054e-09 -4.58633258 -4.37860681 -4.17485381 -3.95874203 -3.69446873 
1.29154967e-09 -4.58633258 -4.37860681 -4.17485381 -3.95874203 -3.69446873 
1.00000000e-09 -4.58633258 -4.37860681 -4.17485381 -3.95874203 -3.69446873 
7.74263683e-10 -4.58633258 -4.37860681 -4.17485381 -3.95874203 -3.69446873 
5.99484250e-10 -4.58633258 -4.37860681 -4.17485381 -3.95874203 -3.69446873 
4.64158883e-10 -4.58633258 -4.37860681 -4.17485381 -3.95874203 -3.69446873 
3.59381366e-10 -4.58633258 -4.37860681 -4.17485381 -3.95874203 -3.69446873 
2.78255940e-10 -4.58633258 -4.37860681 -4.17485381 -3.95874203 -3.69446873 
2.15443469e-10 -4.58633258 -4.37860681 -4.17485381 -3.95874203 -3.69446873 
1.66810054e-10 -4.58633258 -4.37860681 -4.17485381 -3.95874203 -3.69446873 
1.29154967e-10 -4.58633258 -4.37860681 -4.17485381 -3.95874203 -3.69446873 
1.00000000e-10 -4.58633258 -4.37860681 -4.17485381 -3.95874203 -3.69446873 
P (bar) | log_O2: -2σ | log_O2: -1σ | log_O2: median | log_O2: +1σ | log_O2: +2σ 
1.00000000e+01 -9.15582610 -4.13312756 -1.47645093 -1.11937360 -1.01487054 
7.74263683e+00 -9.15582610 -4.13312756 -1.47645093 -1.11937360 -1.01487054 
5.99484250e+00 -9.15582610 -4.13312756 -1.47645093 -1.11937360 -1.01487054 
4.64158883e+00 -9.15582610 -4.13312756 -1.47645093 -1.11937360 -1.01487054 
3.59381366e+00 -9.15582610 -4.13312756 -1.47645093 -1.11937360 -1.01487054 
2.78255940e+00 -9.15582610 -4.13312756 -1.47645093 -1.11937360 -1.01487054 
2.15443469e+00 -9.15582610 -4.13312756 -1.47645093 -1.11937360 -1.01487054 
1.66810054e+00 -9.15582610 -4.13312756 -1.47645093 -1.11937360 -1.01487054 
1.29154967e+00 -9.15582610 -4.13312756 -1.47645093 -1.11937360 -1.01487054 
1.00000000e+00 -9.15582610 -4.13312756 -1.47645093 -1.11937360 -1.01487054 
7.74263683e-01 -9.15582610 -4.13312756 -1.47645093 -1.11937360 -1.01487054 
5.99484250e-01 -9.15582610 -4.13312756 -1.47645093 -1.11937360 -1.01487054 
4.64158883e-01 -9.15582610 -4.13312756 -1.47645093 -1.11937360 -1.01487054 
3.59381366e-01 -9.15582610 -4.13312756 -1.47645093 -1.11937360 -1.01487054 
2.78255940e-01 -9.15582610 -4.13312756 -1.47645093 -1.11937360 -1.01487054 
2.15443469e-01 -9.15582610 -4.13312756 -1.47645093 -1.11937360 -1.01487054 
1.66810054e-01 -9.15582610 -4.13312756 -1.47645093 -1.11937360 -1.01487054 
1.29154967e-01 -9.15582610 -4.13312756 -1.47645093 -1.11937360 -1.01487054 
1.00000000e-01 -9.15582610 -4.13312756 -1.47645093 -1.11937360 -1.01487054 
7.74263683e-02 -9.15582610 -4.13312756 -1.47645093 -1.11937360 -1.01487054 
5.99484250e-02 -9.15582610 -4.13312756 -1.47645093 -1.11937360 -1.01487054 
4.64158883e-02 -9.15582610 -4.13312756 -1.47645093 -1.11937360 -1.01487054 
3.59381366e-02 -9.15582610 -4.13312756 -1.47645093 -1.11937360 -1.01487054 
2.78255940e-02 -9.15582610 -4.13312756 -1.47645093 -1.11937360 -1.01487054 
2.15443469e-02 -9.15582610 -4.13312756 -1.47645093 -1.11937360 -1.01487054 
1.66810054e-02 -9.15582610 -4.13312756 -1.47645093 -1.11937360 -1.01487054 
1.29154967e-02 -9.15582610 -4.13312756 -1.47645093 -1.11937360 -1.01487054 
1.00000000e-02 -9.15582610 -4.13312756 -1.47645093 -1.11937360 -1.01487054 
7.74263683e-03 -9.15582610 -4.13312756 -1.47645093 -1.11937360 -1.01487054 
5.99484250e-03 -9.15582610 -4.13312756 -1.47645093 -1.11937360 -1.01487054 
4.64158883e-03 -9.15582610 -4.13312756 -1.47645093 -1.11937360 -1.01487054 
3.59381366e-03 -9.15582610 -4.13312756 -1.47645093 -1.11937360 -1.01487054 
2.78255940e-03 -9.15582610 -4.13312756 -1.47645093 -1.11937360 -1.01487054 
2.15443469e-03 -9.15582610 -4.13312756 -1.47645093 -1.11937360 -1.01487054 
1.66810054e-03 -9.15582610 -4.13312756 -1.47645093 -1.11937360 -1.01487054 
1.29154967e-03 -9.15582610 -4.13312756 -1.47645093 -1.11937360 -1.01487054 
1.00000000e-03 -9.15582610 -4.13312756 -1.47645093 -1.11937360 -1.01487054 
7.74263683e-04 -9.15582610 -4.13312756 -1.47645093 -1.11937360 -1.01487054 
5.99484250e-04 -9.15582610 -4.13312756 -1.47645093 -1.11937360 -1.01487054 
4.64158883e-04 -9.15582610 -4.13312756 -1.47645093 -1.11937360 -1.01487054 
3.59381366e-04 -9.15582610 -4.13312756 -1.47645093 -1.11937360 -1.01487054 
2.78255940e-04 -9.15582610 -4.13312756 -1.47645093 -1.11937360 -1.01487054 
2.15443469e-04 -9.15582610 -4.13312756 -1.47645093 -1.11937360 -1.01487054 
1.66810054e-04 -9.15582610 -4.13312756 -1.47645093 -1.11937360 -1.01487054 
1.29154967e-04 -9.15582610 -4.13312756 -1.47645093 -1.11937360 -1.01487054 
1.00000000e-04 -9.15582610 -4.13312756 -1.47645093 -1.11937360 -1.01487054 
7.74263683e-05 -9.15582610 -4.13312756 -1.47645093 -1.11937360 -1.01487054 
5.99484250e-05 -9.15582610 -4.13312756 -1.47645093 -1.11937360 -1.01487054 
4.64158883e-05 -9.15582610 -4.13312756 -1.47645093 -1.11937360 -1.01487054 
3.59381366e-05 -9.15582610 -4.13312756 -1.47645093 -1.11937360 -1.01487054 
2.78255940e-05 -9.15582610 -4.13312756 -1.47645093 -1.11937360 -1.01487054 
2.15443469e-05 -9.15582610 -4.13312756 -1.47645093 -1.11937360 -1.01487054 
1.66810054e-05 -9.15582610 -4.13312756 -1.47645093 -1.11937360 -1.01487054 
1.29154967e-05 -9.15582610 -4.13312756 -1.47645093 -1.11937360 -1.01487054 
1.00000000e-05 -9.15582610 -4.13312756 -1.47645093 -1.11937360 -1.01487054 
7.74263683e-06 -9.15582610 -4.13312756 -1.47645093 -1.11937360 -1.01487054 
5.99484250e-06 -9.15582610 -4.13312756 -1.47645093 -1.11937360 -1.01487054 
4.64158883e-06 -9.15582610 -4.13312756 -1.47645093 -1.11937360 -1.01487054 
3.59381366e-06 -9.15582610 -4.13312756 -1.47645093 -1.11937360 -1.01487054 
2.78255940e-06 -9.15582610 -4.13312756 -1.47645093 -1.11937360 -1.01487054 
2.15443469e-06 -9.15582610 -4.13312756 -1.47645093 -1.11937360 -1.01487054 
1.66810054e-06 -9.15582610 -4.13312756 -1.47645093 -1.11937360 -1.01487054 
1.29154967e-06 -9.15582610 -4.13312756 -1.47645093 -1.11937360 -1.01487054 
1.00000000e-06 -9.15582610 -4.13312756 -1.47645093 -1.11937360 -1.01487054 
7.74263683e-07 -9.15582610 -4.13312756 -1.47645093 -1.11937360 -1.01487054 
5.99484250e-07 -9.15582610 -4.13312756 -1.47645093 -1.11937360 -1.01487054 
4.64158883e-07 -9.15582610 -4.13312756 -1.47645093 -1.11937360 -1.01487054 
3.59381366e-07 -9.15582610 -4.13312756 -1.47645093 -1.11937360 -1.01487054 
2.78255940e-07 -9.15582610 -4.13312756 -1.47645093 -1.11937360 -1.01487054 
2.15443469e-07 -9.15582610 -4.13312756 -1.47645093 -1.11937360 -1.01487054 
1.66810054e-07 -9.15582610 -4.13312756 -1.47645093 -1.11937360 -1.01487054 
1.29154967e-07 -9.15582610 -4.13312756 -1.47645093 -1.11937360 -1.01487054 
1.00000000e-07 -9.15582610 -4.13312756 -1.47645093 -1.11937360 -1.01487054 
7.74263683e-08 -9.15582610 -4.13312756 -1.47645093 -1.11937360 -1.01487054 
5.99484250e-08 -9.15582610 -4.13312756 -1.47645093 -1.11937360 -1.01487054 
4.64158883e-08 -9.15582610 -4.13312756 -1.47645093 -1.11937360 -1.01487054 
3.59381366e-08 -9.15582610 -4.13312756 -1.47645093 -1.11937360 -1.01487054 
2.78255940e-08 -9.15582610 -4.13312756 -1.47645093 -1.11937360 -1.01487054 
2.15443469e-08 -9.15582610 -4.13312756 -1.47645093 -1.11937360 -1.01487054 
1.66810054e-08 -9.15582610 -4.13312756 -1.47645093 -1.11937360 -1.01487054 
1.29154967e-08 -9.15582610 -4.13312756 -1.47645093 -1.11937360 -1.01487054 
1.00000000e-08 -9.15582610 -4.13312756 -1.47645093 -1.11937360 -1.01487054 
7.74263683e-09 -9.15582610 -4.13312756 -1.47645093 -1.11937360 -1.01487054 
5.99484250e-09 -9.15582610 -4.13312756 -1.47645093 -1.11937360 -1.01487054 
4.64158883e-09 -9.15582610 -4.13312756 -1.47645093 -1.11937360 -1.01487054 
3.59381366e-09 -9.15582610 -4.13312756 -1.47645093 -1.11937360 -1.01487054 
2.78255940e-09 -9.15582610 -4.13312756 -1.47645093 -1.11937360 -1.01487054 
2.15443469e-09 -9.15582610 -4.13312756 -1.47645093 -1.11937360 -1.01487054 
1.66810054e-09 -9.15582610 -4.13312756 -1.47645093 -1.11937360 -1.01487054 
1.29154967e-09 -9.15582610 -4.13312756 -1.47645093 -1.11937360 -1.01487054 
1.00000000e-09 -9.15582610 -4.13312756 -1.47645093 -1.11937360 -1.01487054 
7.74263683e-10 -9.15582610 -4.13312756 -1.47645093 -1.11937360 -1.01487054 
5.99484250e-10 -9.15582610 -4.13312756 -1.47645093 -1.11937360 -1.01487054 
4.64158883e-10 -9.15582610 -4.13312756 -1.47645093 -1.11937360 -1.01487054 
3.59381366e-10 -9.15582610 -4.13312756 -1.47645093 -1.11937360 -1.01487054 
2.78255940e-10 -9.15582610 -4.13312756 -1.47645093 -1.11937360 -1.01487054 
2.15443469e-10 -9.15582610 -4.13312756 -1.47645093 -1.11937360 -1.01487054 
1.66810054e-10 -9.15582610 -4.13312756 -1.47645093 -1.11937360 -1.01487054 
1.29154967e-10 -9.15582610 -4.13312756 -1.47645093 -1.11937360 -1.01487054 
1.00000000e-10 -9.15582610 -4.13312756 -1.47645093 -1.11937360 -1.01487054 
P (bar) | log_O3: -2σ | log_O3: -1σ | log_O3: median | log_O3: +1σ | log_O3: +2σ 
1.00000000e+01 -9.96338622 -9.75589405 -9.22947250 -8.43509042 -7.34672721 
7.74263683e+00 -9.96338622 -9.75589405 -9.22947250 -8.43509042 -7.34672721 
5.99484250e+00 -9.96338622 -9.75589405 -9.22947250 -8.43509042 -7.34672721 
4.64158883e+00 -9.96338622 -9.75589405 -9.22947250 -8.43509042 -7.34672721 
3.59381366e+00 -9.96338622 -9.75589405 -9.22947250 -8.43509042 -7.34672721 
2.78255940e+00 -9.96338622 -9.75589405 -9.22947250 -8.43509042 -7.34672721 
2.15443469e+00 -9.96338622 -9.75589405 -9.22947250 -8.43509042 -7.34672721 
1.66810054e+00 -9.96338622 -9.75589405 -9.22947250 -8.43509042 -7.34672721 
1.29154967e+00 -9.96338622 -9.75589405 -9.22947250 -8.43509042 -7.34672721 
1.00000000e+00 -9.96338622 -9.75589405 -9.22947250 -8.43509042 -7.34672721 
7.74263683e-01 -9.96338622 -9.75589405 -9.22947250 -8.43509042 -7.34672721 
5.99484250e-01 -9.96338622 -9.75589405 -9.22947250 -8.43509042 -7.34672721 
4.64158883e-01 -9.96338622 -9.75589405 -9.22947250 -8.43509042 -7.34672721 
3.59381366e-01 -9.96338622 -9.75589405 -9.22947250 -8.43509042 -7.34672721 
2.78255940e-01 -9.96338622 -9.75589405 -9.22947250 -8.43509042 -7.34672721 
2.15443469e-01 -9.96338622 -9.75589405 -9.22947250 -8.43509042 -7.34672721 
1.66810054e-01 -9.96338622 -9.75589405 -9.22947250 -8.43509042 -7.34672721 
1.29154967e-01 -9.96338622 -9.75589405 -9.22947250 -8.43509042 -7.34672721 
1.00000000e-01 -9.96338622 -9.75589405 -9.22947250 -8.43509042 -7.34672721 
7.74263683e-02 -9.96338622 -9.75589405 -9.22947250 -8.43509042 -7.34672721 
5.99484250e-02 -9.96338622 -9.75589405 -9.22947250 -8.43509042 -7.34672721 
4.64158883e-02 -9.96338622 -9.75589405 -9.22947250 -8.43509042 -7.34672721 
3.59381366e-02 -9.96338622 -9.75589405 -9.22947250 -8.43509042 -7.34672721 
2.78255940e-02 -9.96338622 -9.75589405 -9.22947250 -8.43509042 -7.34672721 
2.15443469e-02 -9.96338622 -9.75589405 -9.22947250 -8.43509042 -7.34672721 
1.66810054e-02 -9.96338622 -9.75589405 -9.22947250 -8.43509042 -7.34672721 
1.29154967e-02 -9.96338622 -9.75589405 -9.22947250 -8.43509042 -7.34672721 
1.00000000e-02 -9.96338622 -9.75589405 -9.22947250 -8.43509042 -7.34672721 
7.74263683e-03 -9.96338622 -9.75589405 -9.22947250 -8.43509042 -7.34672721 
5.99484250e-03 -9.96338622 -9.75589405 -9.22947250 -8.43509042 -7.34672721 
4.64158883e-03 -9.96338622 -9.75589405 -9.22947250 -8.43509042 -7.34672721 
3.59381366e-03 -9.96338622 -9.75589405 -9.22947250 -8.43509042 -7.34672721 
2.78255940e-03 -9.96338622 -9.75589405 -9.22947250 -8.43509042 -7.34672721 
2.15443469e-03 -9.96338622 -9.75589405 -9.22947250 -8.43509042 -7.34672721 
1.66810054e-03 -9.96338622 -9.75589405 -9.22947250 -8.43509042 -7.34672721 
1.29154967e-03 -9.96338622 -9.75589405 -9.22947250 -8.43509042 -7.34672721 
1.00000000e-03 -9.96338622 -9.75589405 -9.22947250 -8.43509042 -7.34672721 
7.74263683e-04 -9.96338622 -9.75589405 -9.22947250 -8.43509042 -7.34672721 
5.99484250e-04 -9.96338622 -9.75589405 -9.22947250 -8.43509042 -7.34672721 
4.64158883e-04 -9.96338622 -9.75589405 -9.22947250 -8.43509042 -7.34672721 
3.59381366e-04 -9.96338622 -9.75589405 -9.22947250 -8.43509042 -7.34672721 
2.78255940e-04 -9.96338622 -9.75589405 -9.22947250 -8.43509042 -7.34672721 
2.15443469e-04 -9.96338622 -9.75589405 -9.22947250 -8.43509042 -7.34672721 
1.66810054e-04 -9.96338622 -9.75589405 -9.22947250 -8.43509042 -7.34672721 
1.29154967e-04 -9.96338622 -9.75589405 -9.22947250 -8.43509042 -7.34672721 
1.00000000e-04 -9.96338622 -9.75589405 -9.22947250 -8.43509042 -7.34672721 
7.74263683e-05 -9.96338622 -9.75589405 -9.22947250 -8.43509042 -7.34672721 
5.99484250e-05 -9.96338622 -9.75589405 -9.22947250 -8.43509042 -7.34672721 
4.64158883e-05 -9.96338622 -9.75589405 -9.22947250 -8.43509042 -7.34672721 
3.59381366e-05 -9.96338622 -9.75589405 -9.22947250 -8.43509042 -7.34672721 
2.78255940e-05 -9.96338622 -9.75589405 -9.22947250 -8.43509042 -7.34672721 
2.15443469e-05 -9.96338622 -9.75589405 -9.22947250 -8.43509042 -7.34672721 
1.66810054e-05 -9.96338622 -9.75589405 -9.22947250 -8.43509042 -7.34672721 
1.29154967e-05 -9.96338622 -9.75589405 -9.22947250 -8.43509042 -7.34672721 
1.00000000e-05 -9.96338622 -9.75589405 -9.22947250 -8.43509042 -7.34672721 
7.74263683e-06 -9.96338622 -9.75589405 -9.22947250 -8.43509042 -7.34672721 
5.99484250e-06 -9.96338622 -9.75589405 -9.22947250 -8.43509042 -7.34672721 
4.64158883e-06 -9.96338622 -9.75589405 -9.22947250 -8.43509042 -7.34672721 
3.59381366e-06 -9.96338622 -9.75589405 -9.22947250 -8.43509042 -7.34672721 
2.78255940e-06 -9.96338622 -9.75589405 -9.22947250 -8.43509042 -7.34672721 
2.15443469e-06 -9.96338622 -9.75589405 -9.22947250 -8.43509042 -7.34672721 
1.66810054e-06 -9.96338622 -9.75589405 -9.22947250 -8.43509042 -7.34672721 
1.29154967e-06 -9.96338622 -9.75589405 -9.22947250 -8.43509042 -7.34672721 
1.00000000e-06 -9.96338622 -9.75589405 -9.22947250 -8.43509042 -7.34672721 
7.74263683e-07 -9.96338622 -9.75589405 -9.22947250 -8.43509042 -7.34672721 
5.99484250e-07 -9.96338622 -9.75589405 -9.22947250 -8.43509042 -7.34672721 
4.64158883e-07 -9.96338622 -9.75589405 -9.22947250 -8.43509042 -7.34672721 
3.59381366e-07 -9.96338622 -9.75589405 -9.22947250 -8.43509042 -7.34672721 
2.78255940e-07 -9.96338622 -9.75589405 -9.22947250 -8.43509042 -7.34672721 
2.15443469e-07 -9.96338622 -9.75589405 -9.22947250 -8.43509042 -7.34672721 
1.66810054e-07 -9.96338622 -9.75589405 -9.22947250 -8.43509042 -7.34672721 
1.29154967e-07 -9.96338622 -9.75589405 -9.22947250 -8.43509042 -7.34672721 
1.00000000e-07 -9.96338622 -9.75589405 -9.22947250 -8.43509042 -7.34672721 
7.74263683e-08 -9.96338622 -9.75589405 -9.22947250 -8.43509042 -7.34672721 
5.99484250e-08 -9.96338622 -9.75589405 -9.22947250 -8.43509042 -7.34672721 
4.64158883e-08 -9.96338622 -9.75589405 -9.22947250 -8.43509042 -7.34672721 
3.59381366e-08 -9.96338622 -9.75589405 -9.22947250 -8.43509042 -7.34672721 
2.78255940e-08 -9.96338622 -9.75589405 -9.22947250 -8.43509042 -7.34672721 
2.15443469e-08 -9.96338622 -9.75589405 -9.22947250 -8.43509042 -7.34672721 
1.66810054e-08 -9.96338622 -9.75589405 -9.22947250 -8.43509042 -7.34672721 
1.29154967e-08 -9.96338622 -9.75589405 -9.22947250 -8.43509042 -7.34672721 
1.00000000e-08 -9.96338622 -9.75589405 -9.22947250 -8.43509042 -7.34672721 
7.74263683e-09 -9.96338622 -9.75589405 -9.22947250 -8.43509042 -7.34672721 
5.99484250e-09 -9.96338622 -9.75589405 -9.22947250 -8.43509042 -7.34672721 
4.64158883e-09 -9.96338622 -9.75589405 -9.22947250 -8.43509042 -7.34672721 
3.59381366e-09 -9.96338622 -9.75589405 -9.22947250 -8.43509042 -7.34672721 
2.78255940e-09 -9.96338622 -9.75589405 -9.22947250 -8.43509042 -7.34672721 
2.15443469e-09 -9.96338622 -9.75589405 -9.22947250 -8.43509042 -7.34672721 
1.66810054e-09 -9.96338622 -9.75589405 -9.22947250 -8.43509042 -7.34672721 
1.29154967e-09 -9.96338622 -9.75589405 -9.22947250 -8.43509042 -7.34672721 
1.00000000e-09 -9.96338622 -9.75589405 -9.22947250 -8.43509042 -7.34672721 
7.74263683e-10 -9.96338622 -9.75589405 -9.22947250 -8.43509042 -7.34672721 
5.99484250e-10 -9.96338622 -9.75589405 -9.22947250 -8.43509042 -7.34672721 
4.64158883e-10 -9.96338622 -9.75589405 -9.22947250 -8.43509042 -7.34672721 
3.59381366e-10 -9.96338622 -9.75589405 -9.22947250 -8.43509042 -7.34672721 
2.78255940e-10 -9.96338622 -9.75589405 -9.22947250 -8.43509042 -7.34672721 
2.15443469e-10 -9.96338622 -9.75589405 -9.22947250 -8.43509042 -7.34672721 
1.66810054e-10 -9.96338622 -9.75589405 -9.22947250 -8.43509042 -7.34672721 
1.29154967e-10 -9.96338622 -9.75589405 -9.22947250 -8.43509042 -7.34672721 
1.00000000e-10 -9.96338622 -9.75589405 -9.22947250 -8.43509042 -7.34672721 
P (bar) | log_N2O: -2σ | log_N2O: -1σ | log_N2O: median | log_N2O: +1σ | log_N2O: +2σ 
1.00000000e+01 -9.83636686 -9.16720774 -7.53593575 -6.41300956 -5.59399092 
7.74263683e+00 -9.83636686 -9.16720774 -7.53593575 -6.41300956 -5.59399092 
5.99484250e+00 -9.83636686 -9.16720774 -7.53593575 -6.41300956 -5.59399092 
4.64158883e+00 -9.83636686 -9.16720774 -7.53593575 -6.41300956 -5.59399092 
3.59381366e+00 -9.83636686 -9.16720774 -7.53593575 -6.41300956 -5.59399092 
2.78255940e+00 -9.83636686 -9.16720774 -7.53593575 -6.41300956 -5.59399092 
2.15443469e+00 -9.83636686 -9.16720774 -7.53593575 -6.41300956 -5.59399092 
1.66810054e+00 -9.83636686 -9.16720774 -7.53593575 -6.41300956 -5.59399092 
1.29154967e+00 -9.83636686 -9.16720774 -7.53593575 -6.41300956 -5.59399092 
1.00000000e+00 -9.83636686 -9.16720774 -7.53593575 -6.41300956 -5.59399092 
7.74263683e-01 -9.83636686 -9.16720774 -7.53593575 -6.41300956 -5.59399092 
5.99484250e-01 -9.83636686 -9.16720774 -7.53593575 -6.41300956 -5.59399092 
4.64158883e-01 -9.83636686 -9.16720774 -7.53593575 -6.41300956 -5.59399092 
3.59381366e-01 -9.83636686 -9.16720774 -7.53593575 -6.41300956 -5.59399092 
2.78255940e-01 -9.83636686 -9.16720774 -7.53593575 -6.41300956 -5.59399092 
2.15443469e-01 -9.83636686 -9.16720774 -7.53593575 -6.41300956 -5.59399092 
1.66810054e-01 -9.83636686 -9.16720774 -7.53593575 -6.41300956 -5.59399092 
1.29154967e-01 -9.83636686 -9.16720774 -7.53593575 -6.41300956 -5.59399092 
1.00000000e-01 -9.83636686 -9.16720774 -7.53593575 -6.41300956 -5.59399092 
7.74263683e-02 -9.83636686 -9.16720774 -7.53593575 -6.41300956 -5.59399092 
5.99484250e-02 -9.83636686 -9.16720774 -7.53593575 -6.41300956 -5.59399092 
4.64158883e-02 -9.83636686 -9.16720774 -7.53593575 -6.41300956 -5.59399092 
3.59381366e-02 -9.83636686 -9.16720774 -7.53593575 -6.41300956 -5.59399092 
2.78255940e-02 -9.83636686 -9.16720774 -7.53593575 -6.41300956 -5.59399092 
2.15443469e-02 -9.83636686 -9.16720774 -7.53593575 -6.41300956 -5.59399092 
1.66810054e-02 -9.83636686 -9.16720774 -7.53593575 -6.41300956 -5.59399092 
1.29154967e-02 -9.83636686 -9.16720774 -7.53593575 -6.41300956 -5.59399092 
1.00000000e-02 -9.83636686 -9.16720774 -7.53593575 -6.41300956 -5.59399092 
7.74263683e-03 -9.83636686 -9.16720774 -7.53593575 -6.41300956 -5.59399092 
5.99484250e-03 -9.83636686 -9.16720774 -7.53593575 -6.41300956 -5.59399092 
4.64158883e-03 -9.83636686 -9.16720774 -7.53593575 -6.41300956 -5.59399092 
3.59381366e-03 -9.83636686 -9.16720774 -7.53593575 -6.41300956 -5.59399092 
2.78255940e-03 -9.83636686 -9.16720774 -7.53593575 -6.41300956 -5.59399092 
2.15443469e-03 -9.83636686 -9.16720774 -7.53593575 -6.41300956 -5.59399092 
1.66810054e-03 -9.83636686 -9.16720774 -7.53593575 -6.41300956 -5.59399092 
1.29154967e-03 -9.83636686 -9.16720774 -7.53593575 -6.41300956 -5.59399092 
1.00000000e-03 -9.83636686 -9.16720774 -7.53593575 -6.41300956 -5.59399092 
7.74263683e-04 -9.83636686 -9.16720774 -7.53593575 -6.41300956 -5.59399092 
5.99484250e-04 -9.83636686 -9.16720774 -7.53593575 -6.41300956 -5.59399092 
4.64158883e-04 -9.83636686 -9.16720774 -7.53593575 -6.41300956 -5.59399092 
3.59381366e-04 -9.83636686 -9.16720774 -7.53593575 -6.41300956 -5.59399092 
2.78255940e-04 -9.83636686 -9.16720774 -7.53593575 -6.41300956 -5.59399092 
2.15443469e-04 -9.83636686 -9.16720774 -7.53593575 -6.41300956 -5.59399092 
1.66810054e-04 -9.83636686 -9.16720774 -7.53593575 -6.41300956 -5.59399092 
1.29154967e-04 -9.83636686 -9.16720774 -7.53593575 -6.41300956 -5.59399092 
1.00000000e-04 -9.83636686 -9.16720774 -7.53593575 -6.41300956 -5.59399092 
7.74263683e-05 -9.83636686 -9.16720774 -7.53593575 -6.41300956 -5.59399092 
5.99484250e-05 -9.83636686 -9.16720774 -7.53593575 -6.41300956 -5.59399092 
4.64158883e-05 -9.83636686 -9.16720774 -7.53593575 -6.41300956 -5.59399092 
3.59381366e-05 -9.83636686 -9.16720774 -7.53593575 -6.41300956 -5.59399092 
2.78255940e-05 -9.83636686 -9.16720774 -7.53593575 -6.41300956 -5.59399092 
2.15443469e-05 -9.83636686 -9.16720774 -7.53593575 -6.41300956 -5.59399092 
1.66810054e-05 -9.83636686 -9.16720774 -7.53593575 -6.41300956 -5.59399092 
1.29154967e-05 -9.83636686 -9.16720774 -7.53593575 -6.41300956 -5.59399092 
1.00000000e-05 -9.83636686 -9.16720774 -7.53593575 -6.41300956 -5.59399092 
7.74263683e-06 -9.83636686 -9.16720774 -7.53593575 -6.41300956 -5.59399092 
5.99484250e-06 -9.83636686 -9.16720774 -7.53593575 -6.41300956 -5.59399092 
4.64158883e-06 -9.83636686 -9.16720774 -7.53593575 -6.41300956 -5.59399092 
3.59381366e-06 -9.83636686 -9.16720774 -7.53593575 -6.41300956 -5.59399092 
2.78255940e-06 -9.83636686 -9.16720774 -7.53593575 -6.41300956 -5.59399092 
2.15443469e-06 -9.83636686 -9.16720774 -7.53593575 -6.41300956 -5.59399092 
1.66810054e-06 -9.83636686 -9.16720774 -7.53593575 -6.41300956 -5.59399092 
1.29154967e-06 -9.83636686 -9.16720774 -7.53593575 -6.41300956 -5.59399092 
1.00000000e-06 -9.83636686 -9.16720774 -7.53593575 -6.41300956 -5.59399092 
7.74263683e-07 -9.83636686 -9.16720774 -7.53593575 -6.41300956 -5.59399092 
5.99484250e-07 -9.83636686 -9.16720774 -7.53593575 -6.41300956 -5.59399092 
4.64158883e-07 -9.83636686 -9.16720774 -7.53593575 -6.41300956 -5.59399092 
3.59381366e-07 -9.83636686 -9.16720774 -7.53593575 -6.41300956 -5.59399092 
2.78255940e-07 -9.83636686 -9.16720774 -7.53593575 -6.41300956 -5.59399092 
2.15443469e-07 -9.83636686 -9.16720774 -7.53593575 -6.41300956 -5.59399092 
1.66810054e-07 -9.83636686 -9.16720774 -7.53593575 -6.41300956 -5.59399092 
1.29154967e-07 -9.83636686 -9.16720774 -7.53593575 -6.41300956 -5.59399092 
1.00000000e-07 -9.83636686 -9.16720774 -7.53593575 -6.41300956 -5.59399092 
7.74263683e-08 -9.83636686 -9.16720774 -7.53593575 -6.41300956 -5.59399092 
5.99484250e-08 -9.83636686 -9.16720774 -7.53593575 -6.41300956 -5.59399092 
4.64158883e-08 -9.83636686 -9.16720774 -7.53593575 -6.41300956 -5.59399092 
3.59381366e-08 -9.83636686 -9.16720774 -7.53593575 -6.41300956 -5.59399092 
2.78255940e-08 -9.83636686 -9.16720774 -7.53593575 -6.41300956 -5.59399092 
2.15443469e-08 -9.83636686 -9.16720774 -7.53593575 -6.41300956 -5.59399092 
1.66810054e-08 -9.83636686 -9.16720774 -7.53593575 -6.41300956 -5.59399092 
1.29154967e-08 -9.83636686 -9.16720774 -7.53593575 -6.41300956 -5.59399092 
1.00000000e-08 -9.83636686 -9.16720774 -7.53593575 -6.41300956 -5.59399092 
7.74263683e-09 -9.83636686 -9.16720774 -7.53593575 -6.41300956 -5.59399092 
5.99484250e-09 -9.83636686 -9.16720774 -7.53593575 -6.41300956 -5.59399092 
4.64158883e-09 -9.83636686 -9.16720774 -7.53593575 -6.41300956 -5.59399092 
3.59381366e-09 -9.83636686 -9.16720774 -7.53593575 -6.41300956 -5.59399092 
2.78255940e-09 -9.83636686 -9.16720774 -7.53593575 -6.41300956 -5.59399092 
2.15443469e-09 -9.83636686 -9.16720774 -7.53593575 -6.41300956 -5.59399092 
1.66810054e-09 -9.83636686 -9.16720774 -7.53593575 -6.41300956 -5.59399092 
1.29154967e-09 -9.83636686 -9.16720774 -7.53593575 -6.41300956 -5.59399092 
1.00000000e-09 -9.83636686 -9.16720774 -7.53593575 -6.41300956 -5.59399092 
7.74263683e-10 -9.83636686 -9.16720774 -7.53593575 -6.41300956 -5.59399092 
5.99484250e-10 -9.83636686 -9.16720774 -7.53593575 -6.41300956 -5.59399092 
4.64158883e-10 -9.83636686 -9.16720774 -7.53593575 -6.41300956 -5.59399092 
3.59381366e-10 -9.83636686 -9.16720774 -7.53593575 -6.41300956 -5.59399092 
2.78255940e-10 -9.83636686 -9.16720774 -7.53593575 -6.41300956 -5.59399092 
2.15443469e-10 -9.83636686 -9.16720774 -7.53593575 -6.41300956 -5.59399092 
1.66810054e-10 -9.83636686 -9.16720774 -7.53593575 -6.41300956 -5.59399092 
1.29154967e-10 -9.83636686 -9.16720774 -7.53593575 -6.41300956 -5.59399092 
1.00000000e-10 -9.83636686 -9.16720774 -7.53593575 -6.41300956 -5.59399092 
P (bar) | log_NH3: -2σ | log_NH3: -1σ | log_NH3: median | log_NH3: +1σ | log_NH3: +2σ 
1.00000000e+01 -9.95659095 -9.57641581 -8.45613412 -6.64202124 -5.89528222 
7.74263683e+00 -9.95659095 -9.57641581 -8.45613412 -6.64202124 -5.89528222 
5.99484250e+00 -9.95659095 -9.57641581 -8.45613412 -6.64202124 -5.89528222 
4.64158883e+00 -9.95659095 -9.57641581 -8.45613412 -6.64202124 -5.89528222 
3.59381366e+00 -9.95659095 -9.57641581 -8.45613412 -6.64202124 -5.89528222 
2.78255940e+00 -9.95659095 -9.57641581 -8.45613412 -6.64202124 -5.89528222 
2.15443469e+00 -9.95659095 -9.57641581 -8.45613412 -6.64202124 -5.89528222 
1.66810054e+00 -9.95659095 -9.57641581 -8.45613412 -6.64202124 -5.89528222 
1.29154967e+00 -9.95659095 -9.57641581 -8.45613412 -6.64202124 -5.89528222 
1.00000000e+00 -9.95659095 -9.57641581 -8.45613412 -6.64202124 -5.89528222 
7.74263683e-01 -9.95659095 -9.57641581 -8.45613412 -6.64202124 -5.89528222 
5.99484250e-01 -9.95659095 -9.57641581 -8.45613412 -6.64202124 -5.89528222 
4.64158883e-01 -9.95659095 -9.57641581 -8.45613412 -6.64202124 -5.89528222 
3.59381366e-01 -9.95659095 -9.57641581 -8.45613412 -6.64202124 -5.89528222 
2.78255940e-01 -9.95659095 -9.57641581 -8.45613412 -6.64202124 -5.89528222 
2.15443469e-01 -9.95659095 -9.57641581 -8.45613412 -6.64202124 -5.89528222 
1.66810054e-01 -9.95659095 -9.57641581 -8.45613412 -6.64202124 -5.89528222 
1.29154967e-01 -9.95659095 -9.57641581 -8.45613412 -6.64202124 -5.89528222 
1.00000000e-01 -9.95659095 -9.57641581 -8.45613412 -6.64202124 -5.89528222 
7.74263683e-02 -9.95659095 -9.57641581 -8.45613412 -6.64202124 -5.89528222 
5.99484250e-02 -9.95659095 -9.57641581 -8.45613412 -6.64202124 -5.89528222 
4.64158883e-02 -9.95659095 -9.57641581 -8.45613412 -6.64202124 -5.89528222 
3.59381366e-02 -9.95659095 -9.57641581 -8.45613412 -6.64202124 -5.89528222 
2.78255940e-02 -9.95659095 -9.57641581 -8.45613412 -6.64202124 -5.89528222 
2.15443469e-02 -9.95659095 -9.57641581 -8.45613412 -6.64202124 -5.89528222 
1.66810054e-02 -9.95659095 -9.57641581 -8.45613412 -6.64202124 -5.89528222 
1.29154967e-02 -9.95659095 -9.57641581 -8.45613412 -6.64202124 -5.89528222 
1.00000000e-02 -9.95659095 -9.57641581 -8.45613412 -6.64202124 -5.89528222 
7.74263683e-03 -9.95659095 -9.57641581 -8.45613412 -6.64202124 -5.89528222 
5.99484250e-03 -9.95659095 -9.57641581 -8.45613412 -6.64202124 -5.89528222 
4.64158883e-03 -9.95659095 -9.57641581 -8.45613412 -6.64202124 -5.89528222 
3.59381366e-03 -9.95659095 -9.57641581 -8.45613412 -6.64202124 -5.89528222 
2.78255940e-03 -9.95659095 -9.57641581 -8.45613412 -6.64202124 -5.89528222 
2.15443469e-03 -9.95659095 -9.57641581 -8.45613412 -6.64202124 -5.89528222 
1.66810054e-03 -9.95659095 -9.57641581 -8.45613412 -6.64202124 -5.89528222 
1.29154967e-03 -9.95659095 -9.57641581 -8.45613412 -6.64202124 -5.89528222 
1.00000000e-03 -9.95659095 -9.57641581 -8.45613412 -6.64202124 -5.89528222 
7.74263683e-04 -9.95659095 -9.57641581 -8.45613412 -6.64202124 -5.89528222 
5.99484250e-04 -9.95659095 -9.57641581 -8.45613412 -6.64202124 -5.89528222 
4.64158883e-04 -9.95659095 -9.57641581 -8.45613412 -6.64202124 -5.89528222 
3.59381366e-04 -9.95659095 -9.57641581 -8.45613412 -6.64202124 -5.89528222 
2.78255940e-04 -9.95659095 -9.57641581 -8.45613412 -6.64202124 -5.89528222 
2.15443469e-04 -9.95659095 -9.57641581 -8.45613412 -6.64202124 -5.89528222 
1.66810054e-04 -9.95659095 -9.57641581 -8.45613412 -6.64202124 -5.89528222 
1.29154967e-04 -9.95659095 -9.57641581 -8.45613412 -6.64202124 -5.89528222 
1.00000000e-04 -9.95659095 -9.57641581 -8.45613412 -6.64202124 -5.89528222 
7.74263683e-05 -9.95659095 -9.57641581 -8.45613412 -6.64202124 -5.89528222 
5.99484250e-05 -9.95659095 -9.57641581 -8.45613412 -6.64202124 -5.89528222 
4.64158883e-05 -9.95659095 -9.57641581 -8.45613412 -6.64202124 -5.89528222 
3.59381366e-05 -9.95659095 -9.57641581 -8.45613412 -6.64202124 -5.89528222 
2.78255940e-05 -9.95659095 -9.57641581 -8.45613412 -6.64202124 -5.89528222 
2.15443469e-05 -9.95659095 -9.57641581 -8.45613412 -6.64202124 -5.89528222 
1.66810054e-05 -9.95659095 -9.57641581 -8.45613412 -6.64202124 -5.89528222 
1.29154967e-05 -9.95659095 -9.57641581 -8.45613412 -6.64202124 -5.89528222 
1.00000000e-05 -9.95659095 -9.57641581 -8.45613412 -6.64202124 -5.89528222 
7.74263683e-06 -9.95659095 -9.57641581 -8.45613412 -6.64202124 -5.89528222 
5.99484250e-06 -9.95659095 -9.57641581 -8.45613412 -6.64202124 -5.89528222 
4.64158883e-06 -9.95659095 -9.57641581 -8.45613412 -6.64202124 -5.89528222 
3.59381366e-06 -9.95659095 -9.57641581 -8.45613412 -6.64202124 -5.89528222 
2.78255940e-06 -9.95659095 -9.57641581 -8.45613412 -6.64202124 -5.89528222 
2.15443469e-06 -9.95659095 -9.57641581 -8.45613412 -6.64202124 -5.89528222 
1.66810054e-06 -9.95659095 -9.57641581 -8.45613412 -6.64202124 -5.89528222 
1.29154967e-06 -9.95659095 -9.57641581 -8.45613412 -6.64202124 -5.89528222 
1.00000000e-06 -9.95659095 -9.57641581 -8.45613412 -6.64202124 -5.89528222 
7.74263683e-07 -9.95659095 -9.57641581 -8.45613412 -6.64202124 -5.89528222 
5.99484250e-07 -9.95659095 -9.57641581 -8.45613412 -6.64202124 -5.89528222 
4.64158883e-07 -9.95659095 -9.57641581 -8.45613412 -6.64202124 -5.89528222 
3.59381366e-07 -9.95659095 -9.57641581 -8.45613412 -6.64202124 -5.89528222 
2.78255940e-07 -9.95659095 -9.57641581 -8.45613412 -6.64202124 -5.89528222 
2.15443469e-07 -9.95659095 -9.57641581 -8.45613412 -6.64202124 -5.89528222 
1.66810054e-07 -9.95659095 -9.57641581 -8.45613412 -6.64202124 -5.89528222 
1.29154967e-07 -9.95659095 -9.57641581 -8.45613412 -6.64202124 -5.89528222 
1.00000000e-07 -9.95659095 -9.57641581 -8.45613412 -6.64202124 -5.89528222 
7.74263683e-08 -9.95659095 -9.57641581 -8.45613412 -6.64202124 -5.89528222 
5.99484250e-08 -9.95659095 -9.57641581 -8.45613412 -6.64202124 -5.89528222 
4.64158883e-08 -9.95659095 -9.57641581 -8.45613412 -6.64202124 -5.89528222 
3.59381366e-08 -9.95659095 -9.57641581 -8.45613412 -6.64202124 -5.89528222 
2.78255940e-08 -9.95659095 -9.57641581 -8.45613412 -6.64202124 -5.89528222 
2.15443469e-08 -9.95659095 -9.57641581 -8.45613412 -6.64202124 -5.89528222 
1.66810054e-08 -9.95659095 -9.57641581 -8.45613412 -6.64202124 -5.89528222 
1.29154967e-08 -9.95659095 -9.57641581 -8.45613412 -6.64202124 -5.89528222 
1.00000000e-08 -9.95659095 -9.57641581 -8.45613412 -6.64202124 -5.89528222 
7.74263683e-09 -9.95659095 -9.57641581 -8.45613412 -6.64202124 -5.89528222 
5.99484250e-09 -9.95659095 -9.57641581 -8.45613412 -6.64202124 -5.89528222 
4.64158883e-09 -9.95659095 -9.57641581 -8.45613412 -6.64202124 -5.89528222 
3.59381366e-09 -9.95659095 -9.57641581 -8.45613412 -6.64202124 -5.89528222 
2.78255940e-09 -9.95659095 -9.57641581 -8.45613412 -6.64202124 -5.89528222 
2.15443469e-09 -9.95659095 -9.57641581 -8.45613412 -6.64202124 -5.89528222 
1.66810054e-09 -9.95659095 -9.57641581 -8.45613412 -6.64202124 -5.89528222 
1.29154967e-09 -9.95659095 -9.57641581 -8.45613412 -6.64202124 -5.89528222 
1.00000000e-09 -9.95659095 -9.57641581 -8.45613412 -6.64202124 -5.89528222 
7.74263683e-10 -9.95659095 -9.57641581 -8.45613412 -6.64202124 -5.89528222 
5.99484250e-10 -9.95659095 -9.57641581 -8.45613412 -6.64202124 -5.89528222 
4.64158883e-10 -9.95659095 -9.57641581 -8.45613412 -6.64202124 -5.89528222 
3.59381366e-10 -9.95659095 -9.57641581 -8.45613412 -6.64202124 -5.89528222 
2.78255940e-10 -9.95659095 -9.57641581 -8.45613412 -6.64202124 -5.89528222 
2.15443469e-10 -9.95659095 -9.57641581 -8.45613412 -6.64202124 -5.89528222 
1.66810054e-10 -9.95659095 -9.57641581 -8.45613412 -6.64202124 -5.89528222 
1.29154967e-10 -9.95659095 -9.57641581 -8.45613412 -6.64202124 -5.89528222 
1.00000000e-10 -9.95659095 -9.57641581 -8.45613412 -6.64202124 -5.89528222 
