Chemical species: N2 H2O CO2 CH4 O2 O3 N2O NH3
P (bar) | log_N2: -2σ | log_N2: -1σ | log_N2: median | log_N2: +1σ | log_N2: +2σ 
1.00000000e+01 -0.04448015 -0.03405575 -0.01296271 -0.00013925 -0.00002580 
7.74263683e+00 -0.04448015 -0.03405575 -0.01296271 -0.00013925 -0.00002580 
5.99484250e+00 -0.04448015 -0.03405575 -0.01296271 -0.00013925 -0.00002580 
4.64158883e+00 -0.04448015 -0.03405575 -0.01296271 -0.00013925 -0.00002580 
3.59381366e+00 -0.04448015 -0.03405575 -0.01296271 -0.00013925 -0.00002580 
2.78255940e+00 -0.04448015 -0.03405575 -0.01296271 -0.00013925 -0.00002580 
2.15443469e+00 -0.04448015 -0.03405575 -0.01296271 -0.00013925 -0.00002580 
1.66810054e+00 -0.04448015 -0.03405575 -0.01296271 -0.00013925 -0.00002580 
1.29154967e+00 -0.04448015 -0.03405575 -0.01296271 -0.00013925 -0.00002580 
1.00000000e+00 -0.04448015 -0.03405575 -0.01296271 -0.00013925 -0.00002580 
7.74263683e-01 -0.04448015 -0.03405575 -0.01296271 -0.00013925 -0.00002580 
5.99484250e-01 -0.04448015 -0.03405575 -0.01296271 -0.00013925 -0.00002580 
4.64158883e-01 -0.04448015 -0.03405575 -0.01296271 -0.00013925 -0.00002580 
3.59381366e-01 -0.04448015 -0.03405575 -0.01296271 -0.00013925 -0.00002580 
2.78255940e-01 -0.04448015 -0.03405575 -0.01296271 -0.00013925 -0.00002580 
2.15443469e-01 -0.04448015 -0.03405575 -0.01296271 -0.00013925 -0.00002580 
1.66810054e-01 -0.04448015 -0.03405575 -0.01296271 -0.00013925 -0.00002580 
1.29154967e-01 -0.04448015 -0.03405575 -0.01296271 -0.00013925 -0.00002580 
1.00000000e-01 -0.04448015 -0.03405575 -0.01296271 -0.00013925 -0.00002580 
7.74263683e-02 -0.04448015 -0.03405575 -0.01296271 -0.00013925 -0.00002580 
5.99484250e-02 -0.04448015 -0.03405575 -0.01296271 -0.00013925 -0.00002580 
4.64158883e-02 -0.04448015 -0.03405575 -0.01296271 -0.00013925 -0.00002580 
3.59381366e-02 -0.04448015 -0.03405575 -0.01296271 -0.00013925 -0.00002580 
2.78255940e-02 -0.04448015 -0.03405575 -0.01296271 -0.00013925 -0.00002580 
2.15443469e-02 -0.04448015 -0.03405575 -0.01296271 -0.00013925 -0.00002580 
1.66810054e-02 -0.04448015 -0.03405575 -0.01296271 -0.00013925 -0.00002580 
1.29154967e-02 -0.04448015 -0.03405575 -0.01296271 -0.00013925 -0.00002580 
1.00000000e-02 -0.04448015 -0.03405575 -0.01296271 -0.00013925 -0.00002580 
7.74263683e-03 -0.04448015 -0.03405575 -0.01296271 -0.00013925 -0.00002580 
5.99484250e-03 -0.04448015 -0.03405575 -0.01296271 -0.00013925 -0.00002580 
4.64158883e-03 -0.04448015 -0.03405575 -0.01296271 -0.00013925 -0.00002580 
3.59381366e-03 -0.04448015 -0.03405575 -0.01296271 -0.00013925 -0.00002580 
2.78255940e-03 -0.04448015 -0.03405575 -0.01296271 -0.00013925 -0.00002580 
2.15443469e-03 -0.04448015 -0.03405575 -0.01296271 -0.00013925 -0.00002580 
1.66810054e-03 -0.04448015 -0.03405575 -0.01296271 -0.00013925 -0.00002580 
1.29154967e-03 -0.04448015 -0.03405575 -0.01296271 -0.00013925 -0.00002580 
1.00000000e-03 -0.04448015 -0.03405575 -0.01296271 -0.00013925 -0.00002580 
7.74263683e-04 -0.04448015 -0.03405575 -0.01296271 -0.00013925 -0.00002580 
5.99484250e-04 -0.04448015 -0.03405575 -0.01296271 -0.00013925 -0.00002580 
4.64158883e-04 -0.04448015 -0.03405575 -0.01296271 -0.00013925 -0.00002580 
3.59381366e-04 -0.04448015 -0.03405575 -0.01296271 -0.00013925 -0.00002580 
2.78255940e-04 -0.04448015 -0.03405575 -0.01296271 -0.00013925 -0.00002580 
2.15443469e-04 -0.04448015 -0.03405575 -0.01296271 -0.00013925 -0.00002580 
1.66810054e-04 -0.04448015 -0.03405575 -0.01296271 -0.00013925 -0.00002580 
1.29154967e-04 -0.04448015 -0.03405575 -0.01296271 -0.00013925 -0.00002580 
1.00000000e-04 -0.04448015 -0.03405575 -0.01296271 -0.00013925 -0.00002580 
7.74263683e-05 -0.04448015 -0.03405575 -0.01296271 -0.00013925 -0.00002580 
5.99484250e-05 -0.04448015 -0.03405575 -0.01296271 -0.00013925 -0.00002580 
4.64158883e-05 -0.04448015 -0.03405575 -0.01296271 -0.00013925 -0.00002580 
3.59381366e-05 -0.04448015 -0.03405575 -0.01296271 -0.00013925 -0.00002580 
2.78255940e-05 -0.04448015 -0.03405575 -0.01296271 -0.00013925 -0.00002580 
2.15443469e-05 -0.04448015 -0.03405575 -0.01296271 -0.00013925 -0.00002580 
1.66810054e-05 -0.04448015 -0.03405575 -0.01296271 -0.00013925 -0.00002580 
1.29154967e-05 -0.04448015 -0.03405575 -0.01296271 -0.00013925 -0.00002580 
1.00000000e-05 -0.04448015 -0.03405575 -0.01296271 -0.00013925 -0.00002580 
7.74263683e-06 -0.04448015 -0.03405575 -0.01296271 -0.00013925 -0.00002580 
5.99484250e-06 -0.04448015 -0.03405575 -0.01296271 -0.00013925 -0.00002580 
4.64158883e-06 -0.04448015 -0.03405575 -0.01296271 -0.00013925 -0.00002580 
3.59381366e-06 -0.04448015 -0.03405575 -0.01296271 -0.00013925 -0.00002580 
2.78255940e-06 -0.04448015 -0.03405575 -0.01296271 -0.00013925 -0.00002580 
2.15443469e-06 -0.04448015 -0.03405575 -0.01296271 -0.00013925 -0.00002580 
1.66810054e-06 -0.04448015 -0.03405575 -0.01296271 -0.00013925 -0.00002580 
1.29154967e-06 -0.04448015 -0.03405575 -0.01296271 -0.00013925 -0.00002580 
1.00000000e-06 -0.04448015 -0.03405575 -0.01296271 -0.00013925 -0.00002580 
7.74263683e-07 -0.04448015 -0.03405575 -0.01296271 -0.00013925 -0.00002580 
5.99484250e-07 -0.04448015 -0.03405575 -0.01296271 -0.00013925 -0.00002580 
4.64158883e-07 -0.04448015 -0.03405575 -0.01296271 -0.00013925 -0.00002580 
3.59381366e-07 -0.04448015 -0.03405575 -0.01296271 -0.00013925 -0.00002580 
2.78255940e-07 -0.04448015 -0.03405575 -0.01296271 -0.00013925 -0.00002580 
2.15443469e-07 -0.04448015 -0.03405575 -0.01296271 -0.00013925 -0.00002580 
1.66810054e-07 -0.04448015 -0.03405575 -0.01296271 -0.00013925 -0.00002580 
1.29154967e-07 -0.04448015 -0.03405575 -0.01296271 -0.00013925 -0.00002580 
1.00000000e-07 -0.04448015 -0.03405575 -0.01296271 -0.00013925 -0.00002580 
7.74263683e-08 -0.04448015 -0.03405575 -0.01296271 -0.00013925 -0.00002580 
5.99484250e-08 -0.04448015 -0.03405575 -0.01296271 -0.00013925 -0.00002580 
4.64158883e-08 -0.04448015 -0.03405575 -0.01296271 -0.00013925 -0.00002580 
3.59381366e-08 -0.04448015 -0.03405575 -0.01296271 -0.00013925 -0.00002580 
2.78255940e-08 -0.04448015 -0.03405575 -0.01296271 -0.00013925 -0.00002580 
2.15443469e-08 -0.04448015 -0.03405575 -0.01296271 -0.00013925 -0.00002580 
1.66810054e-08 -0.04448015 -0.03405575 -0.01296271 -0.00013925 -0.00002580 
1.29154967e-08 -0.04448015 -0.03405575 -0.01296271 -0.00013925 -0.00002580 
1.00000000e-08 -0.04448015 -0.03405575 -0.01296271 -0.00013925 -0.00002580 
7.74263683e-09 -0.04448015 -0.03405575 -0.01296271 -0.00013925 -0.00002580 
5.99484250e-09 -0.04448015 -0.03405575 -0.01296271 -0.00013925 -0.00002580 
4.64158883e-09 -0.04448015 -0.03405575 -0.01296271 -0.00013925 -0.00002580 
3.59381366e-09 -0.04448015 -0.03405575 -0.01296271 -0.00013925 -0.00002580 
2.78255940e-09 -0.04448015 -0.03405575 -0.01296271 -0.00013925 -0.00002580 
2.15443469e-09 -0.04448015 -0.03405575 -0.01296271 -0.00013925 -0.00002580 
1.66810054e-09 -0.04448015 -0.03405575 -0.01296271 -0.00013925 -0.00002580 
1.29154967e-09 -0.04448015 -0.03405575 -0.01296271 -0.00013925 -0.00002580 
1.00000000e-09 -0.04448015 -0.03405575 -0.01296271 -0.00013925 -0.00002580 
7.74263683e-10 -0.04448015 -0.03405575 -0.01296271 -0.00013925 -0.00002580 
5.99484250e-10 -0.04448015 -0.03405575 -0.01296271 -0.00013925 -0.00002580 
4.64158883e-10 -0.04448015 -0.03405575 -0.01296271 -0.00013925 -0.00002580 
3.59381366e-10 -0.04448015 -0.03405575 -0.01296271 -0.00013925 -0.00002580 
2.78255940e-10 -0.04448015 -0.03405575 -0.01296271 -0.00013925 -0.00002580 
2.15443469e-10 -0.04448015 -0.03405575 -0.01296271 -0.00013925 -0.00002580 
1.66810054e-10 -0.04448015 -0.03405575 -0.01296271 -0.00013925 -0.00002580 
1.29154967e-10 -0.04448015 -0.03405575 -0.01296271 -0.00013925 -0.00002580 
1.00000000e-10 -0.04448015 -0.03405575 -0.01296271 -0.00013925 -0.00002580 
P (bar) | log_H2O: -2σ | log_H2O: -1σ | log_H2O: median | log_H2O: +1σ | log_H2O: +2σ 
1.00000000e+01 -5.55308215 -5.01549807 -4.52285073 -4.12348929 -3.70806721 
7.74263683e+00 -5.55308215 -5.01549807 -4.52285073 -4.12348929 -3.70806721 
5.99484250e+00 -5.55308215 -5.01549807 -4.52285073 -4.12348929 -3.70806721 
4.64158883e+00 -5.55308215 -5.01549807 -4.52285073 -4.12348929 -3.70806721 
3.59381366e+00 -5.55308215 -5.01549807 -4.52285073 -4.12348929 -3.70806721 
2.78255940e+00 -5.55308215 -5.01549807 -4.52285073 -4.12348929 -3.70806721 
2.15443469e+00 -5.55308215 -5.01549807 -4.52285073 -4.12348929 -3.70806721 
1.66810054e+00 -5.55308215 -5.01549807 -4.52285073 -4.12348929 -3.70806721 
1.29154967e+00 -5.55308215 -5.01549807 -4.52285073 -4.12348929 -3.70806721 
1.00000000e+00 -5.55308215 -5.01549807 -4.52285073 -4.12348929 -3.70806721 
7.74263683e-01 -5.55308215 -5.01549807 -4.52285073 -4.12348929 -3.70806721 
5.99484250e-01 -5.55308215 -5.01549807 -4.52285073 -4.12348929 -3.70806721 
4.64158883e-01 -5.55308215 -5.01549807 -4.52285073 -4.12348929 -3.70806721 
3.59381366e-01 -5.55308215 -5.01549807 -4.52285073 -4.12348929 -3.70806721 
2.78255940e-01 -5.55308215 -5.01549807 -4.52285073 -4.12348929 -3.70806721 
2.15443469e-01 -5.55308215 -5.01549807 -4.52285073 -4.12348929 -3.70806721 
1.66810054e-01 -5.55308215 -5.01549807 -4.52285073 -4.12348929 -3.70806721 
1.29154967e-01 -5.55308215 -5.01549807 -4.52285073 -4.12348929 -3.70806721 
1.00000000e-01 -5.55308215 -5.01549807 -4.52285073 -4.12348929 -3.70806721 
7.74263683e-02 -5.55308215 -5.01549807 -4.52285073 -4.12348929 -3.70806721 
5.99484250e-02 -5.55308215 -5.01549807 -4.52285073 -4.12348929 -3.70806721 
4.64158883e-02 -5.55308215 -5.01549807 -4.52285073 -4.12348929 -3.70806721 
3.59381366e-02 -5.55308215 -5.01549807 -4.52285073 -4.12348929 -3.70806721 
2.78255940e-02 -5.55308215 -5.01549807 -4.52285073 -4.12348929 -3.70806721 
2.15443469e-02 -5.55308215 -5.01549807 -4.52285073 -4.12348929 -3.70806721 
1.66810054e-02 -5.55308215 -5.01549807 -4.52285073 -4.12348929 -3.70806721 
1.29154967e-02 -5.55308215 -5.01549807 -4.52285073 -4.12348929 -3.70806721 
1.00000000e-02 -5.55308215 -5.01549807 -4.52285073 -4.12348929 -3.70806721 
7.74263683e-03 -5.55308215 -5.01549807 -4.52285073 -4.12348929 -3.70806721 
5.99484250e-03 -5.55308215 -5.01549807 -4.52285073 -4.12348929 -3.70806721 
4.64158883e-03 -5.55308215 -5.01549807 -4.52285073 -4.12348929 -3.70806721 
3.59381366e-03 -5.55308215 -5.01549807 -4.52285073 -4.12348929 -3.70806721 
2.78255940e-03 -5.55308215 -5.01549807 -4.52285073 -4.12348929 -3.70806721 
2.15443469e-03 -5.55308215 -5.01549807 -4.52285073 -4.12348929 -3.70806721 
1.66810054e-03 -5.55308215 -5.01549807 -4.52285073 -4.12348929 -3.70806721 
1.29154967e-03 -5.55308215 -5.01549807 -4.52285073 -4.12348929 -3.70806721 
1.00000000e-03 -5.55308215 -5.01549807 -4.52285073 -4.12348929 -3.70806721 
7.74263683e-04 -5.55308215 -5.01549807 -4.52285073 -4.12348929 -3.70806721 
5.99484250e-04 -5.55308215 -5.01549807 -4.52285073 -4.12348929 -3.70806721 
4.64158883e-04 -5.55308215 -5.01549807 -4.52285073 -4.12348929 -3.70806721 
3.59381366e-04 -5.55308215 -5.01549807 -4.52285073 -4.12348929 -3.70806721 
2.78255940e-04 -5.55308215 -5.01549807 -4.52285073 -4.12348929 -3.70806721 
2.15443469e-04 -5.55308215 -5.01549807 -4.52285073 -4.12348929 -3.70806721 
1.66810054e-04 -5.55308215 -5.01549807 -4.52285073 -4.12348929 -3.70806721 
1.29154967e-04 -5.55308215 -5.01549807 -4.52285073 -4.12348929 -3.70806721 
1.00000000e-04 -5.55308215 -5.01549807 -4.52285073 -4.12348929 -3.70806721 
7.74263683e-05 -5.55308215 -5.01549807 -4.52285073 -4.12348929 -3.70806721 
5.99484250e-05 -5.55308215 -5.01549807 -4.52285073 -4.12348929 -3.70806721 
4.64158883e-05 -5.55308215 -5.01549807 -4.52285073 -4.12348929 -3.70806721 
3.59381366e-05 -5.55308215 -5.01549807 -4.52285073 -4.12348929 -3.70806721 
2.78255940e-05 -5.55308215 -5.01549807 -4.52285073 -4.12348929 -3.70806721 
2.15443469e-05 -5.55308215 -5.01549807 -4.52285073 -4.12348929 -3.70806721 
1.66810054e-05 -5.55308215 -5.01549807 -4.52285073 -4.12348929 -3.70806721 
1.29154967e-05 -5.55308215 -5.01549807 -4.52285073 -4.12348929 -3.70806721 
1.00000000e-05 -5.55308215 -5.01549807 -4.52285073 -4.12348929 -3.70806721 
7.74263683e-06 -5.55308215 -5.01549807 -4.52285073 -4.12348929 -3.70806721 
5.99484250e-06 -5.55308215 -5.01549807 -4.52285073 -4.12348929 -3.70806721 
4.64158883e-06 -5.55308215 -5.01549807 -4.52285073 -4.12348929 -3.70806721 
3.59381366e-06 -5.55308215 -5.01549807 -4.52285073 -4.12348929 -3.70806721 
2.78255940e-06 -5.55308215 -5.01549807 -4.52285073 -4.12348929 -3.70806721 
2.15443469e-06 -5.55308215 -5.01549807 -4.52285073 -4.12348929 -3.70806721 
1.66810054e-06 -5.55308215 -5.01549807 -4.52285073 -4.12348929 -3.70806721 
1.29154967e-06 -5.55308215 -5.01549807 -4.52285073 -4.12348929 -3.70806721 
1.00000000e-06 -5.55308215 -5.01549807 -4.52285073 -4.12348929 -3.70806721 
7.74263683e-07 -5.55308215 -5.01549807 -4.52285073 -4.12348929 -3.70806721 
5.99484250e-07 -5.55308215 -5.01549807 -4.52285073 -4.12348929 -3.70806721 
4.64158883e-07 -5.55308215 -5.01549807 -4.52285073 -4.12348929 -3.70806721 
3.59381366e-07 -5.55308215 -5.01549807 -4.52285073 -4.12348929 -3.70806721 
2.78255940e-07 -5.55308215 -5.01549807 -4.52285073 -4.12348929 -3.70806721 
2.15443469e-07 -5.55308215 -5.01549807 -4.52285073 -4.12348929 -3.70806721 
1.66810054e-07 -5.55308215 -5.01549807 -4.52285073 -4.12348929 -3.70806721 
1.29154967e-07 -5.55308215 -5.01549807 -4.52285073 -4.12348929 -3.70806721 
1.00000000e-07 -5.55308215 -5.01549807 -4.52285073 -4.12348929 -3.70806721 
7.74263683e-08 -5.55308215 -5.01549807 -4.52285073 -4.12348929 -3.70806721 
5.99484250e-08 -5.55308215 -5.01549807 -4.52285073 -4.12348929 -3.70806721 
4.64158883e-08 -5.55308215 -5.01549807 -4.52285073 -4.12348929 -3.70806721 
3.59381366e-08 -5.55308215 -5.01549807 -4.52285073 -4.12348929 -3.70806721 
2.78255940e-08 -5.55308215 -5.01549807 -4.52285073 -4.12348929 -3.70806721 
2.15443469e-08 -5.55308215 -5.01549807 -4.52285073 -4.12348929 -3.70806721 
1.66810054e-08 -5.55308215 -5.01549807 -4.52285073 -4.12348929 -3.70806721 
1.29154967e-08 -5.55308215 -5.01549807 -4.52285073 -4.12348929 -3.70806721 
1.00000000e-08 -5.55308215 -5.01549807 -4.52285073 -4.12348929 -3.70806721 
7.74263683e-09 -5.55308215 -5.01549807 -4.52285073 -4.12348929 -3.70806721 
5.99484250e-09 -5.55308215 -5.01549807 -4.52285073 -4.12348929 -3.70806721 
4.64158883e-09 -5.55308215 -5.01549807 -4.52285073 -4.12348929 -3.70806721 
3.59381366e-09 -5.55308215 -5.01549807 -4.52285073 -4.12348929 -3.70806721 
2.78255940e-09 -5.55308215 -5.01549807 -4.52285073 -4.12348929 -3.70806721 
2.15443469e-09 -5.55308215 -5.01549807 -4.52285073 -4.12348929 -3.70806721 
1.66810054e-09 -5.55308215 -5.01549807 -4.52285073 -4.12348929 -3.70806721 
1.29154967e-09 -5.55308215 -5.01549807 -4.52285073 -4.12348929 -3.70806721 
1.00000000e-09 -5.55308215 -5.01549807 -4.52285073 -4.12348929 -3.70806721 
7.74263683e-10 -5.55308215 -5.01549807 -4.52285073 -4.12348929 -3.70806721 
5.99484250e-10 -5.55308215 -5.01549807 -4.52285073 -4.12348929 -3.70806721 
4.64158883e-10 -5.55308215 -5.01549807 -4.52285073 -4.12348929 -3.70806721 
3.59381366e-10 -5.55308215 -5.01549807 -4.52285073 -4.12348929 -3.70806721 
2.78255940e-10 -5.55308215 -5.01549807 -4.52285073 -4.12348929 -3.70806721 
2.15443469e-10 -5.55308215 -5.01549807 -4.52285073 -4.12348929 -3.70806721 
1.66810054e-10 -5.55308215 -5.01549807 -4.52285073 -4.12348929 -3.70806721 
1.29154967e-10 -5.55308215 -5.01549807 -4.52285073 -4.12348929 -3.70806721 
1.00000000e-10 -5.55308215 -5.01549807 -4.52285073 -4.12348929 -3.70806721 
P (bar) | log_CO2: -2σ | log_CO2: -1σ | log_CO2: median | log_CO2: +1σ | log_CO2: +2σ 
1.00000000e+01 -5.10821008 -4.45177668 -3.96005260 -3.43548033 -2.87194196 
7.74263683e+00 -5.10821008 -4.45177668 -3.96005260 -3.43548033 -2.87194196 
5.99484250e+00 -5.10821008 -4.45177668 -3.96005260 -3.43548033 -2.87194196 
4.64158883e+00 -5.10821008 -4.45177668 -3.96005260 -3.43548033 -2.87194196 
3.59381366e+00 -5.10821008 -4.45177668 -3.96005260 -3.43548033 -2.87194196 
2.78255940e+00 -5.10821008 -4.45177668 -3.96005260 -3.43548033 -2.87194196 
2.15443469e+00 -5.10821008 -4.45177668 -3.96005260 -3.43548033 -2.87194196 
1.66810054e+00 -5.10821008 -4.45177668 -3.96005260 -3.43548033 -2.87194196 
1.29154967e+00 -5.10821008 -4.45177668 -3.96005260 -3.43548033 -2.87194196 
1.00000000e+00 -5.10821008 -4.45177668 -3.96005260 -3.43548033 -2.87194196 
7.74263683e-01 -5.10821008 -4.45177668 -3.96005260 -3.43548033 -2.87194196 
5.99484250e-01 -5.10821008 -4.45177668 -3.96005260 -3.43548033 -2.87194196 
4.64158883e-01 -5.10821008 -4.45177668 -3.96005260 -3.43548033 -2.87194196 
3.59381366e-01 -5.10821008 -4.45177668 -3.96005260 -3.43548033 -2.87194196 
2.78255940e-01 -5.10821008 -4.45177668 -3.96005260 -3.43548033 -2.87194196 
2.15443469e-01 -5.10821008 -4.45177668 -3.96005260 -3.43548033 -2.87194196 
1.66810054e-01 -5.10821008 -4.45177668 -3.96005260 -3.43548033 -2.87194196 
1.29154967e-01 -5.10821008 -4.45177668 -3.96005260 -3.43548033 -2.87194196 
1.00000000e-01 -5.10821008 -4.45177668 -3.96005260 -3.43548033 -2.87194196 
7.74263683e-02 -5.10821008 -4.45177668 -3.96005260 -3.43548033 -2.87194196 
5.99484250e-02 -5.10821008 -4.45177668 -3.96005260 -3.43548033 -2.87194196 
4.64158883e-02 -5.10821008 -4.45177668 -3.96005260 -3.43548033 -2.87194196 
3.59381366e-02 -5.10821008 -4.45177668 -3.96005260 -3.43548033 -2.87194196 
2.78255940e-02 -5.10821008 -4.45177668 -3.96005260 -3.43548033 -2.87194196 
2.15443469e-02 -5.10821008 -4.45177668 -3.96005260 -3.43548033 -2.87194196 
1.66810054e-02 -5.10821008 -4.45177668 -3.96005260 -3.43548033 -2.87194196 
1.29154967e-02 -5.10821008 -4.45177668 -3.96005260 -3.43548033 -2.87194196 
1.00000000e-02 -5.10821008 -4.45177668 -3.96005260 -3.43548033 -2.87194196 
7.74263683e-03 -5.10821008 -4.45177668 -3.96005260 -3.43548033 -2.87194196 
5.99484250e-03 -5.10821008 -4.45177668 -3.96005260 -3.43548033 -2.87194196 
4.64158883e-03 -5.10821008 -4.45177668 -3.96005260 -3.43548033 -2.87194196 
3.59381366e-03 -5.10821008 -4.45177668 -3.96005260 -3.43548033 -2.87194196 
2.78255940e-03 -5.10821008 -4.45177668 -3.96005260 -3.43548033 -2.87194196 
2.15443469e-03 -5.10821008 -4.45177668 -3.96005260 -3.43548033 -2.87194196 
1.66810054e-03 -5.10821008 -4.45177668 -3.96005260 -3.43548033 -2.87194196 
1.29154967e-03 -5.10821008 -4.45177668 -3.96005260 -3.43548033 -2.87194196 
1.00000000e-03 -5.10821008 -4.45177668 -3.96005260 -3.43548033 -2.87194196 
7.74263683e-04 -5.10821008 -4.45177668 -3.96005260 -3.43548033 -2.87194196 
5.99484250e-04 -5.10821008 -4.45177668 -3.96005260 -3.43548033 -2.87194196 
4.64158883e-04 -5.10821008 -4.45177668 -3.96005260 -3.43548033 -2.87194196 
3.59381366e-04 -5.10821008 -4.45177668 -3.96005260 -3.43548033 -2.87194196 
2.78255940e-04 -5.10821008 -4.45177668 -3.96005260 -3.43548033 -2.87194196 
2.15443469e-04 -5.10821008 -4.45177668 -3.96005260 -3.43548033 -2.87194196 
1.66810054e-04 -5.10821008 -4.45177668 -3.96005260 -3.43548033 -2.87194196 
1.29154967e-04 -5.10821008 -4.45177668 -3.96005260 -3.43548033 -2.87194196 
1.00000000e-04 -5.10821008 -4.45177668 -3.96005260 -3.43548033 -2.87194196 
7.74263683e-05 -5.10821008 -4.45177668 -3.96005260 -3.43548033 -2.87194196 
5.99484250e-05 -5.10821008 -4.45177668 -3.96005260 -3.43548033 -2.87194196 
4.64158883e-05 -5.10821008 -4.45177668 -3.96005260 -3.43548033 -2.87194196 
3.59381366e-05 -5.10821008 -4.45177668 -3.96005260 -3.43548033 -2.87194196 
2.78255940e-05 -5.10821008 -4.45177668 -3.96005260 -3.43548033 -2.87194196 
2.15443469e-05 -5.10821008 -4.45177668 -3.96005260 -3.43548033 -2.87194196 
1.66810054e-05 -5.10821008 -4.45177668 -3.96005260 -3.43548033 -2.87194196 
1.29154967e-05 -5.10821008 -4.45177668 -3.96005260 -3.43548033 -2.87194196 
1.00000000e-05 -5.10821008 -4.45177668 -3.96005260 -3.43548033 -2.87194196 
7.74263683e-06 -5.10821008 -4.45177668 -3.96005260 -3.43548033 -2.87194196 
5.99484250e-06 -5.10821008 -4.45177668 -3.96005260 -3.43548033 -2.87194196 
4.64158883e-06 -5.10821008 -4.45177668 -3.96005260 -3.43548033 -2.87194196 
3.59381366e-06 -5.10821008 -4.45177668 -3.96005260 -3.43548033 -2.87194196 
2.78255940e-06 -5.10821008 -4.45177668 -3.96005260 -3.43548033 -2.87194196 
2.15443469e-06 -5.10821008 -4.45177668 -3.96005260 -3.43548033 -2.87194196 
1.66810054e-06 -5.10821008 -4.45177668 -3.96005260 -3.43548033 -2.87194196 
1.29154967e-06 -5.10821008 -4.45177668 -3.96005260 -3.43548033 -2.87194196 
1.00000000e-06 -5.10821008 -4.45177668 -3.96005260 -3.43548033 -2.87194196 
7.74263683e-07 -5.10821008 -4.45177668 -3.96005260 -3.43548033 -2.87194196 
5.99484250e-07 -5.10821008 -4.45177668 -3.96005260 -3.43548033 -2.87194196 
4.64158883e-07 -5.10821008 -4.45177668 -3.96005260 -3.43548033 -2.87194196 
3.59381366e-07 -5.10821008 -4.45177668 -3.96005260 -3.43548033 -2.87194196 
2.78255940e-07 -5.10821008 -4.45177668 -3.96005260 -3.43548033 -2.87194196 
2.15443469e-07 -5.10821008 -4.45177668 -3.96005260 -3.43548033 -2.87194196 
1.66810054e-07 -5.10821008 -4.45177668 -3.96005260 -3.43548033 -2.87194196 
1.29154967e-07 -5.10821008 -4.45177668 -3.96005260 -3.43548033 -2.87194196 
1.00000000e-07 -5.10821008 -4.45177668 -3.96005260 -3.43548033 -2.87194196 
7.74263683e-08 -5.10821008 -4.45177668 -3.96005260 -3.43548033 -2.87194196 
5.99484250e-08 -5.10821008 -4.45177668 -3.96005260 -3.43548033 -2.87194196 
4.64158883e-08 -5.10821008 -4.45177668 -3.96005260 -3.43548033 -2.87194196 
3.59381366e-08 -5.10821008 -4.45177668 -3.96005260 -3.43548033 -2.87194196 
2.78255940e-08 -5.10821008 -4.45177668 -3.96005260 -3.43548033 -2.87194196 
2.15443469e-08 -5.10821008 -4.45177668 -3.96005260 -3.43548033 -2.87194196 
1.66810054e-08 -5.10821008 -4.45177668 -3.96005260 -3.43548033 -2.87194196 
1.29154967e-08 -5.10821008 -4.45177668 -3.96005260 -3.43548033 -2.87194196 
1.00000000e-08 -5.10821008 -4.45177668 -3.96005260 -3.43548033 -2.87194196 
7.74263683e-09 -5.10821008 -4.45177668 -3.96005260 -3.43548033 -2.87194196 
5.99484250e-09 -5.10821008 -4.45177668 -3.96005260 -3.43548033 -2.87194196 
4.64158883e-09 -5.10821008 -4.45177668 -3.96005260 -3.43548033 -2.87194196 
3.59381366e-09 -5.10821008 -4.45177668 -3.96005260 -3.43548033 -2.87194196 
2.78255940e-09 -5.10821008 -4.45177668 -3.96005260 -3.43548033 -2.87194196 
2.15443469e-09 -5.10821008 -4.45177668 -3.96005260 -3.43548033 -2.87194196 
1.66810054e-09 -5.10821008 -4.45177668 -3.96005260 -3.43548033 -2.87194196 
1.29154967e-09 -5.10821008 -4.45177668 -3.96005260 -3.43548033 -2.87194196 
1.00000000e-09 -5.10821008 -4.45177668 -3.96005260 -3.43548033 -2.87194196 
7.74263683e-10 -5.10821008 -4.45177668 -3.96005260 -3.43548033 -2.87194196 
5.99484250e-10 -5.10821008 -4.45177668 -3.96005260 -3.43548033 -2.87194196 
4.64158883e-10 -5.10821008 -4.45177668 -3.96005260 -3.43548033 -2.87194196 
3.59381366e-10 -5.10821008 -4.45177668 -3.96005260 -3.43548033 -2.87194196 
2.78255940e-10 -5.10821008 -4.45177668 -3.96005260 -3.43548033 -2.87194196 
2.15443469e-10 -5.10821008 -4.45177668 -3.96005260 -3.43548033 -2.87194196 
1.66810054e-10 -5.10821008 -4.45177668 -3.96005260 -3.43548033 -2.87194196 
1.29154967e-10 -5.10821008 -4.45177668 -3.96005260 -3.43548033 -2.87194196 
1.00000000e-10 -5.10821008 -4.45177668 -3.96005260 -3.43548033 -2.87194196 
P (bar) | log_CH4: -2σ | log_CH4: -1σ | log_CH4: median | log_CH4: +1σ | log_CH4: +2σ 
1.00000000e+01 -5.20527600 -4.92885803 -4.64820701 -4.36664407 -4.14350954 
7.74263683e+00 -5.20527600 -4.92885803 -4.64820701 -4.36664407 -4.14350954 
5.99484250e+00 -5.20527600 -4.92885803 -4.64820701 -4.36664407 -4.14350954 
4.64158883e+00 -5.20527600 -4.92885803 -4.64820701 -4.36664407 -4.14350954 
3.59381366e+00 -5.20527600 -4.92885803 -4.64820701 -4.36664407 -4.14350954 
2.78255940e+00 -5.20527600 -4.92885803 -4.64820701 -4.36664407 -4.14350954 
2.15443469e+00 -5.20527600 -4.92885803 -4.64820701 -4.36664407 -4.14350954 
1.66810054e+00 -5.20527600 -4.92885803 -4.64820701 -4.36664407 -4.14350954 
1.29154967e+00 -5.20527600 -4.92885803 -4.64820701 -4.36664407 -4.14350954 
1.00000000e+00 -5.20527600 -4.92885803 -4.64820701 -4.36664407 -4.14350954 
7.74263683e-01 -5.20527600 -4.92885803 -4.64820701 -4.36664407 -4.14350954 
5.99484250e-01 -5.20527600 -4.92885803 -4.64820701 -4.36664407 -4.14350954 
4.64158883e-01 -5.20527600 -4.92885803 -4.64820701 -4.36664407 -4.14350954 
3.59381366e-01 -5.20527600 -4.92885803 -4.64820701 -4.36664407 -4.14350954 
2.78255940e-01 -5.20527600 -4.92885803 -4.64820701 -4.36664407 -4.14350954 
2.15443469e-01 -5.20527600 -4.92885803 -4.64820701 -4.36664407 -4.14350954 
1.66810054e-01 -5.20527600 -4.92885803 -4.64820701 -4.36664407 -4.14350954 
1.29154967e-01 -5.20527600 -4.92885803 -4.64820701 -4.36664407 -4.14350954 
1.00000000e-01 -5.20527600 -4.92885803 -4.64820701 -4.36664407 -4.14350954 
7.74263683e-02 -5.20527600 -4.92885803 -4.64820701 -4.36664407 -4.14350954 
5.99484250e-02 -5.20527600 -4.92885803 -4.64820701 -4.36664407 -4.14350954 
4.64158883e-02 -5.20527600 -4.92885803 -4.64820701 -4.36664407 -4.14350954 
3.59381366e-02 -5.20527600 -4.92885803 -4.64820701 -4.36664407 -4.14350954 
2.78255940e-02 -5.20527600 -4.92885803 -4.64820701 -4.36664407 -4.14350954 
2.15443469e-02 -5.20527600 -4.92885803 -4.64820701 -4.36664407 -4.14350954 
1.66810054e-02 -5.20527600 -4.92885803 -4.64820701 -4.36664407 -4.14350954 
1.29154967e-02 -5.20527600 -4.92885803 -4.64820701 -4.36664407 -4.14350954 
1.00000000e-02 -5.20527600 -4.92885803 -4.64820701 -4.36664407 -4.14350954 
7.74263683e-03 -5.20527600 -4.92885803 -4.64820701 -4.36664407 -4.14350954 
5.99484250e-03 -5.20527600 -4.92885803 -4.64820701 -4.36664407 -4.14350954 
4.64158883e-03 -5.20527600 -4.92885803 -4.64820701 -4.36664407 -4.14350954 
3.59381366e-03 -5.20527600 -4.92885803 -4.64820701 -4.36664407 -4.14350954 
2.78255940e-03 -5.20527600 -4.92885803 -4.64820701 -4.36664407 -4.14350954 
2.15443469e-03 -5.20527600 -4.92885803 -4.64820701 -4.36664407 -4.14350954 
1.66810054e-03 -5.20527600 -4.92885803 -4.64820701 -4.36664407 -4.14350954 
1.29154967e-03 -5.20527600 -4.92885803 -4.64820701 -4.36664407 -4.14350954 
1.00000000e-03 -5.20527600 -4.92885803 -4.64820701 -4.36664407 -4.14350954 
7.74263683e-04 -5.20527600 -4.92885803 -4.64820701 -4.36664407 -4.14350954 
5.99484250e-04 -5.20527600 -4.92885803 -4.64820701 -4.36664407 -4.14350954 
4.64158883e-04 -5.20527600 -4.92885803 -4.64820701 -4.36664407 -4.14350954 
3.59381366e-04 -5.20527600 -4.92885803 -4.64820701 -4.36664407 -4.14350954 
2.78255940e-04 -5.20527600 -4.92885803 -4.64820701 -4.36664407 -4.14350954 
2.15443469e-04 -5.20527600 -4.92885803 -4.64820701 -4.36664407 -4.14350954 
1.66810054e-04 -5.20527600 -4.92885803 -4.64820701 -4.36664407 -4.14350954 
1.29154967e-04 -5.20527600 -4.92885803 -4.64820701 -4.36664407 -4.14350954 
1.00000000e-04 -5.20527600 -4.92885803 -4.64820701 -4.36664407 -4.14350954 
7.74263683e-05 -5.20527600 -4.92885803 -4.64820701 -4.36664407 -4.14350954 
5.99484250e-05 -5.20527600 -4.92885803 -4.64820701 -4.36664407 -4.14350954 
4.64158883e-05 -5.20527600 -4.92885803 -4.64820701 -4.36664407 -4.14350954 
3.59381366e-05 -5.20527600 -4.92885803 -4.64820701 -4.36664407 -4.14350954 
2.78255940e-05 -5.20527600 -4.92885803 -4.64820701 -4.36664407 -4.14350954 
2.15443469e-05 -5.20527600 -4.92885803 -4.64820701 -4.36664407 -4.14350954 
1.66810054e-05 -5.20527600 -4.92885803 -4.64820701 -4.36664407 -4.14350954 
1.29154967e-05 -5.20527600 -4.92885803 -4.64820701 -4.36664407 -4.14350954 
1.00000000e-05 -5.20527600 -4.92885803 -4.64820701 -4.36664407 -4.14350954 
7.74263683e-06 -5.20527600 -4.92885803 -4.64820701 -4.36664407 -4.14350954 
5.99484250e-06 -5.20527600 -4.92885803 -4.64820701 -4.36664407 -4.14350954 
4.64158883e-06 -5.20527600 -4.92885803 -4.64820701 -4.36664407 -4.14350954 
3.59381366e-06 -5.20527600 -4.92885803 -4.64820701 -4.36664407 -4.14350954 
2.78255940e-06 -5.20527600 -4.92885803 -4.64820701 -4.36664407 -4.14350954 
2.15443469e-06 -5.20527600 -4.92885803 -4.64820701 -4.36664407 -4.14350954 
1.66810054e-06 -5.20527600 -4.92885803 -4.64820701 -4.36664407 -4.14350954 
1.29154967e-06 -5.20527600 -4.92885803 -4.64820701 -4.36664407 -4.14350954 
1.00000000e-06 -5.20527600 -4.92885803 -4.64820701 -4.36664407 -4.14350954 
7.74263683e-07 -5.20527600 -4.92885803 -4.64820701 -4.36664407 -4.14350954 
5.99484250e-07 -5.20527600 -4.92885803 -4.64820701 -4.36664407 -4.14350954 
4.64158883e-07 -5.20527600 -4.92885803 -4.64820701 -4.36664407 -4.14350954 
3.59381366e-07 -5.20527600 -4.92885803 -4.64820701 -4.36664407 -4.14350954 
2.78255940e-07 -5.20527600 -4.92885803 -4.64820701 -4.36664407 -4.14350954 
2.15443469e-07 -5.20527600 -4.92885803 -4.64820701 -4.36664407 -4.14350954 
1.66810054e-07 -5.20527600 -4.92885803 -4.64820701 -4.36664407 -4.14350954 
1.29154967e-07 -5.20527600 -4.92885803 -4.64820701 -4.36664407 -4.14350954 
1.00000000e-07 -5.20527600 -4.92885803 -4.64820701 -4.36664407 -4.14350954 
7.74263683e-08 -5.20527600 -4.92885803 -4.64820701 -4.36664407 -4.14350954 
5.99484250e-08 -5.20527600 -4.92885803 -4.64820701 -4.36664407 -4.14350954 
4.64158883e-08 -5.20527600 -4.92885803 -4.64820701 -4.36664407 -4.14350954 
3.59381366e-08 -5.20527600 -4.92885803 -4.64820701 -4.36664407 -4.14350954 
2.78255940e-08 -5.20527600 -4.92885803 -4.64820701 -4.36664407 -4.14350954 
2.15443469e-08 -5.20527600 -4.92885803 -4.64820701 -4.36664407 -4.14350954 
1.66810054e-08 -5.20527600 -4.92885803 -4.64820701 -4.36664407 -4.14350954 
1.29154967e-08 -5.20527600 -4.92885803 -4.64820701 -4.36664407 -4.14350954 
1.00000000e-08 -5.20527600 -4.92885803 -4.64820701 -4.36664407 -4.14350954 
7.74263683e-09 -5.20527600 -4.92885803 -4.64820701 -4.36664407 -4.14350954 
5.99484250e-09 -5.20527600 -4.92885803 -4.64820701 -4.36664407 -4.14350954 
4.64158883e-09 -5.20527600 -4.92885803 -4.64820701 -4.36664407 -4.14350954 
3.59381366e-09 -5.20527600 -4.92885803 -4.64820701 -4.36664407 -4.14350954 
2.78255940e-09 -5.20527600 -4.92885803 -4.64820701 -4.36664407 -4.14350954 
2.15443469e-09 -5.20527600 -4.92885803 -4.64820701 -4.36664407 -4.14350954 
1.66810054e-09 -5.20527600 -4.92885803 -4.64820701 -4.36664407 -4.14350954 
1.29154967e-09 -5.20527600 -4.92885803 -4.64820701 -4.36664407 -4.14350954 
1.00000000e-09 -5.20527600 -4.92885803 -4.64820701 -4.36664407 -4.14350954 
7.74263683e-10 -5.20527600 -4.92885803 -4.64820701 -4.36664407 -4.14350954 
5.99484250e-10 -5.20527600 -4.92885803 -4.64820701 -4.36664407 -4.14350954 
4.64158883e-10 -5.20527600 -4.92885803 -4.64820701 -4.36664407 -4.14350954 
3.59381366e-10 -5.20527600 -4.92885803 -4.64820701 -4.36664407 -4.14350954 
2.78255940e-10 -5.20527600 -4.92885803 -4.64820701 -4.36664407 -4.14350954 
2.15443469e-10 -5.20527600 -4.92885803 -4.64820701 -4.36664407 -4.14350954 
1.66810054e-10 -5.20527600 -4.92885803 -4.64820701 -4.36664407 -4.14350954 
1.29154967e-10 -5.20527600 -4.92885803 -4.64820701 -4.36664407 -4.14350954 
1.00000000e-10 -5.20527600 -4.92885803 -4.64820701 -4.36664407 -4.14350954 
P (bar) | log_O2: -2σ | log_O2: -1σ | log_O2: median | log_O2: +1σ | log_O2: +2σ 
1.00000000e+01 -9.16522228 -5.04328442 -1.54009068 -1.12567486 -1.01326911 
7.74263683e+00 -9.16522228 -5.04328442 -1.54009068 -1.12567486 -1.01326911 
5.99484250e+00 -9.16522228 -5.04328442 -1.54009068 -1.12567486 -1.01326911 
4.64158883e+00 -9.16522228 -5.04328442 -1.54009068 -1.12567486 -1.01326911 
3.59381366e+00 -9.16522228 -5.04328442 -1.54009068 -1.12567486 -1.01326911 
2.78255940e+00 -9.16522228 -5.04328442 -1.54009068 -1.12567486 -1.01326911 
2.15443469e+00 -9.16522228 -5.04328442 -1.54009068 -1.12567486 -1.01326911 
1.66810054e+00 -9.16522228 -5.04328442 -1.54009068 -1.12567486 -1.01326911 
1.29154967e+00 -9.16522228 -5.04328442 -1.54009068 -1.12567486 -1.01326911 
1.00000000e+00 -9.16522228 -5.04328442 -1.54009068 -1.12567486 -1.01326911 
7.74263683e-01 -9.16522228 -5.04328442 -1.54009068 -1.12567486 -1.01326911 
5.99484250e-01 -9.16522228 -5.04328442 -1.54009068 -1.12567486 -1.01326911 
4.64158883e-01 -9.16522228 -5.04328442 -1.54009068 -1.12567486 -1.01326911 
3.59381366e-01 -9.16522228 -5.04328442 -1.54009068 -1.12567486 -1.01326911 
2.78255940e-01 -9.16522228 -5.04328442 -1.54009068 -1.12567486 -1.01326911 
2.15443469e-01 -9.16522228 -5.04328442 -1.54009068 -1.12567486 -1.01326911 
1.66810054e-01 -9.16522228 -5.04328442 -1.54009068 -1.12567486 -1.01326911 
1.29154967e-01 -9.16522228 -5.04328442 -1.54009068 -1.12567486 -1.01326911 
1.00000000e-01 -9.16522228 -5.04328442 -1.54009068 -1.12567486 -1.01326911 
7.74263683e-02 -9.16522228 -5.04328442 -1.54009068 -1.12567486 -1.01326911 
5.99484250e-02 -9.16522228 -5.04328442 -1.54009068 -1.12567486 -1.01326911 
4.64158883e-02 -9.16522228 -5.04328442 -1.54009068 -1.12567486 -1.01326911 
3.59381366e-02 -9.16522228 -5.04328442 -1.54009068 -1.12567486 -1.01326911 
2.78255940e-02 -9.16522228 -5.04328442 -1.54009068 -1.12567486 -1.01326911 
2.15443469e-02 -9.16522228 -5.04328442 -1.54009068 -1.12567486 -1.01326911 
1.66810054e-02 -9.16522228 -5.04328442 -1.54009068 -1.12567486 -1.01326911 
1.29154967e-02 -9.16522228 -5.04328442 -1.54009068 -1.12567486 -1.01326911 
1.00000000e-02 -9.16522228 -5.04328442 -1.54009068 -1.12567486 -1.01326911 
7.74263683e-03 -9.16522228 -5.04328442 -1.54009068 -1.12567486 -1.01326911 
5.99484250e-03 -9.16522228 -5.04328442 -1.54009068 -1.12567486 -1.01326911 
4.64158883e-03 -9.16522228 -5.04328442 -1.54009068 -1.12567486 -1.01326911 
3.59381366e-03 -9.16522228 -5.04328442 -1.54009068 -1.12567486 -1.01326911 
2.78255940e-03 -9.16522228 -5.04328442 -1.54009068 -1.12567486 -1.01326911 
2.15443469e-03 -9.16522228 -5.04328442 -1.54009068 -1.12567486 -1.01326911 
1.66810054e-03 -9.16522228 -5.04328442 -1.54009068 -1.12567486 -1.01326911 
1.29154967e-03 -9.16522228 -5.04328442 -1.54009068 -1.12567486 -1.01326911 
1.00000000e-03 -9.16522228 -5.04328442 -1.54009068 -1.12567486 -1.01326911 
7.74263683e-04 -9.16522228 -5.04328442 -1.54009068 -1.12567486 -1.01326911 
5.99484250e-04 -9.16522228 -5.04328442 -1.54009068 -1.12567486 -1.01326911 
4.64158883e-04 -9.16522228 -5.04328442 -1.54009068 -1.12567486 -1.01326911 
3.59381366e-04 -9.16522228 -5.04328442 -1.54009068 -1.12567486 -1.01326911 
2.78255940e-04 -9.16522228 -5.04328442 -1.54009068 -1.12567486 -1.01326911 
2.15443469e-04 -9.16522228 -5.04328442 -1.54009068 -1.12567486 -1.01326911 
1.66810054e-04 -9.16522228 -5.04328442 -1.54009068 -1.12567486 -1.01326911 
1.29154967e-04 -9.16522228 -5.04328442 -1.54009068 -1.12567486 -1.01326911 
1.00000000e-04 -9.16522228 -5.04328442 -1.54009068 -1.12567486 -1.01326911 
7.74263683e-05 -9.16522228 -5.04328442 -1.54009068 -1.12567486 -1.01326911 
5.99484250e-05 -9.16522228 -5.04328442 -1.54009068 -1.12567486 -1.01326911 
4.64158883e-05 -9.16522228 -5.04328442 -1.54009068 -1.12567486 -1.01326911 
3.59381366e-05 -9.16522228 -5.04328442 -1.54009068 -1.12567486 -1.01326911 
2.78255940e-05 -9.16522228 -5.04328442 -1.54009068 -1.12567486 -1.01326911 
2.15443469e-05 -9.16522228 -5.04328442 -1.54009068 -1.12567486 -1.01326911 
1.66810054e-05 -9.16522228 -5.04328442 -1.54009068 -1.12567486 -1.01326911 
1.29154967e-05 -9.16522228 -5.04328442 -1.54009068 -1.12567486 -1.01326911 
1.00000000e-05 -9.16522228 -5.04328442 -1.54009068 -1.12567486 -1.01326911 
7.74263683e-06 -9.16522228 -5.04328442 -1.54009068 -1.12567486 -1.01326911 
5.99484250e-06 -9.16522228 -5.04328442 -1.54009068 -1.12567486 -1.01326911 
4.64158883e-06 -9.16522228 -5.04328442 -1.54009068 -1.12567486 -1.01326911 
3.59381366e-06 -9.16522228 -5.04328442 -1.54009068 -1.12567486 -1.01326911 
2.78255940e-06 -9.16522228 -5.04328442 -1.54009068 -1.12567486 -1.01326911 
2.15443469e-06 -9.16522228 -5.04328442 -1.54009068 -1.12567486 -1.01326911 
1.66810054e-06 -9.16522228 -5.04328442 -1.54009068 -1.12567486 -1.01326911 
1.29154967e-06 -9.16522228 -5.04328442 -1.54009068 -1.12567486 -1.01326911 
1.00000000e-06 -9.16522228 -5.04328442 -1.54009068 -1.12567486 -1.01326911 
7.74263683e-07 -9.16522228 -5.04328442 -1.54009068 -1.12567486 -1.01326911 
5.99484250e-07 -9.16522228 -5.04328442 -1.54009068 -1.12567486 -1.01326911 
4.64158883e-07 -9.16522228 -5.04328442 -1.54009068 -1.12567486 -1.01326911 
3.59381366e-07 -9.16522228 -5.04328442 -1.54009068 -1.12567486 -1.01326911 
2.78255940e-07 -9.16522228 -5.04328442 -1.54009068 -1.12567486 -1.01326911 
2.15443469e-07 -9.16522228 -5.04328442 -1.54009068 -1.12567486 -1.01326911 
1.66810054e-07 -9.16522228 -5.04328442 -1.54009068 -1.12567486 -1.01326911 
1.29154967e-07 -9.16522228 -5.04328442 -1.54009068 -1.12567486 -1.01326911 
1.00000000e-07 -9.16522228 -5.04328442 -1.54009068 -1.12567486 -1.01326911 
7.74263683e-08 -9.16522228 -5.04328442 -1.54009068 -1.12567486 -1.01326911 
5.99484250e-08 -9.16522228 -5.04328442 -1.54009068 -1.12567486 -1.01326911 
4.64158883e-08 -9.16522228 -5.04328442 -1.54009068 -1.12567486 -1.01326911 
3.59381366e-08 -9.16522228 -5.04328442 -1.54009068 -1.12567486 -1.01326911 
2.78255940e-08 -9.16522228 -5.04328442 -1.54009068 -1.12567486 -1.01326911 
2.15443469e-08 -9.16522228 -5.04328442 -1.54009068 -1.12567486 -1.01326911 
1.66810054e-08 -9.16522228 -5.04328442 -1.54009068 -1.12567486 -1.01326911 
1.29154967e-08 -9.16522228 -5.04328442 -1.54009068 -1.12567486 -1.01326911 
1.00000000e-08 -9.16522228 -5.04328442 -1.54009068 -1.12567486 -1.01326911 
7.74263683e-09 -9.16522228 -5.04328442 -1.54009068 -1.12567486 -1.01326911 
5.99484250e-09 -9.16522228 -5.04328442 -1.54009068 -1.12567486 -1.01326911 
4.64158883e-09 -9.16522228 -5.04328442 -1.54009068 -1.12567486 -1.01326911 
3.59381366e-09 -9.16522228 -5.04328442 -1.54009068 -1.12567486 -1.01326911 
2.78255940e-09 -9.16522228 -5.04328442 -1.54009068 -1.12567486 -1.01326911 
2.15443469e-09 -9.16522228 -5.04328442 -1.54009068 -1.12567486 -1.01326911 
1.66810054e-09 -9.16522228 -5.04328442 -1.54009068 -1.12567486 -1.01326911 
1.29154967e-09 -9.16522228 -5.04328442 -1.54009068 -1.12567486 -1.01326911 
1.00000000e-09 -9.16522228 -5.04328442 -1.54009068 -1.12567486 -1.01326911 
7.74263683e-10 -9.16522228 -5.04328442 -1.54009068 -1.12567486 -1.01326911 
5.99484250e-10 -9.16522228 -5.04328442 -1.54009068 -1.12567486 -1.01326911 
4.64158883e-10 -9.16522228 -5.04328442 -1.54009068 -1.12567486 -1.01326911 
3.59381366e-10 -9.16522228 -5.04328442 -1.54009068 -1.12567486 -1.01326911 
2.78255940e-10 -9.16522228 -5.04328442 -1.54009068 -1.12567486 -1.01326911 
2.15443469e-10 -9.16522228 -5.04328442 -1.54009068 -1.12567486 -1.01326911 
1.66810054e-10 -9.16522228 -5.04328442 -1.54009068 -1.12567486 -1.01326911 
1.29154967e-10 -9.16522228 -5.04328442 -1.54009068 -1.12567486 -1.01326911 
1.00000000e-10 -9.16522228 -5.04328442 -1.54009068 -1.12567486 -1.01326911 
P (bar) | log_O3: -2σ | log_O3: -1σ | log_O3: median | log_O3: +1σ | log_O3: +2σ 
1.00000000e+01 -9.91527829 -9.47017347 -8.43198329 -7.09005737 -6.10607335 
7.74263683e+00 -9.91527829 -9.47017347 -8.43198329 -7.09005737 -6.10607335 
5.99484250e+00 -9.91527829 -9.47017347 -8.43198329 -7.09005737 -6.10607335 
4.64158883e+00 -9.91527829 -9.47017347 -8.43198329 -7.09005737 -6.10607335 
3.59381366e+00 -9.91527829 -9.47017347 -8.43198329 -7.09005737 -6.10607335 
2.78255940e+00 -9.91527829 -9.47017347 -8.43198329 -7.09005737 -6.10607335 
2.15443469e+00 -9.91527829 -9.47017347 -8.43198329 -7.09005737 -6.10607335 
1.66810054e+00 -9.91527829 -9.47017347 -8.43198329 -7.09005737 -6.10607335 
1.29154967e+00 -9.91527829 -9.47017347 -8.43198329 -7.09005737 -6.10607335 
1.00000000e+00 -9.91527829 -9.47017347 -8.43198329 -7.09005737 -6.10607335 
7.74263683e-01 -9.91527829 -9.47017347 -8.43198329 -7.09005737 -6.10607335 
5.99484250e-01 -9.91527829 -9.47017347 -8.43198329 -7.09005737 -6.10607335 
4.64158883e-01 -9.91527829 -9.47017347 -8.43198329 -7.09005737 -6.10607335 
3.59381366e-01 -9.91527829 -9.47017347 -8.43198329 -7.09005737 -6.10607335 
2.78255940e-01 -9.91527829 -9.47017347 -8.43198329 -7.09005737 -6.10607335 
2.15443469e-01 -9.91527829 -9.47017347 -8.43198329 -7.09005737 -6.10607335 
1.66810054e-01 -9.91527829 -9.47017347 -8.43198329 -7.09005737 -6.10607335 
1.29154967e-01 -9.91527829 -9.47017347 -8.43198329 -7.09005737 -6.10607335 
1.00000000e-01 -9.91527829 -9.47017347 -8.43198329 -7.09005737 -6.10607335 
7.74263683e-02 -9.91527829 -9.47017347 -8.43198329 -7.09005737 -6.10607335 
5.99484250e-02 -9.91527829 -9.47017347 -8.43198329 -7.09005737 -6.10607335 
4.64158883e-02 -9.91527829 -9.47017347 -8.43198329 -7.09005737 -6.10607335 
3.59381366e-02 -9.91527829 -9.47017347 -8.43198329 -7.09005737 -6.10607335 
2.78255940e-02 -9.91527829 -9.47017347 -8.43198329 -7.09005737 -6.10607335 
2.15443469e-02 -9.91527829 -9.47017347 -8.43198329 -7.09005737 -6.10607335 
1.66810054e-02 -9.91527829 -9.47017347 -8.43198329 -7.09005737 -6.10607335 
1.29154967e-02 -9.91527829 -9.47017347 -8.43198329 -7.09005737 -6.10607335 
1.00000000e-02 -9.91527829 -9.47017347 -8.43198329 -7.09005737 -6.10607335 
7.74263683e-03 -9.91527829 -9.47017347 -8.43198329 -7.09005737 -6.10607335 
5.99484250e-03 -9.91527829 -9.47017347 -8.43198329 -7.09005737 -6.10607335 
4.64158883e-03 -9.91527829 -9.47017347 -8.43198329 -7.09005737 -6.10607335 
3.59381366e-03 -9.91527829 -9.47017347 -8.43198329 -7.09005737 -6.10607335 
2.78255940e-03 -9.91527829 -9.47017347 -8.43198329 -7.09005737 -6.10607335 
2.15443469e-03 -9.91527829 -9.47017347 -8.43198329 -7.09005737 -6.10607335 
1.66810054e-03 -9.91527829 -9.47017347 -8.43198329 -7.09005737 -6.10607335 
1.29154967e-03 -9.91527829 -9.47017347 -8.43198329 -7.09005737 -6.10607335 
1.00000000e-03 -9.91527829 -9.47017347 -8.43198329 -7.09005737 -6.10607335 
7.74263683e-04 -9.91527829 -9.47017347 -8.43198329 -7.09005737 -6.10607335 
5.99484250e-04 -9.91527829 -9.47017347 -8.43198329 -7.09005737 -6.10607335 
4.64158883e-04 -9.91527829 -9.47017347 -8.43198329 -7.09005737 -6.10607335 
3.59381366e-04 -9.91527829 -9.47017347 -8.43198329 -7.09005737 -6.10607335 
2.78255940e-04 -9.91527829 -9.47017347 -8.43198329 -7.09005737 -6.10607335 
2.15443469e-04 -9.91527829 -9.47017347 -8.43198329 -7.09005737 -6.10607335 
1.66810054e-04 -9.91527829 -9.47017347 -8.43198329 -7.09005737 -6.10607335 
1.29154967e-04 -9.91527829 -9.47017347 -8.43198329 -7.09005737 -6.10607335 
1.00000000e-04 -9.91527829 -9.47017347 -8.43198329 -7.09005737 -6.10607335 
7.74263683e-05 -9.91527829 -9.47017347 -8.43198329 -7.09005737 -6.10607335 
5.99484250e-05 -9.91527829 -9.47017347 -8.43198329 -7.09005737 -6.10607335 
4.64158883e-05 -9.91527829 -9.47017347 -8.43198329 -7.09005737 -6.10607335 
3.59381366e-05 -9.91527829 -9.47017347 -8.43198329 -7.09005737 -6.10607335 
2.78255940e-05 -9.91527829 -9.47017347 -8.43198329 -7.09005737 -6.10607335 
2.15443469e-05 -9.91527829 -9.47017347 -8.43198329 -7.09005737 -6.10607335 
1.66810054e-05 -9.91527829 -9.47017347 -8.43198329 -7.09005737 -6.10607335 
1.29154967e-05 -9.91527829 -9.47017347 -8.43198329 -7.09005737 -6.10607335 
1.00000000e-05 -9.91527829 -9.47017347 -8.43198329 -7.09005737 -6.10607335 
7.74263683e-06 -9.91527829 -9.47017347 -8.43198329 -7.09005737 -6.10607335 
5.99484250e-06 -9.91527829 -9.47017347 -8.43198329 -7.09005737 -6.10607335 
4.64158883e-06 -9.91527829 -9.47017347 -8.43198329 -7.09005737 -6.10607335 
3.59381366e-06 -9.91527829 -9.47017347 -8.43198329 -7.09005737 -6.10607335 
2.78255940e-06 -9.91527829 -9.47017347 -8.43198329 -7.09005737 -6.10607335 
2.15443469e-06 -9.91527829 -9.47017347 -8.43198329 -7.09005737 -6.10607335 
1.66810054e-06 -9.91527829 -9.47017347 -8.43198329 -7.09005737 -6.10607335 
1.29154967e-06 -9.91527829 -9.47017347 -8.43198329 -7.09005737 -6.10607335 
1.00000000e-06 -9.91527829 -9.47017347 -8.43198329 -7.09005737 -6.10607335 
7.74263683e-07 -9.91527829 -9.47017347 -8.43198329 -7.09005737 -6.10607335 
5.99484250e-07 -9.91527829 -9.47017347 -8.43198329 -7.09005737 -6.10607335 
4.64158883e-07 -9.91527829 -9.47017347 -8.43198329 -7.09005737 -6.10607335 
3.59381366e-07 -9.91527829 -9.47017347 -8.43198329 -7.09005737 -6.10607335 
2.78255940e-07 -9.91527829 -9.47017347 -8.43198329 -7.09005737 -6.10607335 
2.15443469e-07 -9.91527829 -9.47017347 -8.43198329 -7.09005737 -6.10607335 
1.66810054e-07 -9.91527829 -9.47017347 -8.43198329 -7.09005737 -6.10607335 
1.29154967e-07 -9.91527829 -9.47017347 -8.43198329 -7.09005737 -6.10607335 
1.00000000e-07 -9.91527829 -9.47017347 -8.43198329 -7.09005737 -6.10607335 
7.74263683e-08 -9.91527829 -9.47017347 -8.43198329 -7.09005737 -6.10607335 
5.99484250e-08 -9.91527829 -9.47017347 -8.43198329 -7.09005737 -6.10607335 
4.64158883e-08 -9.91527829 -9.47017347 -8.43198329 -7.09005737 -6.10607335 
3.59381366e-08 -9.91527829 -9.47017347 -8.43198329 -7.09005737 -6.10607335 
2.78255940e-08 -9.91527829 -9.47017347 -8.43198329 -7.09005737 -6.10607335 
2.15443469e-08 -9.91527829 -9.47017347 -8.43198329 -7.09005737 -6.10607335 
1.66810054e-08 -9.91527829 -9.47017347 -8.43198329 -7.09005737 -6.10607335 
1.29154967e-08 -9.91527829 -9.47017347 -8.43198329 -7.09005737 -6.10607335 
1.00000000e-08 -9.91527829 -9.47017347 -8.43198329 -7.09005737 -6.10607335 
7.74263683e-09 -9.91527829 -9.47017347 -8.43198329 -7.09005737 -6.10607335 
5.99484250e-09 -9.91527829 -9.47017347 -8.43198329 -7.09005737 -6.10607335 
4.64158883e-09 -9.91527829 -9.47017347 -8.43198329 -7.09005737 -6.10607335 
3.59381366e-09 -9.91527829 -9.47017347 -8.43198329 -7.09005737 -6.10607335 
2.78255940e-09 -9.91527829 -9.47017347 -8.43198329 -7.09005737 -6.10607335 
2.15443469e-09 -9.91527829 -9.47017347 -8.43198329 -7.09005737 -6.10607335 
1.66810054e-09 -9.91527829 -9.47017347 -8.43198329 -7.09005737 -6.10607335 
1.29154967e-09 -9.91527829 -9.47017347 -8.43198329 -7.09005737 -6.10607335 
1.00000000e-09 -9.91527829 -9.47017347 -8.43198329 -7.09005737 -6.10607335 
7.74263683e-10 -9.91527829 -9.47017347 -8.43198329 -7.09005737 -6.10607335 
5.99484250e-10 -9.91527829 -9.47017347 -8.43198329 -7.09005737 -6.10607335 
4.64158883e-10 -9.91527829 -9.47017347 -8.43198329 -7.09005737 -6.10607335 
3.59381366e-10 -9.91527829 -9.47017347 -8.43198329 -7.09005737 -6.10607335 
2.78255940e-10 -9.91527829 -9.47017347 -8.43198329 -7.09005737 -6.10607335 
2.15443469e-10 -9.91527829 -9.47017347 -8.43198329 -7.09005737 -6.10607335 
1.66810054e-10 -9.91527829 -9.47017347 -8.43198329 -7.09005737 -6.10607335 
1.29154967e-10 -9.91527829 -9.47017347 -8.43198329 -7.09005737 -6.10607335 
1.00000000e-10 -9.91527829 -9.47017347 -8.43198329 -7.09005737 -6.10607335 
P (bar) | log_N2O: -2σ | log_N2O: -1σ | log_N2O: median | log_N2O: +1σ | log_N2O: +2σ 
1.00000000e+01 -9.93392762 -9.27177416 -7.87927788 -6.63117091 -5.74557067 
7.74263683e+00 -9.93392762 -9.27177416 -7.87927788 -6.63117091 -5.74557067 
5.99484250e+00 -9.93392762 -9.27177416 -7.87927788 -6.63117091 -5.74557067 
4.64158883e+00 -9.93392762 -9.27177416 -7.87927788 -6.63117091 -5.74557067 
3.59381366e+00 -9.93392762 -9.27177416 -7.87927788 -6.63117091 -5.74557067 
2.78255940e+00 -9.93392762 -9.27177416 -7.87927788 -6.63117091 -5.74557067 
2.15443469e+00 -9.93392762 -9.27177416 -7.87927788 -6.63117091 -5.74557067 
1.66810054e+00 -9.93392762 -9.27177416 -7.87927788 -6.63117091 -5.74557067 
1.29154967e+00 -9.93392762 -9.27177416 -7.87927788 -6.63117091 -5.74557067 
1.00000000e+00 -9.93392762 -9.27177416 -7.87927788 -6.63117091 -5.74557067 
7.74263683e-01 -9.93392762 -9.27177416 -7.87927788 -6.63117091 -5.74557067 
5.99484250e-01 -9.93392762 -9.27177416 -7.87927788 -6.63117091 -5.74557067 
4.64158883e-01 -9.93392762 -9.27177416 -7.87927788 -6.63117091 -5.74557067 
3.59381366e-01 -9.93392762 -9.27177416 -7.87927788 -6.63117091 -5.74557067 
2.78255940e-01 -9.93392762 -9.27177416 -7.87927788 -6.63117091 -5.74557067 
2.15443469e-01 -9.93392762 -9.27177416 -7.87927788 -6.63117091 -5.74557067 
1.66810054e-01 -9.93392762 -9.27177416 -7.87927788 -6.63117091 -5.74557067 
1.29154967e-01 -9.93392762 -9.27177416 -7.87927788 -6.63117091 -5.74557067 
1.00000000e-01 -9.93392762 -9.27177416 -7.87927788 -6.63117091 -5.74557067 
7.74263683e-02 -9.93392762 -9.27177416 -7.87927788 -6.63117091 -5.74557067 
5.99484250e-02 -9.93392762 -9.27177416 -7.87927788 -6.63117091 -5.74557067 
4.64158883e-02 -9.93392762 -9.27177416 -7.87927788 -6.63117091 -5.74557067 
3.59381366e-02 -9.93392762 -9.27177416 -7.87927788 -6.63117091 -5.74557067 
2.78255940e-02 -9.93392762 -9.27177416 -7.87927788 -6.63117091 -5.74557067 
2.15443469e-02 -9.93392762 -9.27177416 -7.87927788 -6.63117091 -5.74557067 
1.66810054e-02 -9.93392762 -9.27177416 -7.87927788 -6.63117091 -5.74557067 
1.29154967e-02 -9.93392762 -9.27177416 -7.87927788 -6.63117091 -5.74557067 
1.00000000e-02 -9.93392762 -9.27177416 -7.87927788 -6.63117091 -5.74557067 
7.74263683e-03 -9.93392762 -9.27177416 -7.87927788 -6.63117091 -5.74557067 
5.99484250e-03 -9.93392762 -9.27177416 -7.87927788 -6.63117091 -5.74557067 
4.64158883e-03 -9.93392762 -9.27177416 -7.87927788 -6.63117091 -5.74557067 
3.59381366e-03 -9.93392762 -9.27177416 -7.87927788 -6.63117091 -5.74557067 
2.78255940e-03 -9.93392762 -9.27177416 -7.87927788 -6.63117091 -5.74557067 
2.15443469e-03 -9.93392762 -9.27177416 -7.87927788 -6.63117091 -5.74557067 
1.66810054e-03 -9.93392762 -9.27177416 -7.87927788 -6.63117091 -5.74557067 
1.29154967e-03 -9.93392762 -9.27177416 -7.87927788 -6.63117091 -5.74557067 
1.00000000e-03 -9.93392762 -9.27177416 -7.87927788 -6.63117091 -5.74557067 
7.74263683e-04 -9.93392762 -9.27177416 -7.87927788 -6.63117091 -5.74557067 
5.99484250e-04 -9.93392762 -9.27177416 -7.87927788 -6.63117091 -5.74557067 
4.64158883e-04 -9.93392762 -9.27177416 -7.87927788 -6.63117091 -5.74557067 
3.59381366e-04 -9.93392762 -9.27177416 -7.87927788 -6.63117091 -5.74557067 
2.78255940e-04 -9.93392762 -9.27177416 -7.87927788 -6.63117091 -5.74557067 
2.15443469e-04 -9.93392762 -9.27177416 -7.87927788 -6.63117091 -5.74557067 
1.66810054e-04 -9.93392762 -9.27177416 -7.87927788 -6.63117091 -5.74557067 
1.29154967e-04 -9.93392762 -9.27177416 -7.87927788 -6.63117091 -5.74557067 
1.00000000e-04 -9.93392762 -9.27177416 -7.87927788 -6.63117091 -5.74557067 
7.74263683e-05 -9.93392762 -9.27177416 -7.87927788 -6.63117091 -5.74557067 
5.99484250e-05 -9.93392762 -9.27177416 -7.87927788 -6.63117091 -5.74557067 
4.64158883e-05 -9.93392762 -9.27177416 -7.87927788 -6.63117091 -5.74557067 
3.59381366e-05 -9.93392762 -9.27177416 -7.87927788 -6.63117091 -5.74557067 
2.78255940e-05 -9.93392762 -9.27177416 -7.87927788 -6.63117091 -5.74557067 
2.15443469e-05 -9.93392762 -9.27177416 -7.87927788 -6.63117091 -5.74557067 
1.66810054e-05 -9.93392762 -9.27177416 -7.87927788 -6.63117091 -5.74557067 
1.29154967e-05 -9.93392762 -9.27177416 -7.87927788 -6.63117091 -5.74557067 
1.00000000e-05 -9.93392762 -9.27177416 -7.87927788 -6.63117091 -5.74557067 
7.74263683e-06 -9.93392762 -9.27177416 -7.87927788 -6.63117091 -5.74557067 
5.99484250e-06 -9.93392762 -9.27177416 -7.87927788 -6.63117091 -5.74557067 
4.64158883e-06 -9.93392762 -9.27177416 -7.87927788 -6.63117091 -5.74557067 
3.59381366e-06 -9.93392762 -9.27177416 -7.87927788 -6.63117091 -5.74557067 
2.78255940e-06 -9.93392762 -9.27177416 -7.87927788 -6.63117091 -5.74557067 
2.15443469e-06 -9.93392762 -9.27177416 -7.87927788 -6.63117091 -5.74557067 
1.66810054e-06 -9.93392762 -9.27177416 -7.87927788 -6.63117091 -5.74557067 
1.29154967e-06 -9.93392762 -9.27177416 -7.87927788 -6.63117091 -5.74557067 
1.00000000e-06 -9.93392762 -9.27177416 -7.87927788 -6.63117091 -5.74557067 
7.74263683e-07 -9.93392762 -9.27177416 -7.87927788 -6.63117091 -5.74557067 
5.99484250e-07 -9.93392762 -9.27177416 -7.87927788 -6.63117091 -5.74557067 
4.64158883e-07 -9.93392762 -9.27177416 -7.87927788 -6.63117091 -5.74557067 
3.59381366e-07 -9.93392762 -9.27177416 -7.87927788 -6.63117091 -5.74557067 
2.78255940e-07 -9.93392762 -9.27177416 -7.87927788 -6.63117091 -5.74557067 
2.15443469e-07 -9.93392762 -9.27177416 -7.87927788 -6.63117091 -5.74557067 
1.66810054e-07 -9.93392762 -9.27177416 -7.87927788 -6.63117091 -5.74557067 
1.29154967e-07 -9.93392762 -9.27177416 -7.87927788 -6.63117091 -5.74557067 
1.00000000e-07 -9.93392762 -9.27177416 -7.87927788 -6.63117091 -5.74557067 
7.74263683e-08 -9.93392762 -9.27177416 -7.87927788 -6.63117091 -5.74557067 
5.99484250e-08 -9.93392762 -9.27177416 -7.87927788 -6.63117091 -5.74557067 
4.64158883e-08 -9.93392762 -9.27177416 -7.87927788 -6.63117091 -5.74557067 
3.59381366e-08 -9.93392762 -9.27177416 -7.87927788 -6.63117091 -5.74557067 
2.78255940e-08 -9.93392762 -9.27177416 -7.87927788 -6.63117091 -5.74557067 
2.15443469e-08 -9.93392762 -9.27177416 -7.87927788 -6.63117091 -5.74557067 
1.66810054e-08 -9.93392762 -9.27177416 -7.87927788 -6.63117091 -5.74557067 
1.29154967e-08 -9.93392762 -9.27177416 -7.87927788 -6.63117091 -5.74557067 
1.00000000e-08 -9.93392762 -9.27177416 -7.87927788 -6.63117091 -5.74557067 
7.74263683e-09 -9.93392762 -9.27177416 -7.87927788 -6.63117091 -5.74557067 
5.99484250e-09 -9.93392762 -9.27177416 -7.87927788 -6.63117091 -5.74557067 
4.64158883e-09 -9.93392762 -9.27177416 -7.87927788 -6.63117091 -5.74557067 
3.59381366e-09 -9.93392762 -9.27177416 -7.87927788 -6.63117091 -5.74557067 
2.78255940e-09 -9.93392762 -9.27177416 -7.87927788 -6.63117091 -5.74557067 
2.15443469e-09 -9.93392762 -9.27177416 -7.87927788 -6.63117091 -5.74557067 
1.66810054e-09 -9.93392762 -9.27177416 -7.87927788 -6.63117091 -5.74557067 
1.29154967e-09 -9.93392762 -9.27177416 -7.87927788 -6.63117091 -5.74557067 
1.00000000e-09 -9.93392762 -9.27177416 -7.87927788 -6.63117091 -5.74557067 
7.74263683e-10 -9.93392762 -9.27177416 -7.87927788 -6.63117091 -5.74557067 
5.99484250e-10 -9.93392762 -9.27177416 -7.87927788 -6.63117091 -5.74557067 
4.64158883e-10 -9.93392762 -9.27177416 -7.87927788 -6.63117091 -5.74557067 
3.59381366e-10 -9.93392762 -9.27177416 -7.87927788 -6.63117091 -5.74557067 
2.78255940e-10 -9.93392762 -9.27177416 -7.87927788 -6.63117091 -5.74557067 
2.15443469e-10 -9.93392762 -9.27177416 -7.87927788 -6.63117091 -5.74557067 
1.66810054e-10 -9.93392762 -9.27177416 -7.87927788 -6.63117091 -5.74557067 
1.29154967e-10 -9.93392762 -9.27177416 -7.87927788 -6.63117091 -5.74557067 
1.00000000e-10 -9.93392762 -9.27177416 -7.87927788 -6.63117091 -5.74557067 
P (bar) | log_NH3: -2σ | log_NH3: -1σ | log_NH3: median | log_NH3: +1σ | log_NH3: +2σ 
1.00000000e+01 -9.81674583 -8.98672391 -7.51123452 -6.48650869 -5.93989639 
7.74263683e+00 -9.81674583 -8.98672391 -7.51123452 -6.48650869 -5.93989639 
5.99484250e+00 -9.81674583 -8.98672391 -7.51123452 -6.48650869 -5.93989639 
4.64158883e+00 -9.81674583 -8.98672391 -7.51123452 -6.48650869 -5.93989639 
3.59381366e+00 -9.81674583 -8.98672391 -7.51123452 -6.48650869 -5.93989639 
2.78255940e+00 -9.81674583 -8.98672391 -7.51123452 -6.48650869 -5.93989639 
2.15443469e+00 -9.81674583 -8.98672391 -7.51123452 -6.48650869 -5.93989639 
1.66810054e+00 -9.81674583 -8.98672391 -7.51123452 -6.48650869 -5.93989639 
1.29154967e+00 -9.81674583 -8.98672391 -7.51123452 -6.48650869 -5.93989639 
1.00000000e+00 -9.81674583 -8.98672391 -7.51123452 -6.48650869 -5.93989639 
7.74263683e-01 -9.81674583 -8.98672391 -7.51123452 -6.48650869 -5.93989639 
5.99484250e-01 -9.81674583 -8.98672391 -7.51123452 -6.48650869 -5.93989639 
4.64158883e-01 -9.81674583 -8.98672391 -7.51123452 -6.48650869 -5.93989639 
3.59381366e-01 -9.81674583 -8.98672391 -7.51123452 -6.48650869 -5.93989639 
2.78255940e-01 -9.81674583 -8.98672391 -7.51123452 -6.48650869 -5.93989639 
2.15443469e-01 -9.81674583 -8.98672391 -7.51123452 -6.48650869 -5.93989639 
1.66810054e-01 -9.81674583 -8.98672391 -7.51123452 -6.48650869 -5.93989639 
1.29154967e-01 -9.81674583 -8.98672391 -7.51123452 -6.48650869 -5.93989639 
1.00000000e-01 -9.81674583 -8.98672391 -7.51123452 -6.48650869 -5.93989639 
7.74263683e-02 -9.81674583 -8.98672391 -7.51123452 -6.48650869 -5.93989639 
5.99484250e-02 -9.81674583 -8.98672391 -7.51123452 -6.48650869 -5.93989639 
4.64158883e-02 -9.81674583 -8.98672391 -7.51123452 -6.48650869 -5.93989639 
3.59381366e-02 -9.81674583 -8.98672391 -7.51123452 -6.48650869 -5.93989639 
2.78255940e-02 -9.81674583 -8.98672391 -7.51123452 -6.48650869 -5.93989639 
2.15443469e-02 -9.81674583 -8.98672391 -7.51123452 -6.48650869 -5.93989639 
1.66810054e-02 -9.81674583 -8.98672391 -7.51123452 -6.48650869 -5.93989639 
1.29154967e-02 -9.81674583 -8.98672391 -7.51123452 -6.48650869 -5.93989639 
1.00000000e-02 -9.81674583 -8.98672391 -7.51123452 -6.48650869 -5.93989639 
7.74263683e-03 -9.81674583 -8.98672391 -7.51123452 -6.48650869 -5.93989639 
5.99484250e-03 -9.81674583 -8.98672391 -7.51123452 -6.48650869 -5.93989639 
4.64158883e-03 -9.81674583 -8.98672391 -7.51123452 -6.48650869 -5.93989639 
3.59381366e-03 -9.81674583 -8.98672391 -7.51123452 -6.48650869 -5.93989639 
2.78255940e-03 -9.81674583 -8.98672391 -7.51123452 -6.48650869 -5.93989639 
2.15443469e-03 -9.81674583 -8.98672391 -7.51123452 -6.48650869 -5.93989639 
1.66810054e-03 -9.81674583 -8.98672391 -7.51123452 -6.48650869 -5.93989639 
1.29154967e-03 -9.81674583 -8.98672391 -7.51123452 -6.48650869 -5.93989639 
1.00000000e-03 -9.81674583 -8.98672391 -7.51123452 -6.48650869 -5.93989639 
7.74263683e-04 -9.81674583 -8.98672391 -7.51123452 -6.48650869 -5.93989639 
5.99484250e-04 -9.81674583 -8.98672391 -7.51123452 -6.48650869 -5.93989639 
4.64158883e-04 -9.81674583 -8.98672391 -7.51123452 -6.48650869 -5.93989639 
3.59381366e-04 -9.81674583 -8.98672391 -7.51123452 -6.48650869 -5.93989639 
2.78255940e-04 -9.81674583 -8.98672391 -7.51123452 -6.48650869 -5.93989639 
2.15443469e-04 -9.81674583 -8.98672391 -7.51123452 -6.48650869 -5.93989639 
1.66810054e-04 -9.81674583 -8.98672391 -7.51123452 -6.48650869 -5.93989639 
1.29154967e-04 -9.81674583 -8.98672391 -7.51123452 -6.48650869 -5.93989639 
1.00000000e-04 -9.81674583 -8.98672391 -7.51123452 -6.48650869 -5.93989639 
7.74263683e-05 -9.81674583 -8.98672391 -7.51123452 -6.48650869 -5.93989639 
5.99484250e-05 -9.81674583 -8.98672391 -7.51123452 -6.48650869 -5.93989639 
4.64158883e-05 -9.81674583 -8.98672391 -7.51123452 -6.48650869 -5.93989639 
3.59381366e-05 -9.81674583 -8.98672391 -7.51123452 -6.48650869 -5.93989639 
2.78255940e-05 -9.81674583 -8.98672391 -7.51123452 -6.48650869 -5.93989639 
2.15443469e-05 -9.81674583 -8.98672391 -7.51123452 -6.48650869 -5.93989639 
1.66810054e-05 -9.81674583 -8.98672391 -7.51123452 -6.48650869 -5.93989639 
1.29154967e-05 -9.81674583 -8.98672391 -7.51123452 -6.48650869 -5.93989639 
1.00000000e-05 -9.81674583 -8.98672391 -7.51123452 -6.48650869 -5.93989639 
7.74263683e-06 -9.81674583 -8.98672391 -7.51123452 -6.48650869 -5.93989639 
5.99484250e-06 -9.81674583 -8.98672391 -7.51123452 -6.48650869 -5.93989639 
4.64158883e-06 -9.81674583 -8.98672391 -7.51123452 -6.48650869 -5.93989639 
3.59381366e-06 -9.81674583 -8.98672391 -7.51123452 -6.48650869 -5.93989639 
2.78255940e-06 -9.81674583 -8.98672391 -7.51123452 -6.48650869 -5.93989639 
2.15443469e-06 -9.81674583 -8.98672391 -7.51123452 -6.48650869 -5.93989639 
1.66810054e-06 -9.81674583 -8.98672391 -7.51123452 -6.48650869 -5.93989639 
1.29154967e-06 -9.81674583 -8.98672391 -7.51123452 -6.48650869 -5.93989639 
1.00000000e-06 -9.81674583 -8.98672391 -7.51123452 -6.48650869 -5.93989639 
7.74263683e-07 -9.81674583 -8.98672391 -7.51123452 -6.48650869 -5.93989639 
5.99484250e-07 -9.81674583 -8.98672391 -7.51123452 -6.48650869 -5.93989639 
4.64158883e-07 -9.81674583 -8.98672391 -7.51123452 -6.48650869 -5.93989639 
3.59381366e-07 -9.81674583 -8.98672391 -7.51123452 -6.48650869 -5.93989639 
2.78255940e-07 -9.81674583 -8.98672391 -7.51123452 -6.48650869 -5.93989639 
2.15443469e-07 -9.81674583 -8.98672391 -7.51123452 -6.48650869 -5.93989639 
1.66810054e-07 -9.81674583 -8.98672391 -7.51123452 -6.48650869 -5.93989639 
1.29154967e-07 -9.81674583 -8.98672391 -7.51123452 -6.48650869 -5.93989639 
1.00000000e-07 -9.81674583 -8.98672391 -7.51123452 -6.48650869 -5.93989639 
7.74263683e-08 -9.81674583 -8.98672391 -7.51123452 -6.48650869 -5.93989639 
5.99484250e-08 -9.81674583 -8.98672391 -7.51123452 -6.48650869 -5.93989639 
4.64158883e-08 -9.81674583 -8.98672391 -7.51123452 -6.48650869 -5.93989639 
3.59381366e-08 -9.81674583 -8.98672391 -7.51123452 -6.48650869 -5.93989639 
2.78255940e-08 -9.81674583 -8.98672391 -7.51123452 -6.48650869 -5.93989639 
2.15443469e-08 -9.81674583 -8.98672391 -7.51123452 -6.48650869 -5.93989639 
1.66810054e-08 -9.81674583 -8.98672391 -7.51123452 -6.48650869 -5.93989639 
1.29154967e-08 -9.81674583 -8.98672391 -7.51123452 -6.48650869 -5.93989639 
1.00000000e-08 -9.81674583 -8.98672391 -7.51123452 -6.48650869 -5.93989639 
7.74263683e-09 -9.81674583 -8.98672391 -7.51123452 -6.48650869 -5.93989639 
5.99484250e-09 -9.81674583 -8.98672391 -7.51123452 -6.48650869 -5.93989639 
4.64158883e-09 -9.81674583 -8.98672391 -7.51123452 -6.48650869 -5.93989639 
3.59381366e-09 -9.81674583 -8.98672391 -7.51123452 -6.48650869 -5.93989639 
2.78255940e-09 -9.81674583 -8.98672391 -7.51123452 -6.48650869 -5.93989639 
2.15443469e-09 -9.81674583 -8.98672391 -7.51123452 -6.48650869 -5.93989639 
1.66810054e-09 -9.81674583 -8.98672391 -7.51123452 -6.48650869 -5.93989639 
1.29154967e-09 -9.81674583 -8.98672391 -7.51123452 -6.48650869 -5.93989639 
1.00000000e-09 -9.81674583 -8.98672391 -7.51123452 -6.48650869 -5.93989639 
7.74263683e-10 -9.81674583 -8.98672391 -7.51123452 -6.48650869 -5.93989639 
5.99484250e-10 -9.81674583 -8.98672391 -7.51123452 -6.48650869 -5.93989639 
4.64158883e-10 -9.81674583 -8.98672391 -7.51123452 -6.48650869 -5.93989639 
3.59381366e-10 -9.81674583 -8.98672391 -7.51123452 -6.48650869 -5.93989639 
2.78255940e-10 -9.81674583 -8.98672391 -7.51123452 -6.48650869 -5.93989639 
2.15443469e-10 -9.81674583 -8.98672391 -7.51123452 -6.48650869 -5.93989639 
1.66810054e-10 -9.81674583 -8.98672391 -7.51123452 -6.48650869 -5.93989639 
1.29154967e-10 -9.81674583 -8.98672391 -7.51123452 -6.48650869 -5.93989639 
1.00000000e-10 -9.81674583 -8.98672391 -7.51123452 -6.48650869 -5.93989639 
