Chemical species: N2 H2O CO2 CH4 O2 O3 N2O NH3
P (bar) | log_N2: -2σ | log_N2: -1σ | log_N2: median | log_N2: +1σ | log_N2: +2σ 
1.00000000e+01 -0.04394741 -0.03217505 -0.01264691 -0.00027521 -0.00003259 
7.74263683e+00 -0.04394741 -0.03217505 -0.01264691 -0.00027521 -0.00003259 
5.99484250e+00 -0.04394741 -0.03217505 -0.01264691 -0.00027521 -0.00003259 
4.64158883e+00 -0.04394741 -0.03217505 -0.01264691 -0.00027521 -0.00003259 
3.59381366e+00 -0.04394741 -0.03217505 -0.01264691 -0.00027521 -0.00003259 
2.78255940e+00 -0.04394741 -0.03217505 -0.01264691 -0.00027521 -0.00003259 
2.15443469e+00 -0.04394741 -0.03217505 -0.01264691 -0.00027521 -0.00003259 
1.66810054e+00 -0.04394741 -0.03217505 -0.01264691 -0.00027521 -0.00003259 
1.29154967e+00 -0.04394741 -0.03217505 -0.01264691 -0.00027521 -0.00003259 
1.00000000e+00 -0.04394741 -0.03217505 -0.01264691 -0.00027521 -0.00003259 
7.74263683e-01 -0.04394741 -0.03217505 -0.01264691 -0.00027521 -0.00003259 
5.99484250e-01 -0.04394741 -0.03217505 -0.01264691 -0.00027521 -0.00003259 
4.64158883e-01 -0.04394741 -0.03217505 -0.01264691 -0.00027521 -0.00003259 
3.59381366e-01 -0.04394741 -0.03217505 -0.01264691 -0.00027521 -0.00003259 
2.78255940e-01 -0.04394741 -0.03217505 -0.01264691 -0.00027521 -0.00003259 
2.15443469e-01 -0.04394741 -0.03217505 -0.01264691 -0.00027521 -0.00003259 
1.66810054e-01 -0.04394741 -0.03217505 -0.01264691 -0.00027521 -0.00003259 
1.29154967e-01 -0.04394741 -0.03217505 -0.01264691 -0.00027521 -0.00003259 
1.00000000e-01 -0.04394741 -0.03217505 -0.01264691 -0.00027521 -0.00003259 
7.74263683e-02 -0.04394741 -0.03217505 -0.01264691 -0.00027521 -0.00003259 
5.99484250e-02 -0.04394741 -0.03217505 -0.01264691 -0.00027521 -0.00003259 
4.64158883e-02 -0.04394741 -0.03217505 -0.01264691 -0.00027521 -0.00003259 
3.59381366e-02 -0.04394741 -0.03217505 -0.01264691 -0.00027521 -0.00003259 
2.78255940e-02 -0.04394741 -0.03217505 -0.01264691 -0.00027521 -0.00003259 
2.15443469e-02 -0.04394741 -0.03217505 -0.01264691 -0.00027521 -0.00003259 
1.66810054e-02 -0.04394741 -0.03217505 -0.01264691 -0.00027521 -0.00003259 
1.29154967e-02 -0.04394741 -0.03217505 -0.01264691 -0.00027521 -0.00003259 
1.00000000e-02 -0.04394741 -0.03217505 -0.01264691 -0.00027521 -0.00003259 
7.74263683e-03 -0.04394741 -0.03217505 -0.01264691 -0.00027521 -0.00003259 
5.99484250e-03 -0.04394741 -0.03217505 -0.01264691 -0.00027521 -0.00003259 
4.64158883e-03 -0.04394741 -0.03217505 -0.01264691 -0.00027521 -0.00003259 
3.59381366e-03 -0.04394741 -0.03217505 -0.01264691 -0.00027521 -0.00003259 
2.78255940e-03 -0.04394741 -0.03217505 -0.01264691 -0.00027521 -0.00003259 
2.15443469e-03 -0.04394741 -0.03217505 -0.01264691 -0.00027521 -0.00003259 
1.66810054e-03 -0.04394741 -0.03217505 -0.01264691 -0.00027521 -0.00003259 
1.29154967e-03 -0.04394741 -0.03217505 -0.01264691 -0.00027521 -0.00003259 
1.00000000e-03 -0.04394741 -0.03217505 -0.01264691 -0.00027521 -0.00003259 
7.74263683e-04 -0.04394741 -0.03217505 -0.01264691 -0.00027521 -0.00003259 
5.99484250e-04 -0.04394741 -0.03217505 -0.01264691 -0.00027521 -0.00003259 
4.64158883e-04 -0.04394741 -0.03217505 -0.01264691 -0.00027521 -0.00003259 
3.59381366e-04 -0.04394741 -0.03217505 -0.01264691 -0.00027521 -0.00003259 
2.78255940e-04 -0.04394741 -0.03217505 -0.01264691 -0.00027521 -0.00003259 
2.15443469e-04 -0.04394741 -0.03217505 -0.01264691 -0.00027521 -0.00003259 
1.66810054e-04 -0.04394741 -0.03217505 -0.01264691 -0.00027521 -0.00003259 
1.29154967e-04 -0.04394741 -0.03217505 -0.01264691 -0.00027521 -0.00003259 
1.00000000e-04 -0.04394741 -0.03217505 -0.01264691 -0.00027521 -0.00003259 
7.74263683e-05 -0.04394741 -0.03217505 -0.01264691 -0.00027521 -0.00003259 
5.99484250e-05 -0.04394741 -0.03217505 -0.01264691 -0.00027521 -0.00003259 
4.64158883e-05 -0.04394741 -0.03217505 -0.01264691 -0.00027521 -0.00003259 
3.59381366e-05 -0.04394741 -0.03217505 -0.01264691 -0.00027521 -0.00003259 
2.78255940e-05 -0.04394741 -0.03217505 -0.01264691 -0.00027521 -0.00003259 
2.15443469e-05 -0.04394741 -0.03217505 -0.01264691 -0.00027521 -0.00003259 
1.66810054e-05 -0.04394741 -0.03217505 -0.01264691 -0.00027521 -0.00003259 
1.29154967e-05 -0.04394741 -0.03217505 -0.01264691 -0.00027521 -0.00003259 
1.00000000e-05 -0.04394741 -0.03217505 -0.01264691 -0.00027521 -0.00003259 
7.74263683e-06 -0.04394741 -0.03217505 -0.01264691 -0.00027521 -0.00003259 
5.99484250e-06 -0.04394741 -0.03217505 -0.01264691 -0.00027521 -0.00003259 
4.64158883e-06 -0.04394741 -0.03217505 -0.01264691 -0.00027521 -0.00003259 
3.59381366e-06 -0.04394741 -0.03217505 -0.01264691 -0.00027521 -0.00003259 
2.78255940e-06 -0.04394741 -0.03217505 -0.01264691 -0.00027521 -0.00003259 
2.15443469e-06 -0.04394741 -0.03217505 -0.01264691 -0.00027521 -0.00003259 
1.66810054e-06 -0.04394741 -0.03217505 -0.01264691 -0.00027521 -0.00003259 
1.29154967e-06 -0.04394741 -0.03217505 -0.01264691 -0.00027521 -0.00003259 
1.00000000e-06 -0.04394741 -0.03217505 -0.01264691 -0.00027521 -0.00003259 
7.74263683e-07 -0.04394741 -0.03217505 -0.01264691 -0.00027521 -0.00003259 
5.99484250e-07 -0.04394741 -0.03217505 -0.01264691 -0.00027521 -0.00003259 
4.64158883e-07 -0.04394741 -0.03217505 -0.01264691 -0.00027521 -0.00003259 
3.59381366e-07 -0.04394741 -0.03217505 -0.01264691 -0.00027521 -0.00003259 
2.78255940e-07 -0.04394741 -0.03217505 -0.01264691 -0.00027521 -0.00003259 
2.15443469e-07 -0.04394741 -0.03217505 -0.01264691 -0.00027521 -0.00003259 
1.66810054e-07 -0.04394741 -0.03217505 -0.01264691 -0.00027521 -0.00003259 
1.29154967e-07 -0.04394741 -0.03217505 -0.01264691 -0.00027521 -0.00003259 
1.00000000e-07 -0.04394741 -0.03217505 -0.01264691 -0.00027521 -0.00003259 
7.74263683e-08 -0.04394741 -0.03217505 -0.01264691 -0.00027521 -0.00003259 
5.99484250e-08 -0.04394741 -0.03217505 -0.01264691 -0.00027521 -0.00003259 
4.64158883e-08 -0.04394741 -0.03217505 -0.01264691 -0.00027521 -0.00003259 
3.59381366e-08 -0.04394741 -0.03217505 -0.01264691 -0.00027521 -0.00003259 
2.78255940e-08 -0.04394741 -0.03217505 -0.01264691 -0.00027521 -0.00003259 
2.15443469e-08 -0.04394741 -0.03217505 -0.01264691 -0.00027521 -0.00003259 
1.66810054e-08 -0.04394741 -0.03217505 -0.01264691 -0.00027521 -0.00003259 
1.29154967e-08 -0.04394741 -0.03217505 -0.01264691 -0.00027521 -0.00003259 
1.00000000e-08 -0.04394741 -0.03217505 -0.01264691 -0.00027521 -0.00003259 
7.74263683e-09 -0.04394741 -0.03217505 -0.01264691 -0.00027521 -0.00003259 
5.99484250e-09 -0.04394741 -0.03217505 -0.01264691 -0.00027521 -0.00003259 
4.64158883e-09 -0.04394741 -0.03217505 -0.01264691 -0.00027521 -0.00003259 
3.59381366e-09 -0.04394741 -0.03217505 -0.01264691 -0.00027521 -0.00003259 
2.78255940e-09 -0.04394741 -0.03217505 -0.01264691 -0.00027521 -0.00003259 
2.15443469e-09 -0.04394741 -0.03217505 -0.01264691 -0.00027521 -0.00003259 
1.66810054e-09 -0.04394741 -0.03217505 -0.01264691 -0.00027521 -0.00003259 
1.29154967e-09 -0.04394741 -0.03217505 -0.01264691 -0.00027521 -0.00003259 
1.00000000e-09 -0.04394741 -0.03217505 -0.01264691 -0.00027521 -0.00003259 
7.74263683e-10 -0.04394741 -0.03217505 -0.01264691 -0.00027521 -0.00003259 
5.99484250e-10 -0.04394741 -0.03217505 -0.01264691 -0.00027521 -0.00003259 
4.64158883e-10 -0.04394741 -0.03217505 -0.01264691 -0.00027521 -0.00003259 
3.59381366e-10 -0.04394741 -0.03217505 -0.01264691 -0.00027521 -0.00003259 
2.78255940e-10 -0.04394741 -0.03217505 -0.01264691 -0.00027521 -0.00003259 
2.15443469e-10 -0.04394741 -0.03217505 -0.01264691 -0.00027521 -0.00003259 
1.66810054e-10 -0.04394741 -0.03217505 -0.01264691 -0.00027521 -0.00003259 
1.29154967e-10 -0.04394741 -0.03217505 -0.01264691 -0.00027521 -0.00003259 
1.00000000e-10 -0.04394741 -0.03217505 -0.01264691 -0.00027521 -0.00003259 
P (bar) | log_H2O: -2σ | log_H2O: -1σ | log_H2O: median | log_H2O: +1σ | log_H2O: +2σ 
1.00000000e+01 -5.76973387 -5.32681253 -4.96353348 -4.64018450 -4.29223097 
7.74263683e+00 -5.76973387 -5.32681253 -4.96353348 -4.64018450 -4.29223097 
5.99484250e+00 -5.76973387 -5.32681253 -4.96353348 -4.64018450 -4.29223097 
4.64158883e+00 -5.76973387 -5.32681253 -4.96353348 -4.64018450 -4.29223097 
3.59381366e+00 -5.76973387 -5.32681253 -4.96353348 -4.64018450 -4.29223097 
2.78255940e+00 -5.76973387 -5.32681253 -4.96353348 -4.64018450 -4.29223097 
2.15443469e+00 -5.76973387 -5.32681253 -4.96353348 -4.64018450 -4.29223097 
1.66810054e+00 -5.76973387 -5.32681253 -4.96353348 -4.64018450 -4.29223097 
1.29154967e+00 -5.76973387 -5.32681253 -4.96353348 -4.64018450 -4.29223097 
1.00000000e+00 -5.76973387 -5.32681253 -4.96353348 -4.64018450 -4.29223097 
7.74263683e-01 -5.76973387 -5.32681253 -4.96353348 -4.64018450 -4.29223097 
5.99484250e-01 -5.76973387 -5.32681253 -4.96353348 -4.64018450 -4.29223097 
4.64158883e-01 -5.76973387 -5.32681253 -4.96353348 -4.64018450 -4.29223097 
3.59381366e-01 -5.76973387 -5.32681253 -4.96353348 -4.64018450 -4.29223097 
2.78255940e-01 -5.76973387 -5.32681253 -4.96353348 -4.64018450 -4.29223097 
2.15443469e-01 -5.76973387 -5.32681253 -4.96353348 -4.64018450 -4.29223097 
1.66810054e-01 -5.76973387 -5.32681253 -4.96353348 -4.64018450 -4.29223097 
1.29154967e-01 -5.76973387 -5.32681253 -4.96353348 -4.64018450 -4.29223097 
1.00000000e-01 -5.76973387 -5.32681253 -4.96353348 -4.64018450 -4.29223097 
7.74263683e-02 -5.76973387 -5.32681253 -4.96353348 -4.64018450 -4.29223097 
5.99484250e-02 -5.76973387 -5.32681253 -4.96353348 -4.64018450 -4.29223097 
4.64158883e-02 -5.76973387 -5.32681253 -4.96353348 -4.64018450 -4.29223097 
3.59381366e-02 -5.76973387 -5.32681253 -4.96353348 -4.64018450 -4.29223097 
2.78255940e-02 -5.76973387 -5.32681253 -4.96353348 -4.64018450 -4.29223097 
2.15443469e-02 -5.76973387 -5.32681253 -4.96353348 -4.64018450 -4.29223097 
1.66810054e-02 -5.76973387 -5.32681253 -4.96353348 -4.64018450 -4.29223097 
1.29154967e-02 -5.76973387 -5.32681253 -4.96353348 -4.64018450 -4.29223097 
1.00000000e-02 -5.76973387 -5.32681253 -4.96353348 -4.64018450 -4.29223097 
7.74263683e-03 -5.76973387 -5.32681253 -4.96353348 -4.64018450 -4.29223097 
5.99484250e-03 -5.76973387 -5.32681253 -4.96353348 -4.64018450 -4.29223097 
4.64158883e-03 -5.76973387 -5.32681253 -4.96353348 -4.64018450 -4.29223097 
3.59381366e-03 -5.76973387 -5.32681253 -4.96353348 -4.64018450 -4.29223097 
2.78255940e-03 -5.76973387 -5.32681253 -4.96353348 -4.64018450 -4.29223097 
2.15443469e-03 -5.76973387 -5.32681253 -4.96353348 -4.64018450 -4.29223097 
1.66810054e-03 -5.76973387 -5.32681253 -4.96353348 -4.64018450 -4.29223097 
1.29154967e-03 -5.76973387 -5.32681253 -4.96353348 -4.64018450 -4.29223097 
1.00000000e-03 -5.76973387 -5.32681253 -4.96353348 -4.64018450 -4.29223097 
7.74263683e-04 -5.76973387 -5.32681253 -4.96353348 -4.64018450 -4.29223097 
5.99484250e-04 -5.76973387 -5.32681253 -4.96353348 -4.64018450 -4.29223097 
4.64158883e-04 -5.76973387 -5.32681253 -4.96353348 -4.64018450 -4.29223097 
3.59381366e-04 -5.76973387 -5.32681253 -4.96353348 -4.64018450 -4.29223097 
2.78255940e-04 -5.76973387 -5.32681253 -4.96353348 -4.64018450 -4.29223097 
2.15443469e-04 -5.76973387 -5.32681253 -4.96353348 -4.64018450 -4.29223097 
1.66810054e-04 -5.76973387 -5.32681253 -4.96353348 -4.64018450 -4.29223097 
1.29154967e-04 -5.76973387 -5.32681253 -4.96353348 -4.64018450 -4.29223097 
1.00000000e-04 -5.76973387 -5.32681253 -4.96353348 -4.64018450 -4.29223097 
7.74263683e-05 -5.76973387 -5.32681253 -4.96353348 -4.64018450 -4.29223097 
5.99484250e-05 -5.76973387 -5.32681253 -4.96353348 -4.64018450 -4.29223097 
4.64158883e-05 -5.76973387 -5.32681253 -4.96353348 -4.64018450 -4.29223097 
3.59381366e-05 -5.76973387 -5.32681253 -4.96353348 -4.64018450 -4.29223097 
2.78255940e-05 -5.76973387 -5.32681253 -4.96353348 -4.64018450 -4.29223097 
2.15443469e-05 -5.76973387 -5.32681253 -4.96353348 -4.64018450 -4.29223097 
1.66810054e-05 -5.76973387 -5.32681253 -4.96353348 -4.64018450 -4.29223097 
1.29154967e-05 -5.76973387 -5.32681253 -4.96353348 -4.64018450 -4.29223097 
1.00000000e-05 -5.76973387 -5.32681253 -4.96353348 -4.64018450 -4.29223097 
7.74263683e-06 -5.76973387 -5.32681253 -4.96353348 -4.64018450 -4.29223097 
5.99484250e-06 -5.76973387 -5.32681253 -4.96353348 -4.64018450 -4.29223097 
4.64158883e-06 -5.76973387 -5.32681253 -4.96353348 -4.64018450 -4.29223097 
3.59381366e-06 -5.76973387 -5.32681253 -4.96353348 -4.64018450 -4.29223097 
2.78255940e-06 -5.76973387 -5.32681253 -4.96353348 -4.64018450 -4.29223097 
2.15443469e-06 -5.76973387 -5.32681253 -4.96353348 -4.64018450 -4.29223097 
1.66810054e-06 -5.76973387 -5.32681253 -4.96353348 -4.64018450 -4.29223097 
1.29154967e-06 -5.76973387 -5.32681253 -4.96353348 -4.64018450 -4.29223097 
1.00000000e-06 -5.76973387 -5.32681253 -4.96353348 -4.64018450 -4.29223097 
7.74263683e-07 -5.76973387 -5.32681253 -4.96353348 -4.64018450 -4.29223097 
5.99484250e-07 -5.76973387 -5.32681253 -4.96353348 -4.64018450 -4.29223097 
4.64158883e-07 -5.76973387 -5.32681253 -4.96353348 -4.64018450 -4.29223097 
3.59381366e-07 -5.76973387 -5.32681253 -4.96353348 -4.64018450 -4.29223097 
2.78255940e-07 -5.76973387 -5.32681253 -4.96353348 -4.64018450 -4.29223097 
2.15443469e-07 -5.76973387 -5.32681253 -4.96353348 -4.64018450 -4.29223097 
1.66810054e-07 -5.76973387 -5.32681253 -4.96353348 -4.64018450 -4.29223097 
1.29154967e-07 -5.76973387 -5.32681253 -4.96353348 -4.64018450 -4.29223097 
1.00000000e-07 -5.76973387 -5.32681253 -4.96353348 -4.64018450 -4.29223097 
7.74263683e-08 -5.76973387 -5.32681253 -4.96353348 -4.64018450 -4.29223097 
5.99484250e-08 -5.76973387 -5.32681253 -4.96353348 -4.64018450 -4.29223097 
4.64158883e-08 -5.76973387 -5.32681253 -4.96353348 -4.64018450 -4.29223097 
3.59381366e-08 -5.76973387 -5.32681253 -4.96353348 -4.64018450 -4.29223097 
2.78255940e-08 -5.76973387 -5.32681253 -4.96353348 -4.64018450 -4.29223097 
2.15443469e-08 -5.76973387 -5.32681253 -4.96353348 -4.64018450 -4.29223097 
1.66810054e-08 -5.76973387 -5.32681253 -4.96353348 -4.64018450 -4.29223097 
1.29154967e-08 -5.76973387 -5.32681253 -4.96353348 -4.64018450 -4.29223097 
1.00000000e-08 -5.76973387 -5.32681253 -4.96353348 -4.64018450 -4.29223097 
7.74263683e-09 -5.76973387 -5.32681253 -4.96353348 -4.64018450 -4.29223097 
5.99484250e-09 -5.76973387 -5.32681253 -4.96353348 -4.64018450 -4.29223097 
4.64158883e-09 -5.76973387 -5.32681253 -4.96353348 -4.64018450 -4.29223097 
3.59381366e-09 -5.76973387 -5.32681253 -4.96353348 -4.64018450 -4.29223097 
2.78255940e-09 -5.76973387 -5.32681253 -4.96353348 -4.64018450 -4.29223097 
2.15443469e-09 -5.76973387 -5.32681253 -4.96353348 -4.64018450 -4.29223097 
1.66810054e-09 -5.76973387 -5.32681253 -4.96353348 -4.64018450 -4.29223097 
1.29154967e-09 -5.76973387 -5.32681253 -4.96353348 -4.64018450 -4.29223097 
1.00000000e-09 -5.76973387 -5.32681253 -4.96353348 -4.64018450 -4.29223097 
7.74263683e-10 -5.76973387 -5.32681253 -4.96353348 -4.64018450 -4.29223097 
5.99484250e-10 -5.76973387 -5.32681253 -4.96353348 -4.64018450 -4.29223097 
4.64158883e-10 -5.76973387 -5.32681253 -4.96353348 -4.64018450 -4.29223097 
3.59381366e-10 -5.76973387 -5.32681253 -4.96353348 -4.64018450 -4.29223097 
2.78255940e-10 -5.76973387 -5.32681253 -4.96353348 -4.64018450 -4.29223097 
2.15443469e-10 -5.76973387 -5.32681253 -4.96353348 -4.64018450 -4.29223097 
1.66810054e-10 -5.76973387 -5.32681253 -4.96353348 -4.64018450 -4.29223097 
1.29154967e-10 -5.76973387 -5.32681253 -4.96353348 -4.64018450 -4.29223097 
1.00000000e-10 -5.76973387 -5.32681253 -4.96353348 -4.64018450 -4.29223097 
P (bar) | log_CO2: -2σ | log_CO2: -1σ | log_CO2: median | log_CO2: +1σ | log_CO2: +2σ 
1.00000000e+01 -4.69563372 -4.29022459 -3.89005307 -3.51186611 -3.18618356 
7.74263683e+00 -4.69563372 -4.29022459 -3.89005307 -3.51186611 -3.18618356 
5.99484250e+00 -4.69563372 -4.29022459 -3.89005307 -3.51186611 -3.18618356 
4.64158883e+00 -4.69563372 -4.29022459 -3.89005307 -3.51186611 -3.18618356 
3.59381366e+00 -4.69563372 -4.29022459 -3.89005307 -3.51186611 -3.18618356 
2.78255940e+00 -4.69563372 -4.29022459 -3.89005307 -3.51186611 -3.18618356 
2.15443469e+00 -4.69563372 -4.29022459 -3.89005307 -3.51186611 -3.18618356 
1.66810054e+00 -4.69563372 -4.29022459 -3.89005307 -3.51186611 -3.18618356 
1.29154967e+00 -4.69563372 -4.29022459 -3.89005307 -3.51186611 -3.18618356 
1.00000000e+00 -4.69563372 -4.29022459 -3.89005307 -3.51186611 -3.18618356 
7.74263683e-01 -4.69563372 -4.29022459 -3.89005307 -3.51186611 -3.18618356 
5.99484250e-01 -4.69563372 -4.29022459 -3.89005307 -3.51186611 -3.18618356 
4.64158883e-01 -4.69563372 -4.29022459 -3.89005307 -3.51186611 -3.18618356 
3.59381366e-01 -4.69563372 -4.29022459 -3.89005307 -3.51186611 -3.18618356 
2.78255940e-01 -4.69563372 -4.29022459 -3.89005307 -3.51186611 -3.18618356 
2.15443469e-01 -4.69563372 -4.29022459 -3.89005307 -3.51186611 -3.18618356 
1.66810054e-01 -4.69563372 -4.29022459 -3.89005307 -3.51186611 -3.18618356 
1.29154967e-01 -4.69563372 -4.29022459 -3.89005307 -3.51186611 -3.18618356 
1.00000000e-01 -4.69563372 -4.29022459 -3.89005307 -3.51186611 -3.18618356 
7.74263683e-02 -4.69563372 -4.29022459 -3.89005307 -3.51186611 -3.18618356 
5.99484250e-02 -4.69563372 -4.29022459 -3.89005307 -3.51186611 -3.18618356 
4.64158883e-02 -4.69563372 -4.29022459 -3.89005307 -3.51186611 -3.18618356 
3.59381366e-02 -4.69563372 -4.29022459 -3.89005307 -3.51186611 -3.18618356 
2.78255940e-02 -4.69563372 -4.29022459 -3.89005307 -3.51186611 -3.18618356 
2.15443469e-02 -4.69563372 -4.29022459 -3.89005307 -3.51186611 -3.18618356 
1.66810054e-02 -4.69563372 -4.29022459 -3.89005307 -3.51186611 -3.18618356 
1.29154967e-02 -4.69563372 -4.29022459 -3.89005307 -3.51186611 -3.18618356 
1.00000000e-02 -4.69563372 -4.29022459 -3.89005307 -3.51186611 -3.18618356 
7.74263683e-03 -4.69563372 -4.29022459 -3.89005307 -3.51186611 -3.18618356 
5.99484250e-03 -4.69563372 -4.29022459 -3.89005307 -3.51186611 -3.18618356 
4.64158883e-03 -4.69563372 -4.29022459 -3.89005307 -3.51186611 -3.18618356 
3.59381366e-03 -4.69563372 -4.29022459 -3.89005307 -3.51186611 -3.18618356 
2.78255940e-03 -4.69563372 -4.29022459 -3.89005307 -3.51186611 -3.18618356 
2.15443469e-03 -4.69563372 -4.29022459 -3.89005307 -3.51186611 -3.18618356 
1.66810054e-03 -4.69563372 -4.29022459 -3.89005307 -3.51186611 -3.18618356 
1.29154967e-03 -4.69563372 -4.29022459 -3.89005307 -3.51186611 -3.18618356 
1.00000000e-03 -4.69563372 -4.29022459 -3.89005307 -3.51186611 -3.18618356 
7.74263683e-04 -4.69563372 -4.29022459 -3.89005307 -3.51186611 -3.18618356 
5.99484250e-04 -4.69563372 -4.29022459 -3.89005307 -3.51186611 -3.18618356 
4.64158883e-04 -4.69563372 -4.29022459 -3.89005307 -3.51186611 -3.18618356 
3.59381366e-04 -4.69563372 -4.29022459 -3.89005307 -3.51186611 -3.18618356 
2.78255940e-04 -4.69563372 -4.29022459 -3.89005307 -3.51186611 -3.18618356 
2.15443469e-04 -4.69563372 -4.29022459 -3.89005307 -3.51186611 -3.18618356 
1.66810054e-04 -4.69563372 -4.29022459 -3.89005307 -3.51186611 -3.18618356 
1.29154967e-04 -4.69563372 -4.29022459 -3.89005307 -3.51186611 -3.18618356 
1.00000000e-04 -4.69563372 -4.29022459 -3.89005307 -3.51186611 -3.18618356 
7.74263683e-05 -4.69563372 -4.29022459 -3.89005307 -3.51186611 -3.18618356 
5.99484250e-05 -4.69563372 -4.29022459 -3.89005307 -3.51186611 -3.18618356 
4.64158883e-05 -4.69563372 -4.29022459 -3.89005307 -3.51186611 -3.18618356 
3.59381366e-05 -4.69563372 -4.29022459 -3.89005307 -3.51186611 -3.18618356 
2.78255940e-05 -4.69563372 -4.29022459 -3.89005307 -3.51186611 -3.18618356 
2.15443469e-05 -4.69563372 -4.29022459 -3.89005307 -3.51186611 -3.18618356 
1.66810054e-05 -4.69563372 -4.29022459 -3.89005307 -3.51186611 -3.18618356 
1.29154967e-05 -4.69563372 -4.29022459 -3.89005307 -3.51186611 -3.18618356 
1.00000000e-05 -4.69563372 -4.29022459 -3.89005307 -3.51186611 -3.18618356 
7.74263683e-06 -4.69563372 -4.29022459 -3.89005307 -3.51186611 -3.18618356 
5.99484250e-06 -4.69563372 -4.29022459 -3.89005307 -3.51186611 -3.18618356 
4.64158883e-06 -4.69563372 -4.29022459 -3.89005307 -3.51186611 -3.18618356 
3.59381366e-06 -4.69563372 -4.29022459 -3.89005307 -3.51186611 -3.18618356 
2.78255940e-06 -4.69563372 -4.29022459 -3.89005307 -3.51186611 -3.18618356 
2.15443469e-06 -4.69563372 -4.29022459 -3.89005307 -3.51186611 -3.18618356 
1.66810054e-06 -4.69563372 -4.29022459 -3.89005307 -3.51186611 -3.18618356 
1.29154967e-06 -4.69563372 -4.29022459 -3.89005307 -3.51186611 -3.18618356 
1.00000000e-06 -4.69563372 -4.29022459 -3.89005307 -3.51186611 -3.18618356 
7.74263683e-07 -4.69563372 -4.29022459 -3.89005307 -3.51186611 -3.18618356 
5.99484250e-07 -4.69563372 -4.29022459 -3.89005307 -3.51186611 -3.18618356 
4.64158883e-07 -4.69563372 -4.29022459 -3.89005307 -3.51186611 -3.18618356 
3.59381366e-07 -4.69563372 -4.29022459 -3.89005307 -3.51186611 -3.18618356 
2.78255940e-07 -4.69563372 -4.29022459 -3.89005307 -3.51186611 -3.18618356 
2.15443469e-07 -4.69563372 -4.29022459 -3.89005307 -3.51186611 -3.18618356 
1.66810054e-07 -4.69563372 -4.29022459 -3.89005307 -3.51186611 -3.18618356 
1.29154967e-07 -4.69563372 -4.29022459 -3.89005307 -3.51186611 -3.18618356 
1.00000000e-07 -4.69563372 -4.29022459 -3.89005307 -3.51186611 -3.18618356 
7.74263683e-08 -4.69563372 -4.29022459 -3.89005307 -3.51186611 -3.18618356 
5.99484250e-08 -4.69563372 -4.29022459 -3.89005307 -3.51186611 -3.18618356 
4.64158883e-08 -4.69563372 -4.29022459 -3.89005307 -3.51186611 -3.18618356 
3.59381366e-08 -4.69563372 -4.29022459 -3.89005307 -3.51186611 -3.18618356 
2.78255940e-08 -4.69563372 -4.29022459 -3.89005307 -3.51186611 -3.18618356 
2.15443469e-08 -4.69563372 -4.29022459 -3.89005307 -3.51186611 -3.18618356 
1.66810054e-08 -4.69563372 -4.29022459 -3.89005307 -3.51186611 -3.18618356 
1.29154967e-08 -4.69563372 -4.29022459 -3.89005307 -3.51186611 -3.18618356 
1.00000000e-08 -4.69563372 -4.29022459 -3.89005307 -3.51186611 -3.18618356 
7.74263683e-09 -4.69563372 -4.29022459 -3.89005307 -3.51186611 -3.18618356 
5.99484250e-09 -4.69563372 -4.29022459 -3.89005307 -3.51186611 -3.18618356 
4.64158883e-09 -4.69563372 -4.29022459 -3.89005307 -3.51186611 -3.18618356 
3.59381366e-09 -4.69563372 -4.29022459 -3.89005307 -3.51186611 -3.18618356 
2.78255940e-09 -4.69563372 -4.29022459 -3.89005307 -3.51186611 -3.18618356 
2.15443469e-09 -4.69563372 -4.29022459 -3.89005307 -3.51186611 -3.18618356 
1.66810054e-09 -4.69563372 -4.29022459 -3.89005307 -3.51186611 -3.18618356 
1.29154967e-09 -4.69563372 -4.29022459 -3.89005307 -3.51186611 -3.18618356 
1.00000000e-09 -4.69563372 -4.29022459 -3.89005307 -3.51186611 -3.18618356 
7.74263683e-10 -4.69563372 -4.29022459 -3.89005307 -3.51186611 -3.18618356 
5.99484250e-10 -4.69563372 -4.29022459 -3.89005307 -3.51186611 -3.18618356 
4.64158883e-10 -4.69563372 -4.29022459 -3.89005307 -3.51186611 -3.18618356 
3.59381366e-10 -4.69563372 -4.29022459 -3.89005307 -3.51186611 -3.18618356 
2.78255940e-10 -4.69563372 -4.29022459 -3.89005307 -3.51186611 -3.18618356 
2.15443469e-10 -4.69563372 -4.29022459 -3.89005307 -3.51186611 -3.18618356 
1.66810054e-10 -4.69563372 -4.29022459 -3.89005307 -3.51186611 -3.18618356 
1.29154967e-10 -4.69563372 -4.29022459 -3.89005307 -3.51186611 -3.18618356 
1.00000000e-10 -4.69563372 -4.29022459 -3.89005307 -3.51186611 -3.18618356 
P (bar) | log_CH4: -2σ | log_CH4: -1σ | log_CH4: median | log_CH4: +1σ | log_CH4: +2σ 
1.00000000e+01 -4.90784683 -4.74729559 -4.57927875 -4.37911336 -4.18682357 
7.74263683e+00 -4.90784683 -4.74729559 -4.57927875 -4.37911336 -4.18682357 
5.99484250e+00 -4.90784683 -4.74729559 -4.57927875 -4.37911336 -4.18682357 
4.64158883e+00 -4.90784683 -4.74729559 -4.57927875 -4.37911336 -4.18682357 
3.59381366e+00 -4.90784683 -4.74729559 -4.57927875 -4.37911336 -4.18682357 
2.78255940e+00 -4.90784683 -4.74729559 -4.57927875 -4.37911336 -4.18682357 
2.15443469e+00 -4.90784683 -4.74729559 -4.57927875 -4.37911336 -4.18682357 
1.66810054e+00 -4.90784683 -4.74729559 -4.57927875 -4.37911336 -4.18682357 
1.29154967e+00 -4.90784683 -4.74729559 -4.57927875 -4.37911336 -4.18682357 
1.00000000e+00 -4.90784683 -4.74729559 -4.57927875 -4.37911336 -4.18682357 
7.74263683e-01 -4.90784683 -4.74729559 -4.57927875 -4.37911336 -4.18682357 
5.99484250e-01 -4.90784683 -4.74729559 -4.57927875 -4.37911336 -4.18682357 
4.64158883e-01 -4.90784683 -4.74729559 -4.57927875 -4.37911336 -4.18682357 
3.59381366e-01 -4.90784683 -4.74729559 -4.57927875 -4.37911336 -4.18682357 
2.78255940e-01 -4.90784683 -4.74729559 -4.57927875 -4.37911336 -4.18682357 
2.15443469e-01 -4.90784683 -4.74729559 -4.57927875 -4.37911336 -4.18682357 
1.66810054e-01 -4.90784683 -4.74729559 -4.57927875 -4.37911336 -4.18682357 
1.29154967e-01 -4.90784683 -4.74729559 -4.57927875 -4.37911336 -4.18682357 
1.00000000e-01 -4.90784683 -4.74729559 -4.57927875 -4.37911336 -4.18682357 
7.74263683e-02 -4.90784683 -4.74729559 -4.57927875 -4.37911336 -4.18682357 
5.99484250e-02 -4.90784683 -4.74729559 -4.57927875 -4.37911336 -4.18682357 
4.64158883e-02 -4.90784683 -4.74729559 -4.57927875 -4.37911336 -4.18682357 
3.59381366e-02 -4.90784683 -4.74729559 -4.57927875 -4.37911336 -4.18682357 
2.78255940e-02 -4.90784683 -4.74729559 -4.57927875 -4.37911336 -4.18682357 
2.15443469e-02 -4.90784683 -4.74729559 -4.57927875 -4.37911336 -4.18682357 
1.66810054e-02 -4.90784683 -4.74729559 -4.57927875 -4.37911336 -4.18682357 
1.29154967e-02 -4.90784683 -4.74729559 -4.57927875 -4.37911336 -4.18682357 
1.00000000e-02 -4.90784683 -4.74729559 -4.57927875 -4.37911336 -4.18682357 
7.74263683e-03 -4.90784683 -4.74729559 -4.57927875 -4.37911336 -4.18682357 
5.99484250e-03 -4.90784683 -4.74729559 -4.57927875 -4.37911336 -4.18682357 
4.64158883e-03 -4.90784683 -4.74729559 -4.57927875 -4.37911336 -4.18682357 
3.59381366e-03 -4.90784683 -4.74729559 -4.57927875 -4.37911336 -4.18682357 
2.78255940e-03 -4.90784683 -4.74729559 -4.57927875 -4.37911336 -4.18682357 
2.15443469e-03 -4.90784683 -4.74729559 -4.57927875 -4.37911336 -4.18682357 
1.66810054e-03 -4.90784683 -4.74729559 -4.57927875 -4.37911336 -4.18682357 
1.29154967e-03 -4.90784683 -4.74729559 -4.57927875 -4.37911336 -4.18682357 
1.00000000e-03 -4.90784683 -4.74729559 -4.57927875 -4.37911336 -4.18682357 
7.74263683e-04 -4.90784683 -4.74729559 -4.57927875 -4.37911336 -4.18682357 
5.99484250e-04 -4.90784683 -4.74729559 -4.57927875 -4.37911336 -4.18682357 
4.64158883e-04 -4.90784683 -4.74729559 -4.57927875 -4.37911336 -4.18682357 
3.59381366e-04 -4.90784683 -4.74729559 -4.57927875 -4.37911336 -4.18682357 
2.78255940e-04 -4.90784683 -4.74729559 -4.57927875 -4.37911336 -4.18682357 
2.15443469e-04 -4.90784683 -4.74729559 -4.57927875 -4.37911336 -4.18682357 
1.66810054e-04 -4.90784683 -4.74729559 -4.57927875 -4.37911336 -4.18682357 
1.29154967e-04 -4.90784683 -4.74729559 -4.57927875 -4.37911336 -4.18682357 
1.00000000e-04 -4.90784683 -4.74729559 -4.57927875 -4.37911336 -4.18682357 
7.74263683e-05 -4.90784683 -4.74729559 -4.57927875 -4.37911336 -4.18682357 
5.99484250e-05 -4.90784683 -4.74729559 -4.57927875 -4.37911336 -4.18682357 
4.64158883e-05 -4.90784683 -4.74729559 -4.57927875 -4.37911336 -4.18682357 
3.59381366e-05 -4.90784683 -4.74729559 -4.57927875 -4.37911336 -4.18682357 
2.78255940e-05 -4.90784683 -4.74729559 -4.57927875 -4.37911336 -4.18682357 
2.15443469e-05 -4.90784683 -4.74729559 -4.57927875 -4.37911336 -4.18682357 
1.66810054e-05 -4.90784683 -4.74729559 -4.57927875 -4.37911336 -4.18682357 
1.29154967e-05 -4.90784683 -4.74729559 -4.57927875 -4.37911336 -4.18682357 
1.00000000e-05 -4.90784683 -4.74729559 -4.57927875 -4.37911336 -4.18682357 
7.74263683e-06 -4.90784683 -4.74729559 -4.57927875 -4.37911336 -4.18682357 
5.99484250e-06 -4.90784683 -4.74729559 -4.57927875 -4.37911336 -4.18682357 
4.64158883e-06 -4.90784683 -4.74729559 -4.57927875 -4.37911336 -4.18682357 
3.59381366e-06 -4.90784683 -4.74729559 -4.57927875 -4.37911336 -4.18682357 
2.78255940e-06 -4.90784683 -4.74729559 -4.57927875 -4.37911336 -4.18682357 
2.15443469e-06 -4.90784683 -4.74729559 -4.57927875 -4.37911336 -4.18682357 
1.66810054e-06 -4.90784683 -4.74729559 -4.57927875 -4.37911336 -4.18682357 
1.29154967e-06 -4.90784683 -4.74729559 -4.57927875 -4.37911336 -4.18682357 
1.00000000e-06 -4.90784683 -4.74729559 -4.57927875 -4.37911336 -4.18682357 
7.74263683e-07 -4.90784683 -4.74729559 -4.57927875 -4.37911336 -4.18682357 
5.99484250e-07 -4.90784683 -4.74729559 -4.57927875 -4.37911336 -4.18682357 
4.64158883e-07 -4.90784683 -4.74729559 -4.57927875 -4.37911336 -4.18682357 
3.59381366e-07 -4.90784683 -4.74729559 -4.57927875 -4.37911336 -4.18682357 
2.78255940e-07 -4.90784683 -4.74729559 -4.57927875 -4.37911336 -4.18682357 
2.15443469e-07 -4.90784683 -4.74729559 -4.57927875 -4.37911336 -4.18682357 
1.66810054e-07 -4.90784683 -4.74729559 -4.57927875 -4.37911336 -4.18682357 
1.29154967e-07 -4.90784683 -4.74729559 -4.57927875 -4.37911336 -4.18682357 
1.00000000e-07 -4.90784683 -4.74729559 -4.57927875 -4.37911336 -4.18682357 
7.74263683e-08 -4.90784683 -4.74729559 -4.57927875 -4.37911336 -4.18682357 
5.99484250e-08 -4.90784683 -4.74729559 -4.57927875 -4.37911336 -4.18682357 
4.64158883e-08 -4.90784683 -4.74729559 -4.57927875 -4.37911336 -4.18682357 
3.59381366e-08 -4.90784683 -4.74729559 -4.57927875 -4.37911336 -4.18682357 
2.78255940e-08 -4.90784683 -4.74729559 -4.57927875 -4.37911336 -4.18682357 
2.15443469e-08 -4.90784683 -4.74729559 -4.57927875 -4.37911336 -4.18682357 
1.66810054e-08 -4.90784683 -4.74729559 -4.57927875 -4.37911336 -4.18682357 
1.29154967e-08 -4.90784683 -4.74729559 -4.57927875 -4.37911336 -4.18682357 
1.00000000e-08 -4.90784683 -4.74729559 -4.57927875 -4.37911336 -4.18682357 
7.74263683e-09 -4.90784683 -4.74729559 -4.57927875 -4.37911336 -4.18682357 
5.99484250e-09 -4.90784683 -4.74729559 -4.57927875 -4.37911336 -4.18682357 
4.64158883e-09 -4.90784683 -4.74729559 -4.57927875 -4.37911336 -4.18682357 
3.59381366e-09 -4.90784683 -4.74729559 -4.57927875 -4.37911336 -4.18682357 
2.78255940e-09 -4.90784683 -4.74729559 -4.57927875 -4.37911336 -4.18682357 
2.15443469e-09 -4.90784683 -4.74729559 -4.57927875 -4.37911336 -4.18682357 
1.66810054e-09 -4.90784683 -4.74729559 -4.57927875 -4.37911336 -4.18682357 
1.29154967e-09 -4.90784683 -4.74729559 -4.57927875 -4.37911336 -4.18682357 
1.00000000e-09 -4.90784683 -4.74729559 -4.57927875 -4.37911336 -4.18682357 
7.74263683e-10 -4.90784683 -4.74729559 -4.57927875 -4.37911336 -4.18682357 
5.99484250e-10 -4.90784683 -4.74729559 -4.57927875 -4.37911336 -4.18682357 
4.64158883e-10 -4.90784683 -4.74729559 -4.57927875 -4.37911336 -4.18682357 
3.59381366e-10 -4.90784683 -4.74729559 -4.57927875 -4.37911336 -4.18682357 
2.78255940e-10 -4.90784683 -4.74729559 -4.57927875 -4.37911336 -4.18682357 
2.15443469e-10 -4.90784683 -4.74729559 -4.57927875 -4.37911336 -4.18682357 
1.66810054e-10 -4.90784683 -4.74729559 -4.57927875 -4.37911336 -4.18682357 
1.29154967e-10 -4.90784683 -4.74729559 -4.57927875 -4.37911336 -4.18682357 
1.00000000e-10 -4.90784683 -4.74729559 -4.57927875 -4.37911336 -4.18682357 
P (bar) | log_O2: -2σ | log_O2: -1σ | log_O2: median | log_O2: +1σ | log_O2: +2σ 
1.00000000e+01 -8.97402283 -3.48411145 -1.54515548 -1.14856139 -1.01848711 
7.74263683e+00 -8.97402283 -3.48411145 -1.54515548 -1.14856139 -1.01848711 
5.99484250e+00 -8.97402283 -3.48411145 -1.54515548 -1.14856139 -1.01848711 
4.64158883e+00 -8.97402283 -3.48411145 -1.54515548 -1.14856139 -1.01848711 
3.59381366e+00 -8.97402283 -3.48411145 -1.54515548 -1.14856139 -1.01848711 
2.78255940e+00 -8.97402283 -3.48411145 -1.54515548 -1.14856139 -1.01848711 
2.15443469e+00 -8.97402283 -3.48411145 -1.54515548 -1.14856139 -1.01848711 
1.66810054e+00 -8.97402283 -3.48411145 -1.54515548 -1.14856139 -1.01848711 
1.29154967e+00 -8.97402283 -3.48411145 -1.54515548 -1.14856139 -1.01848711 
1.00000000e+00 -8.97402283 -3.48411145 -1.54515548 -1.14856139 -1.01848711 
7.74263683e-01 -8.97402283 -3.48411145 -1.54515548 -1.14856139 -1.01848711 
5.99484250e-01 -8.97402283 -3.48411145 -1.54515548 -1.14856139 -1.01848711 
4.64158883e-01 -8.97402283 -3.48411145 -1.54515548 -1.14856139 -1.01848711 
3.59381366e-01 -8.97402283 -3.48411145 -1.54515548 -1.14856139 -1.01848711 
2.78255940e-01 -8.97402283 -3.48411145 -1.54515548 -1.14856139 -1.01848711 
2.15443469e-01 -8.97402283 -3.48411145 -1.54515548 -1.14856139 -1.01848711 
1.66810054e-01 -8.97402283 -3.48411145 -1.54515548 -1.14856139 -1.01848711 
1.29154967e-01 -8.97402283 -3.48411145 -1.54515548 -1.14856139 -1.01848711 
1.00000000e-01 -8.97402283 -3.48411145 -1.54515548 -1.14856139 -1.01848711 
7.74263683e-02 -8.97402283 -3.48411145 -1.54515548 -1.14856139 -1.01848711 
5.99484250e-02 -8.97402283 -3.48411145 -1.54515548 -1.14856139 -1.01848711 
4.64158883e-02 -8.97402283 -3.48411145 -1.54515548 -1.14856139 -1.01848711 
3.59381366e-02 -8.97402283 -3.48411145 -1.54515548 -1.14856139 -1.01848711 
2.78255940e-02 -8.97402283 -3.48411145 -1.54515548 -1.14856139 -1.01848711 
2.15443469e-02 -8.97402283 -3.48411145 -1.54515548 -1.14856139 -1.01848711 
1.66810054e-02 -8.97402283 -3.48411145 -1.54515548 -1.14856139 -1.01848711 
1.29154967e-02 -8.97402283 -3.48411145 -1.54515548 -1.14856139 -1.01848711 
1.00000000e-02 -8.97402283 -3.48411145 -1.54515548 -1.14856139 -1.01848711 
7.74263683e-03 -8.97402283 -3.48411145 -1.54515548 -1.14856139 -1.01848711 
5.99484250e-03 -8.97402283 -3.48411145 -1.54515548 -1.14856139 -1.01848711 
4.64158883e-03 -8.97402283 -3.48411145 -1.54515548 -1.14856139 -1.01848711 
3.59381366e-03 -8.97402283 -3.48411145 -1.54515548 -1.14856139 -1.01848711 
2.78255940e-03 -8.97402283 -3.48411145 -1.54515548 -1.14856139 -1.01848711 
2.15443469e-03 -8.97402283 -3.48411145 -1.54515548 -1.14856139 -1.01848711 
1.66810054e-03 -8.97402283 -3.48411145 -1.54515548 -1.14856139 -1.01848711 
1.29154967e-03 -8.97402283 -3.48411145 -1.54515548 -1.14856139 -1.01848711 
1.00000000e-03 -8.97402283 -3.48411145 -1.54515548 -1.14856139 -1.01848711 
7.74263683e-04 -8.97402283 -3.48411145 -1.54515548 -1.14856139 -1.01848711 
5.99484250e-04 -8.97402283 -3.48411145 -1.54515548 -1.14856139 -1.01848711 
4.64158883e-04 -8.97402283 -3.48411145 -1.54515548 -1.14856139 -1.01848711 
3.59381366e-04 -8.97402283 -3.48411145 -1.54515548 -1.14856139 -1.01848711 
2.78255940e-04 -8.97402283 -3.48411145 -1.54515548 -1.14856139 -1.01848711 
2.15443469e-04 -8.97402283 -3.48411145 -1.54515548 -1.14856139 -1.01848711 
1.66810054e-04 -8.97402283 -3.48411145 -1.54515548 -1.14856139 -1.01848711 
1.29154967e-04 -8.97402283 -3.48411145 -1.54515548 -1.14856139 -1.01848711 
1.00000000e-04 -8.97402283 -3.48411145 -1.54515548 -1.14856139 -1.01848711 
7.74263683e-05 -8.97402283 -3.48411145 -1.54515548 -1.14856139 -1.01848711 
5.99484250e-05 -8.97402283 -3.48411145 -1.54515548 -1.14856139 -1.01848711 
4.64158883e-05 -8.97402283 -3.48411145 -1.54515548 -1.14856139 -1.01848711 
3.59381366e-05 -8.97402283 -3.48411145 -1.54515548 -1.14856139 -1.01848711 
2.78255940e-05 -8.97402283 -3.48411145 -1.54515548 -1.14856139 -1.01848711 
2.15443469e-05 -8.97402283 -3.48411145 -1.54515548 -1.14856139 -1.01848711 
1.66810054e-05 -8.97402283 -3.48411145 -1.54515548 -1.14856139 -1.01848711 
1.29154967e-05 -8.97402283 -3.48411145 -1.54515548 -1.14856139 -1.01848711 
1.00000000e-05 -8.97402283 -3.48411145 -1.54515548 -1.14856139 -1.01848711 
7.74263683e-06 -8.97402283 -3.48411145 -1.54515548 -1.14856139 -1.01848711 
5.99484250e-06 -8.97402283 -3.48411145 -1.54515548 -1.14856139 -1.01848711 
4.64158883e-06 -8.97402283 -3.48411145 -1.54515548 -1.14856139 -1.01848711 
3.59381366e-06 -8.97402283 -3.48411145 -1.54515548 -1.14856139 -1.01848711 
2.78255940e-06 -8.97402283 -3.48411145 -1.54515548 -1.14856139 -1.01848711 
2.15443469e-06 -8.97402283 -3.48411145 -1.54515548 -1.14856139 -1.01848711 
1.66810054e-06 -8.97402283 -3.48411145 -1.54515548 -1.14856139 -1.01848711 
1.29154967e-06 -8.97402283 -3.48411145 -1.54515548 -1.14856139 -1.01848711 
1.00000000e-06 -8.97402283 -3.48411145 -1.54515548 -1.14856139 -1.01848711 
7.74263683e-07 -8.97402283 -3.48411145 -1.54515548 -1.14856139 -1.01848711 
5.99484250e-07 -8.97402283 -3.48411145 -1.54515548 -1.14856139 -1.01848711 
4.64158883e-07 -8.97402283 -3.48411145 -1.54515548 -1.14856139 -1.01848711 
3.59381366e-07 -8.97402283 -3.48411145 -1.54515548 -1.14856139 -1.01848711 
2.78255940e-07 -8.97402283 -3.48411145 -1.54515548 -1.14856139 -1.01848711 
2.15443469e-07 -8.97402283 -3.48411145 -1.54515548 -1.14856139 -1.01848711 
1.66810054e-07 -8.97402283 -3.48411145 -1.54515548 -1.14856139 -1.01848711 
1.29154967e-07 -8.97402283 -3.48411145 -1.54515548 -1.14856139 -1.01848711 
1.00000000e-07 -8.97402283 -3.48411145 -1.54515548 -1.14856139 -1.01848711 
7.74263683e-08 -8.97402283 -3.48411145 -1.54515548 -1.14856139 -1.01848711 
5.99484250e-08 -8.97402283 -3.48411145 -1.54515548 -1.14856139 -1.01848711 
4.64158883e-08 -8.97402283 -3.48411145 -1.54515548 -1.14856139 -1.01848711 
3.59381366e-08 -8.97402283 -3.48411145 -1.54515548 -1.14856139 -1.01848711 
2.78255940e-08 -8.97402283 -3.48411145 -1.54515548 -1.14856139 -1.01848711 
2.15443469e-08 -8.97402283 -3.48411145 -1.54515548 -1.14856139 -1.01848711 
1.66810054e-08 -8.97402283 -3.48411145 -1.54515548 -1.14856139 -1.01848711 
1.29154967e-08 -8.97402283 -3.48411145 -1.54515548 -1.14856139 -1.01848711 
1.00000000e-08 -8.97402283 -3.48411145 -1.54515548 -1.14856139 -1.01848711 
7.74263683e-09 -8.97402283 -3.48411145 -1.54515548 -1.14856139 -1.01848711 
5.99484250e-09 -8.97402283 -3.48411145 -1.54515548 -1.14856139 -1.01848711 
4.64158883e-09 -8.97402283 -3.48411145 -1.54515548 -1.14856139 -1.01848711 
3.59381366e-09 -8.97402283 -3.48411145 -1.54515548 -1.14856139 -1.01848711 
2.78255940e-09 -8.97402283 -3.48411145 -1.54515548 -1.14856139 -1.01848711 
2.15443469e-09 -8.97402283 -3.48411145 -1.54515548 -1.14856139 -1.01848711 
1.66810054e-09 -8.97402283 -3.48411145 -1.54515548 -1.14856139 -1.01848711 
1.29154967e-09 -8.97402283 -3.48411145 -1.54515548 -1.14856139 -1.01848711 
1.00000000e-09 -8.97402283 -3.48411145 -1.54515548 -1.14856139 -1.01848711 
7.74263683e-10 -8.97402283 -3.48411145 -1.54515548 -1.14856139 -1.01848711 
5.99484250e-10 -8.97402283 -3.48411145 -1.54515548 -1.14856139 -1.01848711 
4.64158883e-10 -8.97402283 -3.48411145 -1.54515548 -1.14856139 -1.01848711 
3.59381366e-10 -8.97402283 -3.48411145 -1.54515548 -1.14856139 -1.01848711 
2.78255940e-10 -8.97402283 -3.48411145 -1.54515548 -1.14856139 -1.01848711 
2.15443469e-10 -8.97402283 -3.48411145 -1.54515548 -1.14856139 -1.01848711 
1.66810054e-10 -8.97402283 -3.48411145 -1.54515548 -1.14856139 -1.01848711 
1.29154967e-10 -8.97402283 -3.48411145 -1.54515548 -1.14856139 -1.01848711 
1.00000000e-10 -8.97402283 -3.48411145 -1.54515548 -1.14856139 -1.01848711 
P (bar) | log_O3: -2σ | log_O3: -1σ | log_O3: median | log_O3: +1σ | log_O3: +2σ 
1.00000000e+01 -9.92129311 -9.41319270 -8.33432024 -7.07794824 -6.06026190 
7.74263683e+00 -9.92129311 -9.41319270 -8.33432024 -7.07794824 -6.06026190 
5.99484250e+00 -9.92129311 -9.41319270 -8.33432024 -7.07794824 -6.06026190 
4.64158883e+00 -9.92129311 -9.41319270 -8.33432024 -7.07794824 -6.06026190 
3.59381366e+00 -9.92129311 -9.41319270 -8.33432024 -7.07794824 -6.06026190 
2.78255940e+00 -9.92129311 -9.41319270 -8.33432024 -7.07794824 -6.06026190 
2.15443469e+00 -9.92129311 -9.41319270 -8.33432024 -7.07794824 -6.06026190 
1.66810054e+00 -9.92129311 -9.41319270 -8.33432024 -7.07794824 -6.06026190 
1.29154967e+00 -9.92129311 -9.41319270 -8.33432024 -7.07794824 -6.06026190 
1.00000000e+00 -9.92129311 -9.41319270 -8.33432024 -7.07794824 -6.06026190 
7.74263683e-01 -9.92129311 -9.41319270 -8.33432024 -7.07794824 -6.06026190 
5.99484250e-01 -9.92129311 -9.41319270 -8.33432024 -7.07794824 -6.06026190 
4.64158883e-01 -9.92129311 -9.41319270 -8.33432024 -7.07794824 -6.06026190 
3.59381366e-01 -9.92129311 -9.41319270 -8.33432024 -7.07794824 -6.06026190 
2.78255940e-01 -9.92129311 -9.41319270 -8.33432024 -7.07794824 -6.06026190 
2.15443469e-01 -9.92129311 -9.41319270 -8.33432024 -7.07794824 -6.06026190 
1.66810054e-01 -9.92129311 -9.41319270 -8.33432024 -7.07794824 -6.06026190 
1.29154967e-01 -9.92129311 -9.41319270 -8.33432024 -7.07794824 -6.06026190 
1.00000000e-01 -9.92129311 -9.41319270 -8.33432024 -7.07794824 -6.06026190 
7.74263683e-02 -9.92129311 -9.41319270 -8.33432024 -7.07794824 -6.06026190 
5.99484250e-02 -9.92129311 -9.41319270 -8.33432024 -7.07794824 -6.06026190 
4.64158883e-02 -9.92129311 -9.41319270 -8.33432024 -7.07794824 -6.06026190 
3.59381366e-02 -9.92129311 -9.41319270 -8.33432024 -7.07794824 -6.06026190 
2.78255940e-02 -9.92129311 -9.41319270 -8.33432024 -7.07794824 -6.06026190 
2.15443469e-02 -9.92129311 -9.41319270 -8.33432024 -7.07794824 -6.06026190 
1.66810054e-02 -9.92129311 -9.41319270 -8.33432024 -7.07794824 -6.06026190 
1.29154967e-02 -9.92129311 -9.41319270 -8.33432024 -7.07794824 -6.06026190 
1.00000000e-02 -9.92129311 -9.41319270 -8.33432024 -7.07794824 -6.06026190 
7.74263683e-03 -9.92129311 -9.41319270 -8.33432024 -7.07794824 -6.06026190 
5.99484250e-03 -9.92129311 -9.41319270 -8.33432024 -7.07794824 -6.06026190 
4.64158883e-03 -9.92129311 -9.41319270 -8.33432024 -7.07794824 -6.06026190 
3.59381366e-03 -9.92129311 -9.41319270 -8.33432024 -7.07794824 -6.06026190 
2.78255940e-03 -9.92129311 -9.41319270 -8.33432024 -7.07794824 -6.06026190 
2.15443469e-03 -9.92129311 -9.41319270 -8.33432024 -7.07794824 -6.06026190 
1.66810054e-03 -9.92129311 -9.41319270 -8.33432024 -7.07794824 -6.06026190 
1.29154967e-03 -9.92129311 -9.41319270 -8.33432024 -7.07794824 -6.06026190 
1.00000000e-03 -9.92129311 -9.41319270 -8.33432024 -7.07794824 -6.06026190 
7.74263683e-04 -9.92129311 -9.41319270 -8.33432024 -7.07794824 -6.06026190 
5.99484250e-04 -9.92129311 -9.41319270 -8.33432024 -7.07794824 -6.06026190 
4.64158883e-04 -9.92129311 -9.41319270 -8.33432024 -7.07794824 -6.06026190 
3.59381366e-04 -9.92129311 -9.41319270 -8.33432024 -7.07794824 -6.06026190 
2.78255940e-04 -9.92129311 -9.41319270 -8.33432024 -7.07794824 -6.06026190 
2.15443469e-04 -9.92129311 -9.41319270 -8.33432024 -7.07794824 -6.06026190 
1.66810054e-04 -9.92129311 -9.41319270 -8.33432024 -7.07794824 -6.06026190 
1.29154967e-04 -9.92129311 -9.41319270 -8.33432024 -7.07794824 -6.06026190 
1.00000000e-04 -9.92129311 -9.41319270 -8.33432024 -7.07794824 -6.06026190 
7.74263683e-05 -9.92129311 -9.41319270 -8.33432024 -7.07794824 -6.06026190 
5.99484250e-05 -9.92129311 -9.41319270 -8.33432024 -7.07794824 -6.06026190 
4.64158883e-05 -9.92129311 -9.41319270 -8.33432024 -7.07794824 -6.06026190 
3.59381366e-05 -9.92129311 -9.41319270 -8.33432024 -7.07794824 -6.06026190 
2.78255940e-05 -9.92129311 -9.41319270 -8.33432024 -7.07794824 -6.06026190 
2.15443469e-05 -9.92129311 -9.41319270 -8.33432024 -7.07794824 -6.06026190 
1.66810054e-05 -9.92129311 -9.41319270 -8.33432024 -7.07794824 -6.06026190 
1.29154967e-05 -9.92129311 -9.41319270 -8.33432024 -7.07794824 -6.06026190 
1.00000000e-05 -9.92129311 -9.41319270 -8.33432024 -7.07794824 -6.06026190 
7.74263683e-06 -9.92129311 -9.41319270 -8.33432024 -7.07794824 -6.06026190 
5.99484250e-06 -9.92129311 -9.41319270 -8.33432024 -7.07794824 -6.06026190 
4.64158883e-06 -9.92129311 -9.41319270 -8.33432024 -7.07794824 -6.06026190 
3.59381366e-06 -9.92129311 -9.41319270 -8.33432024 -7.07794824 -6.06026190 
2.78255940e-06 -9.92129311 -9.41319270 -8.33432024 -7.07794824 -6.06026190 
2.15443469e-06 -9.92129311 -9.41319270 -8.33432024 -7.07794824 -6.06026190 
1.66810054e-06 -9.92129311 -9.41319270 -8.33432024 -7.07794824 -6.06026190 
1.29154967e-06 -9.92129311 -9.41319270 -8.33432024 -7.07794824 -6.06026190 
1.00000000e-06 -9.92129311 -9.41319270 -8.33432024 -7.07794824 -6.06026190 
7.74263683e-07 -9.92129311 -9.41319270 -8.33432024 -7.07794824 -6.06026190 
5.99484250e-07 -9.92129311 -9.41319270 -8.33432024 -7.07794824 -6.06026190 
4.64158883e-07 -9.92129311 -9.41319270 -8.33432024 -7.07794824 -6.06026190 
3.59381366e-07 -9.92129311 -9.41319270 -8.33432024 -7.07794824 -6.06026190 
2.78255940e-07 -9.92129311 -9.41319270 -8.33432024 -7.07794824 -6.06026190 
2.15443469e-07 -9.92129311 -9.41319270 -8.33432024 -7.07794824 -6.06026190 
1.66810054e-07 -9.92129311 -9.41319270 -8.33432024 -7.07794824 -6.06026190 
1.29154967e-07 -9.92129311 -9.41319270 -8.33432024 -7.07794824 -6.06026190 
1.00000000e-07 -9.92129311 -9.41319270 -8.33432024 -7.07794824 -6.06026190 
7.74263683e-08 -9.92129311 -9.41319270 -8.33432024 -7.07794824 -6.06026190 
5.99484250e-08 -9.92129311 -9.41319270 -8.33432024 -7.07794824 -6.06026190 
4.64158883e-08 -9.92129311 -9.41319270 -8.33432024 -7.07794824 -6.06026190 
3.59381366e-08 -9.92129311 -9.41319270 -8.33432024 -7.07794824 -6.06026190 
2.78255940e-08 -9.92129311 -9.41319270 -8.33432024 -7.07794824 -6.06026190 
2.15443469e-08 -9.92129311 -9.41319270 -8.33432024 -7.07794824 -6.06026190 
1.66810054e-08 -9.92129311 -9.41319270 -8.33432024 -7.07794824 -6.06026190 
1.29154967e-08 -9.92129311 -9.41319270 -8.33432024 -7.07794824 -6.06026190 
1.00000000e-08 -9.92129311 -9.41319270 -8.33432024 -7.07794824 -6.06026190 
7.74263683e-09 -9.92129311 -9.41319270 -8.33432024 -7.07794824 -6.06026190 
5.99484250e-09 -9.92129311 -9.41319270 -8.33432024 -7.07794824 -6.06026190 
4.64158883e-09 -9.92129311 -9.41319270 -8.33432024 -7.07794824 -6.06026190 
3.59381366e-09 -9.92129311 -9.41319270 -8.33432024 -7.07794824 -6.06026190 
2.78255940e-09 -9.92129311 -9.41319270 -8.33432024 -7.07794824 -6.06026190 
2.15443469e-09 -9.92129311 -9.41319270 -8.33432024 -7.07794824 -6.06026190 
1.66810054e-09 -9.92129311 -9.41319270 -8.33432024 -7.07794824 -6.06026190 
1.29154967e-09 -9.92129311 -9.41319270 -8.33432024 -7.07794824 -6.06026190 
1.00000000e-09 -9.92129311 -9.41319270 -8.33432024 -7.07794824 -6.06026190 
7.74263683e-10 -9.92129311 -9.41319270 -8.33432024 -7.07794824 -6.06026190 
5.99484250e-10 -9.92129311 -9.41319270 -8.33432024 -7.07794824 -6.06026190 
4.64158883e-10 -9.92129311 -9.41319270 -8.33432024 -7.07794824 -6.06026190 
3.59381366e-10 -9.92129311 -9.41319270 -8.33432024 -7.07794824 -6.06026190 
2.78255940e-10 -9.92129311 -9.41319270 -8.33432024 -7.07794824 -6.06026190 
2.15443469e-10 -9.92129311 -9.41319270 -8.33432024 -7.07794824 -6.06026190 
1.66810054e-10 -9.92129311 -9.41319270 -8.33432024 -7.07794824 -6.06026190 
1.29154967e-10 -9.92129311 -9.41319270 -8.33432024 -7.07794824 -6.06026190 
1.00000000e-10 -9.92129311 -9.41319270 -8.33432024 -7.07794824 -6.06026190 
P (bar) | log_N2O: -2σ | log_N2O: -1σ | log_N2O: median | log_N2O: +1σ | log_N2O: +2σ 
1.00000000e+01 -9.93641055 -9.29352194 -7.86304509 -6.77494764 -6.09827003 
7.74263683e+00 -9.93641055 -9.29352194 -7.86304509 -6.77494764 -6.09827003 
5.99484250e+00 -9.93641055 -9.29352194 -7.86304509 -6.77494764 -6.09827003 
4.64158883e+00 -9.93641055 -9.29352194 -7.86304509 -6.77494764 -6.09827003 
3.59381366e+00 -9.93641055 -9.29352194 -7.86304509 -6.77494764 -6.09827003 
2.78255940e+00 -9.93641055 -9.29352194 -7.86304509 -6.77494764 -6.09827003 
2.15443469e+00 -9.93641055 -9.29352194 -7.86304509 -6.77494764 -6.09827003 
1.66810054e+00 -9.93641055 -9.29352194 -7.86304509 -6.77494764 -6.09827003 
1.29154967e+00 -9.93641055 -9.29352194 -7.86304509 -6.77494764 -6.09827003 
1.00000000e+00 -9.93641055 -9.29352194 -7.86304509 -6.77494764 -6.09827003 
7.74263683e-01 -9.93641055 -9.29352194 -7.86304509 -6.77494764 -6.09827003 
5.99484250e-01 -9.93641055 -9.29352194 -7.86304509 -6.77494764 -6.09827003 
4.64158883e-01 -9.93641055 -9.29352194 -7.86304509 -6.77494764 -6.09827003 
3.59381366e-01 -9.93641055 -9.29352194 -7.86304509 -6.77494764 -6.09827003 
2.78255940e-01 -9.93641055 -9.29352194 -7.86304509 -6.77494764 -6.09827003 
2.15443469e-01 -9.93641055 -9.29352194 -7.86304509 -6.77494764 -6.09827003 
1.66810054e-01 -9.93641055 -9.29352194 -7.86304509 -6.77494764 -6.09827003 
1.29154967e-01 -9.93641055 -9.29352194 -7.86304509 -6.77494764 -6.09827003 
1.00000000e-01 -9.93641055 -9.29352194 -7.86304509 -6.77494764 -6.09827003 
7.74263683e-02 -9.93641055 -9.29352194 -7.86304509 -6.77494764 -6.09827003 
5.99484250e-02 -9.93641055 -9.29352194 -7.86304509 -6.77494764 -6.09827003 
4.64158883e-02 -9.93641055 -9.29352194 -7.86304509 -6.77494764 -6.09827003 
3.59381366e-02 -9.93641055 -9.29352194 -7.86304509 -6.77494764 -6.09827003 
2.78255940e-02 -9.93641055 -9.29352194 -7.86304509 -6.77494764 -6.09827003 
2.15443469e-02 -9.93641055 -9.29352194 -7.86304509 -6.77494764 -6.09827003 
1.66810054e-02 -9.93641055 -9.29352194 -7.86304509 -6.77494764 -6.09827003 
1.29154967e-02 -9.93641055 -9.29352194 -7.86304509 -6.77494764 -6.09827003 
1.00000000e-02 -9.93641055 -9.29352194 -7.86304509 -6.77494764 -6.09827003 
7.74263683e-03 -9.93641055 -9.29352194 -7.86304509 -6.77494764 -6.09827003 
5.99484250e-03 -9.93641055 -9.29352194 -7.86304509 -6.77494764 -6.09827003 
4.64158883e-03 -9.93641055 -9.29352194 -7.86304509 -6.77494764 -6.09827003 
3.59381366e-03 -9.93641055 -9.29352194 -7.86304509 -6.77494764 -6.09827003 
2.78255940e-03 -9.93641055 -9.29352194 -7.86304509 -6.77494764 -6.09827003 
2.15443469e-03 -9.93641055 -9.29352194 -7.86304509 -6.77494764 -6.09827003 
1.66810054e-03 -9.93641055 -9.29352194 -7.86304509 -6.77494764 -6.09827003 
1.29154967e-03 -9.93641055 -9.29352194 -7.86304509 -6.77494764 -6.09827003 
1.00000000e-03 -9.93641055 -9.29352194 -7.86304509 -6.77494764 -6.09827003 
7.74263683e-04 -9.93641055 -9.29352194 -7.86304509 -6.77494764 -6.09827003 
5.99484250e-04 -9.93641055 -9.29352194 -7.86304509 -6.77494764 -6.09827003 
4.64158883e-04 -9.93641055 -9.29352194 -7.86304509 -6.77494764 -6.09827003 
3.59381366e-04 -9.93641055 -9.29352194 -7.86304509 -6.77494764 -6.09827003 
2.78255940e-04 -9.93641055 -9.29352194 -7.86304509 -6.77494764 -6.09827003 
2.15443469e-04 -9.93641055 -9.29352194 -7.86304509 -6.77494764 -6.09827003 
1.66810054e-04 -9.93641055 -9.29352194 -7.86304509 -6.77494764 -6.09827003 
1.29154967e-04 -9.93641055 -9.29352194 -7.86304509 -6.77494764 -6.09827003 
1.00000000e-04 -9.93641055 -9.29352194 -7.86304509 -6.77494764 -6.09827003 
7.74263683e-05 -9.93641055 -9.29352194 -7.86304509 -6.77494764 -6.09827003 
5.99484250e-05 -9.93641055 -9.29352194 -7.86304509 -6.77494764 -6.09827003 
4.64158883e-05 -9.93641055 -9.29352194 -7.86304509 -6.77494764 -6.09827003 
3.59381366e-05 -9.93641055 -9.29352194 -7.86304509 -6.77494764 -6.09827003 
2.78255940e-05 -9.93641055 -9.29352194 -7.86304509 -6.77494764 -6.09827003 
2.15443469e-05 -9.93641055 -9.29352194 -7.86304509 -6.77494764 -6.09827003 
1.66810054e-05 -9.93641055 -9.29352194 -7.86304509 -6.77494764 -6.09827003 
1.29154967e-05 -9.93641055 -9.29352194 -7.86304509 -6.77494764 -6.09827003 
1.00000000e-05 -9.93641055 -9.29352194 -7.86304509 -6.77494764 -6.09827003 
7.74263683e-06 -9.93641055 -9.29352194 -7.86304509 -6.77494764 -6.09827003 
5.99484250e-06 -9.93641055 -9.29352194 -7.86304509 -6.77494764 -6.09827003 
4.64158883e-06 -9.93641055 -9.29352194 -7.86304509 -6.77494764 -6.09827003 
3.59381366e-06 -9.93641055 -9.29352194 -7.86304509 -6.77494764 -6.09827003 
2.78255940e-06 -9.93641055 -9.29352194 -7.86304509 -6.77494764 -6.09827003 
2.15443469e-06 -9.93641055 -9.29352194 -7.86304509 -6.77494764 -6.09827003 
1.66810054e-06 -9.93641055 -9.29352194 -7.86304509 -6.77494764 -6.09827003 
1.29154967e-06 -9.93641055 -9.29352194 -7.86304509 -6.77494764 -6.09827003 
1.00000000e-06 -9.93641055 -9.29352194 -7.86304509 -6.77494764 -6.09827003 
7.74263683e-07 -9.93641055 -9.29352194 -7.86304509 -6.77494764 -6.09827003 
5.99484250e-07 -9.93641055 -9.29352194 -7.86304509 -6.77494764 -6.09827003 
4.64158883e-07 -9.93641055 -9.29352194 -7.86304509 -6.77494764 -6.09827003 
3.59381366e-07 -9.93641055 -9.29352194 -7.86304509 -6.77494764 -6.09827003 
2.78255940e-07 -9.93641055 -9.29352194 -7.86304509 -6.77494764 -6.09827003 
2.15443469e-07 -9.93641055 -9.29352194 -7.86304509 -6.77494764 -6.09827003 
1.66810054e-07 -9.93641055 -9.29352194 -7.86304509 -6.77494764 -6.09827003 
1.29154967e-07 -9.93641055 -9.29352194 -7.86304509 -6.77494764 -6.09827003 
1.00000000e-07 -9.93641055 -9.29352194 -7.86304509 -6.77494764 -6.09827003 
7.74263683e-08 -9.93641055 -9.29352194 -7.86304509 -6.77494764 -6.09827003 
5.99484250e-08 -9.93641055 -9.29352194 -7.86304509 -6.77494764 -6.09827003 
4.64158883e-08 -9.93641055 -9.29352194 -7.86304509 -6.77494764 -6.09827003 
3.59381366e-08 -9.93641055 -9.29352194 -7.86304509 -6.77494764 -6.09827003 
2.78255940e-08 -9.93641055 -9.29352194 -7.86304509 -6.77494764 -6.09827003 
2.15443469e-08 -9.93641055 -9.29352194 -7.86304509 -6.77494764 -6.09827003 
1.66810054e-08 -9.93641055 -9.29352194 -7.86304509 -6.77494764 -6.09827003 
1.29154967e-08 -9.93641055 -9.29352194 -7.86304509 -6.77494764 -6.09827003 
1.00000000e-08 -9.93641055 -9.29352194 -7.86304509 -6.77494764 -6.09827003 
7.74263683e-09 -9.93641055 -9.29352194 -7.86304509 -6.77494764 -6.09827003 
5.99484250e-09 -9.93641055 -9.29352194 -7.86304509 -6.77494764 -6.09827003 
4.64158883e-09 -9.93641055 -9.29352194 -7.86304509 -6.77494764 -6.09827003 
3.59381366e-09 -9.93641055 -9.29352194 -7.86304509 -6.77494764 -6.09827003 
2.78255940e-09 -9.93641055 -9.29352194 -7.86304509 -6.77494764 -6.09827003 
2.15443469e-09 -9.93641055 -9.29352194 -7.86304509 -6.77494764 -6.09827003 
1.66810054e-09 -9.93641055 -9.29352194 -7.86304509 -6.77494764 -6.09827003 
1.29154967e-09 -9.93641055 -9.29352194 -7.86304509 -6.77494764 -6.09827003 
1.00000000e-09 -9.93641055 -9.29352194 -7.86304509 -6.77494764 -6.09827003 
7.74263683e-10 -9.93641055 -9.29352194 -7.86304509 -6.77494764 -6.09827003 
5.99484250e-10 -9.93641055 -9.29352194 -7.86304509 -6.77494764 -6.09827003 
4.64158883e-10 -9.93641055 -9.29352194 -7.86304509 -6.77494764 -6.09827003 
3.59381366e-10 -9.93641055 -9.29352194 -7.86304509 -6.77494764 -6.09827003 
2.78255940e-10 -9.93641055 -9.29352194 -7.86304509 -6.77494764 -6.09827003 
2.15443469e-10 -9.93641055 -9.29352194 -7.86304509 -6.77494764 -6.09827003 
1.66810054e-10 -9.93641055 -9.29352194 -7.86304509 -6.77494764 -6.09827003 
1.29154967e-10 -9.93641055 -9.29352194 -7.86304509 -6.77494764 -6.09827003 
1.00000000e-10 -9.93641055 -9.29352194 -7.86304509 -6.77494764 -6.09827003 
P (bar) | log_NH3: -2σ | log_NH3: -1σ | log_NH3: median | log_NH3: +1σ | log_NH3: +2σ 
1.00000000e+01 -6.79413498 -6.42662970 -6.08512909 -5.80958250 -5.56888972 
7.74263683e+00 -6.79413498 -6.42662970 -6.08512909 -5.80958250 -5.56888972 
5.99484250e+00 -6.79413498 -6.42662970 -6.08512909 -5.80958250 -5.56888972 
4.64158883e+00 -6.79413498 -6.42662970 -6.08512909 -5.80958250 -5.56888972 
3.59381366e+00 -6.79413498 -6.42662970 -6.08512909 -5.80958250 -5.56888972 
2.78255940e+00 -6.79413498 -6.42662970 -6.08512909 -5.80958250 -5.56888972 
2.15443469e+00 -6.79413498 -6.42662970 -6.08512909 -5.80958250 -5.56888972 
1.66810054e+00 -6.79413498 -6.42662970 -6.08512909 -5.80958250 -5.56888972 
1.29154967e+00 -6.79413498 -6.42662970 -6.08512909 -5.80958250 -5.56888972 
1.00000000e+00 -6.79413498 -6.42662970 -6.08512909 -5.80958250 -5.56888972 
7.74263683e-01 -6.79413498 -6.42662970 -6.08512909 -5.80958250 -5.56888972 
5.99484250e-01 -6.79413498 -6.42662970 -6.08512909 -5.80958250 -5.56888972 
4.64158883e-01 -6.79413498 -6.42662970 -6.08512909 -5.80958250 -5.56888972 
3.59381366e-01 -6.79413498 -6.42662970 -6.08512909 -5.80958250 -5.56888972 
2.78255940e-01 -6.79413498 -6.42662970 -6.08512909 -5.80958250 -5.56888972 
2.15443469e-01 -6.79413498 -6.42662970 -6.08512909 -5.80958250 -5.56888972 
1.66810054e-01 -6.79413498 -6.42662970 -6.08512909 -5.80958250 -5.56888972 
1.29154967e-01 -6.79413498 -6.42662970 -6.08512909 -5.80958250 -5.56888972 
1.00000000e-01 -6.79413498 -6.42662970 -6.08512909 -5.80958250 -5.56888972 
7.74263683e-02 -6.79413498 -6.42662970 -6.08512909 -5.80958250 -5.56888972 
5.99484250e-02 -6.79413498 -6.42662970 -6.08512909 -5.80958250 -5.56888972 
4.64158883e-02 -6.79413498 -6.42662970 -6.08512909 -5.80958250 -5.56888972 
3.59381366e-02 -6.79413498 -6.42662970 -6.08512909 -5.80958250 -5.56888972 
2.78255940e-02 -6.79413498 -6.42662970 -6.08512909 -5.80958250 -5.56888972 
2.15443469e-02 -6.79413498 -6.42662970 -6.08512909 -5.80958250 -5.56888972 
1.66810054e-02 -6.79413498 -6.42662970 -6.08512909 -5.80958250 -5.56888972 
1.29154967e-02 -6.79413498 -6.42662970 -6.08512909 -5.80958250 -5.56888972 
1.00000000e-02 -6.79413498 -6.42662970 -6.08512909 -5.80958250 -5.56888972 
7.74263683e-03 -6.79413498 -6.42662970 -6.08512909 -5.80958250 -5.56888972 
5.99484250e-03 -6.79413498 -6.42662970 -6.08512909 -5.80958250 -5.56888972 
4.64158883e-03 -6.79413498 -6.42662970 -6.08512909 -5.80958250 -5.56888972 
3.59381366e-03 -6.79413498 -6.42662970 -6.08512909 -5.80958250 -5.56888972 
2.78255940e-03 -6.79413498 -6.42662970 -6.08512909 -5.80958250 -5.56888972 
2.15443469e-03 -6.79413498 -6.42662970 -6.08512909 -5.80958250 -5.56888972 
1.66810054e-03 -6.79413498 -6.42662970 -6.08512909 -5.80958250 -5.56888972 
1.29154967e-03 -6.79413498 -6.42662970 -6.08512909 -5.80958250 -5.56888972 
1.00000000e-03 -6.79413498 -6.42662970 -6.08512909 -5.80958250 -5.56888972 
7.74263683e-04 -6.79413498 -6.42662970 -6.08512909 -5.80958250 -5.56888972 
5.99484250e-04 -6.79413498 -6.42662970 -6.08512909 -5.80958250 -5.56888972 
4.64158883e-04 -6.79413498 -6.42662970 -6.08512909 -5.80958250 -5.56888972 
3.59381366e-04 -6.79413498 -6.42662970 -6.08512909 -5.80958250 -5.56888972 
2.78255940e-04 -6.79413498 -6.42662970 -6.08512909 -5.80958250 -5.56888972 
2.15443469e-04 -6.79413498 -6.42662970 -6.08512909 -5.80958250 -5.56888972 
1.66810054e-04 -6.79413498 -6.42662970 -6.08512909 -5.80958250 -5.56888972 
1.29154967e-04 -6.79413498 -6.42662970 -6.08512909 -5.80958250 -5.56888972 
1.00000000e-04 -6.79413498 -6.42662970 -6.08512909 -5.80958250 -5.56888972 
7.74263683e-05 -6.79413498 -6.42662970 -6.08512909 -5.80958250 -5.56888972 
5.99484250e-05 -6.79413498 -6.42662970 -6.08512909 -5.80958250 -5.56888972 
4.64158883e-05 -6.79413498 -6.42662970 -6.08512909 -5.80958250 -5.56888972 
3.59381366e-05 -6.79413498 -6.42662970 -6.08512909 -5.80958250 -5.56888972 
2.78255940e-05 -6.79413498 -6.42662970 -6.08512909 -5.80958250 -5.56888972 
2.15443469e-05 -6.79413498 -6.42662970 -6.08512909 -5.80958250 -5.56888972 
1.66810054e-05 -6.79413498 -6.42662970 -6.08512909 -5.80958250 -5.56888972 
1.29154967e-05 -6.79413498 -6.42662970 -6.08512909 -5.80958250 -5.56888972 
1.00000000e-05 -6.79413498 -6.42662970 -6.08512909 -5.80958250 -5.56888972 
7.74263683e-06 -6.79413498 -6.42662970 -6.08512909 -5.80958250 -5.56888972 
5.99484250e-06 -6.79413498 -6.42662970 -6.08512909 -5.80958250 -5.56888972 
4.64158883e-06 -6.79413498 -6.42662970 -6.08512909 -5.80958250 -5.56888972 
3.59381366e-06 -6.79413498 -6.42662970 -6.08512909 -5.80958250 -5.56888972 
2.78255940e-06 -6.79413498 -6.42662970 -6.08512909 -5.80958250 -5.56888972 
2.15443469e-06 -6.79413498 -6.42662970 -6.08512909 -5.80958250 -5.56888972 
1.66810054e-06 -6.79413498 -6.42662970 -6.08512909 -5.80958250 -5.56888972 
1.29154967e-06 -6.79413498 -6.42662970 -6.08512909 -5.80958250 -5.56888972 
1.00000000e-06 -6.79413498 -6.42662970 -6.08512909 -5.80958250 -5.56888972 
7.74263683e-07 -6.79413498 -6.42662970 -6.08512909 -5.80958250 -5.56888972 
5.99484250e-07 -6.79413498 -6.42662970 -6.08512909 -5.80958250 -5.56888972 
4.64158883e-07 -6.79413498 -6.42662970 -6.08512909 -5.80958250 -5.56888972 
3.59381366e-07 -6.79413498 -6.42662970 -6.08512909 -5.80958250 -5.56888972 
2.78255940e-07 -6.79413498 -6.42662970 -6.08512909 -5.80958250 -5.56888972 
2.15443469e-07 -6.79413498 -6.42662970 -6.08512909 -5.80958250 -5.56888972 
1.66810054e-07 -6.79413498 -6.42662970 -6.08512909 -5.80958250 -5.56888972 
1.29154967e-07 -6.79413498 -6.42662970 -6.08512909 -5.80958250 -5.56888972 
1.00000000e-07 -6.79413498 -6.42662970 -6.08512909 -5.80958250 -5.56888972 
7.74263683e-08 -6.79413498 -6.42662970 -6.08512909 -5.80958250 -5.56888972 
5.99484250e-08 -6.79413498 -6.42662970 -6.08512909 -5.80958250 -5.56888972 
4.64158883e-08 -6.79413498 -6.42662970 -6.08512909 -5.80958250 -5.56888972 
3.59381366e-08 -6.79413498 -6.42662970 -6.08512909 -5.80958250 -5.56888972 
2.78255940e-08 -6.79413498 -6.42662970 -6.08512909 -5.80958250 -5.56888972 
2.15443469e-08 -6.79413498 -6.42662970 -6.08512909 -5.80958250 -5.56888972 
1.66810054e-08 -6.79413498 -6.42662970 -6.08512909 -5.80958250 -5.56888972 
1.29154967e-08 -6.79413498 -6.42662970 -6.08512909 -5.80958250 -5.56888972 
1.00000000e-08 -6.79413498 -6.42662970 -6.08512909 -5.80958250 -5.56888972 
7.74263683e-09 -6.79413498 -6.42662970 -6.08512909 -5.80958250 -5.56888972 
5.99484250e-09 -6.79413498 -6.42662970 -6.08512909 -5.80958250 -5.56888972 
4.64158883e-09 -6.79413498 -6.42662970 -6.08512909 -5.80958250 -5.56888972 
3.59381366e-09 -6.79413498 -6.42662970 -6.08512909 -5.80958250 -5.56888972 
2.78255940e-09 -6.79413498 -6.42662970 -6.08512909 -5.80958250 -5.56888972 
2.15443469e-09 -6.79413498 -6.42662970 -6.08512909 -5.80958250 -5.56888972 
1.66810054e-09 -6.79413498 -6.42662970 -6.08512909 -5.80958250 -5.56888972 
1.29154967e-09 -6.79413498 -6.42662970 -6.08512909 -5.80958250 -5.56888972 
1.00000000e-09 -6.79413498 -6.42662970 -6.08512909 -5.80958250 -5.56888972 
7.74263683e-10 -6.79413498 -6.42662970 -6.08512909 -5.80958250 -5.56888972 
5.99484250e-10 -6.79413498 -6.42662970 -6.08512909 -5.80958250 -5.56888972 
4.64158883e-10 -6.79413498 -6.42662970 -6.08512909 -5.80958250 -5.56888972 
3.59381366e-10 -6.79413498 -6.42662970 -6.08512909 -5.80958250 -5.56888972 
2.78255940e-10 -6.79413498 -6.42662970 -6.08512909 -5.80958250 -5.56888972 
2.15443469e-10 -6.79413498 -6.42662970 -6.08512909 -5.80958250 -5.56888972 
1.66810054e-10 -6.79413498 -6.42662970 -6.08512909 -5.80958250 -5.56888972 
1.29154967e-10 -6.79413498 -6.42662970 -6.08512909 -5.80958250 -5.56888972 
1.00000000e-10 -6.79413498 -6.42662970 -6.08512909 -5.80958250 -5.56888972 
