Chemical species: N2 H2O CO2 CH4 O2 O3 N2O NH3
P (bar) | log_N2: -2σ | log_N2: -1σ | log_N2: median | log_N2: +1σ | log_N2: +2σ 
1.00000000e+01 -1.20053972 -0.66536437 -0.41805060 -0.25904661 -0.14172326 
7.74263683e+00 -1.20053972 -0.66536437 -0.41805060 -0.25904661 -0.14172326 
5.99484250e+00 -1.20053972 -0.66536437 -0.41805060 -0.25904661 -0.14172326 
4.64158883e+00 -1.20053972 -0.66536437 -0.41805060 -0.25904661 -0.14172326 
3.59381366e+00 -1.20053972 -0.66536437 -0.41805060 -0.25904661 -0.14172326 
2.78255940e+00 -1.20053972 -0.66536437 -0.41805060 -0.25904661 -0.14172326 
2.15443469e+00 -1.20053972 -0.66536437 -0.41805060 -0.25904661 -0.14172326 
1.66810054e+00 -1.20053972 -0.66536437 -0.41805060 -0.25904661 -0.14172326 
1.29154967e+00 -1.20053972 -0.66536437 -0.41805060 -0.25904661 -0.14172326 
1.00000000e+00 -1.20053972 -0.66536437 -0.41805060 -0.25904661 -0.14172326 
7.74263683e-01 -1.20053972 -0.66536437 -0.41805060 -0.25904661 -0.14172326 
5.99484250e-01 -1.20053972 -0.66536437 -0.41805060 -0.25904661 -0.14172326 
4.64158883e-01 -1.20053972 -0.66536437 -0.41805060 -0.25904661 -0.14172326 
3.59381366e-01 -1.20053972 -0.66536437 -0.41805060 -0.25904661 -0.14172326 
2.78255940e-01 -1.20053972 -0.66536437 -0.41805060 -0.25904661 -0.14172326 
2.15443469e-01 -1.20053972 -0.66536437 -0.41805060 -0.25904661 -0.14172326 
1.66810054e-01 -1.20053972 -0.66536437 -0.41805060 -0.25904661 -0.14172326 
1.29154967e-01 -1.20053972 -0.66536437 -0.41805060 -0.25904661 -0.14172326 
1.00000000e-01 -1.20053972 -0.66536437 -0.41805060 -0.25904661 -0.14172326 
7.74263683e-02 -1.20053972 -0.66536437 -0.41805060 -0.25904661 -0.14172326 
5.99484250e-02 -1.20053972 -0.66536437 -0.41805060 -0.25904661 -0.14172326 
4.64158883e-02 -1.20053972 -0.66536437 -0.41805060 -0.25904661 -0.14172326 
3.59381366e-02 -1.20053972 -0.66536437 -0.41805060 -0.25904661 -0.14172326 
2.78255940e-02 -1.20053972 -0.66536437 -0.41805060 -0.25904661 -0.14172326 
2.15443469e-02 -1.20053972 -0.66536437 -0.41805060 -0.25904661 -0.14172326 
1.66810054e-02 -1.20053972 -0.66536437 -0.41805060 -0.25904661 -0.14172326 
1.29154967e-02 -1.20053972 -0.66536437 -0.41805060 -0.25904661 -0.14172326 
1.00000000e-02 -1.20053972 -0.66536437 -0.41805060 -0.25904661 -0.14172326 
7.74263683e-03 -1.20053972 -0.66536437 -0.41805060 -0.25904661 -0.14172326 
5.99484250e-03 -1.20053972 -0.66536437 -0.41805060 -0.25904661 -0.14172326 
4.64158883e-03 -1.20053972 -0.66536437 -0.41805060 -0.25904661 -0.14172326 
3.59381366e-03 -1.20053972 -0.66536437 -0.41805060 -0.25904661 -0.14172326 
2.78255940e-03 -1.20053972 -0.66536437 -0.41805060 -0.25904661 -0.14172326 
2.15443469e-03 -1.20053972 -0.66536437 -0.41805060 -0.25904661 -0.14172326 
1.66810054e-03 -1.20053972 -0.66536437 -0.41805060 -0.25904661 -0.14172326 
1.29154967e-03 -1.20053972 -0.66536437 -0.41805060 -0.25904661 -0.14172326 
1.00000000e-03 -1.20053972 -0.66536437 -0.41805060 -0.25904661 -0.14172326 
7.74263683e-04 -1.20053972 -0.66536437 -0.41805060 -0.25904661 -0.14172326 
5.99484250e-04 -1.20053972 -0.66536437 -0.41805060 -0.25904661 -0.14172326 
4.64158883e-04 -1.20053972 -0.66536437 -0.41805060 -0.25904661 -0.14172326 
3.59381366e-04 -1.20053972 -0.66536437 -0.41805060 -0.25904661 -0.14172326 
2.78255940e-04 -1.20053972 -0.66536437 -0.41805060 -0.25904661 -0.14172326 
2.15443469e-04 -1.20053972 -0.66536437 -0.41805060 -0.25904661 -0.14172326 
1.66810054e-04 -1.20053972 -0.66536437 -0.41805060 -0.25904661 -0.14172326 
1.29154967e-04 -1.20053972 -0.66536437 -0.41805060 -0.25904661 -0.14172326 
1.00000000e-04 -1.20053972 -0.66536437 -0.41805060 -0.25904661 -0.14172326 
7.74263683e-05 -1.20053972 -0.66536437 -0.41805060 -0.25904661 -0.14172326 
5.99484250e-05 -1.20053972 -0.66536437 -0.41805060 -0.25904661 -0.14172326 
4.64158883e-05 -1.20053972 -0.66536437 -0.41805060 -0.25904661 -0.14172326 
3.59381366e-05 -1.20053972 -0.66536437 -0.41805060 -0.25904661 -0.14172326 
2.78255940e-05 -1.20053972 -0.66536437 -0.41805060 -0.25904661 -0.14172326 
2.15443469e-05 -1.20053972 -0.66536437 -0.41805060 -0.25904661 -0.14172326 
1.66810054e-05 -1.20053972 -0.66536437 -0.41805060 -0.25904661 -0.14172326 
1.29154967e-05 -1.20053972 -0.66536437 -0.41805060 -0.25904661 -0.14172326 
1.00000000e-05 -1.20053972 -0.66536437 -0.41805060 -0.25904661 -0.14172326 
7.74263683e-06 -1.20053972 -0.66536437 -0.41805060 -0.25904661 -0.14172326 
5.99484250e-06 -1.20053972 -0.66536437 -0.41805060 -0.25904661 -0.14172326 
4.64158883e-06 -1.20053972 -0.66536437 -0.41805060 -0.25904661 -0.14172326 
3.59381366e-06 -1.20053972 -0.66536437 -0.41805060 -0.25904661 -0.14172326 
2.78255940e-06 -1.20053972 -0.66536437 -0.41805060 -0.25904661 -0.14172326 
2.15443469e-06 -1.20053972 -0.66536437 -0.41805060 -0.25904661 -0.14172326 
1.66810054e-06 -1.20053972 -0.66536437 -0.41805060 -0.25904661 -0.14172326 
1.29154967e-06 -1.20053972 -0.66536437 -0.41805060 -0.25904661 -0.14172326 
1.00000000e-06 -1.20053972 -0.66536437 -0.41805060 -0.25904661 -0.14172326 
7.74263683e-07 -1.20053972 -0.66536437 -0.41805060 -0.25904661 -0.14172326 
5.99484250e-07 -1.20053972 -0.66536437 -0.41805060 -0.25904661 -0.14172326 
4.64158883e-07 -1.20053972 -0.66536437 -0.41805060 -0.25904661 -0.14172326 
3.59381366e-07 -1.20053972 -0.66536437 -0.41805060 -0.25904661 -0.14172326 
2.78255940e-07 -1.20053972 -0.66536437 -0.41805060 -0.25904661 -0.14172326 
2.15443469e-07 -1.20053972 -0.66536437 -0.41805060 -0.25904661 -0.14172326 
1.66810054e-07 -1.20053972 -0.66536437 -0.41805060 -0.25904661 -0.14172326 
1.29154967e-07 -1.20053972 -0.66536437 -0.41805060 -0.25904661 -0.14172326 
1.00000000e-07 -1.20053972 -0.66536437 -0.41805060 -0.25904661 -0.14172326 
7.74263683e-08 -1.20053972 -0.66536437 -0.41805060 -0.25904661 -0.14172326 
5.99484250e-08 -1.20053972 -0.66536437 -0.41805060 -0.25904661 -0.14172326 
4.64158883e-08 -1.20053972 -0.66536437 -0.41805060 -0.25904661 -0.14172326 
3.59381366e-08 -1.20053972 -0.66536437 -0.41805060 -0.25904661 -0.14172326 
2.78255940e-08 -1.20053972 -0.66536437 -0.41805060 -0.25904661 -0.14172326 
2.15443469e-08 -1.20053972 -0.66536437 -0.41805060 -0.25904661 -0.14172326 
1.66810054e-08 -1.20053972 -0.66536437 -0.41805060 -0.25904661 -0.14172326 
1.29154967e-08 -1.20053972 -0.66536437 -0.41805060 -0.25904661 -0.14172326 
1.00000000e-08 -1.20053972 -0.66536437 -0.41805060 -0.25904661 -0.14172326 
7.74263683e-09 -1.20053972 -0.66536437 -0.41805060 -0.25904661 -0.14172326 
5.99484250e-09 -1.20053972 -0.66536437 -0.41805060 -0.25904661 -0.14172326 
4.64158883e-09 -1.20053972 -0.66536437 -0.41805060 -0.25904661 -0.14172326 
3.59381366e-09 -1.20053972 -0.66536437 -0.41805060 -0.25904661 -0.14172326 
2.78255940e-09 -1.20053972 -0.66536437 -0.41805060 -0.25904661 -0.14172326 
2.15443469e-09 -1.20053972 -0.66536437 -0.41805060 -0.25904661 -0.14172326 
1.66810054e-09 -1.20053972 -0.66536437 -0.41805060 -0.25904661 -0.14172326 
1.29154967e-09 -1.20053972 -0.66536437 -0.41805060 -0.25904661 -0.14172326 
1.00000000e-09 -1.20053972 -0.66536437 -0.41805060 -0.25904661 -0.14172326 
7.74263683e-10 -1.20053972 -0.66536437 -0.41805060 -0.25904661 -0.14172326 
5.99484250e-10 -1.20053972 -0.66536437 -0.41805060 -0.25904661 -0.14172326 
4.64158883e-10 -1.20053972 -0.66536437 -0.41805060 -0.25904661 -0.14172326 
3.59381366e-10 -1.20053972 -0.66536437 -0.41805060 -0.25904661 -0.14172326 
2.78255940e-10 -1.20053972 -0.66536437 -0.41805060 -0.25904661 -0.14172326 
2.15443469e-10 -1.20053972 -0.66536437 -0.41805060 -0.25904661 -0.14172326 
1.66810054e-10 -1.20053972 -0.66536437 -0.41805060 -0.25904661 -0.14172326 
1.29154967e-10 -1.20053972 -0.66536437 -0.41805060 -0.25904661 -0.14172326 
1.00000000e-10 -1.20053972 -0.66536437 -0.41805060 -0.25904661 -0.14172326 
P (bar) | log_H2O: -2σ | log_H2O: -1σ | log_H2O: median | log_H2O: +1σ | log_H2O: +2σ 
1.00000000e+01 -4.33015260 -4.10568159 -3.88135770 -3.65707116 -3.43426291 
7.74263683e+00 -4.33015260 -4.10568159 -3.88135770 -3.65707116 -3.43426291 
5.99484250e+00 -4.33015260 -4.10568159 -3.88135770 -3.65707116 -3.43426291 
4.64158883e+00 -4.33015260 -4.10568159 -3.88135770 -3.65707116 -3.43426291 
3.59381366e+00 -4.33015260 -4.10568159 -3.88135770 -3.65707116 -3.43426291 
2.78255940e+00 -4.33015260 -4.10568159 -3.88135770 -3.65707116 -3.43426291 
2.15443469e+00 -4.33015260 -4.10568159 -3.88135770 -3.65707116 -3.43426291 
1.66810054e+00 -4.33015260 -4.10568159 -3.88135770 -3.65707116 -3.43426291 
1.29154967e+00 -4.33015260 -4.10568159 -3.88135770 -3.65707116 -3.43426291 
1.00000000e+00 -4.33015260 -4.10568159 -3.88135770 -3.65707116 -3.43426291 
7.74263683e-01 -4.33015260 -4.10568159 -3.88135770 -3.65707116 -3.43426291 
5.99484250e-01 -4.33015260 -4.10568159 -3.88135770 -3.65707116 -3.43426291 
4.64158883e-01 -4.33015260 -4.10568159 -3.88135770 -3.65707116 -3.43426291 
3.59381366e-01 -4.33015260 -4.10568159 -3.88135770 -3.65707116 -3.43426291 
2.78255940e-01 -4.33015260 -4.10568159 -3.88135770 -3.65707116 -3.43426291 
2.15443469e-01 -4.33015260 -4.10568159 -3.88135770 -3.65707116 -3.43426291 
1.66810054e-01 -4.33015260 -4.10568159 -3.88135770 -3.65707116 -3.43426291 
1.29154967e-01 -4.33015260 -4.10568159 -3.88135770 -3.65707116 -3.43426291 
1.00000000e-01 -4.33015260 -4.10568159 -3.88135770 -3.65707116 -3.43426291 
7.74263683e-02 -4.33015260 -4.10568159 -3.88135770 -3.65707116 -3.43426291 
5.99484250e-02 -4.33015260 -4.10568159 -3.88135770 -3.65707116 -3.43426291 
4.64158883e-02 -4.33015260 -4.10568159 -3.88135770 -3.65707116 -3.43426291 
3.59381366e-02 -4.33015260 -4.10568159 -3.88135770 -3.65707116 -3.43426291 
2.78255940e-02 -4.33015260 -4.10568159 -3.88135770 -3.65707116 -3.43426291 
2.15443469e-02 -4.33015260 -4.10568159 -3.88135770 -3.65707116 -3.43426291 
1.66810054e-02 -4.33015260 -4.10568159 -3.88135770 -3.65707116 -3.43426291 
1.29154967e-02 -4.33015260 -4.10568159 -3.88135770 -3.65707116 -3.43426291 
1.00000000e-02 -4.33015260 -4.10568159 -3.88135770 -3.65707116 -3.43426291 
7.74263683e-03 -4.33015260 -4.10568159 -3.88135770 -3.65707116 -3.43426291 
5.99484250e-03 -4.33015260 -4.10568159 -3.88135770 -3.65707116 -3.43426291 
4.64158883e-03 -4.33015260 -4.10568159 -3.88135770 -3.65707116 -3.43426291 
3.59381366e-03 -4.33015260 -4.10568159 -3.88135770 -3.65707116 -3.43426291 
2.78255940e-03 -4.33015260 -4.10568159 -3.88135770 -3.65707116 -3.43426291 
2.15443469e-03 -4.33015260 -4.10568159 -3.88135770 -3.65707116 -3.43426291 
1.66810054e-03 -4.33015260 -4.10568159 -3.88135770 -3.65707116 -3.43426291 
1.29154967e-03 -4.33015260 -4.10568159 -3.88135770 -3.65707116 -3.43426291 
1.00000000e-03 -4.33015260 -4.10568159 -3.88135770 -3.65707116 -3.43426291 
7.74263683e-04 -4.33015260 -4.10568159 -3.88135770 -3.65707116 -3.43426291 
5.99484250e-04 -4.33015260 -4.10568159 -3.88135770 -3.65707116 -3.43426291 
4.64158883e-04 -4.33015260 -4.10568159 -3.88135770 -3.65707116 -3.43426291 
3.59381366e-04 -4.33015260 -4.10568159 -3.88135770 -3.65707116 -3.43426291 
2.78255940e-04 -4.33015260 -4.10568159 -3.88135770 -3.65707116 -3.43426291 
2.15443469e-04 -4.33015260 -4.10568159 -3.88135770 -3.65707116 -3.43426291 
1.66810054e-04 -4.33015260 -4.10568159 -3.88135770 -3.65707116 -3.43426291 
1.29154967e-04 -4.33015260 -4.10568159 -3.88135770 -3.65707116 -3.43426291 
1.00000000e-04 -4.33015260 -4.10568159 -3.88135770 -3.65707116 -3.43426291 
7.74263683e-05 -4.33015260 -4.10568159 -3.88135770 -3.65707116 -3.43426291 
5.99484250e-05 -4.33015260 -4.10568159 -3.88135770 -3.65707116 -3.43426291 
4.64158883e-05 -4.33015260 -4.10568159 -3.88135770 -3.65707116 -3.43426291 
3.59381366e-05 -4.33015260 -4.10568159 -3.88135770 -3.65707116 -3.43426291 
2.78255940e-05 -4.33015260 -4.10568159 -3.88135770 -3.65707116 -3.43426291 
2.15443469e-05 -4.33015260 -4.10568159 -3.88135770 -3.65707116 -3.43426291 
1.66810054e-05 -4.33015260 -4.10568159 -3.88135770 -3.65707116 -3.43426291 
1.29154967e-05 -4.33015260 -4.10568159 -3.88135770 -3.65707116 -3.43426291 
1.00000000e-05 -4.33015260 -4.10568159 -3.88135770 -3.65707116 -3.43426291 
7.74263683e-06 -4.33015260 -4.10568159 -3.88135770 -3.65707116 -3.43426291 
5.99484250e-06 -4.33015260 -4.10568159 -3.88135770 -3.65707116 -3.43426291 
4.64158883e-06 -4.33015260 -4.10568159 -3.88135770 -3.65707116 -3.43426291 
3.59381366e-06 -4.33015260 -4.10568159 -3.88135770 -3.65707116 -3.43426291 
2.78255940e-06 -4.33015260 -4.10568159 -3.88135770 -3.65707116 -3.43426291 
2.15443469e-06 -4.33015260 -4.10568159 -3.88135770 -3.65707116 -3.43426291 
1.66810054e-06 -4.33015260 -4.10568159 -3.88135770 -3.65707116 -3.43426291 
1.29154967e-06 -4.33015260 -4.10568159 -3.88135770 -3.65707116 -3.43426291 
1.00000000e-06 -4.33015260 -4.10568159 -3.88135770 -3.65707116 -3.43426291 
7.74263683e-07 -4.33015260 -4.10568159 -3.88135770 -3.65707116 -3.43426291 
5.99484250e-07 -4.33015260 -4.10568159 -3.88135770 -3.65707116 -3.43426291 
4.64158883e-07 -4.33015260 -4.10568159 -3.88135770 -3.65707116 -3.43426291 
3.59381366e-07 -4.33015260 -4.10568159 -3.88135770 -3.65707116 -3.43426291 
2.78255940e-07 -4.33015260 -4.10568159 -3.88135770 -3.65707116 -3.43426291 
2.15443469e-07 -4.33015260 -4.10568159 -3.88135770 -3.65707116 -3.43426291 
1.66810054e-07 -4.33015260 -4.10568159 -3.88135770 -3.65707116 -3.43426291 
1.29154967e-07 -4.33015260 -4.10568159 -3.88135770 -3.65707116 -3.43426291 
1.00000000e-07 -4.33015260 -4.10568159 -3.88135770 -3.65707116 -3.43426291 
7.74263683e-08 -4.33015260 -4.10568159 -3.88135770 -3.65707116 -3.43426291 
5.99484250e-08 -4.33015260 -4.10568159 -3.88135770 -3.65707116 -3.43426291 
4.64158883e-08 -4.33015260 -4.10568159 -3.88135770 -3.65707116 -3.43426291 
3.59381366e-08 -4.33015260 -4.10568159 -3.88135770 -3.65707116 -3.43426291 
2.78255940e-08 -4.33015260 -4.10568159 -3.88135770 -3.65707116 -3.43426291 
2.15443469e-08 -4.33015260 -4.10568159 -3.88135770 -3.65707116 -3.43426291 
1.66810054e-08 -4.33015260 -4.10568159 -3.88135770 -3.65707116 -3.43426291 
1.29154967e-08 -4.33015260 -4.10568159 -3.88135770 -3.65707116 -3.43426291 
1.00000000e-08 -4.33015260 -4.10568159 -3.88135770 -3.65707116 -3.43426291 
7.74263683e-09 -4.33015260 -4.10568159 -3.88135770 -3.65707116 -3.43426291 
5.99484250e-09 -4.33015260 -4.10568159 -3.88135770 -3.65707116 -3.43426291 
4.64158883e-09 -4.33015260 -4.10568159 -3.88135770 -3.65707116 -3.43426291 
3.59381366e-09 -4.33015260 -4.10568159 -3.88135770 -3.65707116 -3.43426291 
2.78255940e-09 -4.33015260 -4.10568159 -3.88135770 -3.65707116 -3.43426291 
2.15443469e-09 -4.33015260 -4.10568159 -3.88135770 -3.65707116 -3.43426291 
1.66810054e-09 -4.33015260 -4.10568159 -3.88135770 -3.65707116 -3.43426291 
1.29154967e-09 -4.33015260 -4.10568159 -3.88135770 -3.65707116 -3.43426291 
1.00000000e-09 -4.33015260 -4.10568159 -3.88135770 -3.65707116 -3.43426291 
7.74263683e-10 -4.33015260 -4.10568159 -3.88135770 -3.65707116 -3.43426291 
5.99484250e-10 -4.33015260 -4.10568159 -3.88135770 -3.65707116 -3.43426291 
4.64158883e-10 -4.33015260 -4.10568159 -3.88135770 -3.65707116 -3.43426291 
3.59381366e-10 -4.33015260 -4.10568159 -3.88135770 -3.65707116 -3.43426291 
2.78255940e-10 -4.33015260 -4.10568159 -3.88135770 -3.65707116 -3.43426291 
2.15443469e-10 -4.33015260 -4.10568159 -3.88135770 -3.65707116 -3.43426291 
1.66810054e-10 -4.33015260 -4.10568159 -3.88135770 -3.65707116 -3.43426291 
1.29154967e-10 -4.33015260 -4.10568159 -3.88135770 -3.65707116 -3.43426291 
1.00000000e-10 -4.33015260 -4.10568159 -3.88135770 -3.65707116 -3.43426291 
P (bar) | log_CO2: -2σ | log_CO2: -1σ | log_CO2: median | log_CO2: +1σ | log_CO2: +2σ 
1.00000000e+01 -0.71162586 -0.57552151 -0.44120859 -0.32260545 -0.19914476 
7.74263683e+00 -0.71162586 -0.57552151 -0.44120859 -0.32260545 -0.19914476 
5.99484250e+00 -0.71162586 -0.57552151 -0.44120859 -0.32260545 -0.19914476 
4.64158883e+00 -0.71162586 -0.57552151 -0.44120859 -0.32260545 -0.19914476 
3.59381366e+00 -0.71162586 -0.57552151 -0.44120859 -0.32260545 -0.19914476 
2.78255940e+00 -0.71162586 -0.57552151 -0.44120859 -0.32260545 -0.19914476 
2.15443469e+00 -0.71162586 -0.57552151 -0.44120859 -0.32260545 -0.19914476 
1.66810054e+00 -0.71162586 -0.57552151 -0.44120859 -0.32260545 -0.19914476 
1.29154967e+00 -0.71162586 -0.57552151 -0.44120859 -0.32260545 -0.19914476 
1.00000000e+00 -0.71162586 -0.57552151 -0.44120859 -0.32260545 -0.19914476 
7.74263683e-01 -0.71162586 -0.57552151 -0.44120859 -0.32260545 -0.19914476 
5.99484250e-01 -0.71162586 -0.57552151 -0.44120859 -0.32260545 -0.19914476 
4.64158883e-01 -0.71162586 -0.57552151 -0.44120859 -0.32260545 -0.19914476 
3.59381366e-01 -0.71162586 -0.57552151 -0.44120859 -0.32260545 -0.19914476 
2.78255940e-01 -0.71162586 -0.57552151 -0.44120859 -0.32260545 -0.19914476 
2.15443469e-01 -0.71162586 -0.57552151 -0.44120859 -0.32260545 -0.19914476 
1.66810054e-01 -0.71162586 -0.57552151 -0.44120859 -0.32260545 -0.19914476 
1.29154967e-01 -0.71162586 -0.57552151 -0.44120859 -0.32260545 -0.19914476 
1.00000000e-01 -0.71162586 -0.57552151 -0.44120859 -0.32260545 -0.19914476 
7.74263683e-02 -0.71162586 -0.57552151 -0.44120859 -0.32260545 -0.19914476 
5.99484250e-02 -0.71162586 -0.57552151 -0.44120859 -0.32260545 -0.19914476 
4.64158883e-02 -0.71162586 -0.57552151 -0.44120859 -0.32260545 -0.19914476 
3.59381366e-02 -0.71162586 -0.57552151 -0.44120859 -0.32260545 -0.19914476 
2.78255940e-02 -0.71162586 -0.57552151 -0.44120859 -0.32260545 -0.19914476 
2.15443469e-02 -0.71162586 -0.57552151 -0.44120859 -0.32260545 -0.19914476 
1.66810054e-02 -0.71162586 -0.57552151 -0.44120859 -0.32260545 -0.19914476 
1.29154967e-02 -0.71162586 -0.57552151 -0.44120859 -0.32260545 -0.19914476 
1.00000000e-02 -0.71162586 -0.57552151 -0.44120859 -0.32260545 -0.19914476 
7.74263683e-03 -0.71162586 -0.57552151 -0.44120859 -0.32260545 -0.19914476 
5.99484250e-03 -0.71162586 -0.57552151 -0.44120859 -0.32260545 -0.19914476 
4.64158883e-03 -0.71162586 -0.57552151 -0.44120859 -0.32260545 -0.19914476 
3.59381366e-03 -0.71162586 -0.57552151 -0.44120859 -0.32260545 -0.19914476 
2.78255940e-03 -0.71162586 -0.57552151 -0.44120859 -0.32260545 -0.19914476 
2.15443469e-03 -0.71162586 -0.57552151 -0.44120859 -0.32260545 -0.19914476 
1.66810054e-03 -0.71162586 -0.57552151 -0.44120859 -0.32260545 -0.19914476 
1.29154967e-03 -0.71162586 -0.57552151 -0.44120859 -0.32260545 -0.19914476 
1.00000000e-03 -0.71162586 -0.57552151 -0.44120859 -0.32260545 -0.19914476 
7.74263683e-04 -0.71162586 -0.57552151 -0.44120859 -0.32260545 -0.19914476 
5.99484250e-04 -0.71162586 -0.57552151 -0.44120859 -0.32260545 -0.19914476 
4.64158883e-04 -0.71162586 -0.57552151 -0.44120859 -0.32260545 -0.19914476 
3.59381366e-04 -0.71162586 -0.57552151 -0.44120859 -0.32260545 -0.19914476 
2.78255940e-04 -0.71162586 -0.57552151 -0.44120859 -0.32260545 -0.19914476 
2.15443469e-04 -0.71162586 -0.57552151 -0.44120859 -0.32260545 -0.19914476 
1.66810054e-04 -0.71162586 -0.57552151 -0.44120859 -0.32260545 -0.19914476 
1.29154967e-04 -0.71162586 -0.57552151 -0.44120859 -0.32260545 -0.19914476 
1.00000000e-04 -0.71162586 -0.57552151 -0.44120859 -0.32260545 -0.19914476 
7.74263683e-05 -0.71162586 -0.57552151 -0.44120859 -0.32260545 -0.19914476 
5.99484250e-05 -0.71162586 -0.57552151 -0.44120859 -0.32260545 -0.19914476 
4.64158883e-05 -0.71162586 -0.57552151 -0.44120859 -0.32260545 -0.19914476 
3.59381366e-05 -0.71162586 -0.57552151 -0.44120859 -0.32260545 -0.19914476 
2.78255940e-05 -0.71162586 -0.57552151 -0.44120859 -0.32260545 -0.19914476 
2.15443469e-05 -0.71162586 -0.57552151 -0.44120859 -0.32260545 -0.19914476 
1.66810054e-05 -0.71162586 -0.57552151 -0.44120859 -0.32260545 -0.19914476 
1.29154967e-05 -0.71162586 -0.57552151 -0.44120859 -0.32260545 -0.19914476 
1.00000000e-05 -0.71162586 -0.57552151 -0.44120859 -0.32260545 -0.19914476 
7.74263683e-06 -0.71162586 -0.57552151 -0.44120859 -0.32260545 -0.19914476 
5.99484250e-06 -0.71162586 -0.57552151 -0.44120859 -0.32260545 -0.19914476 
4.64158883e-06 -0.71162586 -0.57552151 -0.44120859 -0.32260545 -0.19914476 
3.59381366e-06 -0.71162586 -0.57552151 -0.44120859 -0.32260545 -0.19914476 
2.78255940e-06 -0.71162586 -0.57552151 -0.44120859 -0.32260545 -0.19914476 
2.15443469e-06 -0.71162586 -0.57552151 -0.44120859 -0.32260545 -0.19914476 
1.66810054e-06 -0.71162586 -0.57552151 -0.44120859 -0.32260545 -0.19914476 
1.29154967e-06 -0.71162586 -0.57552151 -0.44120859 -0.32260545 -0.19914476 
1.00000000e-06 -0.71162586 -0.57552151 -0.44120859 -0.32260545 -0.19914476 
7.74263683e-07 -0.71162586 -0.57552151 -0.44120859 -0.32260545 -0.19914476 
5.99484250e-07 -0.71162586 -0.57552151 -0.44120859 -0.32260545 -0.19914476 
4.64158883e-07 -0.71162586 -0.57552151 -0.44120859 -0.32260545 -0.19914476 
3.59381366e-07 -0.71162586 -0.57552151 -0.44120859 -0.32260545 -0.19914476 
2.78255940e-07 -0.71162586 -0.57552151 -0.44120859 -0.32260545 -0.19914476 
2.15443469e-07 -0.71162586 -0.57552151 -0.44120859 -0.32260545 -0.19914476 
1.66810054e-07 -0.71162586 -0.57552151 -0.44120859 -0.32260545 -0.19914476 
1.29154967e-07 -0.71162586 -0.57552151 -0.44120859 -0.32260545 -0.19914476 
1.00000000e-07 -0.71162586 -0.57552151 -0.44120859 -0.32260545 -0.19914476 
7.74263683e-08 -0.71162586 -0.57552151 -0.44120859 -0.32260545 -0.19914476 
5.99484250e-08 -0.71162586 -0.57552151 -0.44120859 -0.32260545 -0.19914476 
4.64158883e-08 -0.71162586 -0.57552151 -0.44120859 -0.32260545 -0.19914476 
3.59381366e-08 -0.71162586 -0.57552151 -0.44120859 -0.32260545 -0.19914476 
2.78255940e-08 -0.71162586 -0.57552151 -0.44120859 -0.32260545 -0.19914476 
2.15443469e-08 -0.71162586 -0.57552151 -0.44120859 -0.32260545 -0.19914476 
1.66810054e-08 -0.71162586 -0.57552151 -0.44120859 -0.32260545 -0.19914476 
1.29154967e-08 -0.71162586 -0.57552151 -0.44120859 -0.32260545 -0.19914476 
1.00000000e-08 -0.71162586 -0.57552151 -0.44120859 -0.32260545 -0.19914476 
7.74263683e-09 -0.71162586 -0.57552151 -0.44120859 -0.32260545 -0.19914476 
5.99484250e-09 -0.71162586 -0.57552151 -0.44120859 -0.32260545 -0.19914476 
4.64158883e-09 -0.71162586 -0.57552151 -0.44120859 -0.32260545 -0.19914476 
3.59381366e-09 -0.71162586 -0.57552151 -0.44120859 -0.32260545 -0.19914476 
2.78255940e-09 -0.71162586 -0.57552151 -0.44120859 -0.32260545 -0.19914476 
2.15443469e-09 -0.71162586 -0.57552151 -0.44120859 -0.32260545 -0.19914476 
1.66810054e-09 -0.71162586 -0.57552151 -0.44120859 -0.32260545 -0.19914476 
1.29154967e-09 -0.71162586 -0.57552151 -0.44120859 -0.32260545 -0.19914476 
1.00000000e-09 -0.71162586 -0.57552151 -0.44120859 -0.32260545 -0.19914476 
7.74263683e-10 -0.71162586 -0.57552151 -0.44120859 -0.32260545 -0.19914476 
5.99484250e-10 -0.71162586 -0.57552151 -0.44120859 -0.32260545 -0.19914476 
4.64158883e-10 -0.71162586 -0.57552151 -0.44120859 -0.32260545 -0.19914476 
3.59381366e-10 -0.71162586 -0.57552151 -0.44120859 -0.32260545 -0.19914476 
2.78255940e-10 -0.71162586 -0.57552151 -0.44120859 -0.32260545 -0.19914476 
2.15443469e-10 -0.71162586 -0.57552151 -0.44120859 -0.32260545 -0.19914476 
1.66810054e-10 -0.71162586 -0.57552151 -0.44120859 -0.32260545 -0.19914476 
1.29154967e-10 -0.71162586 -0.57552151 -0.44120859 -0.32260545 -0.19914476 
1.00000000e-10 -0.71162586 -0.57552151 -0.44120859 -0.32260545 -0.19914476 
P (bar) | log_CH4: -2σ | log_CH4: -1σ | log_CH4: median | log_CH4: +1σ | log_CH4: +2σ 
1.00000000e+01 -3.85621777 -3.74745068 -3.63903695 -3.52837526 -3.38730155 
7.74263683e+00 -3.85621777 -3.74745068 -3.63903695 -3.52837526 -3.38730155 
5.99484250e+00 -3.85621777 -3.74745068 -3.63903695 -3.52837526 -3.38730155 
4.64158883e+00 -3.85621777 -3.74745068 -3.63903695 -3.52837526 -3.38730155 
3.59381366e+00 -3.85621777 -3.74745068 -3.63903695 -3.52837526 -3.38730155 
2.78255940e+00 -3.85621777 -3.74745068 -3.63903695 -3.52837526 -3.38730155 
2.15443469e+00 -3.85621777 -3.74745068 -3.63903695 -3.52837526 -3.38730155 
1.66810054e+00 -3.85621777 -3.74745068 -3.63903695 -3.52837526 -3.38730155 
1.29154967e+00 -3.85621777 -3.74745068 -3.63903695 -3.52837526 -3.38730155 
1.00000000e+00 -3.85621777 -3.74745068 -3.63903695 -3.52837526 -3.38730155 
7.74263683e-01 -3.85621777 -3.74745068 -3.63903695 -3.52837526 -3.38730155 
5.99484250e-01 -3.85621777 -3.74745068 -3.63903695 -3.52837526 -3.38730155 
4.64158883e-01 -3.85621777 -3.74745068 -3.63903695 -3.52837526 -3.38730155 
3.59381366e-01 -3.85621777 -3.74745068 -3.63903695 -3.52837526 -3.38730155 
2.78255940e-01 -3.85621777 -3.74745068 -3.63903695 -3.52837526 -3.38730155 
2.15443469e-01 -3.85621777 -3.74745068 -3.63903695 -3.52837526 -3.38730155 
1.66810054e-01 -3.85621777 -3.74745068 -3.63903695 -3.52837526 -3.38730155 
1.29154967e-01 -3.85621777 -3.74745068 -3.63903695 -3.52837526 -3.38730155 
1.00000000e-01 -3.85621777 -3.74745068 -3.63903695 -3.52837526 -3.38730155 
7.74263683e-02 -3.85621777 -3.74745068 -3.63903695 -3.52837526 -3.38730155 
5.99484250e-02 -3.85621777 -3.74745068 -3.63903695 -3.52837526 -3.38730155 
4.64158883e-02 -3.85621777 -3.74745068 -3.63903695 -3.52837526 -3.38730155 
3.59381366e-02 -3.85621777 -3.74745068 -3.63903695 -3.52837526 -3.38730155 
2.78255940e-02 -3.85621777 -3.74745068 -3.63903695 -3.52837526 -3.38730155 
2.15443469e-02 -3.85621777 -3.74745068 -3.63903695 -3.52837526 -3.38730155 
1.66810054e-02 -3.85621777 -3.74745068 -3.63903695 -3.52837526 -3.38730155 
1.29154967e-02 -3.85621777 -3.74745068 -3.63903695 -3.52837526 -3.38730155 
1.00000000e-02 -3.85621777 -3.74745068 -3.63903695 -3.52837526 -3.38730155 
7.74263683e-03 -3.85621777 -3.74745068 -3.63903695 -3.52837526 -3.38730155 
5.99484250e-03 -3.85621777 -3.74745068 -3.63903695 -3.52837526 -3.38730155 
4.64158883e-03 -3.85621777 -3.74745068 -3.63903695 -3.52837526 -3.38730155 
3.59381366e-03 -3.85621777 -3.74745068 -3.63903695 -3.52837526 -3.38730155 
2.78255940e-03 -3.85621777 -3.74745068 -3.63903695 -3.52837526 -3.38730155 
2.15443469e-03 -3.85621777 -3.74745068 -3.63903695 -3.52837526 -3.38730155 
1.66810054e-03 -3.85621777 -3.74745068 -3.63903695 -3.52837526 -3.38730155 
1.29154967e-03 -3.85621777 -3.74745068 -3.63903695 -3.52837526 -3.38730155 
1.00000000e-03 -3.85621777 -3.74745068 -3.63903695 -3.52837526 -3.38730155 
7.74263683e-04 -3.85621777 -3.74745068 -3.63903695 -3.52837526 -3.38730155 
5.99484250e-04 -3.85621777 -3.74745068 -3.63903695 -3.52837526 -3.38730155 
4.64158883e-04 -3.85621777 -3.74745068 -3.63903695 -3.52837526 -3.38730155 
3.59381366e-04 -3.85621777 -3.74745068 -3.63903695 -3.52837526 -3.38730155 
2.78255940e-04 -3.85621777 -3.74745068 -3.63903695 -3.52837526 -3.38730155 
2.15443469e-04 -3.85621777 -3.74745068 -3.63903695 -3.52837526 -3.38730155 
1.66810054e-04 -3.85621777 -3.74745068 -3.63903695 -3.52837526 -3.38730155 
1.29154967e-04 -3.85621777 -3.74745068 -3.63903695 -3.52837526 -3.38730155 
1.00000000e-04 -3.85621777 -3.74745068 -3.63903695 -3.52837526 -3.38730155 
7.74263683e-05 -3.85621777 -3.74745068 -3.63903695 -3.52837526 -3.38730155 
5.99484250e-05 -3.85621777 -3.74745068 -3.63903695 -3.52837526 -3.38730155 
4.64158883e-05 -3.85621777 -3.74745068 -3.63903695 -3.52837526 -3.38730155 
3.59381366e-05 -3.85621777 -3.74745068 -3.63903695 -3.52837526 -3.38730155 
2.78255940e-05 -3.85621777 -3.74745068 -3.63903695 -3.52837526 -3.38730155 
2.15443469e-05 -3.85621777 -3.74745068 -3.63903695 -3.52837526 -3.38730155 
1.66810054e-05 -3.85621777 -3.74745068 -3.63903695 -3.52837526 -3.38730155 
1.29154967e-05 -3.85621777 -3.74745068 -3.63903695 -3.52837526 -3.38730155 
1.00000000e-05 -3.85621777 -3.74745068 -3.63903695 -3.52837526 -3.38730155 
7.74263683e-06 -3.85621777 -3.74745068 -3.63903695 -3.52837526 -3.38730155 
5.99484250e-06 -3.85621777 -3.74745068 -3.63903695 -3.52837526 -3.38730155 
4.64158883e-06 -3.85621777 -3.74745068 -3.63903695 -3.52837526 -3.38730155 
3.59381366e-06 -3.85621777 -3.74745068 -3.63903695 -3.52837526 -3.38730155 
2.78255940e-06 -3.85621777 -3.74745068 -3.63903695 -3.52837526 -3.38730155 
2.15443469e-06 -3.85621777 -3.74745068 -3.63903695 -3.52837526 -3.38730155 
1.66810054e-06 -3.85621777 -3.74745068 -3.63903695 -3.52837526 -3.38730155 
1.29154967e-06 -3.85621777 -3.74745068 -3.63903695 -3.52837526 -3.38730155 
1.00000000e-06 -3.85621777 -3.74745068 -3.63903695 -3.52837526 -3.38730155 
7.74263683e-07 -3.85621777 -3.74745068 -3.63903695 -3.52837526 -3.38730155 
5.99484250e-07 -3.85621777 -3.74745068 -3.63903695 -3.52837526 -3.38730155 
4.64158883e-07 -3.85621777 -3.74745068 -3.63903695 -3.52837526 -3.38730155 
3.59381366e-07 -3.85621777 -3.74745068 -3.63903695 -3.52837526 -3.38730155 
2.78255940e-07 -3.85621777 -3.74745068 -3.63903695 -3.52837526 -3.38730155 
2.15443469e-07 -3.85621777 -3.74745068 -3.63903695 -3.52837526 -3.38730155 
1.66810054e-07 -3.85621777 -3.74745068 -3.63903695 -3.52837526 -3.38730155 
1.29154967e-07 -3.85621777 -3.74745068 -3.63903695 -3.52837526 -3.38730155 
1.00000000e-07 -3.85621777 -3.74745068 -3.63903695 -3.52837526 -3.38730155 
7.74263683e-08 -3.85621777 -3.74745068 -3.63903695 -3.52837526 -3.38730155 
5.99484250e-08 -3.85621777 -3.74745068 -3.63903695 -3.52837526 -3.38730155 
4.64158883e-08 -3.85621777 -3.74745068 -3.63903695 -3.52837526 -3.38730155 
3.59381366e-08 -3.85621777 -3.74745068 -3.63903695 -3.52837526 -3.38730155 
2.78255940e-08 -3.85621777 -3.74745068 -3.63903695 -3.52837526 -3.38730155 
2.15443469e-08 -3.85621777 -3.74745068 -3.63903695 -3.52837526 -3.38730155 
1.66810054e-08 -3.85621777 -3.74745068 -3.63903695 -3.52837526 -3.38730155 
1.29154967e-08 -3.85621777 -3.74745068 -3.63903695 -3.52837526 -3.38730155 
1.00000000e-08 -3.85621777 -3.74745068 -3.63903695 -3.52837526 -3.38730155 
7.74263683e-09 -3.85621777 -3.74745068 -3.63903695 -3.52837526 -3.38730155 
5.99484250e-09 -3.85621777 -3.74745068 -3.63903695 -3.52837526 -3.38730155 
4.64158883e-09 -3.85621777 -3.74745068 -3.63903695 -3.52837526 -3.38730155 
3.59381366e-09 -3.85621777 -3.74745068 -3.63903695 -3.52837526 -3.38730155 
2.78255940e-09 -3.85621777 -3.74745068 -3.63903695 -3.52837526 -3.38730155 
2.15443469e-09 -3.85621777 -3.74745068 -3.63903695 -3.52837526 -3.38730155 
1.66810054e-09 -3.85621777 -3.74745068 -3.63903695 -3.52837526 -3.38730155 
1.29154967e-09 -3.85621777 -3.74745068 -3.63903695 -3.52837526 -3.38730155 
1.00000000e-09 -3.85621777 -3.74745068 -3.63903695 -3.52837526 -3.38730155 
7.74263683e-10 -3.85621777 -3.74745068 -3.63903695 -3.52837526 -3.38730155 
5.99484250e-10 -3.85621777 -3.74745068 -3.63903695 -3.52837526 -3.38730155 
4.64158883e-10 -3.85621777 -3.74745068 -3.63903695 -3.52837526 -3.38730155 
3.59381366e-10 -3.85621777 -3.74745068 -3.63903695 -3.52837526 -3.38730155 
2.78255940e-10 -3.85621777 -3.74745068 -3.63903695 -3.52837526 -3.38730155 
2.15443469e-10 -3.85621777 -3.74745068 -3.63903695 -3.52837526 -3.38730155 
1.66810054e-10 -3.85621777 -3.74745068 -3.63903695 -3.52837526 -3.38730155 
1.29154967e-10 -3.85621777 -3.74745068 -3.63903695 -3.52837526 -3.38730155 
1.00000000e-10 -3.85621777 -3.74745068 -3.63903695 -3.52837526 -3.38730155 
P (bar) | log_O2: -2σ | log_O2: -1σ | log_O2: median | log_O2: +1σ | log_O2: +2σ 
1.00000000e+01 -8.99180004 -1.67182490 -0.59672095 -0.41710815 -0.29659499 
7.74263683e+00 -8.99180004 -1.67182490 -0.59672095 -0.41710815 -0.29659499 
5.99484250e+00 -8.99180004 -1.67182490 -0.59672095 -0.41710815 -0.29659499 
4.64158883e+00 -8.99180004 -1.67182490 -0.59672095 -0.41710815 -0.29659499 
3.59381366e+00 -8.99180004 -1.67182490 -0.59672095 -0.41710815 -0.29659499 
2.78255940e+00 -8.99180004 -1.67182490 -0.59672095 -0.41710815 -0.29659499 
2.15443469e+00 -8.99180004 -1.67182490 -0.59672095 -0.41710815 -0.29659499 
1.66810054e+00 -8.99180004 -1.67182490 -0.59672095 -0.41710815 -0.29659499 
1.29154967e+00 -8.99180004 -1.67182490 -0.59672095 -0.41710815 -0.29659499 
1.00000000e+00 -8.99180004 -1.67182490 -0.59672095 -0.41710815 -0.29659499 
7.74263683e-01 -8.99180004 -1.67182490 -0.59672095 -0.41710815 -0.29659499 
5.99484250e-01 -8.99180004 -1.67182490 -0.59672095 -0.41710815 -0.29659499 
4.64158883e-01 -8.99180004 -1.67182490 -0.59672095 -0.41710815 -0.29659499 
3.59381366e-01 -8.99180004 -1.67182490 -0.59672095 -0.41710815 -0.29659499 
2.78255940e-01 -8.99180004 -1.67182490 -0.59672095 -0.41710815 -0.29659499 
2.15443469e-01 -8.99180004 -1.67182490 -0.59672095 -0.41710815 -0.29659499 
1.66810054e-01 -8.99180004 -1.67182490 -0.59672095 -0.41710815 -0.29659499 
1.29154967e-01 -8.99180004 -1.67182490 -0.59672095 -0.41710815 -0.29659499 
1.00000000e-01 -8.99180004 -1.67182490 -0.59672095 -0.41710815 -0.29659499 
7.74263683e-02 -8.99180004 -1.67182490 -0.59672095 -0.41710815 -0.29659499 
5.99484250e-02 -8.99180004 -1.67182490 -0.59672095 -0.41710815 -0.29659499 
4.64158883e-02 -8.99180004 -1.67182490 -0.59672095 -0.41710815 -0.29659499 
3.59381366e-02 -8.99180004 -1.67182490 -0.59672095 -0.41710815 -0.29659499 
2.78255940e-02 -8.99180004 -1.67182490 -0.59672095 -0.41710815 -0.29659499 
2.15443469e-02 -8.99180004 -1.67182490 -0.59672095 -0.41710815 -0.29659499 
1.66810054e-02 -8.99180004 -1.67182490 -0.59672095 -0.41710815 -0.29659499 
1.29154967e-02 -8.99180004 -1.67182490 -0.59672095 -0.41710815 -0.29659499 
1.00000000e-02 -8.99180004 -1.67182490 -0.59672095 -0.41710815 -0.29659499 
7.74263683e-03 -8.99180004 -1.67182490 -0.59672095 -0.41710815 -0.29659499 
5.99484250e-03 -8.99180004 -1.67182490 -0.59672095 -0.41710815 -0.29659499 
4.64158883e-03 -8.99180004 -1.67182490 -0.59672095 -0.41710815 -0.29659499 
3.59381366e-03 -8.99180004 -1.67182490 -0.59672095 -0.41710815 -0.29659499 
2.78255940e-03 -8.99180004 -1.67182490 -0.59672095 -0.41710815 -0.29659499 
2.15443469e-03 -8.99180004 -1.67182490 -0.59672095 -0.41710815 -0.29659499 
1.66810054e-03 -8.99180004 -1.67182490 -0.59672095 -0.41710815 -0.29659499 
1.29154967e-03 -8.99180004 -1.67182490 -0.59672095 -0.41710815 -0.29659499 
1.00000000e-03 -8.99180004 -1.67182490 -0.59672095 -0.41710815 -0.29659499 
7.74263683e-04 -8.99180004 -1.67182490 -0.59672095 -0.41710815 -0.29659499 
5.99484250e-04 -8.99180004 -1.67182490 -0.59672095 -0.41710815 -0.29659499 
4.64158883e-04 -8.99180004 -1.67182490 -0.59672095 -0.41710815 -0.29659499 
3.59381366e-04 -8.99180004 -1.67182490 -0.59672095 -0.41710815 -0.29659499 
2.78255940e-04 -8.99180004 -1.67182490 -0.59672095 -0.41710815 -0.29659499 
2.15443469e-04 -8.99180004 -1.67182490 -0.59672095 -0.41710815 -0.29659499 
1.66810054e-04 -8.99180004 -1.67182490 -0.59672095 -0.41710815 -0.29659499 
1.29154967e-04 -8.99180004 -1.67182490 -0.59672095 -0.41710815 -0.29659499 
1.00000000e-04 -8.99180004 -1.67182490 -0.59672095 -0.41710815 -0.29659499 
7.74263683e-05 -8.99180004 -1.67182490 -0.59672095 -0.41710815 -0.29659499 
5.99484250e-05 -8.99180004 -1.67182490 -0.59672095 -0.41710815 -0.29659499 
4.64158883e-05 -8.99180004 -1.67182490 -0.59672095 -0.41710815 -0.29659499 
3.59381366e-05 -8.99180004 -1.67182490 -0.59672095 -0.41710815 -0.29659499 
2.78255940e-05 -8.99180004 -1.67182490 -0.59672095 -0.41710815 -0.29659499 
2.15443469e-05 -8.99180004 -1.67182490 -0.59672095 -0.41710815 -0.29659499 
1.66810054e-05 -8.99180004 -1.67182490 -0.59672095 -0.41710815 -0.29659499 
1.29154967e-05 -8.99180004 -1.67182490 -0.59672095 -0.41710815 -0.29659499 
1.00000000e-05 -8.99180004 -1.67182490 -0.59672095 -0.41710815 -0.29659499 
7.74263683e-06 -8.99180004 -1.67182490 -0.59672095 -0.41710815 -0.29659499 
5.99484250e-06 -8.99180004 -1.67182490 -0.59672095 -0.41710815 -0.29659499 
4.64158883e-06 -8.99180004 -1.67182490 -0.59672095 -0.41710815 -0.29659499 
3.59381366e-06 -8.99180004 -1.67182490 -0.59672095 -0.41710815 -0.29659499 
2.78255940e-06 -8.99180004 -1.67182490 -0.59672095 -0.41710815 -0.29659499 
2.15443469e-06 -8.99180004 -1.67182490 -0.59672095 -0.41710815 -0.29659499 
1.66810054e-06 -8.99180004 -1.67182490 -0.59672095 -0.41710815 -0.29659499 
1.29154967e-06 -8.99180004 -1.67182490 -0.59672095 -0.41710815 -0.29659499 
1.00000000e-06 -8.99180004 -1.67182490 -0.59672095 -0.41710815 -0.29659499 
7.74263683e-07 -8.99180004 -1.67182490 -0.59672095 -0.41710815 -0.29659499 
5.99484250e-07 -8.99180004 -1.67182490 -0.59672095 -0.41710815 -0.29659499 
4.64158883e-07 -8.99180004 -1.67182490 -0.59672095 -0.41710815 -0.29659499 
3.59381366e-07 -8.99180004 -1.67182490 -0.59672095 -0.41710815 -0.29659499 
2.78255940e-07 -8.99180004 -1.67182490 -0.59672095 -0.41710815 -0.29659499 
2.15443469e-07 -8.99180004 -1.67182490 -0.59672095 -0.41710815 -0.29659499 
1.66810054e-07 -8.99180004 -1.67182490 -0.59672095 -0.41710815 -0.29659499 
1.29154967e-07 -8.99180004 -1.67182490 -0.59672095 -0.41710815 -0.29659499 
1.00000000e-07 -8.99180004 -1.67182490 -0.59672095 -0.41710815 -0.29659499 
7.74263683e-08 -8.99180004 -1.67182490 -0.59672095 -0.41710815 -0.29659499 
5.99484250e-08 -8.99180004 -1.67182490 -0.59672095 -0.41710815 -0.29659499 
4.64158883e-08 -8.99180004 -1.67182490 -0.59672095 -0.41710815 -0.29659499 
3.59381366e-08 -8.99180004 -1.67182490 -0.59672095 -0.41710815 -0.29659499 
2.78255940e-08 -8.99180004 -1.67182490 -0.59672095 -0.41710815 -0.29659499 
2.15443469e-08 -8.99180004 -1.67182490 -0.59672095 -0.41710815 -0.29659499 
1.66810054e-08 -8.99180004 -1.67182490 -0.59672095 -0.41710815 -0.29659499 
1.29154967e-08 -8.99180004 -1.67182490 -0.59672095 -0.41710815 -0.29659499 
1.00000000e-08 -8.99180004 -1.67182490 -0.59672095 -0.41710815 -0.29659499 
7.74263683e-09 -8.99180004 -1.67182490 -0.59672095 -0.41710815 -0.29659499 
5.99484250e-09 -8.99180004 -1.67182490 -0.59672095 -0.41710815 -0.29659499 
4.64158883e-09 -8.99180004 -1.67182490 -0.59672095 -0.41710815 -0.29659499 
3.59381366e-09 -8.99180004 -1.67182490 -0.59672095 -0.41710815 -0.29659499 
2.78255940e-09 -8.99180004 -1.67182490 -0.59672095 -0.41710815 -0.29659499 
2.15443469e-09 -8.99180004 -1.67182490 -0.59672095 -0.41710815 -0.29659499 
1.66810054e-09 -8.99180004 -1.67182490 -0.59672095 -0.41710815 -0.29659499 
1.29154967e-09 -8.99180004 -1.67182490 -0.59672095 -0.41710815 -0.29659499 
1.00000000e-09 -8.99180004 -1.67182490 -0.59672095 -0.41710815 -0.29659499 
7.74263683e-10 -8.99180004 -1.67182490 -0.59672095 -0.41710815 -0.29659499 
5.99484250e-10 -8.99180004 -1.67182490 -0.59672095 -0.41710815 -0.29659499 
4.64158883e-10 -8.99180004 -1.67182490 -0.59672095 -0.41710815 -0.29659499 
3.59381366e-10 -8.99180004 -1.67182490 -0.59672095 -0.41710815 -0.29659499 
2.78255940e-10 -8.99180004 -1.67182490 -0.59672095 -0.41710815 -0.29659499 
2.15443469e-10 -8.99180004 -1.67182490 -0.59672095 -0.41710815 -0.29659499 
1.66810054e-10 -8.99180004 -1.67182490 -0.59672095 -0.41710815 -0.29659499 
1.29154967e-10 -8.99180004 -1.67182490 -0.59672095 -0.41710815 -0.29659499 
1.00000000e-10 -8.99180004 -1.67182490 -0.59672095 -0.41710815 -0.29659499 
P (bar) | log_O3: -2σ | log_O3: -1σ | log_O3: median | log_O3: +1σ | log_O3: +2σ 
1.00000000e+01 -9.90468374 -9.40246595 -7.99097093 -6.48396398 -5.67015673 
7.74263683e+00 -9.90468374 -9.40246595 -7.99097093 -6.48396398 -5.67015673 
5.99484250e+00 -9.90468374 -9.40246595 -7.99097093 -6.48396398 -5.67015673 
4.64158883e+00 -9.90468374 -9.40246595 -7.99097093 -6.48396398 -5.67015673 
3.59381366e+00 -9.90468374 -9.40246595 -7.99097093 -6.48396398 -5.67015673 
2.78255940e+00 -9.90468374 -9.40246595 -7.99097093 -6.48396398 -5.67015673 
2.15443469e+00 -9.90468374 -9.40246595 -7.99097093 -6.48396398 -5.67015673 
1.66810054e+00 -9.90468374 -9.40246595 -7.99097093 -6.48396398 -5.67015673 
1.29154967e+00 -9.90468374 -9.40246595 -7.99097093 -6.48396398 -5.67015673 
1.00000000e+00 -9.90468374 -9.40246595 -7.99097093 -6.48396398 -5.67015673 
7.74263683e-01 -9.90468374 -9.40246595 -7.99097093 -6.48396398 -5.67015673 
5.99484250e-01 -9.90468374 -9.40246595 -7.99097093 -6.48396398 -5.67015673 
4.64158883e-01 -9.90468374 -9.40246595 -7.99097093 -6.48396398 -5.67015673 
3.59381366e-01 -9.90468374 -9.40246595 -7.99097093 -6.48396398 -5.67015673 
2.78255940e-01 -9.90468374 -9.40246595 -7.99097093 -6.48396398 -5.67015673 
2.15443469e-01 -9.90468374 -9.40246595 -7.99097093 -6.48396398 -5.67015673 
1.66810054e-01 -9.90468374 -9.40246595 -7.99097093 -6.48396398 -5.67015673 
1.29154967e-01 -9.90468374 -9.40246595 -7.99097093 -6.48396398 -5.67015673 
1.00000000e-01 -9.90468374 -9.40246595 -7.99097093 -6.48396398 -5.67015673 
7.74263683e-02 -9.90468374 -9.40246595 -7.99097093 -6.48396398 -5.67015673 
5.99484250e-02 -9.90468374 -9.40246595 -7.99097093 -6.48396398 -5.67015673 
4.64158883e-02 -9.90468374 -9.40246595 -7.99097093 -6.48396398 -5.67015673 
3.59381366e-02 -9.90468374 -9.40246595 -7.99097093 -6.48396398 -5.67015673 
2.78255940e-02 -9.90468374 -9.40246595 -7.99097093 -6.48396398 -5.67015673 
2.15443469e-02 -9.90468374 -9.40246595 -7.99097093 -6.48396398 -5.67015673 
1.66810054e-02 -9.90468374 -9.40246595 -7.99097093 -6.48396398 -5.67015673 
1.29154967e-02 -9.90468374 -9.40246595 -7.99097093 -6.48396398 -5.67015673 
1.00000000e-02 -9.90468374 -9.40246595 -7.99097093 -6.48396398 -5.67015673 
7.74263683e-03 -9.90468374 -9.40246595 -7.99097093 -6.48396398 -5.67015673 
5.99484250e-03 -9.90468374 -9.40246595 -7.99097093 -6.48396398 -5.67015673 
4.64158883e-03 -9.90468374 -9.40246595 -7.99097093 -6.48396398 -5.67015673 
3.59381366e-03 -9.90468374 -9.40246595 -7.99097093 -6.48396398 -5.67015673 
2.78255940e-03 -9.90468374 -9.40246595 -7.99097093 -6.48396398 -5.67015673 
2.15443469e-03 -9.90468374 -9.40246595 -7.99097093 -6.48396398 -5.67015673 
1.66810054e-03 -9.90468374 -9.40246595 -7.99097093 -6.48396398 -5.67015673 
1.29154967e-03 -9.90468374 -9.40246595 -7.99097093 -6.48396398 -5.67015673 
1.00000000e-03 -9.90468374 -9.40246595 -7.99097093 -6.48396398 -5.67015673 
7.74263683e-04 -9.90468374 -9.40246595 -7.99097093 -6.48396398 -5.67015673 
5.99484250e-04 -9.90468374 -9.40246595 -7.99097093 -6.48396398 -5.67015673 
4.64158883e-04 -9.90468374 -9.40246595 -7.99097093 -6.48396398 -5.67015673 
3.59381366e-04 -9.90468374 -9.40246595 -7.99097093 -6.48396398 -5.67015673 
2.78255940e-04 -9.90468374 -9.40246595 -7.99097093 -6.48396398 -5.67015673 
2.15443469e-04 -9.90468374 -9.40246595 -7.99097093 -6.48396398 -5.67015673 
1.66810054e-04 -9.90468374 -9.40246595 -7.99097093 -6.48396398 -5.67015673 
1.29154967e-04 -9.90468374 -9.40246595 -7.99097093 -6.48396398 -5.67015673 
1.00000000e-04 -9.90468374 -9.40246595 -7.99097093 -6.48396398 -5.67015673 
7.74263683e-05 -9.90468374 -9.40246595 -7.99097093 -6.48396398 -5.67015673 
5.99484250e-05 -9.90468374 -9.40246595 -7.99097093 -6.48396398 -5.67015673 
4.64158883e-05 -9.90468374 -9.40246595 -7.99097093 -6.48396398 -5.67015673 
3.59381366e-05 -9.90468374 -9.40246595 -7.99097093 -6.48396398 -5.67015673 
2.78255940e-05 -9.90468374 -9.40246595 -7.99097093 -6.48396398 -5.67015673 
2.15443469e-05 -9.90468374 -9.40246595 -7.99097093 -6.48396398 -5.67015673 
1.66810054e-05 -9.90468374 -9.40246595 -7.99097093 -6.48396398 -5.67015673 
1.29154967e-05 -9.90468374 -9.40246595 -7.99097093 -6.48396398 -5.67015673 
1.00000000e-05 -9.90468374 -9.40246595 -7.99097093 -6.48396398 -5.67015673 
7.74263683e-06 -9.90468374 -9.40246595 -7.99097093 -6.48396398 -5.67015673 
5.99484250e-06 -9.90468374 -9.40246595 -7.99097093 -6.48396398 -5.67015673 
4.64158883e-06 -9.90468374 -9.40246595 -7.99097093 -6.48396398 -5.67015673 
3.59381366e-06 -9.90468374 -9.40246595 -7.99097093 -6.48396398 -5.67015673 
2.78255940e-06 -9.90468374 -9.40246595 -7.99097093 -6.48396398 -5.67015673 
2.15443469e-06 -9.90468374 -9.40246595 -7.99097093 -6.48396398 -5.67015673 
1.66810054e-06 -9.90468374 -9.40246595 -7.99097093 -6.48396398 -5.67015673 
1.29154967e-06 -9.90468374 -9.40246595 -7.99097093 -6.48396398 -5.67015673 
1.00000000e-06 -9.90468374 -9.40246595 -7.99097093 -6.48396398 -5.67015673 
7.74263683e-07 -9.90468374 -9.40246595 -7.99097093 -6.48396398 -5.67015673 
5.99484250e-07 -9.90468374 -9.40246595 -7.99097093 -6.48396398 -5.67015673 
4.64158883e-07 -9.90468374 -9.40246595 -7.99097093 -6.48396398 -5.67015673 
3.59381366e-07 -9.90468374 -9.40246595 -7.99097093 -6.48396398 -5.67015673 
2.78255940e-07 -9.90468374 -9.40246595 -7.99097093 -6.48396398 -5.67015673 
2.15443469e-07 -9.90468374 -9.40246595 -7.99097093 -6.48396398 -5.67015673 
1.66810054e-07 -9.90468374 -9.40246595 -7.99097093 -6.48396398 -5.67015673 
1.29154967e-07 -9.90468374 -9.40246595 -7.99097093 -6.48396398 -5.67015673 
1.00000000e-07 -9.90468374 -9.40246595 -7.99097093 -6.48396398 -5.67015673 
7.74263683e-08 -9.90468374 -9.40246595 -7.99097093 -6.48396398 -5.67015673 
5.99484250e-08 -9.90468374 -9.40246595 -7.99097093 -6.48396398 -5.67015673 
4.64158883e-08 -9.90468374 -9.40246595 -7.99097093 -6.48396398 -5.67015673 
3.59381366e-08 -9.90468374 -9.40246595 -7.99097093 -6.48396398 -5.67015673 
2.78255940e-08 -9.90468374 -9.40246595 -7.99097093 -6.48396398 -5.67015673 
2.15443469e-08 -9.90468374 -9.40246595 -7.99097093 -6.48396398 -5.67015673 
1.66810054e-08 -9.90468374 -9.40246595 -7.99097093 -6.48396398 -5.67015673 
1.29154967e-08 -9.90468374 -9.40246595 -7.99097093 -6.48396398 -5.67015673 
1.00000000e-08 -9.90468374 -9.40246595 -7.99097093 -6.48396398 -5.67015673 
7.74263683e-09 -9.90468374 -9.40246595 -7.99097093 -6.48396398 -5.67015673 
5.99484250e-09 -9.90468374 -9.40246595 -7.99097093 -6.48396398 -5.67015673 
4.64158883e-09 -9.90468374 -9.40246595 -7.99097093 -6.48396398 -5.67015673 
3.59381366e-09 -9.90468374 -9.40246595 -7.99097093 -6.48396398 -5.67015673 
2.78255940e-09 -9.90468374 -9.40246595 -7.99097093 -6.48396398 -5.67015673 
2.15443469e-09 -9.90468374 -9.40246595 -7.99097093 -6.48396398 -5.67015673 
1.66810054e-09 -9.90468374 -9.40246595 -7.99097093 -6.48396398 -5.67015673 
1.29154967e-09 -9.90468374 -9.40246595 -7.99097093 -6.48396398 -5.67015673 
1.00000000e-09 -9.90468374 -9.40246595 -7.99097093 -6.48396398 -5.67015673 
7.74263683e-10 -9.90468374 -9.40246595 -7.99097093 -6.48396398 -5.67015673 
5.99484250e-10 -9.90468374 -9.40246595 -7.99097093 -6.48396398 -5.67015673 
4.64158883e-10 -9.90468374 -9.40246595 -7.99097093 -6.48396398 -5.67015673 
3.59381366e-10 -9.90468374 -9.40246595 -7.99097093 -6.48396398 -5.67015673 
2.78255940e-10 -9.90468374 -9.40246595 -7.99097093 -6.48396398 -5.67015673 
2.15443469e-10 -9.90468374 -9.40246595 -7.99097093 -6.48396398 -5.67015673 
1.66810054e-10 -9.90468374 -9.40246595 -7.99097093 -6.48396398 -5.67015673 
1.29154967e-10 -9.90468374 -9.40246595 -7.99097093 -6.48396398 -5.67015673 
1.00000000e-10 -9.90468374 -9.40246595 -7.99097093 -6.48396398 -5.67015673 
P (bar) | log_N2O: -2σ | log_N2O: -1σ | log_N2O: median | log_N2O: +1σ | log_N2O: +2σ 
1.00000000e+01 -4.53796721 -4.31920067 -4.12150415 -3.90938950 -3.68386641 
7.74263683e+00 -4.53796721 -4.31920067 -4.12150415 -3.90938950 -3.68386641 
5.99484250e+00 -4.53796721 -4.31920067 -4.12150415 -3.90938950 -3.68386641 
4.64158883e+00 -4.53796721 -4.31920067 -4.12150415 -3.90938950 -3.68386641 
3.59381366e+00 -4.53796721 -4.31920067 -4.12150415 -3.90938950 -3.68386641 
2.78255940e+00 -4.53796721 -4.31920067 -4.12150415 -3.90938950 -3.68386641 
2.15443469e+00 -4.53796721 -4.31920067 -4.12150415 -3.90938950 -3.68386641 
1.66810054e+00 -4.53796721 -4.31920067 -4.12150415 -3.90938950 -3.68386641 
1.29154967e+00 -4.53796721 -4.31920067 -4.12150415 -3.90938950 -3.68386641 
1.00000000e+00 -4.53796721 -4.31920067 -4.12150415 -3.90938950 -3.68386641 
7.74263683e-01 -4.53796721 -4.31920067 -4.12150415 -3.90938950 -3.68386641 
5.99484250e-01 -4.53796721 -4.31920067 -4.12150415 -3.90938950 -3.68386641 
4.64158883e-01 -4.53796721 -4.31920067 -4.12150415 -3.90938950 -3.68386641 
3.59381366e-01 -4.53796721 -4.31920067 -4.12150415 -3.90938950 -3.68386641 
2.78255940e-01 -4.53796721 -4.31920067 -4.12150415 -3.90938950 -3.68386641 
2.15443469e-01 -4.53796721 -4.31920067 -4.12150415 -3.90938950 -3.68386641 
1.66810054e-01 -4.53796721 -4.31920067 -4.12150415 -3.90938950 -3.68386641 
1.29154967e-01 -4.53796721 -4.31920067 -4.12150415 -3.90938950 -3.68386641 
1.00000000e-01 -4.53796721 -4.31920067 -4.12150415 -3.90938950 -3.68386641 
7.74263683e-02 -4.53796721 -4.31920067 -4.12150415 -3.90938950 -3.68386641 
5.99484250e-02 -4.53796721 -4.31920067 -4.12150415 -3.90938950 -3.68386641 
4.64158883e-02 -4.53796721 -4.31920067 -4.12150415 -3.90938950 -3.68386641 
3.59381366e-02 -4.53796721 -4.31920067 -4.12150415 -3.90938950 -3.68386641 
2.78255940e-02 -4.53796721 -4.31920067 -4.12150415 -3.90938950 -3.68386641 
2.15443469e-02 -4.53796721 -4.31920067 -4.12150415 -3.90938950 -3.68386641 
1.66810054e-02 -4.53796721 -4.31920067 -4.12150415 -3.90938950 -3.68386641 
1.29154967e-02 -4.53796721 -4.31920067 -4.12150415 -3.90938950 -3.68386641 
1.00000000e-02 -4.53796721 -4.31920067 -4.12150415 -3.90938950 -3.68386641 
7.74263683e-03 -4.53796721 -4.31920067 -4.12150415 -3.90938950 -3.68386641 
5.99484250e-03 -4.53796721 -4.31920067 -4.12150415 -3.90938950 -3.68386641 
4.64158883e-03 -4.53796721 -4.31920067 -4.12150415 -3.90938950 -3.68386641 
3.59381366e-03 -4.53796721 -4.31920067 -4.12150415 -3.90938950 -3.68386641 
2.78255940e-03 -4.53796721 -4.31920067 -4.12150415 -3.90938950 -3.68386641 
2.15443469e-03 -4.53796721 -4.31920067 -4.12150415 -3.90938950 -3.68386641 
1.66810054e-03 -4.53796721 -4.31920067 -4.12150415 -3.90938950 -3.68386641 
1.29154967e-03 -4.53796721 -4.31920067 -4.12150415 -3.90938950 -3.68386641 
1.00000000e-03 -4.53796721 -4.31920067 -4.12150415 -3.90938950 -3.68386641 
7.74263683e-04 -4.53796721 -4.31920067 -4.12150415 -3.90938950 -3.68386641 
5.99484250e-04 -4.53796721 -4.31920067 -4.12150415 -3.90938950 -3.68386641 
4.64158883e-04 -4.53796721 -4.31920067 -4.12150415 -3.90938950 -3.68386641 
3.59381366e-04 -4.53796721 -4.31920067 -4.12150415 -3.90938950 -3.68386641 
2.78255940e-04 -4.53796721 -4.31920067 -4.12150415 -3.90938950 -3.68386641 
2.15443469e-04 -4.53796721 -4.31920067 -4.12150415 -3.90938950 -3.68386641 
1.66810054e-04 -4.53796721 -4.31920067 -4.12150415 -3.90938950 -3.68386641 
1.29154967e-04 -4.53796721 -4.31920067 -4.12150415 -3.90938950 -3.68386641 
1.00000000e-04 -4.53796721 -4.31920067 -4.12150415 -3.90938950 -3.68386641 
7.74263683e-05 -4.53796721 -4.31920067 -4.12150415 -3.90938950 -3.68386641 
5.99484250e-05 -4.53796721 -4.31920067 -4.12150415 -3.90938950 -3.68386641 
4.64158883e-05 -4.53796721 -4.31920067 -4.12150415 -3.90938950 -3.68386641 
3.59381366e-05 -4.53796721 -4.31920067 -4.12150415 -3.90938950 -3.68386641 
2.78255940e-05 -4.53796721 -4.31920067 -4.12150415 -3.90938950 -3.68386641 
2.15443469e-05 -4.53796721 -4.31920067 -4.12150415 -3.90938950 -3.68386641 
1.66810054e-05 -4.53796721 -4.31920067 -4.12150415 -3.90938950 -3.68386641 
1.29154967e-05 -4.53796721 -4.31920067 -4.12150415 -3.90938950 -3.68386641 
1.00000000e-05 -4.53796721 -4.31920067 -4.12150415 -3.90938950 -3.68386641 
7.74263683e-06 -4.53796721 -4.31920067 -4.12150415 -3.90938950 -3.68386641 
5.99484250e-06 -4.53796721 -4.31920067 -4.12150415 -3.90938950 -3.68386641 
4.64158883e-06 -4.53796721 -4.31920067 -4.12150415 -3.90938950 -3.68386641 
3.59381366e-06 -4.53796721 -4.31920067 -4.12150415 -3.90938950 -3.68386641 
2.78255940e-06 -4.53796721 -4.31920067 -4.12150415 -3.90938950 -3.68386641 
2.15443469e-06 -4.53796721 -4.31920067 -4.12150415 -3.90938950 -3.68386641 
1.66810054e-06 -4.53796721 -4.31920067 -4.12150415 -3.90938950 -3.68386641 
1.29154967e-06 -4.53796721 -4.31920067 -4.12150415 -3.90938950 -3.68386641 
1.00000000e-06 -4.53796721 -4.31920067 -4.12150415 -3.90938950 -3.68386641 
7.74263683e-07 -4.53796721 -4.31920067 -4.12150415 -3.90938950 -3.68386641 
5.99484250e-07 -4.53796721 -4.31920067 -4.12150415 -3.90938950 -3.68386641 
4.64158883e-07 -4.53796721 -4.31920067 -4.12150415 -3.90938950 -3.68386641 
3.59381366e-07 -4.53796721 -4.31920067 -4.12150415 -3.90938950 -3.68386641 
2.78255940e-07 -4.53796721 -4.31920067 -4.12150415 -3.90938950 -3.68386641 
2.15443469e-07 -4.53796721 -4.31920067 -4.12150415 -3.90938950 -3.68386641 
1.66810054e-07 -4.53796721 -4.31920067 -4.12150415 -3.90938950 -3.68386641 
1.29154967e-07 -4.53796721 -4.31920067 -4.12150415 -3.90938950 -3.68386641 
1.00000000e-07 -4.53796721 -4.31920067 -4.12150415 -3.90938950 -3.68386641 
7.74263683e-08 -4.53796721 -4.31920067 -4.12150415 -3.90938950 -3.68386641 
5.99484250e-08 -4.53796721 -4.31920067 -4.12150415 -3.90938950 -3.68386641 
4.64158883e-08 -4.53796721 -4.31920067 -4.12150415 -3.90938950 -3.68386641 
3.59381366e-08 -4.53796721 -4.31920067 -4.12150415 -3.90938950 -3.68386641 
2.78255940e-08 -4.53796721 -4.31920067 -4.12150415 -3.90938950 -3.68386641 
2.15443469e-08 -4.53796721 -4.31920067 -4.12150415 -3.90938950 -3.68386641 
1.66810054e-08 -4.53796721 -4.31920067 -4.12150415 -3.90938950 -3.68386641 
1.29154967e-08 -4.53796721 -4.31920067 -4.12150415 -3.90938950 -3.68386641 
1.00000000e-08 -4.53796721 -4.31920067 -4.12150415 -3.90938950 -3.68386641 
7.74263683e-09 -4.53796721 -4.31920067 -4.12150415 -3.90938950 -3.68386641 
5.99484250e-09 -4.53796721 -4.31920067 -4.12150415 -3.90938950 -3.68386641 
4.64158883e-09 -4.53796721 -4.31920067 -4.12150415 -3.90938950 -3.68386641 
3.59381366e-09 -4.53796721 -4.31920067 -4.12150415 -3.90938950 -3.68386641 
2.78255940e-09 -4.53796721 -4.31920067 -4.12150415 -3.90938950 -3.68386641 
2.15443469e-09 -4.53796721 -4.31920067 -4.12150415 -3.90938950 -3.68386641 
1.66810054e-09 -4.53796721 -4.31920067 -4.12150415 -3.90938950 -3.68386641 
1.29154967e-09 -4.53796721 -4.31920067 -4.12150415 -3.90938950 -3.68386641 
1.00000000e-09 -4.53796721 -4.31920067 -4.12150415 -3.90938950 -3.68386641 
7.74263683e-10 -4.53796721 -4.31920067 -4.12150415 -3.90938950 -3.68386641 
5.99484250e-10 -4.53796721 -4.31920067 -4.12150415 -3.90938950 -3.68386641 
4.64158883e-10 -4.53796721 -4.31920067 -4.12150415 -3.90938950 -3.68386641 
3.59381366e-10 -4.53796721 -4.31920067 -4.12150415 -3.90938950 -3.68386641 
2.78255940e-10 -4.53796721 -4.31920067 -4.12150415 -3.90938950 -3.68386641 
2.15443469e-10 -4.53796721 -4.31920067 -4.12150415 -3.90938950 -3.68386641 
1.66810054e-10 -4.53796721 -4.31920067 -4.12150415 -3.90938950 -3.68386641 
1.29154967e-10 -4.53796721 -4.31920067 -4.12150415 -3.90938950 -3.68386641 
1.00000000e-10 -4.53796721 -4.31920067 -4.12150415 -3.90938950 -3.68386641 
P (bar) | log_NH3: -2σ | log_NH3: -1σ | log_NH3: median | log_NH3: +1σ | log_NH3: +2σ 
1.00000000e+01 -11.90505950 -11.30494138 -9.61564297 -7.71684280 -6.61681468 
7.74263683e+00 -11.90505950 -11.30494138 -9.61564297 -7.71684280 -6.61681468 
5.99484250e+00 -11.90505950 -11.30494138 -9.61564297 -7.71684280 -6.61681468 
4.64158883e+00 -11.90505950 -11.30494138 -9.61564297 -7.71684280 -6.61681468 
3.59381366e+00 -11.90505950 -11.30494138 -9.61564297 -7.71684280 -6.61681468 
2.78255940e+00 -11.90505950 -11.30494138 -9.61564297 -7.71684280 -6.61681468 
2.15443469e+00 -11.90505950 -11.30494138 -9.61564297 -7.71684280 -6.61681468 
1.66810054e+00 -11.90505950 -11.30494138 -9.61564297 -7.71684280 -6.61681468 
1.29154967e+00 -11.90505950 -11.30494138 -9.61564297 -7.71684280 -6.61681468 
1.00000000e+00 -11.90505950 -11.30494138 -9.61564297 -7.71684280 -6.61681468 
7.74263683e-01 -11.90505950 -11.30494138 -9.61564297 -7.71684280 -6.61681468 
5.99484250e-01 -11.90505950 -11.30494138 -9.61564297 -7.71684280 -6.61681468 
4.64158883e-01 -11.90505950 -11.30494138 -9.61564297 -7.71684280 -6.61681468 
3.59381366e-01 -11.90505950 -11.30494138 -9.61564297 -7.71684280 -6.61681468 
2.78255940e-01 -11.90505950 -11.30494138 -9.61564297 -7.71684280 -6.61681468 
2.15443469e-01 -11.90505950 -11.30494138 -9.61564297 -7.71684280 -6.61681468 
1.66810054e-01 -11.90505950 -11.30494138 -9.61564297 -7.71684280 -6.61681468 
1.29154967e-01 -11.90505950 -11.30494138 -9.61564297 -7.71684280 -6.61681468 
1.00000000e-01 -11.90505950 -11.30494138 -9.61564297 -7.71684280 -6.61681468 
7.74263683e-02 -11.90505950 -11.30494138 -9.61564297 -7.71684280 -6.61681468 
5.99484250e-02 -11.90505950 -11.30494138 -9.61564297 -7.71684280 -6.61681468 
4.64158883e-02 -11.90505950 -11.30494138 -9.61564297 -7.71684280 -6.61681468 
3.59381366e-02 -11.90505950 -11.30494138 -9.61564297 -7.71684280 -6.61681468 
2.78255940e-02 -11.90505950 -11.30494138 -9.61564297 -7.71684280 -6.61681468 
2.15443469e-02 -11.90505950 -11.30494138 -9.61564297 -7.71684280 -6.61681468 
1.66810054e-02 -11.90505950 -11.30494138 -9.61564297 -7.71684280 -6.61681468 
1.29154967e-02 -11.90505950 -11.30494138 -9.61564297 -7.71684280 -6.61681468 
1.00000000e-02 -11.90505950 -11.30494138 -9.61564297 -7.71684280 -6.61681468 
7.74263683e-03 -11.90505950 -11.30494138 -9.61564297 -7.71684280 -6.61681468 
5.99484250e-03 -11.90505950 -11.30494138 -9.61564297 -7.71684280 -6.61681468 
4.64158883e-03 -11.90505950 -11.30494138 -9.61564297 -7.71684280 -6.61681468 
3.59381366e-03 -11.90505950 -11.30494138 -9.61564297 -7.71684280 -6.61681468 
2.78255940e-03 -11.90505950 -11.30494138 -9.61564297 -7.71684280 -6.61681468 
2.15443469e-03 -11.90505950 -11.30494138 -9.61564297 -7.71684280 -6.61681468 
1.66810054e-03 -11.90505950 -11.30494138 -9.61564297 -7.71684280 -6.61681468 
1.29154967e-03 -11.90505950 -11.30494138 -9.61564297 -7.71684280 -6.61681468 
1.00000000e-03 -11.90505950 -11.30494138 -9.61564297 -7.71684280 -6.61681468 
7.74263683e-04 -11.90505950 -11.30494138 -9.61564297 -7.71684280 -6.61681468 
5.99484250e-04 -11.90505950 -11.30494138 -9.61564297 -7.71684280 -6.61681468 
4.64158883e-04 -11.90505950 -11.30494138 -9.61564297 -7.71684280 -6.61681468 
3.59381366e-04 -11.90505950 -11.30494138 -9.61564297 -7.71684280 -6.61681468 
2.78255940e-04 -11.90505950 -11.30494138 -9.61564297 -7.71684280 -6.61681468 
2.15443469e-04 -11.90505950 -11.30494138 -9.61564297 -7.71684280 -6.61681468 
1.66810054e-04 -11.90505950 -11.30494138 -9.61564297 -7.71684280 -6.61681468 
1.29154967e-04 -11.90505950 -11.30494138 -9.61564297 -7.71684280 -6.61681468 
1.00000000e-04 -11.90505950 -11.30494138 -9.61564297 -7.71684280 -6.61681468 
7.74263683e-05 -11.90505950 -11.30494138 -9.61564297 -7.71684280 -6.61681468 
5.99484250e-05 -11.90505950 -11.30494138 -9.61564297 -7.71684280 -6.61681468 
4.64158883e-05 -11.90505950 -11.30494138 -9.61564297 -7.71684280 -6.61681468 
3.59381366e-05 -11.90505950 -11.30494138 -9.61564297 -7.71684280 -6.61681468 
2.78255940e-05 -11.90505950 -11.30494138 -9.61564297 -7.71684280 -6.61681468 
2.15443469e-05 -11.90505950 -11.30494138 -9.61564297 -7.71684280 -6.61681468 
1.66810054e-05 -11.90505950 -11.30494138 -9.61564297 -7.71684280 -6.61681468 
1.29154967e-05 -11.90505950 -11.30494138 -9.61564297 -7.71684280 -6.61681468 
1.00000000e-05 -11.90505950 -11.30494138 -9.61564297 -7.71684280 -6.61681468 
7.74263683e-06 -11.90505950 -11.30494138 -9.61564297 -7.71684280 -6.61681468 
5.99484250e-06 -11.90505950 -11.30494138 -9.61564297 -7.71684280 -6.61681468 
4.64158883e-06 -11.90505950 -11.30494138 -9.61564297 -7.71684280 -6.61681468 
3.59381366e-06 -11.90505950 -11.30494138 -9.61564297 -7.71684280 -6.61681468 
2.78255940e-06 -11.90505950 -11.30494138 -9.61564297 -7.71684280 -6.61681468 
2.15443469e-06 -11.90505950 -11.30494138 -9.61564297 -7.71684280 -6.61681468 
1.66810054e-06 -11.90505950 -11.30494138 -9.61564297 -7.71684280 -6.61681468 
1.29154967e-06 -11.90505950 -11.30494138 -9.61564297 -7.71684280 -6.61681468 
1.00000000e-06 -11.90505950 -11.30494138 -9.61564297 -7.71684280 -6.61681468 
7.74263683e-07 -11.90505950 -11.30494138 -9.61564297 -7.71684280 -6.61681468 
5.99484250e-07 -11.90505950 -11.30494138 -9.61564297 -7.71684280 -6.61681468 
4.64158883e-07 -11.90505950 -11.30494138 -9.61564297 -7.71684280 -6.61681468 
3.59381366e-07 -11.90505950 -11.30494138 -9.61564297 -7.71684280 -6.61681468 
2.78255940e-07 -11.90505950 -11.30494138 -9.61564297 -7.71684280 -6.61681468 
2.15443469e-07 -11.90505950 -11.30494138 -9.61564297 -7.71684280 -6.61681468 
1.66810054e-07 -11.90505950 -11.30494138 -9.61564297 -7.71684280 -6.61681468 
1.29154967e-07 -11.90505950 -11.30494138 -9.61564297 -7.71684280 -6.61681468 
1.00000000e-07 -11.90505950 -11.30494138 -9.61564297 -7.71684280 -6.61681468 
7.74263683e-08 -11.90505950 -11.30494138 -9.61564297 -7.71684280 -6.61681468 
5.99484250e-08 -11.90505950 -11.30494138 -9.61564297 -7.71684280 -6.61681468 
4.64158883e-08 -11.90505950 -11.30494138 -9.61564297 -7.71684280 -6.61681468 
3.59381366e-08 -11.90505950 -11.30494138 -9.61564297 -7.71684280 -6.61681468 
2.78255940e-08 -11.90505950 -11.30494138 -9.61564297 -7.71684280 -6.61681468 
2.15443469e-08 -11.90505950 -11.30494138 -9.61564297 -7.71684280 -6.61681468 
1.66810054e-08 -11.90505950 -11.30494138 -9.61564297 -7.71684280 -6.61681468 
1.29154967e-08 -11.90505950 -11.30494138 -9.61564297 -7.71684280 -6.61681468 
1.00000000e-08 -11.90505950 -11.30494138 -9.61564297 -7.71684280 -6.61681468 
7.74263683e-09 -11.90505950 -11.30494138 -9.61564297 -7.71684280 -6.61681468 
5.99484250e-09 -11.90505950 -11.30494138 -9.61564297 -7.71684280 -6.61681468 
4.64158883e-09 -11.90505950 -11.30494138 -9.61564297 -7.71684280 -6.61681468 
3.59381366e-09 -11.90505950 -11.30494138 -9.61564297 -7.71684280 -6.61681468 
2.78255940e-09 -11.90505950 -11.30494138 -9.61564297 -7.71684280 -6.61681468 
2.15443469e-09 -11.90505950 -11.30494138 -9.61564297 -7.71684280 -6.61681468 
1.66810054e-09 -11.90505950 -11.30494138 -9.61564297 -7.71684280 -6.61681468 
1.29154967e-09 -11.90505950 -11.30494138 -9.61564297 -7.71684280 -6.61681468 
1.00000000e-09 -11.90505950 -11.30494138 -9.61564297 -7.71684280 -6.61681468 
7.74263683e-10 -11.90505950 -11.30494138 -9.61564297 -7.71684280 -6.61681468 
5.99484250e-10 -11.90505950 -11.30494138 -9.61564297 -7.71684280 -6.61681468 
4.64158883e-10 -11.90505950 -11.30494138 -9.61564297 -7.71684280 -6.61681468 
3.59381366e-10 -11.90505950 -11.30494138 -9.61564297 -7.71684280 -6.61681468 
2.78255940e-10 -11.90505950 -11.30494138 -9.61564297 -7.71684280 -6.61681468 
2.15443469e-10 -11.90505950 -11.30494138 -9.61564297 -7.71684280 -6.61681468 
1.66810054e-10 -11.90505950 -11.30494138 -9.61564297 -7.71684280 -6.61681468 
1.29154967e-10 -11.90505950 -11.30494138 -9.61564297 -7.71684280 -6.61681468 
1.00000000e-10 -11.90505950 -11.30494138 -9.61564297 -7.71684280 -6.61681468 
