Chemical species: N2 H2O CO2 CH4 O2 O3 N2O NH3
P (bar) | log_N2: -2σ | log_N2: -1σ | log_N2: median | log_N2: +1σ | log_N2: +2σ 
1.00000000e+01 -0.06165248 -0.02787428 -0.00640231 -0.00052823 -0.00002686 
7.74263683e+00 -0.06165248 -0.02787428 -0.00640231 -0.00052823 -0.00002686 
5.99484250e+00 -0.06165248 -0.02787428 -0.00640231 -0.00052823 -0.00002686 
4.64158883e+00 -0.06165248 -0.02787428 -0.00640231 -0.00052823 -0.00002686 
3.59381366e+00 -0.06165248 -0.02787428 -0.00640231 -0.00052823 -0.00002686 
2.78255940e+00 -0.06165248 -0.02787428 -0.00640231 -0.00052823 -0.00002686 
2.15443469e+00 -0.06165248 -0.02787428 -0.00640231 -0.00052823 -0.00002686 
1.66810054e+00 -0.06165248 -0.02787428 -0.00640231 -0.00052823 -0.00002686 
1.29154967e+00 -0.06165248 -0.02787428 -0.00640231 -0.00052823 -0.00002686 
1.00000000e+00 -0.06165248 -0.02787428 -0.00640231 -0.00052823 -0.00002686 
7.74263683e-01 -0.06165248 -0.02787428 -0.00640231 -0.00052823 -0.00002686 
5.99484250e-01 -0.06165248 -0.02787428 -0.00640231 -0.00052823 -0.00002686 
4.64158883e-01 -0.06165248 -0.02787428 -0.00640231 -0.00052823 -0.00002686 
3.59381366e-01 -0.06165248 -0.02787428 -0.00640231 -0.00052823 -0.00002686 
2.78255940e-01 -0.06165248 -0.02787428 -0.00640231 -0.00052823 -0.00002686 
2.15443469e-01 -0.06165248 -0.02787428 -0.00640231 -0.00052823 -0.00002686 
1.66810054e-01 -0.06165248 -0.02787428 -0.00640231 -0.00052823 -0.00002686 
1.29154967e-01 -0.06165248 -0.02787428 -0.00640231 -0.00052823 -0.00002686 
1.00000000e-01 -0.06165248 -0.02787428 -0.00640231 -0.00052823 -0.00002686 
7.74263683e-02 -0.06165248 -0.02787428 -0.00640231 -0.00052823 -0.00002686 
5.99484250e-02 -0.06165248 -0.02787428 -0.00640231 -0.00052823 -0.00002686 
4.64158883e-02 -0.06165248 -0.02787428 -0.00640231 -0.00052823 -0.00002686 
3.59381366e-02 -0.06165248 -0.02787428 -0.00640231 -0.00052823 -0.00002686 
2.78255940e-02 -0.06165248 -0.02787428 -0.00640231 -0.00052823 -0.00002686 
2.15443469e-02 -0.06165248 -0.02787428 -0.00640231 -0.00052823 -0.00002686 
1.66810054e-02 -0.06165248 -0.02787428 -0.00640231 -0.00052823 -0.00002686 
1.29154967e-02 -0.06165248 -0.02787428 -0.00640231 -0.00052823 -0.00002686 
1.00000000e-02 -0.06165248 -0.02787428 -0.00640231 -0.00052823 -0.00002686 
7.74263683e-03 -0.06165248 -0.02787428 -0.00640231 -0.00052823 -0.00002686 
5.99484250e-03 -0.06165248 -0.02787428 -0.00640231 -0.00052823 -0.00002686 
4.64158883e-03 -0.06165248 -0.02787428 -0.00640231 -0.00052823 -0.00002686 
3.59381366e-03 -0.06165248 -0.02787428 -0.00640231 -0.00052823 -0.00002686 
2.78255940e-03 -0.06165248 -0.02787428 -0.00640231 -0.00052823 -0.00002686 
2.15443469e-03 -0.06165248 -0.02787428 -0.00640231 -0.00052823 -0.00002686 
1.66810054e-03 -0.06165248 -0.02787428 -0.00640231 -0.00052823 -0.00002686 
1.29154967e-03 -0.06165248 -0.02787428 -0.00640231 -0.00052823 -0.00002686 
1.00000000e-03 -0.06165248 -0.02787428 -0.00640231 -0.00052823 -0.00002686 
7.74263683e-04 -0.06165248 -0.02787428 -0.00640231 -0.00052823 -0.00002686 
5.99484250e-04 -0.06165248 -0.02787428 -0.00640231 -0.00052823 -0.00002686 
4.64158883e-04 -0.06165248 -0.02787428 -0.00640231 -0.00052823 -0.00002686 
3.59381366e-04 -0.06165248 -0.02787428 -0.00640231 -0.00052823 -0.00002686 
2.78255940e-04 -0.06165248 -0.02787428 -0.00640231 -0.00052823 -0.00002686 
2.15443469e-04 -0.06165248 -0.02787428 -0.00640231 -0.00052823 -0.00002686 
1.66810054e-04 -0.06165248 -0.02787428 -0.00640231 -0.00052823 -0.00002686 
1.29154967e-04 -0.06165248 -0.02787428 -0.00640231 -0.00052823 -0.00002686 
1.00000000e-04 -0.06165248 -0.02787428 -0.00640231 -0.00052823 -0.00002686 
7.74263683e-05 -0.06165248 -0.02787428 -0.00640231 -0.00052823 -0.00002686 
5.99484250e-05 -0.06165248 -0.02787428 -0.00640231 -0.00052823 -0.00002686 
4.64158883e-05 -0.06165248 -0.02787428 -0.00640231 -0.00052823 -0.00002686 
3.59381366e-05 -0.06165248 -0.02787428 -0.00640231 -0.00052823 -0.00002686 
2.78255940e-05 -0.06165248 -0.02787428 -0.00640231 -0.00052823 -0.00002686 
2.15443469e-05 -0.06165248 -0.02787428 -0.00640231 -0.00052823 -0.00002686 
1.66810054e-05 -0.06165248 -0.02787428 -0.00640231 -0.00052823 -0.00002686 
1.29154967e-05 -0.06165248 -0.02787428 -0.00640231 -0.00052823 -0.00002686 
1.00000000e-05 -0.06165248 -0.02787428 -0.00640231 -0.00052823 -0.00002686 
7.74263683e-06 -0.06165248 -0.02787428 -0.00640231 -0.00052823 -0.00002686 
5.99484250e-06 -0.06165248 -0.02787428 -0.00640231 -0.00052823 -0.00002686 
4.64158883e-06 -0.06165248 -0.02787428 -0.00640231 -0.00052823 -0.00002686 
3.59381366e-06 -0.06165248 -0.02787428 -0.00640231 -0.00052823 -0.00002686 
2.78255940e-06 -0.06165248 -0.02787428 -0.00640231 -0.00052823 -0.00002686 
2.15443469e-06 -0.06165248 -0.02787428 -0.00640231 -0.00052823 -0.00002686 
1.66810054e-06 -0.06165248 -0.02787428 -0.00640231 -0.00052823 -0.00002686 
1.29154967e-06 -0.06165248 -0.02787428 -0.00640231 -0.00052823 -0.00002686 
1.00000000e-06 -0.06165248 -0.02787428 -0.00640231 -0.00052823 -0.00002686 
7.74263683e-07 -0.06165248 -0.02787428 -0.00640231 -0.00052823 -0.00002686 
5.99484250e-07 -0.06165248 -0.02787428 -0.00640231 -0.00052823 -0.00002686 
4.64158883e-07 -0.06165248 -0.02787428 -0.00640231 -0.00052823 -0.00002686 
3.59381366e-07 -0.06165248 -0.02787428 -0.00640231 -0.00052823 -0.00002686 
2.78255940e-07 -0.06165248 -0.02787428 -0.00640231 -0.00052823 -0.00002686 
2.15443469e-07 -0.06165248 -0.02787428 -0.00640231 -0.00052823 -0.00002686 
1.66810054e-07 -0.06165248 -0.02787428 -0.00640231 -0.00052823 -0.00002686 
1.29154967e-07 -0.06165248 -0.02787428 -0.00640231 -0.00052823 -0.00002686 
1.00000000e-07 -0.06165248 -0.02787428 -0.00640231 -0.00052823 -0.00002686 
7.74263683e-08 -0.06165248 -0.02787428 -0.00640231 -0.00052823 -0.00002686 
5.99484250e-08 -0.06165248 -0.02787428 -0.00640231 -0.00052823 -0.00002686 
4.64158883e-08 -0.06165248 -0.02787428 -0.00640231 -0.00052823 -0.00002686 
3.59381366e-08 -0.06165248 -0.02787428 -0.00640231 -0.00052823 -0.00002686 
2.78255940e-08 -0.06165248 -0.02787428 -0.00640231 -0.00052823 -0.00002686 
2.15443469e-08 -0.06165248 -0.02787428 -0.00640231 -0.00052823 -0.00002686 
1.66810054e-08 -0.06165248 -0.02787428 -0.00640231 -0.00052823 -0.00002686 
1.29154967e-08 -0.06165248 -0.02787428 -0.00640231 -0.00052823 -0.00002686 
1.00000000e-08 -0.06165248 -0.02787428 -0.00640231 -0.00052823 -0.00002686 
7.74263683e-09 -0.06165248 -0.02787428 -0.00640231 -0.00052823 -0.00002686 
5.99484250e-09 -0.06165248 -0.02787428 -0.00640231 -0.00052823 -0.00002686 
4.64158883e-09 -0.06165248 -0.02787428 -0.00640231 -0.00052823 -0.00002686 
3.59381366e-09 -0.06165248 -0.02787428 -0.00640231 -0.00052823 -0.00002686 
2.78255940e-09 -0.06165248 -0.02787428 -0.00640231 -0.00052823 -0.00002686 
2.15443469e-09 -0.06165248 -0.02787428 -0.00640231 -0.00052823 -0.00002686 
1.66810054e-09 -0.06165248 -0.02787428 -0.00640231 -0.00052823 -0.00002686 
1.29154967e-09 -0.06165248 -0.02787428 -0.00640231 -0.00052823 -0.00002686 
1.00000000e-09 -0.06165248 -0.02787428 -0.00640231 -0.00052823 -0.00002686 
7.74263683e-10 -0.06165248 -0.02787428 -0.00640231 -0.00052823 -0.00002686 
5.99484250e-10 -0.06165248 -0.02787428 -0.00640231 -0.00052823 -0.00002686 
4.64158883e-10 -0.06165248 -0.02787428 -0.00640231 -0.00052823 -0.00002686 
3.59381366e-10 -0.06165248 -0.02787428 -0.00640231 -0.00052823 -0.00002686 
2.78255940e-10 -0.06165248 -0.02787428 -0.00640231 -0.00052823 -0.00002686 
2.15443469e-10 -0.06165248 -0.02787428 -0.00640231 -0.00052823 -0.00002686 
1.66810054e-10 -0.06165248 -0.02787428 -0.00640231 -0.00052823 -0.00002686 
1.29154967e-10 -0.06165248 -0.02787428 -0.00640231 -0.00052823 -0.00002686 
1.00000000e-10 -0.06165248 -0.02787428 -0.00640231 -0.00052823 -0.00002686 
P (bar) | log_H2O: -2σ | log_H2O: -1σ | log_H2O: median | log_H2O: +1σ | log_H2O: +2σ 
1.00000000e+01 -5.50184470 -3.95415372 -2.55928864 -1.59360935 -1.09506716 
7.74263683e+00 -5.50184470 -3.95415372 -2.55928864 -1.59360935 -1.09506716 
5.99484250e+00 -5.50184470 -3.95415372 -2.55928864 -1.59360935 -1.09506716 
4.64158883e+00 -5.50184470 -3.95415372 -2.55928864 -1.59360935 -1.09506716 
3.59381366e+00 -5.50184470 -3.95415372 -2.55928864 -1.59360935 -1.09506716 
2.78255940e+00 -5.50184470 -3.95415372 -2.55928864 -1.59360935 -1.09506716 
2.15443469e+00 -5.50184470 -3.95415372 -2.55928864 -1.59360935 -1.09506716 
1.66810054e+00 -5.50184470 -3.95415372 -2.55928864 -1.59360935 -1.09506716 
1.29154967e+00 -5.50184470 -3.95415372 -2.55928864 -1.59360935 -1.09506716 
1.00000000e+00 -5.50184470 -3.95415372 -2.55928864 -1.59360935 -1.09506716 
7.74263683e-01 -5.50184470 -3.95415372 -2.55928864 -1.59360935 -1.09506716 
5.99484250e-01 -5.50184470 -3.95415372 -2.55928864 -1.59360935 -1.09506716 
4.64158883e-01 -5.50184470 -3.95415372 -2.55928864 -1.59360935 -1.09506716 
3.59381366e-01 -5.50184470 -3.95415372 -2.55928864 -1.59360935 -1.09506716 
2.78255940e-01 -5.50184470 -3.95415372 -2.55928864 -1.59360935 -1.09506716 
2.15443469e-01 -5.50184470 -3.95415372 -2.55928864 -1.59360935 -1.09506716 
1.66810054e-01 -5.50184470 -3.95415372 -2.55928864 -1.59360935 -1.09506716 
1.29154967e-01 -5.50184470 -3.95415372 -2.55928864 -1.59360935 -1.09506716 
1.00000000e-01 -5.50184470 -3.95415372 -2.55928864 -1.59360935 -1.09506716 
7.74263683e-02 -5.50184470 -3.95415372 -2.55928864 -1.59360935 -1.09506716 
5.99484250e-02 -5.50184470 -3.95415372 -2.55928864 -1.59360935 -1.09506716 
4.64158883e-02 -5.50184470 -3.95415372 -2.55928864 -1.59360935 -1.09506716 
3.59381366e-02 -5.50184470 -3.95415372 -2.55928864 -1.59360935 -1.09506716 
2.78255940e-02 -5.50184470 -3.95415372 -2.55928864 -1.59360935 -1.09506716 
2.15443469e-02 -5.50184470 -3.95415372 -2.55928864 -1.59360935 -1.09506716 
1.66810054e-02 -5.50184470 -3.95415372 -2.55928864 -1.59360935 -1.09506716 
1.29154967e-02 -5.50184470 -3.95415372 -2.55928864 -1.59360935 -1.09506716 
1.00000000e-02 -5.50184470 -3.95415372 -2.55928864 -1.59360935 -1.09506716 
7.74263683e-03 -5.50184470 -3.95415372 -2.55928864 -1.59360935 -1.09506716 
5.99484250e-03 -5.50184470 -3.95415372 -2.55928864 -1.59360935 -1.09506716 
4.64158883e-03 -5.50184470 -3.95415372 -2.55928864 -1.59360935 -1.09506716 
3.59381366e-03 -5.50184470 -3.95415372 -2.55928864 -1.59360935 -1.09506716 
2.78255940e-03 -5.50184470 -3.95415372 -2.55928864 -1.59360935 -1.09506716 
2.15443469e-03 -5.50184470 -3.95415372 -2.55928864 -1.59360935 -1.09506716 
1.66810054e-03 -5.50184470 -3.95415372 -2.55928864 -1.59360935 -1.09506716 
1.29154967e-03 -5.50184470 -3.95415372 -2.55928864 -1.59360935 -1.09506716 
1.00000000e-03 -5.50184470 -3.95415372 -2.55928864 -1.59360935 -1.09506716 
7.74263683e-04 -5.50184470 -3.95415372 -2.55928864 -1.59360935 -1.09506716 
5.99484250e-04 -5.50184470 -3.95415372 -2.55928864 -1.59360935 -1.09506716 
4.64158883e-04 -5.50184470 -3.95415372 -2.55928864 -1.59360935 -1.09506716 
3.59381366e-04 -5.50184470 -3.95415372 -2.55928864 -1.59360935 -1.09506716 
2.78255940e-04 -5.50184470 -3.95415372 -2.55928864 -1.59360935 -1.09506716 
2.15443469e-04 -5.50184470 -3.95415372 -2.55928864 -1.59360935 -1.09506716 
1.66810054e-04 -5.50184470 -3.95415372 -2.55928864 -1.59360935 -1.09506716 
1.29154967e-04 -5.50184470 -3.95415372 -2.55928864 -1.59360935 -1.09506716 
1.00000000e-04 -5.50184470 -3.95415372 -2.55928864 -1.59360935 -1.09506716 
7.74263683e-05 -5.50184470 -3.95415372 -2.55928864 -1.59360935 -1.09506716 
5.99484250e-05 -5.50184470 -3.95415372 -2.55928864 -1.59360935 -1.09506716 
4.64158883e-05 -5.50184470 -3.95415372 -2.55928864 -1.59360935 -1.09506716 
3.59381366e-05 -5.50184470 -3.95415372 -2.55928864 -1.59360935 -1.09506716 
2.78255940e-05 -5.50184470 -3.95415372 -2.55928864 -1.59360935 -1.09506716 
2.15443469e-05 -5.50184470 -3.95415372 -2.55928864 -1.59360935 -1.09506716 
1.66810054e-05 -5.50184470 -3.95415372 -2.55928864 -1.59360935 -1.09506716 
1.29154967e-05 -5.50184470 -3.95415372 -2.55928864 -1.59360935 -1.09506716 
1.00000000e-05 -5.50184470 -3.95415372 -2.55928864 -1.59360935 -1.09506716 
7.74263683e-06 -5.50184470 -3.95415372 -2.55928864 -1.59360935 -1.09506716 
5.99484250e-06 -5.50184470 -3.95415372 -2.55928864 -1.59360935 -1.09506716 
4.64158883e-06 -5.50184470 -3.95415372 -2.55928864 -1.59360935 -1.09506716 
3.59381366e-06 -5.50184470 -3.95415372 -2.55928864 -1.59360935 -1.09506716 
2.78255940e-06 -5.50184470 -3.95415372 -2.55928864 -1.59360935 -1.09506716 
2.15443469e-06 -5.50184470 -3.95415372 -2.55928864 -1.59360935 -1.09506716 
1.66810054e-06 -5.50184470 -3.95415372 -2.55928864 -1.59360935 -1.09506716 
1.29154967e-06 -5.50184470 -3.95415372 -2.55928864 -1.59360935 -1.09506716 
1.00000000e-06 -5.50184470 -3.95415372 -2.55928864 -1.59360935 -1.09506716 
7.74263683e-07 -5.50184470 -3.95415372 -2.55928864 -1.59360935 -1.09506716 
5.99484250e-07 -5.50184470 -3.95415372 -2.55928864 -1.59360935 -1.09506716 
4.64158883e-07 -5.50184470 -3.95415372 -2.55928864 -1.59360935 -1.09506716 
3.59381366e-07 -5.50184470 -3.95415372 -2.55928864 -1.59360935 -1.09506716 
2.78255940e-07 -5.50184470 -3.95415372 -2.55928864 -1.59360935 -1.09506716 
2.15443469e-07 -5.50184470 -3.95415372 -2.55928864 -1.59360935 -1.09506716 
1.66810054e-07 -5.50184470 -3.95415372 -2.55928864 -1.59360935 -1.09506716 
1.29154967e-07 -5.50184470 -3.95415372 -2.55928864 -1.59360935 -1.09506716 
1.00000000e-07 -5.50184470 -3.95415372 -2.55928864 -1.59360935 -1.09506716 
7.74263683e-08 -5.50184470 -3.95415372 -2.55928864 -1.59360935 -1.09506716 
5.99484250e-08 -5.50184470 -3.95415372 -2.55928864 -1.59360935 -1.09506716 
4.64158883e-08 -5.50184470 -3.95415372 -2.55928864 -1.59360935 -1.09506716 
3.59381366e-08 -5.50184470 -3.95415372 -2.55928864 -1.59360935 -1.09506716 
2.78255940e-08 -5.50184470 -3.95415372 -2.55928864 -1.59360935 -1.09506716 
2.15443469e-08 -5.50184470 -3.95415372 -2.55928864 -1.59360935 -1.09506716 
1.66810054e-08 -5.50184470 -3.95415372 -2.55928864 -1.59360935 -1.09506716 
1.29154967e-08 -5.50184470 -3.95415372 -2.55928864 -1.59360935 -1.09506716 
1.00000000e-08 -5.50184470 -3.95415372 -2.55928864 -1.59360935 -1.09506716 
7.74263683e-09 -5.50184470 -3.95415372 -2.55928864 -1.59360935 -1.09506716 
5.99484250e-09 -5.50184470 -3.95415372 -2.55928864 -1.59360935 -1.09506716 
4.64158883e-09 -5.50184470 -3.95415372 -2.55928864 -1.59360935 -1.09506716 
3.59381366e-09 -5.50184470 -3.95415372 -2.55928864 -1.59360935 -1.09506716 
2.78255940e-09 -5.50184470 -3.95415372 -2.55928864 -1.59360935 -1.09506716 
2.15443469e-09 -5.50184470 -3.95415372 -2.55928864 -1.59360935 -1.09506716 
1.66810054e-09 -5.50184470 -3.95415372 -2.55928864 -1.59360935 -1.09506716 
1.29154967e-09 -5.50184470 -3.95415372 -2.55928864 -1.59360935 -1.09506716 
1.00000000e-09 -5.50184470 -3.95415372 -2.55928864 -1.59360935 -1.09506716 
7.74263683e-10 -5.50184470 -3.95415372 -2.55928864 -1.59360935 -1.09506716 
5.99484250e-10 -5.50184470 -3.95415372 -2.55928864 -1.59360935 -1.09506716 
4.64158883e-10 -5.50184470 -3.95415372 -2.55928864 -1.59360935 -1.09506716 
3.59381366e-10 -5.50184470 -3.95415372 -2.55928864 -1.59360935 -1.09506716 
2.78255940e-10 -5.50184470 -3.95415372 -2.55928864 -1.59360935 -1.09506716 
2.15443469e-10 -5.50184470 -3.95415372 -2.55928864 -1.59360935 -1.09506716 
1.66810054e-10 -5.50184470 -3.95415372 -2.55928864 -1.59360935 -1.09506716 
1.29154967e-10 -5.50184470 -3.95415372 -2.55928864 -1.59360935 -1.09506716 
1.00000000e-10 -5.50184470 -3.95415372 -2.55928864 -1.59360935 -1.09506716 
P (bar) | log_CO2: -2σ | log_CO2: -1σ | log_CO2: median | log_CO2: +1σ | log_CO2: +2σ 
1.00000000e+01 -9.68507098 -8.31819061 -5.45489483 -2.71028969 -1.32255738 
7.74263683e+00 -9.68507098 -8.31819061 -5.45489483 -2.71028969 -1.32255738 
5.99484250e+00 -9.68507098 -8.31819061 -5.45489483 -2.71028969 -1.32255738 
4.64158883e+00 -9.68507098 -8.31819061 -5.45489483 -2.71028969 -1.32255738 
3.59381366e+00 -9.68507098 -8.31819061 -5.45489483 -2.71028969 -1.32255738 
2.78255940e+00 -9.68507098 -8.31819061 -5.45489483 -2.71028969 -1.32255738 
2.15443469e+00 -9.68507098 -8.31819061 -5.45489483 -2.71028969 -1.32255738 
1.66810054e+00 -9.68507098 -8.31819061 -5.45489483 -2.71028969 -1.32255738 
1.29154967e+00 -9.68507098 -8.31819061 -5.45489483 -2.71028969 -1.32255738 
1.00000000e+00 -9.68507098 -8.31819061 -5.45489483 -2.71028969 -1.32255738 
7.74263683e-01 -9.68507098 -8.31819061 -5.45489483 -2.71028969 -1.32255738 
5.99484250e-01 -9.68507098 -8.31819061 -5.45489483 -2.71028969 -1.32255738 
4.64158883e-01 -9.68507098 -8.31819061 -5.45489483 -2.71028969 -1.32255738 
3.59381366e-01 -9.68507098 -8.31819061 -5.45489483 -2.71028969 -1.32255738 
2.78255940e-01 -9.68507098 -8.31819061 -5.45489483 -2.71028969 -1.32255738 
2.15443469e-01 -9.68507098 -8.31819061 -5.45489483 -2.71028969 -1.32255738 
1.66810054e-01 -9.68507098 -8.31819061 -5.45489483 -2.71028969 -1.32255738 
1.29154967e-01 -9.68507098 -8.31819061 -5.45489483 -2.71028969 -1.32255738 
1.00000000e-01 -9.68507098 -8.31819061 -5.45489483 -2.71028969 -1.32255738 
7.74263683e-02 -9.68507098 -8.31819061 -5.45489483 -2.71028969 -1.32255738 
5.99484250e-02 -9.68507098 -8.31819061 -5.45489483 -2.71028969 -1.32255738 
4.64158883e-02 -9.68507098 -8.31819061 -5.45489483 -2.71028969 -1.32255738 
3.59381366e-02 -9.68507098 -8.31819061 -5.45489483 -2.71028969 -1.32255738 
2.78255940e-02 -9.68507098 -8.31819061 -5.45489483 -2.71028969 -1.32255738 
2.15443469e-02 -9.68507098 -8.31819061 -5.45489483 -2.71028969 -1.32255738 
1.66810054e-02 -9.68507098 -8.31819061 -5.45489483 -2.71028969 -1.32255738 
1.29154967e-02 -9.68507098 -8.31819061 -5.45489483 -2.71028969 -1.32255738 
1.00000000e-02 -9.68507098 -8.31819061 -5.45489483 -2.71028969 -1.32255738 
7.74263683e-03 -9.68507098 -8.31819061 -5.45489483 -2.71028969 -1.32255738 
5.99484250e-03 -9.68507098 -8.31819061 -5.45489483 -2.71028969 -1.32255738 
4.64158883e-03 -9.68507098 -8.31819061 -5.45489483 -2.71028969 -1.32255738 
3.59381366e-03 -9.68507098 -8.31819061 -5.45489483 -2.71028969 -1.32255738 
2.78255940e-03 -9.68507098 -8.31819061 -5.45489483 -2.71028969 -1.32255738 
2.15443469e-03 -9.68507098 -8.31819061 -5.45489483 -2.71028969 -1.32255738 
1.66810054e-03 -9.68507098 -8.31819061 -5.45489483 -2.71028969 -1.32255738 
1.29154967e-03 -9.68507098 -8.31819061 -5.45489483 -2.71028969 -1.32255738 
1.00000000e-03 -9.68507098 -8.31819061 -5.45489483 -2.71028969 -1.32255738 
7.74263683e-04 -9.68507098 -8.31819061 -5.45489483 -2.71028969 -1.32255738 
5.99484250e-04 -9.68507098 -8.31819061 -5.45489483 -2.71028969 -1.32255738 
4.64158883e-04 -9.68507098 -8.31819061 -5.45489483 -2.71028969 -1.32255738 
3.59381366e-04 -9.68507098 -8.31819061 -5.45489483 -2.71028969 -1.32255738 
2.78255940e-04 -9.68507098 -8.31819061 -5.45489483 -2.71028969 -1.32255738 
2.15443469e-04 -9.68507098 -8.31819061 -5.45489483 -2.71028969 -1.32255738 
1.66810054e-04 -9.68507098 -8.31819061 -5.45489483 -2.71028969 -1.32255738 
1.29154967e-04 -9.68507098 -8.31819061 -5.45489483 -2.71028969 -1.32255738 
1.00000000e-04 -9.68507098 -8.31819061 -5.45489483 -2.71028969 -1.32255738 
7.74263683e-05 -9.68507098 -8.31819061 -5.45489483 -2.71028969 -1.32255738 
5.99484250e-05 -9.68507098 -8.31819061 -5.45489483 -2.71028969 -1.32255738 
4.64158883e-05 -9.68507098 -8.31819061 -5.45489483 -2.71028969 -1.32255738 
3.59381366e-05 -9.68507098 -8.31819061 -5.45489483 -2.71028969 -1.32255738 
2.78255940e-05 -9.68507098 -8.31819061 -5.45489483 -2.71028969 -1.32255738 
2.15443469e-05 -9.68507098 -8.31819061 -5.45489483 -2.71028969 -1.32255738 
1.66810054e-05 -9.68507098 -8.31819061 -5.45489483 -2.71028969 -1.32255738 
1.29154967e-05 -9.68507098 -8.31819061 -5.45489483 -2.71028969 -1.32255738 
1.00000000e-05 -9.68507098 -8.31819061 -5.45489483 -2.71028969 -1.32255738 
7.74263683e-06 -9.68507098 -8.31819061 -5.45489483 -2.71028969 -1.32255738 
5.99484250e-06 -9.68507098 -8.31819061 -5.45489483 -2.71028969 -1.32255738 
4.64158883e-06 -9.68507098 -8.31819061 -5.45489483 -2.71028969 -1.32255738 
3.59381366e-06 -9.68507098 -8.31819061 -5.45489483 -2.71028969 -1.32255738 
2.78255940e-06 -9.68507098 -8.31819061 -5.45489483 -2.71028969 -1.32255738 
2.15443469e-06 -9.68507098 -8.31819061 -5.45489483 -2.71028969 -1.32255738 
1.66810054e-06 -9.68507098 -8.31819061 -5.45489483 -2.71028969 -1.32255738 
1.29154967e-06 -9.68507098 -8.31819061 -5.45489483 -2.71028969 -1.32255738 
1.00000000e-06 -9.68507098 -8.31819061 -5.45489483 -2.71028969 -1.32255738 
7.74263683e-07 -9.68507098 -8.31819061 -5.45489483 -2.71028969 -1.32255738 
5.99484250e-07 -9.68507098 -8.31819061 -5.45489483 -2.71028969 -1.32255738 
4.64158883e-07 -9.68507098 -8.31819061 -5.45489483 -2.71028969 -1.32255738 
3.59381366e-07 -9.68507098 -8.31819061 -5.45489483 -2.71028969 -1.32255738 
2.78255940e-07 -9.68507098 -8.31819061 -5.45489483 -2.71028969 -1.32255738 
2.15443469e-07 -9.68507098 -8.31819061 -5.45489483 -2.71028969 -1.32255738 
1.66810054e-07 -9.68507098 -8.31819061 -5.45489483 -2.71028969 -1.32255738 
1.29154967e-07 -9.68507098 -8.31819061 -5.45489483 -2.71028969 -1.32255738 
1.00000000e-07 -9.68507098 -8.31819061 -5.45489483 -2.71028969 -1.32255738 
7.74263683e-08 -9.68507098 -8.31819061 -5.45489483 -2.71028969 -1.32255738 
5.99484250e-08 -9.68507098 -8.31819061 -5.45489483 -2.71028969 -1.32255738 
4.64158883e-08 -9.68507098 -8.31819061 -5.45489483 -2.71028969 -1.32255738 
3.59381366e-08 -9.68507098 -8.31819061 -5.45489483 -2.71028969 -1.32255738 
2.78255940e-08 -9.68507098 -8.31819061 -5.45489483 -2.71028969 -1.32255738 
2.15443469e-08 -9.68507098 -8.31819061 -5.45489483 -2.71028969 -1.32255738 
1.66810054e-08 -9.68507098 -8.31819061 -5.45489483 -2.71028969 -1.32255738 
1.29154967e-08 -9.68507098 -8.31819061 -5.45489483 -2.71028969 -1.32255738 
1.00000000e-08 -9.68507098 -8.31819061 -5.45489483 -2.71028969 -1.32255738 
7.74263683e-09 -9.68507098 -8.31819061 -5.45489483 -2.71028969 -1.32255738 
5.99484250e-09 -9.68507098 -8.31819061 -5.45489483 -2.71028969 -1.32255738 
4.64158883e-09 -9.68507098 -8.31819061 -5.45489483 -2.71028969 -1.32255738 
3.59381366e-09 -9.68507098 -8.31819061 -5.45489483 -2.71028969 -1.32255738 
2.78255940e-09 -9.68507098 -8.31819061 -5.45489483 -2.71028969 -1.32255738 
2.15443469e-09 -9.68507098 -8.31819061 -5.45489483 -2.71028969 -1.32255738 
1.66810054e-09 -9.68507098 -8.31819061 -5.45489483 -2.71028969 -1.32255738 
1.29154967e-09 -9.68507098 -8.31819061 -5.45489483 -2.71028969 -1.32255738 
1.00000000e-09 -9.68507098 -8.31819061 -5.45489483 -2.71028969 -1.32255738 
7.74263683e-10 -9.68507098 -8.31819061 -5.45489483 -2.71028969 -1.32255738 
5.99484250e-10 -9.68507098 -8.31819061 -5.45489483 -2.71028969 -1.32255738 
4.64158883e-10 -9.68507098 -8.31819061 -5.45489483 -2.71028969 -1.32255738 
3.59381366e-10 -9.68507098 -8.31819061 -5.45489483 -2.71028969 -1.32255738 
2.78255940e-10 -9.68507098 -8.31819061 -5.45489483 -2.71028969 -1.32255738 
2.15443469e-10 -9.68507098 -8.31819061 -5.45489483 -2.71028969 -1.32255738 
1.66810054e-10 -9.68507098 -8.31819061 -5.45489483 -2.71028969 -1.32255738 
1.29154967e-10 -9.68507098 -8.31819061 -5.45489483 -2.71028969 -1.32255738 
1.00000000e-10 -9.68507098 -8.31819061 -5.45489483 -2.71028969 -1.32255738 
P (bar) | log_CH4: -2σ | log_CH4: -1σ | log_CH4: median | log_CH4: +1σ | log_CH4: +2σ 
1.00000000e+01 -9.11923691 -6.01727952 -3.17651716 -1.87535683 -1.22830260 
7.74263683e+00 -9.11923691 -6.01727952 -3.17651716 -1.87535683 -1.22830260 
5.99484250e+00 -9.11923691 -6.01727952 -3.17651716 -1.87535683 -1.22830260 
4.64158883e+00 -9.11923691 -6.01727952 -3.17651716 -1.87535683 -1.22830260 
3.59381366e+00 -9.11923691 -6.01727952 -3.17651716 -1.87535683 -1.22830260 
2.78255940e+00 -9.11923691 -6.01727952 -3.17651716 -1.87535683 -1.22830260 
2.15443469e+00 -9.11923691 -6.01727952 -3.17651716 -1.87535683 -1.22830260 
1.66810054e+00 -9.11923691 -6.01727952 -3.17651716 -1.87535683 -1.22830260 
1.29154967e+00 -9.11923691 -6.01727952 -3.17651716 -1.87535683 -1.22830260 
1.00000000e+00 -9.11923691 -6.01727952 -3.17651716 -1.87535683 -1.22830260 
7.74263683e-01 -9.11923691 -6.01727952 -3.17651716 -1.87535683 -1.22830260 
5.99484250e-01 -9.11923691 -6.01727952 -3.17651716 -1.87535683 -1.22830260 
4.64158883e-01 -9.11923691 -6.01727952 -3.17651716 -1.87535683 -1.22830260 
3.59381366e-01 -9.11923691 -6.01727952 -3.17651716 -1.87535683 -1.22830260 
2.78255940e-01 -9.11923691 -6.01727952 -3.17651716 -1.87535683 -1.22830260 
2.15443469e-01 -9.11923691 -6.01727952 -3.17651716 -1.87535683 -1.22830260 
1.66810054e-01 -9.11923691 -6.01727952 -3.17651716 -1.87535683 -1.22830260 
1.29154967e-01 -9.11923691 -6.01727952 -3.17651716 -1.87535683 -1.22830260 
1.00000000e-01 -9.11923691 -6.01727952 -3.17651716 -1.87535683 -1.22830260 
7.74263683e-02 -9.11923691 -6.01727952 -3.17651716 -1.87535683 -1.22830260 
5.99484250e-02 -9.11923691 -6.01727952 -3.17651716 -1.87535683 -1.22830260 
4.64158883e-02 -9.11923691 -6.01727952 -3.17651716 -1.87535683 -1.22830260 
3.59381366e-02 -9.11923691 -6.01727952 -3.17651716 -1.87535683 -1.22830260 
2.78255940e-02 -9.11923691 -6.01727952 -3.17651716 -1.87535683 -1.22830260 
2.15443469e-02 -9.11923691 -6.01727952 -3.17651716 -1.87535683 -1.22830260 
1.66810054e-02 -9.11923691 -6.01727952 -3.17651716 -1.87535683 -1.22830260 
1.29154967e-02 -9.11923691 -6.01727952 -3.17651716 -1.87535683 -1.22830260 
1.00000000e-02 -9.11923691 -6.01727952 -3.17651716 -1.87535683 -1.22830260 
7.74263683e-03 -9.11923691 -6.01727952 -3.17651716 -1.87535683 -1.22830260 
5.99484250e-03 -9.11923691 -6.01727952 -3.17651716 -1.87535683 -1.22830260 
4.64158883e-03 -9.11923691 -6.01727952 -3.17651716 -1.87535683 -1.22830260 
3.59381366e-03 -9.11923691 -6.01727952 -3.17651716 -1.87535683 -1.22830260 
2.78255940e-03 -9.11923691 -6.01727952 -3.17651716 -1.87535683 -1.22830260 
2.15443469e-03 -9.11923691 -6.01727952 -3.17651716 -1.87535683 -1.22830260 
1.66810054e-03 -9.11923691 -6.01727952 -3.17651716 -1.87535683 -1.22830260 
1.29154967e-03 -9.11923691 -6.01727952 -3.17651716 -1.87535683 -1.22830260 
1.00000000e-03 -9.11923691 -6.01727952 -3.17651716 -1.87535683 -1.22830260 
7.74263683e-04 -9.11923691 -6.01727952 -3.17651716 -1.87535683 -1.22830260 
5.99484250e-04 -9.11923691 -6.01727952 -3.17651716 -1.87535683 -1.22830260 
4.64158883e-04 -9.11923691 -6.01727952 -3.17651716 -1.87535683 -1.22830260 
3.59381366e-04 -9.11923691 -6.01727952 -3.17651716 -1.87535683 -1.22830260 
2.78255940e-04 -9.11923691 -6.01727952 -3.17651716 -1.87535683 -1.22830260 
2.15443469e-04 -9.11923691 -6.01727952 -3.17651716 -1.87535683 -1.22830260 
1.66810054e-04 -9.11923691 -6.01727952 -3.17651716 -1.87535683 -1.22830260 
1.29154967e-04 -9.11923691 -6.01727952 -3.17651716 -1.87535683 -1.22830260 
1.00000000e-04 -9.11923691 -6.01727952 -3.17651716 -1.87535683 -1.22830260 
7.74263683e-05 -9.11923691 -6.01727952 -3.17651716 -1.87535683 -1.22830260 
5.99484250e-05 -9.11923691 -6.01727952 -3.17651716 -1.87535683 -1.22830260 
4.64158883e-05 -9.11923691 -6.01727952 -3.17651716 -1.87535683 -1.22830260 
3.59381366e-05 -9.11923691 -6.01727952 -3.17651716 -1.87535683 -1.22830260 
2.78255940e-05 -9.11923691 -6.01727952 -3.17651716 -1.87535683 -1.22830260 
2.15443469e-05 -9.11923691 -6.01727952 -3.17651716 -1.87535683 -1.22830260 
1.66810054e-05 -9.11923691 -6.01727952 -3.17651716 -1.87535683 -1.22830260 
1.29154967e-05 -9.11923691 -6.01727952 -3.17651716 -1.87535683 -1.22830260 
1.00000000e-05 -9.11923691 -6.01727952 -3.17651716 -1.87535683 -1.22830260 
7.74263683e-06 -9.11923691 -6.01727952 -3.17651716 -1.87535683 -1.22830260 
5.99484250e-06 -9.11923691 -6.01727952 -3.17651716 -1.87535683 -1.22830260 
4.64158883e-06 -9.11923691 -6.01727952 -3.17651716 -1.87535683 -1.22830260 
3.59381366e-06 -9.11923691 -6.01727952 -3.17651716 -1.87535683 -1.22830260 
2.78255940e-06 -9.11923691 -6.01727952 -3.17651716 -1.87535683 -1.22830260 
2.15443469e-06 -9.11923691 -6.01727952 -3.17651716 -1.87535683 -1.22830260 
1.66810054e-06 -9.11923691 -6.01727952 -3.17651716 -1.87535683 -1.22830260 
1.29154967e-06 -9.11923691 -6.01727952 -3.17651716 -1.87535683 -1.22830260 
1.00000000e-06 -9.11923691 -6.01727952 -3.17651716 -1.87535683 -1.22830260 
7.74263683e-07 -9.11923691 -6.01727952 -3.17651716 -1.87535683 -1.22830260 
5.99484250e-07 -9.11923691 -6.01727952 -3.17651716 -1.87535683 -1.22830260 
4.64158883e-07 -9.11923691 -6.01727952 -3.17651716 -1.87535683 -1.22830260 
3.59381366e-07 -9.11923691 -6.01727952 -3.17651716 -1.87535683 -1.22830260 
2.78255940e-07 -9.11923691 -6.01727952 -3.17651716 -1.87535683 -1.22830260 
2.15443469e-07 -9.11923691 -6.01727952 -3.17651716 -1.87535683 -1.22830260 
1.66810054e-07 -9.11923691 -6.01727952 -3.17651716 -1.87535683 -1.22830260 
1.29154967e-07 -9.11923691 -6.01727952 -3.17651716 -1.87535683 -1.22830260 
1.00000000e-07 -9.11923691 -6.01727952 -3.17651716 -1.87535683 -1.22830260 
7.74263683e-08 -9.11923691 -6.01727952 -3.17651716 -1.87535683 -1.22830260 
5.99484250e-08 -9.11923691 -6.01727952 -3.17651716 -1.87535683 -1.22830260 
4.64158883e-08 -9.11923691 -6.01727952 -3.17651716 -1.87535683 -1.22830260 
3.59381366e-08 -9.11923691 -6.01727952 -3.17651716 -1.87535683 -1.22830260 
2.78255940e-08 -9.11923691 -6.01727952 -3.17651716 -1.87535683 -1.22830260 
2.15443469e-08 -9.11923691 -6.01727952 -3.17651716 -1.87535683 -1.22830260 
1.66810054e-08 -9.11923691 -6.01727952 -3.17651716 -1.87535683 -1.22830260 
1.29154967e-08 -9.11923691 -6.01727952 -3.17651716 -1.87535683 -1.22830260 
1.00000000e-08 -9.11923691 -6.01727952 -3.17651716 -1.87535683 -1.22830260 
7.74263683e-09 -9.11923691 -6.01727952 -3.17651716 -1.87535683 -1.22830260 
5.99484250e-09 -9.11923691 -6.01727952 -3.17651716 -1.87535683 -1.22830260 
4.64158883e-09 -9.11923691 -6.01727952 -3.17651716 -1.87535683 -1.22830260 
3.59381366e-09 -9.11923691 -6.01727952 -3.17651716 -1.87535683 -1.22830260 
2.78255940e-09 -9.11923691 -6.01727952 -3.17651716 -1.87535683 -1.22830260 
2.15443469e-09 -9.11923691 -6.01727952 -3.17651716 -1.87535683 -1.22830260 
1.66810054e-09 -9.11923691 -6.01727952 -3.17651716 -1.87535683 -1.22830260 
1.29154967e-09 -9.11923691 -6.01727952 -3.17651716 -1.87535683 -1.22830260 
1.00000000e-09 -9.11923691 -6.01727952 -3.17651716 -1.87535683 -1.22830260 
7.74263683e-10 -9.11923691 -6.01727952 -3.17651716 -1.87535683 -1.22830260 
5.99484250e-10 -9.11923691 -6.01727952 -3.17651716 -1.87535683 -1.22830260 
4.64158883e-10 -9.11923691 -6.01727952 -3.17651716 -1.87535683 -1.22830260 
3.59381366e-10 -9.11923691 -6.01727952 -3.17651716 -1.87535683 -1.22830260 
2.78255940e-10 -9.11923691 -6.01727952 -3.17651716 -1.87535683 -1.22830260 
2.15443469e-10 -9.11923691 -6.01727952 -3.17651716 -1.87535683 -1.22830260 
1.66810054e-10 -9.11923691 -6.01727952 -3.17651716 -1.87535683 -1.22830260 
1.29154967e-10 -9.11923691 -6.01727952 -3.17651716 -1.87535683 -1.22830260 
1.00000000e-10 -9.11923691 -6.01727952 -3.17651716 -1.87535683 -1.22830260 
P (bar) | log_O2: -2σ | log_O2: -1σ | log_O2: median | log_O2: +1σ | log_O2: +2σ 
1.00000000e+01 -9.79519911 -8.35834466 -5.50727079 -2.67661909 -1.45821760 
7.74263683e+00 -9.79519911 -8.35834466 -5.50727079 -2.67661909 -1.45821760 
5.99484250e+00 -9.79519911 -8.35834466 -5.50727079 -2.67661909 -1.45821760 
4.64158883e+00 -9.79519911 -8.35834466 -5.50727079 -2.67661909 -1.45821760 
3.59381366e+00 -9.79519911 -8.35834466 -5.50727079 -2.67661909 -1.45821760 
2.78255940e+00 -9.79519911 -8.35834466 -5.50727079 -2.67661909 -1.45821760 
2.15443469e+00 -9.79519911 -8.35834466 -5.50727079 -2.67661909 -1.45821760 
1.66810054e+00 -9.79519911 -8.35834466 -5.50727079 -2.67661909 -1.45821760 
1.29154967e+00 -9.79519911 -8.35834466 -5.50727079 -2.67661909 -1.45821760 
1.00000000e+00 -9.79519911 -8.35834466 -5.50727079 -2.67661909 -1.45821760 
7.74263683e-01 -9.79519911 -8.35834466 -5.50727079 -2.67661909 -1.45821760 
5.99484250e-01 -9.79519911 -8.35834466 -5.50727079 -2.67661909 -1.45821760 
4.64158883e-01 -9.79519911 -8.35834466 -5.50727079 -2.67661909 -1.45821760 
3.59381366e-01 -9.79519911 -8.35834466 -5.50727079 -2.67661909 -1.45821760 
2.78255940e-01 -9.79519911 -8.35834466 -5.50727079 -2.67661909 -1.45821760 
2.15443469e-01 -9.79519911 -8.35834466 -5.50727079 -2.67661909 -1.45821760 
1.66810054e-01 -9.79519911 -8.35834466 -5.50727079 -2.67661909 -1.45821760 
1.29154967e-01 -9.79519911 -8.35834466 -5.50727079 -2.67661909 -1.45821760 
1.00000000e-01 -9.79519911 -8.35834466 -5.50727079 -2.67661909 -1.45821760 
7.74263683e-02 -9.79519911 -8.35834466 -5.50727079 -2.67661909 -1.45821760 
5.99484250e-02 -9.79519911 -8.35834466 -5.50727079 -2.67661909 -1.45821760 
4.64158883e-02 -9.79519911 -8.35834466 -5.50727079 -2.67661909 -1.45821760 
3.59381366e-02 -9.79519911 -8.35834466 -5.50727079 -2.67661909 -1.45821760 
2.78255940e-02 -9.79519911 -8.35834466 -5.50727079 -2.67661909 -1.45821760 
2.15443469e-02 -9.79519911 -8.35834466 -5.50727079 -2.67661909 -1.45821760 
1.66810054e-02 -9.79519911 -8.35834466 -5.50727079 -2.67661909 -1.45821760 
1.29154967e-02 -9.79519911 -8.35834466 -5.50727079 -2.67661909 -1.45821760 
1.00000000e-02 -9.79519911 -8.35834466 -5.50727079 -2.67661909 -1.45821760 
7.74263683e-03 -9.79519911 -8.35834466 -5.50727079 -2.67661909 -1.45821760 
5.99484250e-03 -9.79519911 -8.35834466 -5.50727079 -2.67661909 -1.45821760 
4.64158883e-03 -9.79519911 -8.35834466 -5.50727079 -2.67661909 -1.45821760 
3.59381366e-03 -9.79519911 -8.35834466 -5.50727079 -2.67661909 -1.45821760 
2.78255940e-03 -9.79519911 -8.35834466 -5.50727079 -2.67661909 -1.45821760 
2.15443469e-03 -9.79519911 -8.35834466 -5.50727079 -2.67661909 -1.45821760 
1.66810054e-03 -9.79519911 -8.35834466 -5.50727079 -2.67661909 -1.45821760 
1.29154967e-03 -9.79519911 -8.35834466 -5.50727079 -2.67661909 -1.45821760 
1.00000000e-03 -9.79519911 -8.35834466 -5.50727079 -2.67661909 -1.45821760 
7.74263683e-04 -9.79519911 -8.35834466 -5.50727079 -2.67661909 -1.45821760 
5.99484250e-04 -9.79519911 -8.35834466 -5.50727079 -2.67661909 -1.45821760 
4.64158883e-04 -9.79519911 -8.35834466 -5.50727079 -2.67661909 -1.45821760 
3.59381366e-04 -9.79519911 -8.35834466 -5.50727079 -2.67661909 -1.45821760 
2.78255940e-04 -9.79519911 -8.35834466 -5.50727079 -2.67661909 -1.45821760 
2.15443469e-04 -9.79519911 -8.35834466 -5.50727079 -2.67661909 -1.45821760 
1.66810054e-04 -9.79519911 -8.35834466 -5.50727079 -2.67661909 -1.45821760 
1.29154967e-04 -9.79519911 -8.35834466 -5.50727079 -2.67661909 -1.45821760 
1.00000000e-04 -9.79519911 -8.35834466 -5.50727079 -2.67661909 -1.45821760 
7.74263683e-05 -9.79519911 -8.35834466 -5.50727079 -2.67661909 -1.45821760 
5.99484250e-05 -9.79519911 -8.35834466 -5.50727079 -2.67661909 -1.45821760 
4.64158883e-05 -9.79519911 -8.35834466 -5.50727079 -2.67661909 -1.45821760 
3.59381366e-05 -9.79519911 -8.35834466 -5.50727079 -2.67661909 -1.45821760 
2.78255940e-05 -9.79519911 -8.35834466 -5.50727079 -2.67661909 -1.45821760 
2.15443469e-05 -9.79519911 -8.35834466 -5.50727079 -2.67661909 -1.45821760 
1.66810054e-05 -9.79519911 -8.35834466 -5.50727079 -2.67661909 -1.45821760 
1.29154967e-05 -9.79519911 -8.35834466 -5.50727079 -2.67661909 -1.45821760 
1.00000000e-05 -9.79519911 -8.35834466 -5.50727079 -2.67661909 -1.45821760 
7.74263683e-06 -9.79519911 -8.35834466 -5.50727079 -2.67661909 -1.45821760 
5.99484250e-06 -9.79519911 -8.35834466 -5.50727079 -2.67661909 -1.45821760 
4.64158883e-06 -9.79519911 -8.35834466 -5.50727079 -2.67661909 -1.45821760 
3.59381366e-06 -9.79519911 -8.35834466 -5.50727079 -2.67661909 -1.45821760 
2.78255940e-06 -9.79519911 -8.35834466 -5.50727079 -2.67661909 -1.45821760 
2.15443469e-06 -9.79519911 -8.35834466 -5.50727079 -2.67661909 -1.45821760 
1.66810054e-06 -9.79519911 -8.35834466 -5.50727079 -2.67661909 -1.45821760 
1.29154967e-06 -9.79519911 -8.35834466 -5.50727079 -2.67661909 -1.45821760 
1.00000000e-06 -9.79519911 -8.35834466 -5.50727079 -2.67661909 -1.45821760 
7.74263683e-07 -9.79519911 -8.35834466 -5.50727079 -2.67661909 -1.45821760 
5.99484250e-07 -9.79519911 -8.35834466 -5.50727079 -2.67661909 -1.45821760 
4.64158883e-07 -9.79519911 -8.35834466 -5.50727079 -2.67661909 -1.45821760 
3.59381366e-07 -9.79519911 -8.35834466 -5.50727079 -2.67661909 -1.45821760 
2.78255940e-07 -9.79519911 -8.35834466 -5.50727079 -2.67661909 -1.45821760 
2.15443469e-07 -9.79519911 -8.35834466 -5.50727079 -2.67661909 -1.45821760 
1.66810054e-07 -9.79519911 -8.35834466 -5.50727079 -2.67661909 -1.45821760 
1.29154967e-07 -9.79519911 -8.35834466 -5.50727079 -2.67661909 -1.45821760 
1.00000000e-07 -9.79519911 -8.35834466 -5.50727079 -2.67661909 -1.45821760 
7.74263683e-08 -9.79519911 -8.35834466 -5.50727079 -2.67661909 -1.45821760 
5.99484250e-08 -9.79519911 -8.35834466 -5.50727079 -2.67661909 -1.45821760 
4.64158883e-08 -9.79519911 -8.35834466 -5.50727079 -2.67661909 -1.45821760 
3.59381366e-08 -9.79519911 -8.35834466 -5.50727079 -2.67661909 -1.45821760 
2.78255940e-08 -9.79519911 -8.35834466 -5.50727079 -2.67661909 -1.45821760 
2.15443469e-08 -9.79519911 -8.35834466 -5.50727079 -2.67661909 -1.45821760 
1.66810054e-08 -9.79519911 -8.35834466 -5.50727079 -2.67661909 -1.45821760 
1.29154967e-08 -9.79519911 -8.35834466 -5.50727079 -2.67661909 -1.45821760 
1.00000000e-08 -9.79519911 -8.35834466 -5.50727079 -2.67661909 -1.45821760 
7.74263683e-09 -9.79519911 -8.35834466 -5.50727079 -2.67661909 -1.45821760 
5.99484250e-09 -9.79519911 -8.35834466 -5.50727079 -2.67661909 -1.45821760 
4.64158883e-09 -9.79519911 -8.35834466 -5.50727079 -2.67661909 -1.45821760 
3.59381366e-09 -9.79519911 -8.35834466 -5.50727079 -2.67661909 -1.45821760 
2.78255940e-09 -9.79519911 -8.35834466 -5.50727079 -2.67661909 -1.45821760 
2.15443469e-09 -9.79519911 -8.35834466 -5.50727079 -2.67661909 -1.45821760 
1.66810054e-09 -9.79519911 -8.35834466 -5.50727079 -2.67661909 -1.45821760 
1.29154967e-09 -9.79519911 -8.35834466 -5.50727079 -2.67661909 -1.45821760 
1.00000000e-09 -9.79519911 -8.35834466 -5.50727079 -2.67661909 -1.45821760 
7.74263683e-10 -9.79519911 -8.35834466 -5.50727079 -2.67661909 -1.45821760 
5.99484250e-10 -9.79519911 -8.35834466 -5.50727079 -2.67661909 -1.45821760 
4.64158883e-10 -9.79519911 -8.35834466 -5.50727079 -2.67661909 -1.45821760 
3.59381366e-10 -9.79519911 -8.35834466 -5.50727079 -2.67661909 -1.45821760 
2.78255940e-10 -9.79519911 -8.35834466 -5.50727079 -2.67661909 -1.45821760 
2.15443469e-10 -9.79519911 -8.35834466 -5.50727079 -2.67661909 -1.45821760 
1.66810054e-10 -9.79519911 -8.35834466 -5.50727079 -2.67661909 -1.45821760 
1.29154967e-10 -9.79519911 -8.35834466 -5.50727079 -2.67661909 -1.45821760 
1.00000000e-10 -9.79519911 -8.35834466 -5.50727079 -2.67661909 -1.45821760 
P (bar) | log_O3: -2σ | log_O3: -1σ | log_O3: median | log_O3: +1σ | log_O3: +2σ 
1.00000000e+01 -9.92936422 -9.55355554 -8.76409619 -7.50472285 -6.34713857 
7.74263683e+00 -9.92936422 -9.55355554 -8.76409619 -7.50472285 -6.34713857 
5.99484250e+00 -9.92936422 -9.55355554 -8.76409619 -7.50472285 -6.34713857 
4.64158883e+00 -9.92936422 -9.55355554 -8.76409619 -7.50472285 -6.34713857 
3.59381366e+00 -9.92936422 -9.55355554 -8.76409619 -7.50472285 -6.34713857 
2.78255940e+00 -9.92936422 -9.55355554 -8.76409619 -7.50472285 -6.34713857 
2.15443469e+00 -9.92936422 -9.55355554 -8.76409619 -7.50472285 -6.34713857 
1.66810054e+00 -9.92936422 -9.55355554 -8.76409619 -7.50472285 -6.34713857 
1.29154967e+00 -9.92936422 -9.55355554 -8.76409619 -7.50472285 -6.34713857 
1.00000000e+00 -9.92936422 -9.55355554 -8.76409619 -7.50472285 -6.34713857 
7.74263683e-01 -9.92936422 -9.55355554 -8.76409619 -7.50472285 -6.34713857 
5.99484250e-01 -9.92936422 -9.55355554 -8.76409619 -7.50472285 -6.34713857 
4.64158883e-01 -9.92936422 -9.55355554 -8.76409619 -7.50472285 -6.34713857 
3.59381366e-01 -9.92936422 -9.55355554 -8.76409619 -7.50472285 -6.34713857 
2.78255940e-01 -9.92936422 -9.55355554 -8.76409619 -7.50472285 -6.34713857 
2.15443469e-01 -9.92936422 -9.55355554 -8.76409619 -7.50472285 -6.34713857 
1.66810054e-01 -9.92936422 -9.55355554 -8.76409619 -7.50472285 -6.34713857 
1.29154967e-01 -9.92936422 -9.55355554 -8.76409619 -7.50472285 -6.34713857 
1.00000000e-01 -9.92936422 -9.55355554 -8.76409619 -7.50472285 -6.34713857 
7.74263683e-02 -9.92936422 -9.55355554 -8.76409619 -7.50472285 -6.34713857 
5.99484250e-02 -9.92936422 -9.55355554 -8.76409619 -7.50472285 -6.34713857 
4.64158883e-02 -9.92936422 -9.55355554 -8.76409619 -7.50472285 -6.34713857 
3.59381366e-02 -9.92936422 -9.55355554 -8.76409619 -7.50472285 -6.34713857 
2.78255940e-02 -9.92936422 -9.55355554 -8.76409619 -7.50472285 -6.34713857 
2.15443469e-02 -9.92936422 -9.55355554 -8.76409619 -7.50472285 -6.34713857 
1.66810054e-02 -9.92936422 -9.55355554 -8.76409619 -7.50472285 -6.34713857 
1.29154967e-02 -9.92936422 -9.55355554 -8.76409619 -7.50472285 -6.34713857 
1.00000000e-02 -9.92936422 -9.55355554 -8.76409619 -7.50472285 -6.34713857 
7.74263683e-03 -9.92936422 -9.55355554 -8.76409619 -7.50472285 -6.34713857 
5.99484250e-03 -9.92936422 -9.55355554 -8.76409619 -7.50472285 -6.34713857 
4.64158883e-03 -9.92936422 -9.55355554 -8.76409619 -7.50472285 -6.34713857 
3.59381366e-03 -9.92936422 -9.55355554 -8.76409619 -7.50472285 -6.34713857 
2.78255940e-03 -9.92936422 -9.55355554 -8.76409619 -7.50472285 -6.34713857 
2.15443469e-03 -9.92936422 -9.55355554 -8.76409619 -7.50472285 -6.34713857 
1.66810054e-03 -9.92936422 -9.55355554 -8.76409619 -7.50472285 -6.34713857 
1.29154967e-03 -9.92936422 -9.55355554 -8.76409619 -7.50472285 -6.34713857 
1.00000000e-03 -9.92936422 -9.55355554 -8.76409619 -7.50472285 -6.34713857 
7.74263683e-04 -9.92936422 -9.55355554 -8.76409619 -7.50472285 -6.34713857 
5.99484250e-04 -9.92936422 -9.55355554 -8.76409619 -7.50472285 -6.34713857 
4.64158883e-04 -9.92936422 -9.55355554 -8.76409619 -7.50472285 -6.34713857 
3.59381366e-04 -9.92936422 -9.55355554 -8.76409619 -7.50472285 -6.34713857 
2.78255940e-04 -9.92936422 -9.55355554 -8.76409619 -7.50472285 -6.34713857 
2.15443469e-04 -9.92936422 -9.55355554 -8.76409619 -7.50472285 -6.34713857 
1.66810054e-04 -9.92936422 -9.55355554 -8.76409619 -7.50472285 -6.34713857 
1.29154967e-04 -9.92936422 -9.55355554 -8.76409619 -7.50472285 -6.34713857 
1.00000000e-04 -9.92936422 -9.55355554 -8.76409619 -7.50472285 -6.34713857 
7.74263683e-05 -9.92936422 -9.55355554 -8.76409619 -7.50472285 -6.34713857 
5.99484250e-05 -9.92936422 -9.55355554 -8.76409619 -7.50472285 -6.34713857 
4.64158883e-05 -9.92936422 -9.55355554 -8.76409619 -7.50472285 -6.34713857 
3.59381366e-05 -9.92936422 -9.55355554 -8.76409619 -7.50472285 -6.34713857 
2.78255940e-05 -9.92936422 -9.55355554 -8.76409619 -7.50472285 -6.34713857 
2.15443469e-05 -9.92936422 -9.55355554 -8.76409619 -7.50472285 -6.34713857 
1.66810054e-05 -9.92936422 -9.55355554 -8.76409619 -7.50472285 -6.34713857 
1.29154967e-05 -9.92936422 -9.55355554 -8.76409619 -7.50472285 -6.34713857 
1.00000000e-05 -9.92936422 -9.55355554 -8.76409619 -7.50472285 -6.34713857 
7.74263683e-06 -9.92936422 -9.55355554 -8.76409619 -7.50472285 -6.34713857 
5.99484250e-06 -9.92936422 -9.55355554 -8.76409619 -7.50472285 -6.34713857 
4.64158883e-06 -9.92936422 -9.55355554 -8.76409619 -7.50472285 -6.34713857 
3.59381366e-06 -9.92936422 -9.55355554 -8.76409619 -7.50472285 -6.34713857 
2.78255940e-06 -9.92936422 -9.55355554 -8.76409619 -7.50472285 -6.34713857 
2.15443469e-06 -9.92936422 -9.55355554 -8.76409619 -7.50472285 -6.34713857 
1.66810054e-06 -9.92936422 -9.55355554 -8.76409619 -7.50472285 -6.34713857 
1.29154967e-06 -9.92936422 -9.55355554 -8.76409619 -7.50472285 -6.34713857 
1.00000000e-06 -9.92936422 -9.55355554 -8.76409619 -7.50472285 -6.34713857 
7.74263683e-07 -9.92936422 -9.55355554 -8.76409619 -7.50472285 -6.34713857 
5.99484250e-07 -9.92936422 -9.55355554 -8.76409619 -7.50472285 -6.34713857 
4.64158883e-07 -9.92936422 -9.55355554 -8.76409619 -7.50472285 -6.34713857 
3.59381366e-07 -9.92936422 -9.55355554 -8.76409619 -7.50472285 -6.34713857 
2.78255940e-07 -9.92936422 -9.55355554 -8.76409619 -7.50472285 -6.34713857 
2.15443469e-07 -9.92936422 -9.55355554 -8.76409619 -7.50472285 -6.34713857 
1.66810054e-07 -9.92936422 -9.55355554 -8.76409619 -7.50472285 -6.34713857 
1.29154967e-07 -9.92936422 -9.55355554 -8.76409619 -7.50472285 -6.34713857 
1.00000000e-07 -9.92936422 -9.55355554 -8.76409619 -7.50472285 -6.34713857 
7.74263683e-08 -9.92936422 -9.55355554 -8.76409619 -7.50472285 -6.34713857 
5.99484250e-08 -9.92936422 -9.55355554 -8.76409619 -7.50472285 -6.34713857 
4.64158883e-08 -9.92936422 -9.55355554 -8.76409619 -7.50472285 -6.34713857 
3.59381366e-08 -9.92936422 -9.55355554 -8.76409619 -7.50472285 -6.34713857 
2.78255940e-08 -9.92936422 -9.55355554 -8.76409619 -7.50472285 -6.34713857 
2.15443469e-08 -9.92936422 -9.55355554 -8.76409619 -7.50472285 -6.34713857 
1.66810054e-08 -9.92936422 -9.55355554 -8.76409619 -7.50472285 -6.34713857 
1.29154967e-08 -9.92936422 -9.55355554 -8.76409619 -7.50472285 -6.34713857 
1.00000000e-08 -9.92936422 -9.55355554 -8.76409619 -7.50472285 -6.34713857 
7.74263683e-09 -9.92936422 -9.55355554 -8.76409619 -7.50472285 -6.34713857 
5.99484250e-09 -9.92936422 -9.55355554 -8.76409619 -7.50472285 -6.34713857 
4.64158883e-09 -9.92936422 -9.55355554 -8.76409619 -7.50472285 -6.34713857 
3.59381366e-09 -9.92936422 -9.55355554 -8.76409619 -7.50472285 -6.34713857 
2.78255940e-09 -9.92936422 -9.55355554 -8.76409619 -7.50472285 -6.34713857 
2.15443469e-09 -9.92936422 -9.55355554 -8.76409619 -7.50472285 -6.34713857 
1.66810054e-09 -9.92936422 -9.55355554 -8.76409619 -7.50472285 -6.34713857 
1.29154967e-09 -9.92936422 -9.55355554 -8.76409619 -7.50472285 -6.34713857 
1.00000000e-09 -9.92936422 -9.55355554 -8.76409619 -7.50472285 -6.34713857 
7.74263683e-10 -9.92936422 -9.55355554 -8.76409619 -7.50472285 -6.34713857 
5.99484250e-10 -9.92936422 -9.55355554 -8.76409619 -7.50472285 -6.34713857 
4.64158883e-10 -9.92936422 -9.55355554 -8.76409619 -7.50472285 -6.34713857 
3.59381366e-10 -9.92936422 -9.55355554 -8.76409619 -7.50472285 -6.34713857 
2.78255940e-10 -9.92936422 -9.55355554 -8.76409619 -7.50472285 -6.34713857 
2.15443469e-10 -9.92936422 -9.55355554 -8.76409619 -7.50472285 -6.34713857 
1.66810054e-10 -9.92936422 -9.55355554 -8.76409619 -7.50472285 -6.34713857 
1.29154967e-10 -9.92936422 -9.55355554 -8.76409619 -7.50472285 -6.34713857 
1.00000000e-10 -9.92936422 -9.55355554 -8.76409619 -7.50472285 -6.34713857 
P (bar) | log_N2O: -2σ | log_N2O: -1σ | log_N2O: median | log_N2O: +1σ | log_N2O: +2σ 
1.00000000e+01 -9.36859701 -6.56005186 -3.88587771 -2.32785416 -1.41729744 
7.74263683e+00 -9.36859701 -6.56005186 -3.88587771 -2.32785416 -1.41729744 
5.99484250e+00 -9.36859701 -6.56005186 -3.88587771 -2.32785416 -1.41729744 
4.64158883e+00 -9.36859701 -6.56005186 -3.88587771 -2.32785416 -1.41729744 
3.59381366e+00 -9.36859701 -6.56005186 -3.88587771 -2.32785416 -1.41729744 
2.78255940e+00 -9.36859701 -6.56005186 -3.88587771 -2.32785416 -1.41729744 
2.15443469e+00 -9.36859701 -6.56005186 -3.88587771 -2.32785416 -1.41729744 
1.66810054e+00 -9.36859701 -6.56005186 -3.88587771 -2.32785416 -1.41729744 
1.29154967e+00 -9.36859701 -6.56005186 -3.88587771 -2.32785416 -1.41729744 
1.00000000e+00 -9.36859701 -6.56005186 -3.88587771 -2.32785416 -1.41729744 
7.74263683e-01 -9.36859701 -6.56005186 -3.88587771 -2.32785416 -1.41729744 
5.99484250e-01 -9.36859701 -6.56005186 -3.88587771 -2.32785416 -1.41729744 
4.64158883e-01 -9.36859701 -6.56005186 -3.88587771 -2.32785416 -1.41729744 
3.59381366e-01 -9.36859701 -6.56005186 -3.88587771 -2.32785416 -1.41729744 
2.78255940e-01 -9.36859701 -6.56005186 -3.88587771 -2.32785416 -1.41729744 
2.15443469e-01 -9.36859701 -6.56005186 -3.88587771 -2.32785416 -1.41729744 
1.66810054e-01 -9.36859701 -6.56005186 -3.88587771 -2.32785416 -1.41729744 
1.29154967e-01 -9.36859701 -6.56005186 -3.88587771 -2.32785416 -1.41729744 
1.00000000e-01 -9.36859701 -6.56005186 -3.88587771 -2.32785416 -1.41729744 
7.74263683e-02 -9.36859701 -6.56005186 -3.88587771 -2.32785416 -1.41729744 
5.99484250e-02 -9.36859701 -6.56005186 -3.88587771 -2.32785416 -1.41729744 
4.64158883e-02 -9.36859701 -6.56005186 -3.88587771 -2.32785416 -1.41729744 
3.59381366e-02 -9.36859701 -6.56005186 -3.88587771 -2.32785416 -1.41729744 
2.78255940e-02 -9.36859701 -6.56005186 -3.88587771 -2.32785416 -1.41729744 
2.15443469e-02 -9.36859701 -6.56005186 -3.88587771 -2.32785416 -1.41729744 
1.66810054e-02 -9.36859701 -6.56005186 -3.88587771 -2.32785416 -1.41729744 
1.29154967e-02 -9.36859701 -6.56005186 -3.88587771 -2.32785416 -1.41729744 
1.00000000e-02 -9.36859701 -6.56005186 -3.88587771 -2.32785416 -1.41729744 
7.74263683e-03 -9.36859701 -6.56005186 -3.88587771 -2.32785416 -1.41729744 
5.99484250e-03 -9.36859701 -6.56005186 -3.88587771 -2.32785416 -1.41729744 
4.64158883e-03 -9.36859701 -6.56005186 -3.88587771 -2.32785416 -1.41729744 
3.59381366e-03 -9.36859701 -6.56005186 -3.88587771 -2.32785416 -1.41729744 
2.78255940e-03 -9.36859701 -6.56005186 -3.88587771 -2.32785416 -1.41729744 
2.15443469e-03 -9.36859701 -6.56005186 -3.88587771 -2.32785416 -1.41729744 
1.66810054e-03 -9.36859701 -6.56005186 -3.88587771 -2.32785416 -1.41729744 
1.29154967e-03 -9.36859701 -6.56005186 -3.88587771 -2.32785416 -1.41729744 
1.00000000e-03 -9.36859701 -6.56005186 -3.88587771 -2.32785416 -1.41729744 
7.74263683e-04 -9.36859701 -6.56005186 -3.88587771 -2.32785416 -1.41729744 
5.99484250e-04 -9.36859701 -6.56005186 -3.88587771 -2.32785416 -1.41729744 
4.64158883e-04 -9.36859701 -6.56005186 -3.88587771 -2.32785416 -1.41729744 
3.59381366e-04 -9.36859701 -6.56005186 -3.88587771 -2.32785416 -1.41729744 
2.78255940e-04 -9.36859701 -6.56005186 -3.88587771 -2.32785416 -1.41729744 
2.15443469e-04 -9.36859701 -6.56005186 -3.88587771 -2.32785416 -1.41729744 
1.66810054e-04 -9.36859701 -6.56005186 -3.88587771 -2.32785416 -1.41729744 
1.29154967e-04 -9.36859701 -6.56005186 -3.88587771 -2.32785416 -1.41729744 
1.00000000e-04 -9.36859701 -6.56005186 -3.88587771 -2.32785416 -1.41729744 
7.74263683e-05 -9.36859701 -6.56005186 -3.88587771 -2.32785416 -1.41729744 
5.99484250e-05 -9.36859701 -6.56005186 -3.88587771 -2.32785416 -1.41729744 
4.64158883e-05 -9.36859701 -6.56005186 -3.88587771 -2.32785416 -1.41729744 
3.59381366e-05 -9.36859701 -6.56005186 -3.88587771 -2.32785416 -1.41729744 
2.78255940e-05 -9.36859701 -6.56005186 -3.88587771 -2.32785416 -1.41729744 
2.15443469e-05 -9.36859701 -6.56005186 -3.88587771 -2.32785416 -1.41729744 
1.66810054e-05 -9.36859701 -6.56005186 -3.88587771 -2.32785416 -1.41729744 
1.29154967e-05 -9.36859701 -6.56005186 -3.88587771 -2.32785416 -1.41729744 
1.00000000e-05 -9.36859701 -6.56005186 -3.88587771 -2.32785416 -1.41729744 
7.74263683e-06 -9.36859701 -6.56005186 -3.88587771 -2.32785416 -1.41729744 
5.99484250e-06 -9.36859701 -6.56005186 -3.88587771 -2.32785416 -1.41729744 
4.64158883e-06 -9.36859701 -6.56005186 -3.88587771 -2.32785416 -1.41729744 
3.59381366e-06 -9.36859701 -6.56005186 -3.88587771 -2.32785416 -1.41729744 
2.78255940e-06 -9.36859701 -6.56005186 -3.88587771 -2.32785416 -1.41729744 
2.15443469e-06 -9.36859701 -6.56005186 -3.88587771 -2.32785416 -1.41729744 
1.66810054e-06 -9.36859701 -6.56005186 -3.88587771 -2.32785416 -1.41729744 
1.29154967e-06 -9.36859701 -6.56005186 -3.88587771 -2.32785416 -1.41729744 
1.00000000e-06 -9.36859701 -6.56005186 -3.88587771 -2.32785416 -1.41729744 
7.74263683e-07 -9.36859701 -6.56005186 -3.88587771 -2.32785416 -1.41729744 
5.99484250e-07 -9.36859701 -6.56005186 -3.88587771 -2.32785416 -1.41729744 
4.64158883e-07 -9.36859701 -6.56005186 -3.88587771 -2.32785416 -1.41729744 
3.59381366e-07 -9.36859701 -6.56005186 -3.88587771 -2.32785416 -1.41729744 
2.78255940e-07 -9.36859701 -6.56005186 -3.88587771 -2.32785416 -1.41729744 
2.15443469e-07 -9.36859701 -6.56005186 -3.88587771 -2.32785416 -1.41729744 
1.66810054e-07 -9.36859701 -6.56005186 -3.88587771 -2.32785416 -1.41729744 
1.29154967e-07 -9.36859701 -6.56005186 -3.88587771 -2.32785416 -1.41729744 
1.00000000e-07 -9.36859701 -6.56005186 -3.88587771 -2.32785416 -1.41729744 
7.74263683e-08 -9.36859701 -6.56005186 -3.88587771 -2.32785416 -1.41729744 
5.99484250e-08 -9.36859701 -6.56005186 -3.88587771 -2.32785416 -1.41729744 
4.64158883e-08 -9.36859701 -6.56005186 -3.88587771 -2.32785416 -1.41729744 
3.59381366e-08 -9.36859701 -6.56005186 -3.88587771 -2.32785416 -1.41729744 
2.78255940e-08 -9.36859701 -6.56005186 -3.88587771 -2.32785416 -1.41729744 
2.15443469e-08 -9.36859701 -6.56005186 -3.88587771 -2.32785416 -1.41729744 
1.66810054e-08 -9.36859701 -6.56005186 -3.88587771 -2.32785416 -1.41729744 
1.29154967e-08 -9.36859701 -6.56005186 -3.88587771 -2.32785416 -1.41729744 
1.00000000e-08 -9.36859701 -6.56005186 -3.88587771 -2.32785416 -1.41729744 
7.74263683e-09 -9.36859701 -6.56005186 -3.88587771 -2.32785416 -1.41729744 
5.99484250e-09 -9.36859701 -6.56005186 -3.88587771 -2.32785416 -1.41729744 
4.64158883e-09 -9.36859701 -6.56005186 -3.88587771 -2.32785416 -1.41729744 
3.59381366e-09 -9.36859701 -6.56005186 -3.88587771 -2.32785416 -1.41729744 
2.78255940e-09 -9.36859701 -6.56005186 -3.88587771 -2.32785416 -1.41729744 
2.15443469e-09 -9.36859701 -6.56005186 -3.88587771 -2.32785416 -1.41729744 
1.66810054e-09 -9.36859701 -6.56005186 -3.88587771 -2.32785416 -1.41729744 
1.29154967e-09 -9.36859701 -6.56005186 -3.88587771 -2.32785416 -1.41729744 
1.00000000e-09 -9.36859701 -6.56005186 -3.88587771 -2.32785416 -1.41729744 
7.74263683e-10 -9.36859701 -6.56005186 -3.88587771 -2.32785416 -1.41729744 
5.99484250e-10 -9.36859701 -6.56005186 -3.88587771 -2.32785416 -1.41729744 
4.64158883e-10 -9.36859701 -6.56005186 -3.88587771 -2.32785416 -1.41729744 
3.59381366e-10 -9.36859701 -6.56005186 -3.88587771 -2.32785416 -1.41729744 
2.78255940e-10 -9.36859701 -6.56005186 -3.88587771 -2.32785416 -1.41729744 
2.15443469e-10 -9.36859701 -6.56005186 -3.88587771 -2.32785416 -1.41729744 
1.66810054e-10 -9.36859701 -6.56005186 -3.88587771 -2.32785416 -1.41729744 
1.29154967e-10 -9.36859701 -6.56005186 -3.88587771 -2.32785416 -1.41729744 
1.00000000e-10 -9.36859701 -6.56005186 -3.88587771 -2.32785416 -1.41729744 
P (bar) | log_NH3: -2σ | log_NH3: -1σ | log_NH3: median | log_NH3: +1σ | log_NH3: +2σ 
1.00000000e+01 -9.86917915 -9.37731521 -8.14857908 -6.38384853 -4.65129270 
7.74263683e+00 -9.86917915 -9.37731521 -8.14857908 -6.38384853 -4.65129270 
5.99484250e+00 -9.86917915 -9.37731521 -8.14857908 -6.38384853 -4.65129270 
4.64158883e+00 -9.86917915 -9.37731521 -8.14857908 -6.38384853 -4.65129270 
3.59381366e+00 -9.86917915 -9.37731521 -8.14857908 -6.38384853 -4.65129270 
2.78255940e+00 -9.86917915 -9.37731521 -8.14857908 -6.38384853 -4.65129270 
2.15443469e+00 -9.86917915 -9.37731521 -8.14857908 -6.38384853 -4.65129270 
1.66810054e+00 -9.86917915 -9.37731521 -8.14857908 -6.38384853 -4.65129270 
1.29154967e+00 -9.86917915 -9.37731521 -8.14857908 -6.38384853 -4.65129270 
1.00000000e+00 -9.86917915 -9.37731521 -8.14857908 -6.38384853 -4.65129270 
7.74263683e-01 -9.86917915 -9.37731521 -8.14857908 -6.38384853 -4.65129270 
5.99484250e-01 -9.86917915 -9.37731521 -8.14857908 -6.38384853 -4.65129270 
4.64158883e-01 -9.86917915 -9.37731521 -8.14857908 -6.38384853 -4.65129270 
3.59381366e-01 -9.86917915 -9.37731521 -8.14857908 -6.38384853 -4.65129270 
2.78255940e-01 -9.86917915 -9.37731521 -8.14857908 -6.38384853 -4.65129270 
2.15443469e-01 -9.86917915 -9.37731521 -8.14857908 -6.38384853 -4.65129270 
1.66810054e-01 -9.86917915 -9.37731521 -8.14857908 -6.38384853 -4.65129270 
1.29154967e-01 -9.86917915 -9.37731521 -8.14857908 -6.38384853 -4.65129270 
1.00000000e-01 -9.86917915 -9.37731521 -8.14857908 -6.38384853 -4.65129270 
7.74263683e-02 -9.86917915 -9.37731521 -8.14857908 -6.38384853 -4.65129270 
5.99484250e-02 -9.86917915 -9.37731521 -8.14857908 -6.38384853 -4.65129270 
4.64158883e-02 -9.86917915 -9.37731521 -8.14857908 -6.38384853 -4.65129270 
3.59381366e-02 -9.86917915 -9.37731521 -8.14857908 -6.38384853 -4.65129270 
2.78255940e-02 -9.86917915 -9.37731521 -8.14857908 -6.38384853 -4.65129270 
2.15443469e-02 -9.86917915 -9.37731521 -8.14857908 -6.38384853 -4.65129270 
1.66810054e-02 -9.86917915 -9.37731521 -8.14857908 -6.38384853 -4.65129270 
1.29154967e-02 -9.86917915 -9.37731521 -8.14857908 -6.38384853 -4.65129270 
1.00000000e-02 -9.86917915 -9.37731521 -8.14857908 -6.38384853 -4.65129270 
7.74263683e-03 -9.86917915 -9.37731521 -8.14857908 -6.38384853 -4.65129270 
5.99484250e-03 -9.86917915 -9.37731521 -8.14857908 -6.38384853 -4.65129270 
4.64158883e-03 -9.86917915 -9.37731521 -8.14857908 -6.38384853 -4.65129270 
3.59381366e-03 -9.86917915 -9.37731521 -8.14857908 -6.38384853 -4.65129270 
2.78255940e-03 -9.86917915 -9.37731521 -8.14857908 -6.38384853 -4.65129270 
2.15443469e-03 -9.86917915 -9.37731521 -8.14857908 -6.38384853 -4.65129270 
1.66810054e-03 -9.86917915 -9.37731521 -8.14857908 -6.38384853 -4.65129270 
1.29154967e-03 -9.86917915 -9.37731521 -8.14857908 -6.38384853 -4.65129270 
1.00000000e-03 -9.86917915 -9.37731521 -8.14857908 -6.38384853 -4.65129270 
7.74263683e-04 -9.86917915 -9.37731521 -8.14857908 -6.38384853 -4.65129270 
5.99484250e-04 -9.86917915 -9.37731521 -8.14857908 -6.38384853 -4.65129270 
4.64158883e-04 -9.86917915 -9.37731521 -8.14857908 -6.38384853 -4.65129270 
3.59381366e-04 -9.86917915 -9.37731521 -8.14857908 -6.38384853 -4.65129270 
2.78255940e-04 -9.86917915 -9.37731521 -8.14857908 -6.38384853 -4.65129270 
2.15443469e-04 -9.86917915 -9.37731521 -8.14857908 -6.38384853 -4.65129270 
1.66810054e-04 -9.86917915 -9.37731521 -8.14857908 -6.38384853 -4.65129270 
1.29154967e-04 -9.86917915 -9.37731521 -8.14857908 -6.38384853 -4.65129270 
1.00000000e-04 -9.86917915 -9.37731521 -8.14857908 -6.38384853 -4.65129270 
7.74263683e-05 -9.86917915 -9.37731521 -8.14857908 -6.38384853 -4.65129270 
5.99484250e-05 -9.86917915 -9.37731521 -8.14857908 -6.38384853 -4.65129270 
4.64158883e-05 -9.86917915 -9.37731521 -8.14857908 -6.38384853 -4.65129270 
3.59381366e-05 -9.86917915 -9.37731521 -8.14857908 -6.38384853 -4.65129270 
2.78255940e-05 -9.86917915 -9.37731521 -8.14857908 -6.38384853 -4.65129270 
2.15443469e-05 -9.86917915 -9.37731521 -8.14857908 -6.38384853 -4.65129270 
1.66810054e-05 -9.86917915 -9.37731521 -8.14857908 -6.38384853 -4.65129270 
1.29154967e-05 -9.86917915 -9.37731521 -8.14857908 -6.38384853 -4.65129270 
1.00000000e-05 -9.86917915 -9.37731521 -8.14857908 -6.38384853 -4.65129270 
7.74263683e-06 -9.86917915 -9.37731521 -8.14857908 -6.38384853 -4.65129270 
5.99484250e-06 -9.86917915 -9.37731521 -8.14857908 -6.38384853 -4.65129270 
4.64158883e-06 -9.86917915 -9.37731521 -8.14857908 -6.38384853 -4.65129270 
3.59381366e-06 -9.86917915 -9.37731521 -8.14857908 -6.38384853 -4.65129270 
2.78255940e-06 -9.86917915 -9.37731521 -8.14857908 -6.38384853 -4.65129270 
2.15443469e-06 -9.86917915 -9.37731521 -8.14857908 -6.38384853 -4.65129270 
1.66810054e-06 -9.86917915 -9.37731521 -8.14857908 -6.38384853 -4.65129270 
1.29154967e-06 -9.86917915 -9.37731521 -8.14857908 -6.38384853 -4.65129270 
1.00000000e-06 -9.86917915 -9.37731521 -8.14857908 -6.38384853 -4.65129270 
7.74263683e-07 -9.86917915 -9.37731521 -8.14857908 -6.38384853 -4.65129270 
5.99484250e-07 -9.86917915 -9.37731521 -8.14857908 -6.38384853 -4.65129270 
4.64158883e-07 -9.86917915 -9.37731521 -8.14857908 -6.38384853 -4.65129270 
3.59381366e-07 -9.86917915 -9.37731521 -8.14857908 -6.38384853 -4.65129270 
2.78255940e-07 -9.86917915 -9.37731521 -8.14857908 -6.38384853 -4.65129270 
2.15443469e-07 -9.86917915 -9.37731521 -8.14857908 -6.38384853 -4.65129270 
1.66810054e-07 -9.86917915 -9.37731521 -8.14857908 -6.38384853 -4.65129270 
1.29154967e-07 -9.86917915 -9.37731521 -8.14857908 -6.38384853 -4.65129270 
1.00000000e-07 -9.86917915 -9.37731521 -8.14857908 -6.38384853 -4.65129270 
7.74263683e-08 -9.86917915 -9.37731521 -8.14857908 -6.38384853 -4.65129270 
5.99484250e-08 -9.86917915 -9.37731521 -8.14857908 -6.38384853 -4.65129270 
4.64158883e-08 -9.86917915 -9.37731521 -8.14857908 -6.38384853 -4.65129270 
3.59381366e-08 -9.86917915 -9.37731521 -8.14857908 -6.38384853 -4.65129270 
2.78255940e-08 -9.86917915 -9.37731521 -8.14857908 -6.38384853 -4.65129270 
2.15443469e-08 -9.86917915 -9.37731521 -8.14857908 -6.38384853 -4.65129270 
1.66810054e-08 -9.86917915 -9.37731521 -8.14857908 -6.38384853 -4.65129270 
1.29154967e-08 -9.86917915 -9.37731521 -8.14857908 -6.38384853 -4.65129270 
1.00000000e-08 -9.86917915 -9.37731521 -8.14857908 -6.38384853 -4.65129270 
7.74263683e-09 -9.86917915 -9.37731521 -8.14857908 -6.38384853 -4.65129270 
5.99484250e-09 -9.86917915 -9.37731521 -8.14857908 -6.38384853 -4.65129270 
4.64158883e-09 -9.86917915 -9.37731521 -8.14857908 -6.38384853 -4.65129270 
3.59381366e-09 -9.86917915 -9.37731521 -8.14857908 -6.38384853 -4.65129270 
2.78255940e-09 -9.86917915 -9.37731521 -8.14857908 -6.38384853 -4.65129270 
2.15443469e-09 -9.86917915 -9.37731521 -8.14857908 -6.38384853 -4.65129270 
1.66810054e-09 -9.86917915 -9.37731521 -8.14857908 -6.38384853 -4.65129270 
1.29154967e-09 -9.86917915 -9.37731521 -8.14857908 -6.38384853 -4.65129270 
1.00000000e-09 -9.86917915 -9.37731521 -8.14857908 -6.38384853 -4.65129270 
7.74263683e-10 -9.86917915 -9.37731521 -8.14857908 -6.38384853 -4.65129270 
5.99484250e-10 -9.86917915 -9.37731521 -8.14857908 -6.38384853 -4.65129270 
4.64158883e-10 -9.86917915 -9.37731521 -8.14857908 -6.38384853 -4.65129270 
3.59381366e-10 -9.86917915 -9.37731521 -8.14857908 -6.38384853 -4.65129270 
2.78255940e-10 -9.86917915 -9.37731521 -8.14857908 -6.38384853 -4.65129270 
2.15443469e-10 -9.86917915 -9.37731521 -8.14857908 -6.38384853 -4.65129270 
1.66810054e-10 -9.86917915 -9.37731521 -8.14857908 -6.38384853 -4.65129270 
1.29154967e-10 -9.86917915 -9.37731521 -8.14857908 -6.38384853 -4.65129270 
1.00000000e-10 -9.86917915 -9.37731521 -8.14857908 -6.38384853 -4.65129270 
