Chemical species: N2 H2O CO2 CH4 O2 O3 N2O NH3
P (bar) | log_N2: -2σ | log_N2: -1σ | log_N2: median | log_N2: +1σ | log_N2: +2σ 
1.00000000e+01 -0.58475176 -0.18284182 -0.03382204 -0.00339766 -0.00037612 
7.74263683e+00 -0.58475176 -0.18284182 -0.03382204 -0.00339766 -0.00037612 
5.99484250e+00 -0.58475176 -0.18284182 -0.03382204 -0.00339766 -0.00037612 
4.64158883e+00 -0.58475176 -0.18284182 -0.03382204 -0.00339766 -0.00037612 
3.59381366e+00 -0.58475176 -0.18284182 -0.03382204 -0.00339766 -0.00037612 
2.78255940e+00 -0.58475176 -0.18284182 -0.03382204 -0.00339766 -0.00037612 
2.15443469e+00 -0.58475176 -0.18284182 -0.03382204 -0.00339766 -0.00037612 
1.66810054e+00 -0.58475176 -0.18284182 -0.03382204 -0.00339766 -0.00037612 
1.29154967e+00 -0.58475176 -0.18284182 -0.03382204 -0.00339766 -0.00037612 
1.00000000e+00 -0.58475176 -0.18284182 -0.03382204 -0.00339766 -0.00037612 
7.74263683e-01 -0.58475176 -0.18284182 -0.03382204 -0.00339766 -0.00037612 
5.99484250e-01 -0.58475176 -0.18284182 -0.03382204 -0.00339766 -0.00037612 
4.64158883e-01 -0.58475176 -0.18284182 -0.03382204 -0.00339766 -0.00037612 
3.59381366e-01 -0.58475176 -0.18284182 -0.03382204 -0.00339766 -0.00037612 
2.78255940e-01 -0.58475176 -0.18284182 -0.03382204 -0.00339766 -0.00037612 
2.15443469e-01 -0.58475176 -0.18284182 -0.03382204 -0.00339766 -0.00037612 
1.66810054e-01 -0.58475176 -0.18284182 -0.03382204 -0.00339766 -0.00037612 
1.29154967e-01 -0.58475176 -0.18284182 -0.03382204 -0.00339766 -0.00037612 
1.00000000e-01 -0.58475176 -0.18284182 -0.03382204 -0.00339766 -0.00037612 
7.74263683e-02 -0.58475176 -0.18284182 -0.03382204 -0.00339766 -0.00037612 
5.99484250e-02 -0.58475176 -0.18284182 -0.03382204 -0.00339766 -0.00037612 
4.64158883e-02 -0.58475176 -0.18284182 -0.03382204 -0.00339766 -0.00037612 
3.59381366e-02 -0.58475176 -0.18284182 -0.03382204 -0.00339766 -0.00037612 
2.78255940e-02 -0.58475176 -0.18284182 -0.03382204 -0.00339766 -0.00037612 
2.15443469e-02 -0.58475176 -0.18284182 -0.03382204 -0.00339766 -0.00037612 
1.66810054e-02 -0.58475176 -0.18284182 -0.03382204 -0.00339766 -0.00037612 
1.29154967e-02 -0.58475176 -0.18284182 -0.03382204 -0.00339766 -0.00037612 
1.00000000e-02 -0.58475176 -0.18284182 -0.03382204 -0.00339766 -0.00037612 
7.74263683e-03 -0.58475176 -0.18284182 -0.03382204 -0.00339766 -0.00037612 
5.99484250e-03 -0.58475176 -0.18284182 -0.03382204 -0.00339766 -0.00037612 
4.64158883e-03 -0.58475176 -0.18284182 -0.03382204 -0.00339766 -0.00037612 
3.59381366e-03 -0.58475176 -0.18284182 -0.03382204 -0.00339766 -0.00037612 
2.78255940e-03 -0.58475176 -0.18284182 -0.03382204 -0.00339766 -0.00037612 
2.15443469e-03 -0.58475176 -0.18284182 -0.03382204 -0.00339766 -0.00037612 
1.66810054e-03 -0.58475176 -0.18284182 -0.03382204 -0.00339766 -0.00037612 
1.29154967e-03 -0.58475176 -0.18284182 -0.03382204 -0.00339766 -0.00037612 
1.00000000e-03 -0.58475176 -0.18284182 -0.03382204 -0.00339766 -0.00037612 
7.74263683e-04 -0.58475176 -0.18284182 -0.03382204 -0.00339766 -0.00037612 
5.99484250e-04 -0.58475176 -0.18284182 -0.03382204 -0.00339766 -0.00037612 
4.64158883e-04 -0.58475176 -0.18284182 -0.03382204 -0.00339766 -0.00037612 
3.59381366e-04 -0.58475176 -0.18284182 -0.03382204 -0.00339766 -0.00037612 
2.78255940e-04 -0.58475176 -0.18284182 -0.03382204 -0.00339766 -0.00037612 
2.15443469e-04 -0.58475176 -0.18284182 -0.03382204 -0.00339766 -0.00037612 
1.66810054e-04 -0.58475176 -0.18284182 -0.03382204 -0.00339766 -0.00037612 
1.29154967e-04 -0.58475176 -0.18284182 -0.03382204 -0.00339766 -0.00037612 
1.00000000e-04 -0.58475176 -0.18284182 -0.03382204 -0.00339766 -0.00037612 
7.74263683e-05 -0.58475176 -0.18284182 -0.03382204 -0.00339766 -0.00037612 
5.99484250e-05 -0.58475176 -0.18284182 -0.03382204 -0.00339766 -0.00037612 
4.64158883e-05 -0.58475176 -0.18284182 -0.03382204 -0.00339766 -0.00037612 
3.59381366e-05 -0.58475176 -0.18284182 -0.03382204 -0.00339766 -0.00037612 
2.78255940e-05 -0.58475176 -0.18284182 -0.03382204 -0.00339766 -0.00037612 
2.15443469e-05 -0.58475176 -0.18284182 -0.03382204 -0.00339766 -0.00037612 
1.66810054e-05 -0.58475176 -0.18284182 -0.03382204 -0.00339766 -0.00037612 
1.29154967e-05 -0.58475176 -0.18284182 -0.03382204 -0.00339766 -0.00037612 
1.00000000e-05 -0.58475176 -0.18284182 -0.03382204 -0.00339766 -0.00037612 
7.74263683e-06 -0.58475176 -0.18284182 -0.03382204 -0.00339766 -0.00037612 
5.99484250e-06 -0.58475176 -0.18284182 -0.03382204 -0.00339766 -0.00037612 
4.64158883e-06 -0.58475176 -0.18284182 -0.03382204 -0.00339766 -0.00037612 
3.59381366e-06 -0.58475176 -0.18284182 -0.03382204 -0.00339766 -0.00037612 
2.78255940e-06 -0.58475176 -0.18284182 -0.03382204 -0.00339766 -0.00037612 
2.15443469e-06 -0.58475176 -0.18284182 -0.03382204 -0.00339766 -0.00037612 
1.66810054e-06 -0.58475176 -0.18284182 -0.03382204 -0.00339766 -0.00037612 
1.29154967e-06 -0.58475176 -0.18284182 -0.03382204 -0.00339766 -0.00037612 
1.00000000e-06 -0.58475176 -0.18284182 -0.03382204 -0.00339766 -0.00037612 
7.74263683e-07 -0.58475176 -0.18284182 -0.03382204 -0.00339766 -0.00037612 
5.99484250e-07 -0.58475176 -0.18284182 -0.03382204 -0.00339766 -0.00037612 
4.64158883e-07 -0.58475176 -0.18284182 -0.03382204 -0.00339766 -0.00037612 
3.59381366e-07 -0.58475176 -0.18284182 -0.03382204 -0.00339766 -0.00037612 
2.78255940e-07 -0.58475176 -0.18284182 -0.03382204 -0.00339766 -0.00037612 
2.15443469e-07 -0.58475176 -0.18284182 -0.03382204 -0.00339766 -0.00037612 
1.66810054e-07 -0.58475176 -0.18284182 -0.03382204 -0.00339766 -0.00037612 
1.29154967e-07 -0.58475176 -0.18284182 -0.03382204 -0.00339766 -0.00037612 
1.00000000e-07 -0.58475176 -0.18284182 -0.03382204 -0.00339766 -0.00037612 
7.74263683e-08 -0.58475176 -0.18284182 -0.03382204 -0.00339766 -0.00037612 
5.99484250e-08 -0.58475176 -0.18284182 -0.03382204 -0.00339766 -0.00037612 
4.64158883e-08 -0.58475176 -0.18284182 -0.03382204 -0.00339766 -0.00037612 
3.59381366e-08 -0.58475176 -0.18284182 -0.03382204 -0.00339766 -0.00037612 
2.78255940e-08 -0.58475176 -0.18284182 -0.03382204 -0.00339766 -0.00037612 
2.15443469e-08 -0.58475176 -0.18284182 -0.03382204 -0.00339766 -0.00037612 
1.66810054e-08 -0.58475176 -0.18284182 -0.03382204 -0.00339766 -0.00037612 
1.29154967e-08 -0.58475176 -0.18284182 -0.03382204 -0.00339766 -0.00037612 
1.00000000e-08 -0.58475176 -0.18284182 -0.03382204 -0.00339766 -0.00037612 
7.74263683e-09 -0.58475176 -0.18284182 -0.03382204 -0.00339766 -0.00037612 
5.99484250e-09 -0.58475176 -0.18284182 -0.03382204 -0.00339766 -0.00037612 
4.64158883e-09 -0.58475176 -0.18284182 -0.03382204 -0.00339766 -0.00037612 
3.59381366e-09 -0.58475176 -0.18284182 -0.03382204 -0.00339766 -0.00037612 
2.78255940e-09 -0.58475176 -0.18284182 -0.03382204 -0.00339766 -0.00037612 
2.15443469e-09 -0.58475176 -0.18284182 -0.03382204 -0.00339766 -0.00037612 
1.66810054e-09 -0.58475176 -0.18284182 -0.03382204 -0.00339766 -0.00037612 
1.29154967e-09 -0.58475176 -0.18284182 -0.03382204 -0.00339766 -0.00037612 
1.00000000e-09 -0.58475176 -0.18284182 -0.03382204 -0.00339766 -0.00037612 
7.74263683e-10 -0.58475176 -0.18284182 -0.03382204 -0.00339766 -0.00037612 
5.99484250e-10 -0.58475176 -0.18284182 -0.03382204 -0.00339766 -0.00037612 
4.64158883e-10 -0.58475176 -0.18284182 -0.03382204 -0.00339766 -0.00037612 
3.59381366e-10 -0.58475176 -0.18284182 -0.03382204 -0.00339766 -0.00037612 
2.78255940e-10 -0.58475176 -0.18284182 -0.03382204 -0.00339766 -0.00037612 
2.15443469e-10 -0.58475176 -0.18284182 -0.03382204 -0.00339766 -0.00037612 
1.66810054e-10 -0.58475176 -0.18284182 -0.03382204 -0.00339766 -0.00037612 
1.29154967e-10 -0.58475176 -0.18284182 -0.03382204 -0.00339766 -0.00037612 
1.00000000e-10 -0.58475176 -0.18284182 -0.03382204 -0.00339766 -0.00037612 
P (bar) | log_H2O: -2σ | log_H2O: -1σ | log_H2O: median | log_H2O: +1σ | log_H2O: +2σ 
1.00000000e+01 -9.40535550 -7.19926701 -4.45469369 -3.07142961 -2.25735132 
7.74263683e+00 -9.40535550 -7.19926701 -4.45469369 -3.07142961 -2.25735132 
5.99484250e+00 -9.40535550 -7.19926701 -4.45469369 -3.07142961 -2.25735132 
4.64158883e+00 -9.40535550 -7.19926701 -4.45469369 -3.07142961 -2.25735132 
3.59381366e+00 -9.40535550 -7.19926701 -4.45469369 -3.07142961 -2.25735132 
2.78255940e+00 -9.40535550 -7.19926701 -4.45469369 -3.07142961 -2.25735132 
2.15443469e+00 -9.40535550 -7.19926701 -4.45469369 -3.07142961 -2.25735132 
1.66810054e+00 -9.40535550 -7.19926701 -4.45469369 -3.07142961 -2.25735132 
1.29154967e+00 -9.40535550 -7.19926701 -4.45469369 -3.07142961 -2.25735132 
1.00000000e+00 -9.40535550 -7.19926701 -4.45469369 -3.07142961 -2.25735132 
7.74263683e-01 -9.40535550 -7.19926701 -4.45469369 -3.07142961 -2.25735132 
5.99484250e-01 -9.40535550 -7.19926701 -4.45469369 -3.07142961 -2.25735132 
4.64158883e-01 -9.40535550 -7.19926701 -4.45469369 -3.07142961 -2.25735132 
3.59381366e-01 -9.40535550 -7.19926701 -4.45469369 -3.07142961 -2.25735132 
2.78255940e-01 -9.40535550 -7.19926701 -4.45469369 -3.07142961 -2.25735132 
2.15443469e-01 -9.40535550 -7.19926701 -4.45469369 -3.07142961 -2.25735132 
1.66810054e-01 -9.40535550 -7.19926701 -4.45469369 -3.07142961 -2.25735132 
1.29154967e-01 -9.40535550 -7.19926701 -4.45469369 -3.07142961 -2.25735132 
1.00000000e-01 -9.40535550 -7.19926701 -4.45469369 -3.07142961 -2.25735132 
7.74263683e-02 -9.40535550 -7.19926701 -4.45469369 -3.07142961 -2.25735132 
5.99484250e-02 -9.40535550 -7.19926701 -4.45469369 -3.07142961 -2.25735132 
4.64158883e-02 -9.40535550 -7.19926701 -4.45469369 -3.07142961 -2.25735132 
3.59381366e-02 -9.40535550 -7.19926701 -4.45469369 -3.07142961 -2.25735132 
2.78255940e-02 -9.40535550 -7.19926701 -4.45469369 -3.07142961 -2.25735132 
2.15443469e-02 -9.40535550 -7.19926701 -4.45469369 -3.07142961 -2.25735132 
1.66810054e-02 -9.40535550 -7.19926701 -4.45469369 -3.07142961 -2.25735132 
1.29154967e-02 -9.40535550 -7.19926701 -4.45469369 -3.07142961 -2.25735132 
1.00000000e-02 -9.40535550 -7.19926701 -4.45469369 -3.07142961 -2.25735132 
7.74263683e-03 -9.40535550 -7.19926701 -4.45469369 -3.07142961 -2.25735132 
5.99484250e-03 -9.40535550 -7.19926701 -4.45469369 -3.07142961 -2.25735132 
4.64158883e-03 -9.40535550 -7.19926701 -4.45469369 -3.07142961 -2.25735132 
3.59381366e-03 -9.40535550 -7.19926701 -4.45469369 -3.07142961 -2.25735132 
2.78255940e-03 -9.40535550 -7.19926701 -4.45469369 -3.07142961 -2.25735132 
2.15443469e-03 -9.40535550 -7.19926701 -4.45469369 -3.07142961 -2.25735132 
1.66810054e-03 -9.40535550 -7.19926701 -4.45469369 -3.07142961 -2.25735132 
1.29154967e-03 -9.40535550 -7.19926701 -4.45469369 -3.07142961 -2.25735132 
1.00000000e-03 -9.40535550 -7.19926701 -4.45469369 -3.07142961 -2.25735132 
7.74263683e-04 -9.40535550 -7.19926701 -4.45469369 -3.07142961 -2.25735132 
5.99484250e-04 -9.40535550 -7.19926701 -4.45469369 -3.07142961 -2.25735132 
4.64158883e-04 -9.40535550 -7.19926701 -4.45469369 -3.07142961 -2.25735132 
3.59381366e-04 -9.40535550 -7.19926701 -4.45469369 -3.07142961 -2.25735132 
2.78255940e-04 -9.40535550 -7.19926701 -4.45469369 -3.07142961 -2.25735132 
2.15443469e-04 -9.40535550 -7.19926701 -4.45469369 -3.07142961 -2.25735132 
1.66810054e-04 -9.40535550 -7.19926701 -4.45469369 -3.07142961 -2.25735132 
1.29154967e-04 -9.40535550 -7.19926701 -4.45469369 -3.07142961 -2.25735132 
1.00000000e-04 -9.40535550 -7.19926701 -4.45469369 -3.07142961 -2.25735132 
7.74263683e-05 -9.40535550 -7.19926701 -4.45469369 -3.07142961 -2.25735132 
5.99484250e-05 -9.40535550 -7.19926701 -4.45469369 -3.07142961 -2.25735132 
4.64158883e-05 -9.40535550 -7.19926701 -4.45469369 -3.07142961 -2.25735132 
3.59381366e-05 -9.40535550 -7.19926701 -4.45469369 -3.07142961 -2.25735132 
2.78255940e-05 -9.40535550 -7.19926701 -4.45469369 -3.07142961 -2.25735132 
2.15443469e-05 -9.40535550 -7.19926701 -4.45469369 -3.07142961 -2.25735132 
1.66810054e-05 -9.40535550 -7.19926701 -4.45469369 -3.07142961 -2.25735132 
1.29154967e-05 -9.40535550 -7.19926701 -4.45469369 -3.07142961 -2.25735132 
1.00000000e-05 -9.40535550 -7.19926701 -4.45469369 -3.07142961 -2.25735132 
7.74263683e-06 -9.40535550 -7.19926701 -4.45469369 -3.07142961 -2.25735132 
5.99484250e-06 -9.40535550 -7.19926701 -4.45469369 -3.07142961 -2.25735132 
4.64158883e-06 -9.40535550 -7.19926701 -4.45469369 -3.07142961 -2.25735132 
3.59381366e-06 -9.40535550 -7.19926701 -4.45469369 -3.07142961 -2.25735132 
2.78255940e-06 -9.40535550 -7.19926701 -4.45469369 -3.07142961 -2.25735132 
2.15443469e-06 -9.40535550 -7.19926701 -4.45469369 -3.07142961 -2.25735132 
1.66810054e-06 -9.40535550 -7.19926701 -4.45469369 -3.07142961 -2.25735132 
1.29154967e-06 -9.40535550 -7.19926701 -4.45469369 -3.07142961 -2.25735132 
1.00000000e-06 -9.40535550 -7.19926701 -4.45469369 -3.07142961 -2.25735132 
7.74263683e-07 -9.40535550 -7.19926701 -4.45469369 -3.07142961 -2.25735132 
5.99484250e-07 -9.40535550 -7.19926701 -4.45469369 -3.07142961 -2.25735132 
4.64158883e-07 -9.40535550 -7.19926701 -4.45469369 -3.07142961 -2.25735132 
3.59381366e-07 -9.40535550 -7.19926701 -4.45469369 -3.07142961 -2.25735132 
2.78255940e-07 -9.40535550 -7.19926701 -4.45469369 -3.07142961 -2.25735132 
2.15443469e-07 -9.40535550 -7.19926701 -4.45469369 -3.07142961 -2.25735132 
1.66810054e-07 -9.40535550 -7.19926701 -4.45469369 -3.07142961 -2.25735132 
1.29154967e-07 -9.40535550 -7.19926701 -4.45469369 -3.07142961 -2.25735132 
1.00000000e-07 -9.40535550 -7.19926701 -4.45469369 -3.07142961 -2.25735132 
7.74263683e-08 -9.40535550 -7.19926701 -4.45469369 -3.07142961 -2.25735132 
5.99484250e-08 -9.40535550 -7.19926701 -4.45469369 -3.07142961 -2.25735132 
4.64158883e-08 -9.40535550 -7.19926701 -4.45469369 -3.07142961 -2.25735132 
3.59381366e-08 -9.40535550 -7.19926701 -4.45469369 -3.07142961 -2.25735132 
2.78255940e-08 -9.40535550 -7.19926701 -4.45469369 -3.07142961 -2.25735132 
2.15443469e-08 -9.40535550 -7.19926701 -4.45469369 -3.07142961 -2.25735132 
1.66810054e-08 -9.40535550 -7.19926701 -4.45469369 -3.07142961 -2.25735132 
1.29154967e-08 -9.40535550 -7.19926701 -4.45469369 -3.07142961 -2.25735132 
1.00000000e-08 -9.40535550 -7.19926701 -4.45469369 -3.07142961 -2.25735132 
7.74263683e-09 -9.40535550 -7.19926701 -4.45469369 -3.07142961 -2.25735132 
5.99484250e-09 -9.40535550 -7.19926701 -4.45469369 -3.07142961 -2.25735132 
4.64158883e-09 -9.40535550 -7.19926701 -4.45469369 -3.07142961 -2.25735132 
3.59381366e-09 -9.40535550 -7.19926701 -4.45469369 -3.07142961 -2.25735132 
2.78255940e-09 -9.40535550 -7.19926701 -4.45469369 -3.07142961 -2.25735132 
2.15443469e-09 -9.40535550 -7.19926701 -4.45469369 -3.07142961 -2.25735132 
1.66810054e-09 -9.40535550 -7.19926701 -4.45469369 -3.07142961 -2.25735132 
1.29154967e-09 -9.40535550 -7.19926701 -4.45469369 -3.07142961 -2.25735132 
1.00000000e-09 -9.40535550 -7.19926701 -4.45469369 -3.07142961 -2.25735132 
7.74263683e-10 -9.40535550 -7.19926701 -4.45469369 -3.07142961 -2.25735132 
5.99484250e-10 -9.40535550 -7.19926701 -4.45469369 -3.07142961 -2.25735132 
4.64158883e-10 -9.40535550 -7.19926701 -4.45469369 -3.07142961 -2.25735132 
3.59381366e-10 -9.40535550 -7.19926701 -4.45469369 -3.07142961 -2.25735132 
2.78255940e-10 -9.40535550 -7.19926701 -4.45469369 -3.07142961 -2.25735132 
2.15443469e-10 -9.40535550 -7.19926701 -4.45469369 -3.07142961 -2.25735132 
1.66810054e-10 -9.40535550 -7.19926701 -4.45469369 -3.07142961 -2.25735132 
1.29154967e-10 -9.40535550 -7.19926701 -4.45469369 -3.07142961 -2.25735132 
1.00000000e-10 -9.40535550 -7.19926701 -4.45469369 -3.07142961 -2.25735132 
P (bar) | log_CO2: -2σ | log_CO2: -1σ | log_CO2: median | log_CO2: +1σ | log_CO2: +2σ 
1.00000000e+01 -3.44888527 -2.36162229 -1.26867887 -0.56546999 -0.19024126 
7.74263683e+00 -3.44888527 -2.36162229 -1.26867887 -0.56546999 -0.19024126 
5.99484250e+00 -3.44888527 -2.36162229 -1.26867887 -0.56546999 -0.19024126 
4.64158883e+00 -3.44888527 -2.36162229 -1.26867887 -0.56546999 -0.19024126 
3.59381366e+00 -3.44888527 -2.36162229 -1.26867887 -0.56546999 -0.19024126 
2.78255940e+00 -3.44888527 -2.36162229 -1.26867887 -0.56546999 -0.19024126 
2.15443469e+00 -3.44888527 -2.36162229 -1.26867887 -0.56546999 -0.19024126 
1.66810054e+00 -3.44888527 -2.36162229 -1.26867887 -0.56546999 -0.19024126 
1.29154967e+00 -3.44888527 -2.36162229 -1.26867887 -0.56546999 -0.19024126 
1.00000000e+00 -3.44888527 -2.36162229 -1.26867887 -0.56546999 -0.19024126 
7.74263683e-01 -3.44888527 -2.36162229 -1.26867887 -0.56546999 -0.19024126 
5.99484250e-01 -3.44888527 -2.36162229 -1.26867887 -0.56546999 -0.19024126 
4.64158883e-01 -3.44888527 -2.36162229 -1.26867887 -0.56546999 -0.19024126 
3.59381366e-01 -3.44888527 -2.36162229 -1.26867887 -0.56546999 -0.19024126 
2.78255940e-01 -3.44888527 -2.36162229 -1.26867887 -0.56546999 -0.19024126 
2.15443469e-01 -3.44888527 -2.36162229 -1.26867887 -0.56546999 -0.19024126 
1.66810054e-01 -3.44888527 -2.36162229 -1.26867887 -0.56546999 -0.19024126 
1.29154967e-01 -3.44888527 -2.36162229 -1.26867887 -0.56546999 -0.19024126 
1.00000000e-01 -3.44888527 -2.36162229 -1.26867887 -0.56546999 -0.19024126 
7.74263683e-02 -3.44888527 -2.36162229 -1.26867887 -0.56546999 -0.19024126 
5.99484250e-02 -3.44888527 -2.36162229 -1.26867887 -0.56546999 -0.19024126 
4.64158883e-02 -3.44888527 -2.36162229 -1.26867887 -0.56546999 -0.19024126 
3.59381366e-02 -3.44888527 -2.36162229 -1.26867887 -0.56546999 -0.19024126 
2.78255940e-02 -3.44888527 -2.36162229 -1.26867887 -0.56546999 -0.19024126 
2.15443469e-02 -3.44888527 -2.36162229 -1.26867887 -0.56546999 -0.19024126 
1.66810054e-02 -3.44888527 -2.36162229 -1.26867887 -0.56546999 -0.19024126 
1.29154967e-02 -3.44888527 -2.36162229 -1.26867887 -0.56546999 -0.19024126 
1.00000000e-02 -3.44888527 -2.36162229 -1.26867887 -0.56546999 -0.19024126 
7.74263683e-03 -3.44888527 -2.36162229 -1.26867887 -0.56546999 -0.19024126 
5.99484250e-03 -3.44888527 -2.36162229 -1.26867887 -0.56546999 -0.19024126 
4.64158883e-03 -3.44888527 -2.36162229 -1.26867887 -0.56546999 -0.19024126 
3.59381366e-03 -3.44888527 -2.36162229 -1.26867887 -0.56546999 -0.19024126 
2.78255940e-03 -3.44888527 -2.36162229 -1.26867887 -0.56546999 -0.19024126 
2.15443469e-03 -3.44888527 -2.36162229 -1.26867887 -0.56546999 -0.19024126 
1.66810054e-03 -3.44888527 -2.36162229 -1.26867887 -0.56546999 -0.19024126 
1.29154967e-03 -3.44888527 -2.36162229 -1.26867887 -0.56546999 -0.19024126 
1.00000000e-03 -3.44888527 -2.36162229 -1.26867887 -0.56546999 -0.19024126 
7.74263683e-04 -3.44888527 -2.36162229 -1.26867887 -0.56546999 -0.19024126 
5.99484250e-04 -3.44888527 -2.36162229 -1.26867887 -0.56546999 -0.19024126 
4.64158883e-04 -3.44888527 -2.36162229 -1.26867887 -0.56546999 -0.19024126 
3.59381366e-04 -3.44888527 -2.36162229 -1.26867887 -0.56546999 -0.19024126 
2.78255940e-04 -3.44888527 -2.36162229 -1.26867887 -0.56546999 -0.19024126 
2.15443469e-04 -3.44888527 -2.36162229 -1.26867887 -0.56546999 -0.19024126 
1.66810054e-04 -3.44888527 -2.36162229 -1.26867887 -0.56546999 -0.19024126 
1.29154967e-04 -3.44888527 -2.36162229 -1.26867887 -0.56546999 -0.19024126 
1.00000000e-04 -3.44888527 -2.36162229 -1.26867887 -0.56546999 -0.19024126 
7.74263683e-05 -3.44888527 -2.36162229 -1.26867887 -0.56546999 -0.19024126 
5.99484250e-05 -3.44888527 -2.36162229 -1.26867887 -0.56546999 -0.19024126 
4.64158883e-05 -3.44888527 -2.36162229 -1.26867887 -0.56546999 -0.19024126 
3.59381366e-05 -3.44888527 -2.36162229 -1.26867887 -0.56546999 -0.19024126 
2.78255940e-05 -3.44888527 -2.36162229 -1.26867887 -0.56546999 -0.19024126 
2.15443469e-05 -3.44888527 -2.36162229 -1.26867887 -0.56546999 -0.19024126 
1.66810054e-05 -3.44888527 -2.36162229 -1.26867887 -0.56546999 -0.19024126 
1.29154967e-05 -3.44888527 -2.36162229 -1.26867887 -0.56546999 -0.19024126 
1.00000000e-05 -3.44888527 -2.36162229 -1.26867887 -0.56546999 -0.19024126 
7.74263683e-06 -3.44888527 -2.36162229 -1.26867887 -0.56546999 -0.19024126 
5.99484250e-06 -3.44888527 -2.36162229 -1.26867887 -0.56546999 -0.19024126 
4.64158883e-06 -3.44888527 -2.36162229 -1.26867887 -0.56546999 -0.19024126 
3.59381366e-06 -3.44888527 -2.36162229 -1.26867887 -0.56546999 -0.19024126 
2.78255940e-06 -3.44888527 -2.36162229 -1.26867887 -0.56546999 -0.19024126 
2.15443469e-06 -3.44888527 -2.36162229 -1.26867887 -0.56546999 -0.19024126 
1.66810054e-06 -3.44888527 -2.36162229 -1.26867887 -0.56546999 -0.19024126 
1.29154967e-06 -3.44888527 -2.36162229 -1.26867887 -0.56546999 -0.19024126 
1.00000000e-06 -3.44888527 -2.36162229 -1.26867887 -0.56546999 -0.19024126 
7.74263683e-07 -3.44888527 -2.36162229 -1.26867887 -0.56546999 -0.19024126 
5.99484250e-07 -3.44888527 -2.36162229 -1.26867887 -0.56546999 -0.19024126 
4.64158883e-07 -3.44888527 -2.36162229 -1.26867887 -0.56546999 -0.19024126 
3.59381366e-07 -3.44888527 -2.36162229 -1.26867887 -0.56546999 -0.19024126 
2.78255940e-07 -3.44888527 -2.36162229 -1.26867887 -0.56546999 -0.19024126 
2.15443469e-07 -3.44888527 -2.36162229 -1.26867887 -0.56546999 -0.19024126 
1.66810054e-07 -3.44888527 -2.36162229 -1.26867887 -0.56546999 -0.19024126 
1.29154967e-07 -3.44888527 -2.36162229 -1.26867887 -0.56546999 -0.19024126 
1.00000000e-07 -3.44888527 -2.36162229 -1.26867887 -0.56546999 -0.19024126 
7.74263683e-08 -3.44888527 -2.36162229 -1.26867887 -0.56546999 -0.19024126 
5.99484250e-08 -3.44888527 -2.36162229 -1.26867887 -0.56546999 -0.19024126 
4.64158883e-08 -3.44888527 -2.36162229 -1.26867887 -0.56546999 -0.19024126 
3.59381366e-08 -3.44888527 -2.36162229 -1.26867887 -0.56546999 -0.19024126 
2.78255940e-08 -3.44888527 -2.36162229 -1.26867887 -0.56546999 -0.19024126 
2.15443469e-08 -3.44888527 -2.36162229 -1.26867887 -0.56546999 -0.19024126 
1.66810054e-08 -3.44888527 -2.36162229 -1.26867887 -0.56546999 -0.19024126 
1.29154967e-08 -3.44888527 -2.36162229 -1.26867887 -0.56546999 -0.19024126 
1.00000000e-08 -3.44888527 -2.36162229 -1.26867887 -0.56546999 -0.19024126 
7.74263683e-09 -3.44888527 -2.36162229 -1.26867887 -0.56546999 -0.19024126 
5.99484250e-09 -3.44888527 -2.36162229 -1.26867887 -0.56546999 -0.19024126 
4.64158883e-09 -3.44888527 -2.36162229 -1.26867887 -0.56546999 -0.19024126 
3.59381366e-09 -3.44888527 -2.36162229 -1.26867887 -0.56546999 -0.19024126 
2.78255940e-09 -3.44888527 -2.36162229 -1.26867887 -0.56546999 -0.19024126 
2.15443469e-09 -3.44888527 -2.36162229 -1.26867887 -0.56546999 -0.19024126 
1.66810054e-09 -3.44888527 -2.36162229 -1.26867887 -0.56546999 -0.19024126 
1.29154967e-09 -3.44888527 -2.36162229 -1.26867887 -0.56546999 -0.19024126 
1.00000000e-09 -3.44888527 -2.36162229 -1.26867887 -0.56546999 -0.19024126 
7.74263683e-10 -3.44888527 -2.36162229 -1.26867887 -0.56546999 -0.19024126 
5.99484250e-10 -3.44888527 -2.36162229 -1.26867887 -0.56546999 -0.19024126 
4.64158883e-10 -3.44888527 -2.36162229 -1.26867887 -0.56546999 -0.19024126 
3.59381366e-10 -3.44888527 -2.36162229 -1.26867887 -0.56546999 -0.19024126 
2.78255940e-10 -3.44888527 -2.36162229 -1.26867887 -0.56546999 -0.19024126 
2.15443469e-10 -3.44888527 -2.36162229 -1.26867887 -0.56546999 -0.19024126 
1.66810054e-10 -3.44888527 -2.36162229 -1.26867887 -0.56546999 -0.19024126 
1.29154967e-10 -3.44888527 -2.36162229 -1.26867887 -0.56546999 -0.19024126 
1.00000000e-10 -3.44888527 -2.36162229 -1.26867887 -0.56546999 -0.19024126 
P (bar) | log_CH4: -2σ | log_CH4: -1σ | log_CH4: median | log_CH4: +1σ | log_CH4: +2σ 
1.00000000e+01 -4.78414158 -4.15737729 -3.40775560 -2.89041826 -2.51462861 
7.74263683e+00 -4.78414158 -4.15737729 -3.40775560 -2.89041826 -2.51462861 
5.99484250e+00 -4.78414158 -4.15737729 -3.40775560 -2.89041826 -2.51462861 
4.64158883e+00 -4.78414158 -4.15737729 -3.40775560 -2.89041826 -2.51462861 
3.59381366e+00 -4.78414158 -4.15737729 -3.40775560 -2.89041826 -2.51462861 
2.78255940e+00 -4.78414158 -4.15737729 -3.40775560 -2.89041826 -2.51462861 
2.15443469e+00 -4.78414158 -4.15737729 -3.40775560 -2.89041826 -2.51462861 
1.66810054e+00 -4.78414158 -4.15737729 -3.40775560 -2.89041826 -2.51462861 
1.29154967e+00 -4.78414158 -4.15737729 -3.40775560 -2.89041826 -2.51462861 
1.00000000e+00 -4.78414158 -4.15737729 -3.40775560 -2.89041826 -2.51462861 
7.74263683e-01 -4.78414158 -4.15737729 -3.40775560 -2.89041826 -2.51462861 
5.99484250e-01 -4.78414158 -4.15737729 -3.40775560 -2.89041826 -2.51462861 
4.64158883e-01 -4.78414158 -4.15737729 -3.40775560 -2.89041826 -2.51462861 
3.59381366e-01 -4.78414158 -4.15737729 -3.40775560 -2.89041826 -2.51462861 
2.78255940e-01 -4.78414158 -4.15737729 -3.40775560 -2.89041826 -2.51462861 
2.15443469e-01 -4.78414158 -4.15737729 -3.40775560 -2.89041826 -2.51462861 
1.66810054e-01 -4.78414158 -4.15737729 -3.40775560 -2.89041826 -2.51462861 
1.29154967e-01 -4.78414158 -4.15737729 -3.40775560 -2.89041826 -2.51462861 
1.00000000e-01 -4.78414158 -4.15737729 -3.40775560 -2.89041826 -2.51462861 
7.74263683e-02 -4.78414158 -4.15737729 -3.40775560 -2.89041826 -2.51462861 
5.99484250e-02 -4.78414158 -4.15737729 -3.40775560 -2.89041826 -2.51462861 
4.64158883e-02 -4.78414158 -4.15737729 -3.40775560 -2.89041826 -2.51462861 
3.59381366e-02 -4.78414158 -4.15737729 -3.40775560 -2.89041826 -2.51462861 
2.78255940e-02 -4.78414158 -4.15737729 -3.40775560 -2.89041826 -2.51462861 
2.15443469e-02 -4.78414158 -4.15737729 -3.40775560 -2.89041826 -2.51462861 
1.66810054e-02 -4.78414158 -4.15737729 -3.40775560 -2.89041826 -2.51462861 
1.29154967e-02 -4.78414158 -4.15737729 -3.40775560 -2.89041826 -2.51462861 
1.00000000e-02 -4.78414158 -4.15737729 -3.40775560 -2.89041826 -2.51462861 
7.74263683e-03 -4.78414158 -4.15737729 -3.40775560 -2.89041826 -2.51462861 
5.99484250e-03 -4.78414158 -4.15737729 -3.40775560 -2.89041826 -2.51462861 
4.64158883e-03 -4.78414158 -4.15737729 -3.40775560 -2.89041826 -2.51462861 
3.59381366e-03 -4.78414158 -4.15737729 -3.40775560 -2.89041826 -2.51462861 
2.78255940e-03 -4.78414158 -4.15737729 -3.40775560 -2.89041826 -2.51462861 
2.15443469e-03 -4.78414158 -4.15737729 -3.40775560 -2.89041826 -2.51462861 
1.66810054e-03 -4.78414158 -4.15737729 -3.40775560 -2.89041826 -2.51462861 
1.29154967e-03 -4.78414158 -4.15737729 -3.40775560 -2.89041826 -2.51462861 
1.00000000e-03 -4.78414158 -4.15737729 -3.40775560 -2.89041826 -2.51462861 
7.74263683e-04 -4.78414158 -4.15737729 -3.40775560 -2.89041826 -2.51462861 
5.99484250e-04 -4.78414158 -4.15737729 -3.40775560 -2.89041826 -2.51462861 
4.64158883e-04 -4.78414158 -4.15737729 -3.40775560 -2.89041826 -2.51462861 
3.59381366e-04 -4.78414158 -4.15737729 -3.40775560 -2.89041826 -2.51462861 
2.78255940e-04 -4.78414158 -4.15737729 -3.40775560 -2.89041826 -2.51462861 
2.15443469e-04 -4.78414158 -4.15737729 -3.40775560 -2.89041826 -2.51462861 
1.66810054e-04 -4.78414158 -4.15737729 -3.40775560 -2.89041826 -2.51462861 
1.29154967e-04 -4.78414158 -4.15737729 -3.40775560 -2.89041826 -2.51462861 
1.00000000e-04 -4.78414158 -4.15737729 -3.40775560 -2.89041826 -2.51462861 
7.74263683e-05 -4.78414158 -4.15737729 -3.40775560 -2.89041826 -2.51462861 
5.99484250e-05 -4.78414158 -4.15737729 -3.40775560 -2.89041826 -2.51462861 
4.64158883e-05 -4.78414158 -4.15737729 -3.40775560 -2.89041826 -2.51462861 
3.59381366e-05 -4.78414158 -4.15737729 -3.40775560 -2.89041826 -2.51462861 
2.78255940e-05 -4.78414158 -4.15737729 -3.40775560 -2.89041826 -2.51462861 
2.15443469e-05 -4.78414158 -4.15737729 -3.40775560 -2.89041826 -2.51462861 
1.66810054e-05 -4.78414158 -4.15737729 -3.40775560 -2.89041826 -2.51462861 
1.29154967e-05 -4.78414158 -4.15737729 -3.40775560 -2.89041826 -2.51462861 
1.00000000e-05 -4.78414158 -4.15737729 -3.40775560 -2.89041826 -2.51462861 
7.74263683e-06 -4.78414158 -4.15737729 -3.40775560 -2.89041826 -2.51462861 
5.99484250e-06 -4.78414158 -4.15737729 -3.40775560 -2.89041826 -2.51462861 
4.64158883e-06 -4.78414158 -4.15737729 -3.40775560 -2.89041826 -2.51462861 
3.59381366e-06 -4.78414158 -4.15737729 -3.40775560 -2.89041826 -2.51462861 
2.78255940e-06 -4.78414158 -4.15737729 -3.40775560 -2.89041826 -2.51462861 
2.15443469e-06 -4.78414158 -4.15737729 -3.40775560 -2.89041826 -2.51462861 
1.66810054e-06 -4.78414158 -4.15737729 -3.40775560 -2.89041826 -2.51462861 
1.29154967e-06 -4.78414158 -4.15737729 -3.40775560 -2.89041826 -2.51462861 
1.00000000e-06 -4.78414158 -4.15737729 -3.40775560 -2.89041826 -2.51462861 
7.74263683e-07 -4.78414158 -4.15737729 -3.40775560 -2.89041826 -2.51462861 
5.99484250e-07 -4.78414158 -4.15737729 -3.40775560 -2.89041826 -2.51462861 
4.64158883e-07 -4.78414158 -4.15737729 -3.40775560 -2.89041826 -2.51462861 
3.59381366e-07 -4.78414158 -4.15737729 -3.40775560 -2.89041826 -2.51462861 
2.78255940e-07 -4.78414158 -4.15737729 -3.40775560 -2.89041826 -2.51462861 
2.15443469e-07 -4.78414158 -4.15737729 -3.40775560 -2.89041826 -2.51462861 
1.66810054e-07 -4.78414158 -4.15737729 -3.40775560 -2.89041826 -2.51462861 
1.29154967e-07 -4.78414158 -4.15737729 -3.40775560 -2.89041826 -2.51462861 
1.00000000e-07 -4.78414158 -4.15737729 -3.40775560 -2.89041826 -2.51462861 
7.74263683e-08 -4.78414158 -4.15737729 -3.40775560 -2.89041826 -2.51462861 
5.99484250e-08 -4.78414158 -4.15737729 -3.40775560 -2.89041826 -2.51462861 
4.64158883e-08 -4.78414158 -4.15737729 -3.40775560 -2.89041826 -2.51462861 
3.59381366e-08 -4.78414158 -4.15737729 -3.40775560 -2.89041826 -2.51462861 
2.78255940e-08 -4.78414158 -4.15737729 -3.40775560 -2.89041826 -2.51462861 
2.15443469e-08 -4.78414158 -4.15737729 -3.40775560 -2.89041826 -2.51462861 
1.66810054e-08 -4.78414158 -4.15737729 -3.40775560 -2.89041826 -2.51462861 
1.29154967e-08 -4.78414158 -4.15737729 -3.40775560 -2.89041826 -2.51462861 
1.00000000e-08 -4.78414158 -4.15737729 -3.40775560 -2.89041826 -2.51462861 
7.74263683e-09 -4.78414158 -4.15737729 -3.40775560 -2.89041826 -2.51462861 
5.99484250e-09 -4.78414158 -4.15737729 -3.40775560 -2.89041826 -2.51462861 
4.64158883e-09 -4.78414158 -4.15737729 -3.40775560 -2.89041826 -2.51462861 
3.59381366e-09 -4.78414158 -4.15737729 -3.40775560 -2.89041826 -2.51462861 
2.78255940e-09 -4.78414158 -4.15737729 -3.40775560 -2.89041826 -2.51462861 
2.15443469e-09 -4.78414158 -4.15737729 -3.40775560 -2.89041826 -2.51462861 
1.66810054e-09 -4.78414158 -4.15737729 -3.40775560 -2.89041826 -2.51462861 
1.29154967e-09 -4.78414158 -4.15737729 -3.40775560 -2.89041826 -2.51462861 
1.00000000e-09 -4.78414158 -4.15737729 -3.40775560 -2.89041826 -2.51462861 
7.74263683e-10 -4.78414158 -4.15737729 -3.40775560 -2.89041826 -2.51462861 
5.99484250e-10 -4.78414158 -4.15737729 -3.40775560 -2.89041826 -2.51462861 
4.64158883e-10 -4.78414158 -4.15737729 -3.40775560 -2.89041826 -2.51462861 
3.59381366e-10 -4.78414158 -4.15737729 -3.40775560 -2.89041826 -2.51462861 
2.78255940e-10 -4.78414158 -4.15737729 -3.40775560 -2.89041826 -2.51462861 
2.15443469e-10 -4.78414158 -4.15737729 -3.40775560 -2.89041826 -2.51462861 
1.66810054e-10 -4.78414158 -4.15737729 -3.40775560 -2.89041826 -2.51462861 
1.29154967e-10 -4.78414158 -4.15737729 -3.40775560 -2.89041826 -2.51462861 
1.00000000e-10 -4.78414158 -4.15737729 -3.40775560 -2.89041826 -2.51462861 
P (bar) | log_O2: -2σ | log_O2: -1σ | log_O2: median | log_O2: +1σ | log_O2: +2σ 
1.00000000e+01 -9.79829461 -8.44881137 -5.16311912 -1.95380637 -0.46220928 
7.74263683e+00 -9.79829461 -8.44881137 -5.16311912 -1.95380637 -0.46220928 
5.99484250e+00 -9.79829461 -8.44881137 -5.16311912 -1.95380637 -0.46220928 
4.64158883e+00 -9.79829461 -8.44881137 -5.16311912 -1.95380637 -0.46220928 
3.59381366e+00 -9.79829461 -8.44881137 -5.16311912 -1.95380637 -0.46220928 
2.78255940e+00 -9.79829461 -8.44881137 -5.16311912 -1.95380637 -0.46220928 
2.15443469e+00 -9.79829461 -8.44881137 -5.16311912 -1.95380637 -0.46220928 
1.66810054e+00 -9.79829461 -8.44881137 -5.16311912 -1.95380637 -0.46220928 
1.29154967e+00 -9.79829461 -8.44881137 -5.16311912 -1.95380637 -0.46220928 
1.00000000e+00 -9.79829461 -8.44881137 -5.16311912 -1.95380637 -0.46220928 
7.74263683e-01 -9.79829461 -8.44881137 -5.16311912 -1.95380637 -0.46220928 
5.99484250e-01 -9.79829461 -8.44881137 -5.16311912 -1.95380637 -0.46220928 
4.64158883e-01 -9.79829461 -8.44881137 -5.16311912 -1.95380637 -0.46220928 
3.59381366e-01 -9.79829461 -8.44881137 -5.16311912 -1.95380637 -0.46220928 
2.78255940e-01 -9.79829461 -8.44881137 -5.16311912 -1.95380637 -0.46220928 
2.15443469e-01 -9.79829461 -8.44881137 -5.16311912 -1.95380637 -0.46220928 
1.66810054e-01 -9.79829461 -8.44881137 -5.16311912 -1.95380637 -0.46220928 
1.29154967e-01 -9.79829461 -8.44881137 -5.16311912 -1.95380637 -0.46220928 
1.00000000e-01 -9.79829461 -8.44881137 -5.16311912 -1.95380637 -0.46220928 
7.74263683e-02 -9.79829461 -8.44881137 -5.16311912 -1.95380637 -0.46220928 
5.99484250e-02 -9.79829461 -8.44881137 -5.16311912 -1.95380637 -0.46220928 
4.64158883e-02 -9.79829461 -8.44881137 -5.16311912 -1.95380637 -0.46220928 
3.59381366e-02 -9.79829461 -8.44881137 -5.16311912 -1.95380637 -0.46220928 
2.78255940e-02 -9.79829461 -8.44881137 -5.16311912 -1.95380637 -0.46220928 
2.15443469e-02 -9.79829461 -8.44881137 -5.16311912 -1.95380637 -0.46220928 
1.66810054e-02 -9.79829461 -8.44881137 -5.16311912 -1.95380637 -0.46220928 
1.29154967e-02 -9.79829461 -8.44881137 -5.16311912 -1.95380637 -0.46220928 
1.00000000e-02 -9.79829461 -8.44881137 -5.16311912 -1.95380637 -0.46220928 
7.74263683e-03 -9.79829461 -8.44881137 -5.16311912 -1.95380637 -0.46220928 
5.99484250e-03 -9.79829461 -8.44881137 -5.16311912 -1.95380637 -0.46220928 
4.64158883e-03 -9.79829461 -8.44881137 -5.16311912 -1.95380637 -0.46220928 
3.59381366e-03 -9.79829461 -8.44881137 -5.16311912 -1.95380637 -0.46220928 
2.78255940e-03 -9.79829461 -8.44881137 -5.16311912 -1.95380637 -0.46220928 
2.15443469e-03 -9.79829461 -8.44881137 -5.16311912 -1.95380637 -0.46220928 
1.66810054e-03 -9.79829461 -8.44881137 -5.16311912 -1.95380637 -0.46220928 
1.29154967e-03 -9.79829461 -8.44881137 -5.16311912 -1.95380637 -0.46220928 
1.00000000e-03 -9.79829461 -8.44881137 -5.16311912 -1.95380637 -0.46220928 
7.74263683e-04 -9.79829461 -8.44881137 -5.16311912 -1.95380637 -0.46220928 
5.99484250e-04 -9.79829461 -8.44881137 -5.16311912 -1.95380637 -0.46220928 
4.64158883e-04 -9.79829461 -8.44881137 -5.16311912 -1.95380637 -0.46220928 
3.59381366e-04 -9.79829461 -8.44881137 -5.16311912 -1.95380637 -0.46220928 
2.78255940e-04 -9.79829461 -8.44881137 -5.16311912 -1.95380637 -0.46220928 
2.15443469e-04 -9.79829461 -8.44881137 -5.16311912 -1.95380637 -0.46220928 
1.66810054e-04 -9.79829461 -8.44881137 -5.16311912 -1.95380637 -0.46220928 
1.29154967e-04 -9.79829461 -8.44881137 -5.16311912 -1.95380637 -0.46220928 
1.00000000e-04 -9.79829461 -8.44881137 -5.16311912 -1.95380637 -0.46220928 
7.74263683e-05 -9.79829461 -8.44881137 -5.16311912 -1.95380637 -0.46220928 
5.99484250e-05 -9.79829461 -8.44881137 -5.16311912 -1.95380637 -0.46220928 
4.64158883e-05 -9.79829461 -8.44881137 -5.16311912 -1.95380637 -0.46220928 
3.59381366e-05 -9.79829461 -8.44881137 -5.16311912 -1.95380637 -0.46220928 
2.78255940e-05 -9.79829461 -8.44881137 -5.16311912 -1.95380637 -0.46220928 
2.15443469e-05 -9.79829461 -8.44881137 -5.16311912 -1.95380637 -0.46220928 
1.66810054e-05 -9.79829461 -8.44881137 -5.16311912 -1.95380637 -0.46220928 
1.29154967e-05 -9.79829461 -8.44881137 -5.16311912 -1.95380637 -0.46220928 
1.00000000e-05 -9.79829461 -8.44881137 -5.16311912 -1.95380637 -0.46220928 
7.74263683e-06 -9.79829461 -8.44881137 -5.16311912 -1.95380637 -0.46220928 
5.99484250e-06 -9.79829461 -8.44881137 -5.16311912 -1.95380637 -0.46220928 
4.64158883e-06 -9.79829461 -8.44881137 -5.16311912 -1.95380637 -0.46220928 
3.59381366e-06 -9.79829461 -8.44881137 -5.16311912 -1.95380637 -0.46220928 
2.78255940e-06 -9.79829461 -8.44881137 -5.16311912 -1.95380637 -0.46220928 
2.15443469e-06 -9.79829461 -8.44881137 -5.16311912 -1.95380637 -0.46220928 
1.66810054e-06 -9.79829461 -8.44881137 -5.16311912 -1.95380637 -0.46220928 
1.29154967e-06 -9.79829461 -8.44881137 -5.16311912 -1.95380637 -0.46220928 
1.00000000e-06 -9.79829461 -8.44881137 -5.16311912 -1.95380637 -0.46220928 
7.74263683e-07 -9.79829461 -8.44881137 -5.16311912 -1.95380637 -0.46220928 
5.99484250e-07 -9.79829461 -8.44881137 -5.16311912 -1.95380637 -0.46220928 
4.64158883e-07 -9.79829461 -8.44881137 -5.16311912 -1.95380637 -0.46220928 
3.59381366e-07 -9.79829461 -8.44881137 -5.16311912 -1.95380637 -0.46220928 
2.78255940e-07 -9.79829461 -8.44881137 -5.16311912 -1.95380637 -0.46220928 
2.15443469e-07 -9.79829461 -8.44881137 -5.16311912 -1.95380637 -0.46220928 
1.66810054e-07 -9.79829461 -8.44881137 -5.16311912 -1.95380637 -0.46220928 
1.29154967e-07 -9.79829461 -8.44881137 -5.16311912 -1.95380637 -0.46220928 
1.00000000e-07 -9.79829461 -8.44881137 -5.16311912 -1.95380637 -0.46220928 
7.74263683e-08 -9.79829461 -8.44881137 -5.16311912 -1.95380637 -0.46220928 
5.99484250e-08 -9.79829461 -8.44881137 -5.16311912 -1.95380637 -0.46220928 
4.64158883e-08 -9.79829461 -8.44881137 -5.16311912 -1.95380637 -0.46220928 
3.59381366e-08 -9.79829461 -8.44881137 -5.16311912 -1.95380637 -0.46220928 
2.78255940e-08 -9.79829461 -8.44881137 -5.16311912 -1.95380637 -0.46220928 
2.15443469e-08 -9.79829461 -8.44881137 -5.16311912 -1.95380637 -0.46220928 
1.66810054e-08 -9.79829461 -8.44881137 -5.16311912 -1.95380637 -0.46220928 
1.29154967e-08 -9.79829461 -8.44881137 -5.16311912 -1.95380637 -0.46220928 
1.00000000e-08 -9.79829461 -8.44881137 -5.16311912 -1.95380637 -0.46220928 
7.74263683e-09 -9.79829461 -8.44881137 -5.16311912 -1.95380637 -0.46220928 
5.99484250e-09 -9.79829461 -8.44881137 -5.16311912 -1.95380637 -0.46220928 
4.64158883e-09 -9.79829461 -8.44881137 -5.16311912 -1.95380637 -0.46220928 
3.59381366e-09 -9.79829461 -8.44881137 -5.16311912 -1.95380637 -0.46220928 
2.78255940e-09 -9.79829461 -8.44881137 -5.16311912 -1.95380637 -0.46220928 
2.15443469e-09 -9.79829461 -8.44881137 -5.16311912 -1.95380637 -0.46220928 
1.66810054e-09 -9.79829461 -8.44881137 -5.16311912 -1.95380637 -0.46220928 
1.29154967e-09 -9.79829461 -8.44881137 -5.16311912 -1.95380637 -0.46220928 
1.00000000e-09 -9.79829461 -8.44881137 -5.16311912 -1.95380637 -0.46220928 
7.74263683e-10 -9.79829461 -8.44881137 -5.16311912 -1.95380637 -0.46220928 
5.99484250e-10 -9.79829461 -8.44881137 -5.16311912 -1.95380637 -0.46220928 
4.64158883e-10 -9.79829461 -8.44881137 -5.16311912 -1.95380637 -0.46220928 
3.59381366e-10 -9.79829461 -8.44881137 -5.16311912 -1.95380637 -0.46220928 
2.78255940e-10 -9.79829461 -8.44881137 -5.16311912 -1.95380637 -0.46220928 
2.15443469e-10 -9.79829461 -8.44881137 -5.16311912 -1.95380637 -0.46220928 
1.66810054e-10 -9.79829461 -8.44881137 -5.16311912 -1.95380637 -0.46220928 
1.29154967e-10 -9.79829461 -8.44881137 -5.16311912 -1.95380637 -0.46220928 
1.00000000e-10 -9.79829461 -8.44881137 -5.16311912 -1.95380637 -0.46220928 
P (bar) | log_O3: -2σ | log_O3: -1σ | log_O3: median | log_O3: +1σ | log_O3: +2σ 
1.00000000e+01 -9.84663485 -9.12061019 -7.55691054 -5.89563481 -4.83917595 
7.74263683e+00 -9.84663485 -9.12061019 -7.55691054 -5.89563481 -4.83917595 
5.99484250e+00 -9.84663485 -9.12061019 -7.55691054 -5.89563481 -4.83917595 
4.64158883e+00 -9.84663485 -9.12061019 -7.55691054 -5.89563481 -4.83917595 
3.59381366e+00 -9.84663485 -9.12061019 -7.55691054 -5.89563481 -4.83917595 
2.78255940e+00 -9.84663485 -9.12061019 -7.55691054 -5.89563481 -4.83917595 
2.15443469e+00 -9.84663485 -9.12061019 -7.55691054 -5.89563481 -4.83917595 
1.66810054e+00 -9.84663485 -9.12061019 -7.55691054 -5.89563481 -4.83917595 
1.29154967e+00 -9.84663485 -9.12061019 -7.55691054 -5.89563481 -4.83917595 
1.00000000e+00 -9.84663485 -9.12061019 -7.55691054 -5.89563481 -4.83917595 
7.74263683e-01 -9.84663485 -9.12061019 -7.55691054 -5.89563481 -4.83917595 
5.99484250e-01 -9.84663485 -9.12061019 -7.55691054 -5.89563481 -4.83917595 
4.64158883e-01 -9.84663485 -9.12061019 -7.55691054 -5.89563481 -4.83917595 
3.59381366e-01 -9.84663485 -9.12061019 -7.55691054 -5.89563481 -4.83917595 
2.78255940e-01 -9.84663485 -9.12061019 -7.55691054 -5.89563481 -4.83917595 
2.15443469e-01 -9.84663485 -9.12061019 -7.55691054 -5.89563481 -4.83917595 
1.66810054e-01 -9.84663485 -9.12061019 -7.55691054 -5.89563481 -4.83917595 
1.29154967e-01 -9.84663485 -9.12061019 -7.55691054 -5.89563481 -4.83917595 
1.00000000e-01 -9.84663485 -9.12061019 -7.55691054 -5.89563481 -4.83917595 
7.74263683e-02 -9.84663485 -9.12061019 -7.55691054 -5.89563481 -4.83917595 
5.99484250e-02 -9.84663485 -9.12061019 -7.55691054 -5.89563481 -4.83917595 
4.64158883e-02 -9.84663485 -9.12061019 -7.55691054 -5.89563481 -4.83917595 
3.59381366e-02 -9.84663485 -9.12061019 -7.55691054 -5.89563481 -4.83917595 
2.78255940e-02 -9.84663485 -9.12061019 -7.55691054 -5.89563481 -4.83917595 
2.15443469e-02 -9.84663485 -9.12061019 -7.55691054 -5.89563481 -4.83917595 
1.66810054e-02 -9.84663485 -9.12061019 -7.55691054 -5.89563481 -4.83917595 
1.29154967e-02 -9.84663485 -9.12061019 -7.55691054 -5.89563481 -4.83917595 
1.00000000e-02 -9.84663485 -9.12061019 -7.55691054 -5.89563481 -4.83917595 
7.74263683e-03 -9.84663485 -9.12061019 -7.55691054 -5.89563481 -4.83917595 
5.99484250e-03 -9.84663485 -9.12061019 -7.55691054 -5.89563481 -4.83917595 
4.64158883e-03 -9.84663485 -9.12061019 -7.55691054 -5.89563481 -4.83917595 
3.59381366e-03 -9.84663485 -9.12061019 -7.55691054 -5.89563481 -4.83917595 
2.78255940e-03 -9.84663485 -9.12061019 -7.55691054 -5.89563481 -4.83917595 
2.15443469e-03 -9.84663485 -9.12061019 -7.55691054 -5.89563481 -4.83917595 
1.66810054e-03 -9.84663485 -9.12061019 -7.55691054 -5.89563481 -4.83917595 
1.29154967e-03 -9.84663485 -9.12061019 -7.55691054 -5.89563481 -4.83917595 
1.00000000e-03 -9.84663485 -9.12061019 -7.55691054 -5.89563481 -4.83917595 
7.74263683e-04 -9.84663485 -9.12061019 -7.55691054 -5.89563481 -4.83917595 
5.99484250e-04 -9.84663485 -9.12061019 -7.55691054 -5.89563481 -4.83917595 
4.64158883e-04 -9.84663485 -9.12061019 -7.55691054 -5.89563481 -4.83917595 
3.59381366e-04 -9.84663485 -9.12061019 -7.55691054 -5.89563481 -4.83917595 
2.78255940e-04 -9.84663485 -9.12061019 -7.55691054 -5.89563481 -4.83917595 
2.15443469e-04 -9.84663485 -9.12061019 -7.55691054 -5.89563481 -4.83917595 
1.66810054e-04 -9.84663485 -9.12061019 -7.55691054 -5.89563481 -4.83917595 
1.29154967e-04 -9.84663485 -9.12061019 -7.55691054 -5.89563481 -4.83917595 
1.00000000e-04 -9.84663485 -9.12061019 -7.55691054 -5.89563481 -4.83917595 
7.74263683e-05 -9.84663485 -9.12061019 -7.55691054 -5.89563481 -4.83917595 
5.99484250e-05 -9.84663485 -9.12061019 -7.55691054 -5.89563481 -4.83917595 
4.64158883e-05 -9.84663485 -9.12061019 -7.55691054 -5.89563481 -4.83917595 
3.59381366e-05 -9.84663485 -9.12061019 -7.55691054 -5.89563481 -4.83917595 
2.78255940e-05 -9.84663485 -9.12061019 -7.55691054 -5.89563481 -4.83917595 
2.15443469e-05 -9.84663485 -9.12061019 -7.55691054 -5.89563481 -4.83917595 
1.66810054e-05 -9.84663485 -9.12061019 -7.55691054 -5.89563481 -4.83917595 
1.29154967e-05 -9.84663485 -9.12061019 -7.55691054 -5.89563481 -4.83917595 
1.00000000e-05 -9.84663485 -9.12061019 -7.55691054 -5.89563481 -4.83917595 
7.74263683e-06 -9.84663485 -9.12061019 -7.55691054 -5.89563481 -4.83917595 
5.99484250e-06 -9.84663485 -9.12061019 -7.55691054 -5.89563481 -4.83917595 
4.64158883e-06 -9.84663485 -9.12061019 -7.55691054 -5.89563481 -4.83917595 
3.59381366e-06 -9.84663485 -9.12061019 -7.55691054 -5.89563481 -4.83917595 
2.78255940e-06 -9.84663485 -9.12061019 -7.55691054 -5.89563481 -4.83917595 
2.15443469e-06 -9.84663485 -9.12061019 -7.55691054 -5.89563481 -4.83917595 
1.66810054e-06 -9.84663485 -9.12061019 -7.55691054 -5.89563481 -4.83917595 
1.29154967e-06 -9.84663485 -9.12061019 -7.55691054 -5.89563481 -4.83917595 
1.00000000e-06 -9.84663485 -9.12061019 -7.55691054 -5.89563481 -4.83917595 
7.74263683e-07 -9.84663485 -9.12061019 -7.55691054 -5.89563481 -4.83917595 
5.99484250e-07 -9.84663485 -9.12061019 -7.55691054 -5.89563481 -4.83917595 
4.64158883e-07 -9.84663485 -9.12061019 -7.55691054 -5.89563481 -4.83917595 
3.59381366e-07 -9.84663485 -9.12061019 -7.55691054 -5.89563481 -4.83917595 
2.78255940e-07 -9.84663485 -9.12061019 -7.55691054 -5.89563481 -4.83917595 
2.15443469e-07 -9.84663485 -9.12061019 -7.55691054 -5.89563481 -4.83917595 
1.66810054e-07 -9.84663485 -9.12061019 -7.55691054 -5.89563481 -4.83917595 
1.29154967e-07 -9.84663485 -9.12061019 -7.55691054 -5.89563481 -4.83917595 
1.00000000e-07 -9.84663485 -9.12061019 -7.55691054 -5.89563481 -4.83917595 
7.74263683e-08 -9.84663485 -9.12061019 -7.55691054 -5.89563481 -4.83917595 
5.99484250e-08 -9.84663485 -9.12061019 -7.55691054 -5.89563481 -4.83917595 
4.64158883e-08 -9.84663485 -9.12061019 -7.55691054 -5.89563481 -4.83917595 
3.59381366e-08 -9.84663485 -9.12061019 -7.55691054 -5.89563481 -4.83917595 
2.78255940e-08 -9.84663485 -9.12061019 -7.55691054 -5.89563481 -4.83917595 
2.15443469e-08 -9.84663485 -9.12061019 -7.55691054 -5.89563481 -4.83917595 
1.66810054e-08 -9.84663485 -9.12061019 -7.55691054 -5.89563481 -4.83917595 
1.29154967e-08 -9.84663485 -9.12061019 -7.55691054 -5.89563481 -4.83917595 
1.00000000e-08 -9.84663485 -9.12061019 -7.55691054 -5.89563481 -4.83917595 
7.74263683e-09 -9.84663485 -9.12061019 -7.55691054 -5.89563481 -4.83917595 
5.99484250e-09 -9.84663485 -9.12061019 -7.55691054 -5.89563481 -4.83917595 
4.64158883e-09 -9.84663485 -9.12061019 -7.55691054 -5.89563481 -4.83917595 
3.59381366e-09 -9.84663485 -9.12061019 -7.55691054 -5.89563481 -4.83917595 
2.78255940e-09 -9.84663485 -9.12061019 -7.55691054 -5.89563481 -4.83917595 
2.15443469e-09 -9.84663485 -9.12061019 -7.55691054 -5.89563481 -4.83917595 
1.66810054e-09 -9.84663485 -9.12061019 -7.55691054 -5.89563481 -4.83917595 
1.29154967e-09 -9.84663485 -9.12061019 -7.55691054 -5.89563481 -4.83917595 
1.00000000e-09 -9.84663485 -9.12061019 -7.55691054 -5.89563481 -4.83917595 
7.74263683e-10 -9.84663485 -9.12061019 -7.55691054 -5.89563481 -4.83917595 
5.99484250e-10 -9.84663485 -9.12061019 -7.55691054 -5.89563481 -4.83917595 
4.64158883e-10 -9.84663485 -9.12061019 -7.55691054 -5.89563481 -4.83917595 
3.59381366e-10 -9.84663485 -9.12061019 -7.55691054 -5.89563481 -4.83917595 
2.78255940e-10 -9.84663485 -9.12061019 -7.55691054 -5.89563481 -4.83917595 
2.15443469e-10 -9.84663485 -9.12061019 -7.55691054 -5.89563481 -4.83917595 
1.66810054e-10 -9.84663485 -9.12061019 -7.55691054 -5.89563481 -4.83917595 
1.29154967e-10 -9.84663485 -9.12061019 -7.55691054 -5.89563481 -4.83917595 
1.00000000e-10 -9.84663485 -9.12061019 -7.55691054 -5.89563481 -4.83917595 
P (bar) | log_N2O: -2σ | log_N2O: -1σ | log_N2O: median | log_N2O: +1σ | log_N2O: +2σ 
1.00000000e+01 -7.56397244 -4.94962118 -3.86661918 -2.90492530 -2.14773961 
7.74263683e+00 -7.56397244 -4.94962118 -3.86661918 -2.90492530 -2.14773961 
5.99484250e+00 -7.56397244 -4.94962118 -3.86661918 -2.90492530 -2.14773961 
4.64158883e+00 -7.56397244 -4.94962118 -3.86661918 -2.90492530 -2.14773961 
3.59381366e+00 -7.56397244 -4.94962118 -3.86661918 -2.90492530 -2.14773961 
2.78255940e+00 -7.56397244 -4.94962118 -3.86661918 -2.90492530 -2.14773961 
2.15443469e+00 -7.56397244 -4.94962118 -3.86661918 -2.90492530 -2.14773961 
1.66810054e+00 -7.56397244 -4.94962118 -3.86661918 -2.90492530 -2.14773961 
1.29154967e+00 -7.56397244 -4.94962118 -3.86661918 -2.90492530 -2.14773961 
1.00000000e+00 -7.56397244 -4.94962118 -3.86661918 -2.90492530 -2.14773961 
7.74263683e-01 -7.56397244 -4.94962118 -3.86661918 -2.90492530 -2.14773961 
5.99484250e-01 -7.56397244 -4.94962118 -3.86661918 -2.90492530 -2.14773961 
4.64158883e-01 -7.56397244 -4.94962118 -3.86661918 -2.90492530 -2.14773961 
3.59381366e-01 -7.56397244 -4.94962118 -3.86661918 -2.90492530 -2.14773961 
2.78255940e-01 -7.56397244 -4.94962118 -3.86661918 -2.90492530 -2.14773961 
2.15443469e-01 -7.56397244 -4.94962118 -3.86661918 -2.90492530 -2.14773961 
1.66810054e-01 -7.56397244 -4.94962118 -3.86661918 -2.90492530 -2.14773961 
1.29154967e-01 -7.56397244 -4.94962118 -3.86661918 -2.90492530 -2.14773961 
1.00000000e-01 -7.56397244 -4.94962118 -3.86661918 -2.90492530 -2.14773961 
7.74263683e-02 -7.56397244 -4.94962118 -3.86661918 -2.90492530 -2.14773961 
5.99484250e-02 -7.56397244 -4.94962118 -3.86661918 -2.90492530 -2.14773961 
4.64158883e-02 -7.56397244 -4.94962118 -3.86661918 -2.90492530 -2.14773961 
3.59381366e-02 -7.56397244 -4.94962118 -3.86661918 -2.90492530 -2.14773961 
2.78255940e-02 -7.56397244 -4.94962118 -3.86661918 -2.90492530 -2.14773961 
2.15443469e-02 -7.56397244 -4.94962118 -3.86661918 -2.90492530 -2.14773961 
1.66810054e-02 -7.56397244 -4.94962118 -3.86661918 -2.90492530 -2.14773961 
1.29154967e-02 -7.56397244 -4.94962118 -3.86661918 -2.90492530 -2.14773961 
1.00000000e-02 -7.56397244 -4.94962118 -3.86661918 -2.90492530 -2.14773961 
7.74263683e-03 -7.56397244 -4.94962118 -3.86661918 -2.90492530 -2.14773961 
5.99484250e-03 -7.56397244 -4.94962118 -3.86661918 -2.90492530 -2.14773961 
4.64158883e-03 -7.56397244 -4.94962118 -3.86661918 -2.90492530 -2.14773961 
3.59381366e-03 -7.56397244 -4.94962118 -3.86661918 -2.90492530 -2.14773961 
2.78255940e-03 -7.56397244 -4.94962118 -3.86661918 -2.90492530 -2.14773961 
2.15443469e-03 -7.56397244 -4.94962118 -3.86661918 -2.90492530 -2.14773961 
1.66810054e-03 -7.56397244 -4.94962118 -3.86661918 -2.90492530 -2.14773961 
1.29154967e-03 -7.56397244 -4.94962118 -3.86661918 -2.90492530 -2.14773961 
1.00000000e-03 -7.56397244 -4.94962118 -3.86661918 -2.90492530 -2.14773961 
7.74263683e-04 -7.56397244 -4.94962118 -3.86661918 -2.90492530 -2.14773961 
5.99484250e-04 -7.56397244 -4.94962118 -3.86661918 -2.90492530 -2.14773961 
4.64158883e-04 -7.56397244 -4.94962118 -3.86661918 -2.90492530 -2.14773961 
3.59381366e-04 -7.56397244 -4.94962118 -3.86661918 -2.90492530 -2.14773961 
2.78255940e-04 -7.56397244 -4.94962118 -3.86661918 -2.90492530 -2.14773961 
2.15443469e-04 -7.56397244 -4.94962118 -3.86661918 -2.90492530 -2.14773961 
1.66810054e-04 -7.56397244 -4.94962118 -3.86661918 -2.90492530 -2.14773961 
1.29154967e-04 -7.56397244 -4.94962118 -3.86661918 -2.90492530 -2.14773961 
1.00000000e-04 -7.56397244 -4.94962118 -3.86661918 -2.90492530 -2.14773961 
7.74263683e-05 -7.56397244 -4.94962118 -3.86661918 -2.90492530 -2.14773961 
5.99484250e-05 -7.56397244 -4.94962118 -3.86661918 -2.90492530 -2.14773961 
4.64158883e-05 -7.56397244 -4.94962118 -3.86661918 -2.90492530 -2.14773961 
3.59381366e-05 -7.56397244 -4.94962118 -3.86661918 -2.90492530 -2.14773961 
2.78255940e-05 -7.56397244 -4.94962118 -3.86661918 -2.90492530 -2.14773961 
2.15443469e-05 -7.56397244 -4.94962118 -3.86661918 -2.90492530 -2.14773961 
1.66810054e-05 -7.56397244 -4.94962118 -3.86661918 -2.90492530 -2.14773961 
1.29154967e-05 -7.56397244 -4.94962118 -3.86661918 -2.90492530 -2.14773961 
1.00000000e-05 -7.56397244 -4.94962118 -3.86661918 -2.90492530 -2.14773961 
7.74263683e-06 -7.56397244 -4.94962118 -3.86661918 -2.90492530 -2.14773961 
5.99484250e-06 -7.56397244 -4.94962118 -3.86661918 -2.90492530 -2.14773961 
4.64158883e-06 -7.56397244 -4.94962118 -3.86661918 -2.90492530 -2.14773961 
3.59381366e-06 -7.56397244 -4.94962118 -3.86661918 -2.90492530 -2.14773961 
2.78255940e-06 -7.56397244 -4.94962118 -3.86661918 -2.90492530 -2.14773961 
2.15443469e-06 -7.56397244 -4.94962118 -3.86661918 -2.90492530 -2.14773961 
1.66810054e-06 -7.56397244 -4.94962118 -3.86661918 -2.90492530 -2.14773961 
1.29154967e-06 -7.56397244 -4.94962118 -3.86661918 -2.90492530 -2.14773961 
1.00000000e-06 -7.56397244 -4.94962118 -3.86661918 -2.90492530 -2.14773961 
7.74263683e-07 -7.56397244 -4.94962118 -3.86661918 -2.90492530 -2.14773961 
5.99484250e-07 -7.56397244 -4.94962118 -3.86661918 -2.90492530 -2.14773961 
4.64158883e-07 -7.56397244 -4.94962118 -3.86661918 -2.90492530 -2.14773961 
3.59381366e-07 -7.56397244 -4.94962118 -3.86661918 -2.90492530 -2.14773961 
2.78255940e-07 -7.56397244 -4.94962118 -3.86661918 -2.90492530 -2.14773961 
2.15443469e-07 -7.56397244 -4.94962118 -3.86661918 -2.90492530 -2.14773961 
1.66810054e-07 -7.56397244 -4.94962118 -3.86661918 -2.90492530 -2.14773961 
1.29154967e-07 -7.56397244 -4.94962118 -3.86661918 -2.90492530 -2.14773961 
1.00000000e-07 -7.56397244 -4.94962118 -3.86661918 -2.90492530 -2.14773961 
7.74263683e-08 -7.56397244 -4.94962118 -3.86661918 -2.90492530 -2.14773961 
5.99484250e-08 -7.56397244 -4.94962118 -3.86661918 -2.90492530 -2.14773961 
4.64158883e-08 -7.56397244 -4.94962118 -3.86661918 -2.90492530 -2.14773961 
3.59381366e-08 -7.56397244 -4.94962118 -3.86661918 -2.90492530 -2.14773961 
2.78255940e-08 -7.56397244 -4.94962118 -3.86661918 -2.90492530 -2.14773961 
2.15443469e-08 -7.56397244 -4.94962118 -3.86661918 -2.90492530 -2.14773961 
1.66810054e-08 -7.56397244 -4.94962118 -3.86661918 -2.90492530 -2.14773961 
1.29154967e-08 -7.56397244 -4.94962118 -3.86661918 -2.90492530 -2.14773961 
1.00000000e-08 -7.56397244 -4.94962118 -3.86661918 -2.90492530 -2.14773961 
7.74263683e-09 -7.56397244 -4.94962118 -3.86661918 -2.90492530 -2.14773961 
5.99484250e-09 -7.56397244 -4.94962118 -3.86661918 -2.90492530 -2.14773961 
4.64158883e-09 -7.56397244 -4.94962118 -3.86661918 -2.90492530 -2.14773961 
3.59381366e-09 -7.56397244 -4.94962118 -3.86661918 -2.90492530 -2.14773961 
2.78255940e-09 -7.56397244 -4.94962118 -3.86661918 -2.90492530 -2.14773961 
2.15443469e-09 -7.56397244 -4.94962118 -3.86661918 -2.90492530 -2.14773961 
1.66810054e-09 -7.56397244 -4.94962118 -3.86661918 -2.90492530 -2.14773961 
1.29154967e-09 -7.56397244 -4.94962118 -3.86661918 -2.90492530 -2.14773961 
1.00000000e-09 -7.56397244 -4.94962118 -3.86661918 -2.90492530 -2.14773961 
7.74263683e-10 -7.56397244 -4.94962118 -3.86661918 -2.90492530 -2.14773961 
5.99484250e-10 -7.56397244 -4.94962118 -3.86661918 -2.90492530 -2.14773961 
4.64158883e-10 -7.56397244 -4.94962118 -3.86661918 -2.90492530 -2.14773961 
3.59381366e-10 -7.56397244 -4.94962118 -3.86661918 -2.90492530 -2.14773961 
2.78255940e-10 -7.56397244 -4.94962118 -3.86661918 -2.90492530 -2.14773961 
2.15443469e-10 -7.56397244 -4.94962118 -3.86661918 -2.90492530 -2.14773961 
1.66810054e-10 -7.56397244 -4.94962118 -3.86661918 -2.90492530 -2.14773961 
1.29154967e-10 -7.56397244 -4.94962118 -3.86661918 -2.90492530 -2.14773961 
1.00000000e-10 -7.56397244 -4.94962118 -3.86661918 -2.90492530 -2.14773961 
P (bar) | log_NH3: -2σ | log_NH3: -1σ | log_NH3: median | log_NH3: +1σ | log_NH3: +2σ 
1.00000000e+01 -11.81180215 -10.72527059 -8.46983497 -5.83876898 -4.49213452 
7.74263683e+00 -11.81180215 -10.72527059 -8.46983497 -5.83876898 -4.49213452 
5.99484250e+00 -11.81180215 -10.72527059 -8.46983497 -5.83876898 -4.49213452 
4.64158883e+00 -11.81180215 -10.72527059 -8.46983497 -5.83876898 -4.49213452 
3.59381366e+00 -11.81180215 -10.72527059 -8.46983497 -5.83876898 -4.49213452 
2.78255940e+00 -11.81180215 -10.72527059 -8.46983497 -5.83876898 -4.49213452 
2.15443469e+00 -11.81180215 -10.72527059 -8.46983497 -5.83876898 -4.49213452 
1.66810054e+00 -11.81180215 -10.72527059 -8.46983497 -5.83876898 -4.49213452 
1.29154967e+00 -11.81180215 -10.72527059 -8.46983497 -5.83876898 -4.49213452 
1.00000000e+00 -11.81180215 -10.72527059 -8.46983497 -5.83876898 -4.49213452 
7.74263683e-01 -11.81180215 -10.72527059 -8.46983497 -5.83876898 -4.49213452 
5.99484250e-01 -11.81180215 -10.72527059 -8.46983497 -5.83876898 -4.49213452 
4.64158883e-01 -11.81180215 -10.72527059 -8.46983497 -5.83876898 -4.49213452 
3.59381366e-01 -11.81180215 -10.72527059 -8.46983497 -5.83876898 -4.49213452 
2.78255940e-01 -11.81180215 -10.72527059 -8.46983497 -5.83876898 -4.49213452 
2.15443469e-01 -11.81180215 -10.72527059 -8.46983497 -5.83876898 -4.49213452 
1.66810054e-01 -11.81180215 -10.72527059 -8.46983497 -5.83876898 -4.49213452 
1.29154967e-01 -11.81180215 -10.72527059 -8.46983497 -5.83876898 -4.49213452 
1.00000000e-01 -11.81180215 -10.72527059 -8.46983497 -5.83876898 -4.49213452 
7.74263683e-02 -11.81180215 -10.72527059 -8.46983497 -5.83876898 -4.49213452 
5.99484250e-02 -11.81180215 -10.72527059 -8.46983497 -5.83876898 -4.49213452 
4.64158883e-02 -11.81180215 -10.72527059 -8.46983497 -5.83876898 -4.49213452 
3.59381366e-02 -11.81180215 -10.72527059 -8.46983497 -5.83876898 -4.49213452 
2.78255940e-02 -11.81180215 -10.72527059 -8.46983497 -5.83876898 -4.49213452 
2.15443469e-02 -11.81180215 -10.72527059 -8.46983497 -5.83876898 -4.49213452 
1.66810054e-02 -11.81180215 -10.72527059 -8.46983497 -5.83876898 -4.49213452 
1.29154967e-02 -11.81180215 -10.72527059 -8.46983497 -5.83876898 -4.49213452 
1.00000000e-02 -11.81180215 -10.72527059 -8.46983497 -5.83876898 -4.49213452 
7.74263683e-03 -11.81180215 -10.72527059 -8.46983497 -5.83876898 -4.49213452 
5.99484250e-03 -11.81180215 -10.72527059 -8.46983497 -5.83876898 -4.49213452 
4.64158883e-03 -11.81180215 -10.72527059 -8.46983497 -5.83876898 -4.49213452 
3.59381366e-03 -11.81180215 -10.72527059 -8.46983497 -5.83876898 -4.49213452 
2.78255940e-03 -11.81180215 -10.72527059 -8.46983497 -5.83876898 -4.49213452 
2.15443469e-03 -11.81180215 -10.72527059 -8.46983497 -5.83876898 -4.49213452 
1.66810054e-03 -11.81180215 -10.72527059 -8.46983497 -5.83876898 -4.49213452 
1.29154967e-03 -11.81180215 -10.72527059 -8.46983497 -5.83876898 -4.49213452 
1.00000000e-03 -11.81180215 -10.72527059 -8.46983497 -5.83876898 -4.49213452 
7.74263683e-04 -11.81180215 -10.72527059 -8.46983497 -5.83876898 -4.49213452 
5.99484250e-04 -11.81180215 -10.72527059 -8.46983497 -5.83876898 -4.49213452 
4.64158883e-04 -11.81180215 -10.72527059 -8.46983497 -5.83876898 -4.49213452 
3.59381366e-04 -11.81180215 -10.72527059 -8.46983497 -5.83876898 -4.49213452 
2.78255940e-04 -11.81180215 -10.72527059 -8.46983497 -5.83876898 -4.49213452 
2.15443469e-04 -11.81180215 -10.72527059 -8.46983497 -5.83876898 -4.49213452 
1.66810054e-04 -11.81180215 -10.72527059 -8.46983497 -5.83876898 -4.49213452 
1.29154967e-04 -11.81180215 -10.72527059 -8.46983497 -5.83876898 -4.49213452 
1.00000000e-04 -11.81180215 -10.72527059 -8.46983497 -5.83876898 -4.49213452 
7.74263683e-05 -11.81180215 -10.72527059 -8.46983497 -5.83876898 -4.49213452 
5.99484250e-05 -11.81180215 -10.72527059 -8.46983497 -5.83876898 -4.49213452 
4.64158883e-05 -11.81180215 -10.72527059 -8.46983497 -5.83876898 -4.49213452 
3.59381366e-05 -11.81180215 -10.72527059 -8.46983497 -5.83876898 -4.49213452 
2.78255940e-05 -11.81180215 -10.72527059 -8.46983497 -5.83876898 -4.49213452 
2.15443469e-05 -11.81180215 -10.72527059 -8.46983497 -5.83876898 -4.49213452 
1.66810054e-05 -11.81180215 -10.72527059 -8.46983497 -5.83876898 -4.49213452 
1.29154967e-05 -11.81180215 -10.72527059 -8.46983497 -5.83876898 -4.49213452 
1.00000000e-05 -11.81180215 -10.72527059 -8.46983497 -5.83876898 -4.49213452 
7.74263683e-06 -11.81180215 -10.72527059 -8.46983497 -5.83876898 -4.49213452 
5.99484250e-06 -11.81180215 -10.72527059 -8.46983497 -5.83876898 -4.49213452 
4.64158883e-06 -11.81180215 -10.72527059 -8.46983497 -5.83876898 -4.49213452 
3.59381366e-06 -11.81180215 -10.72527059 -8.46983497 -5.83876898 -4.49213452 
2.78255940e-06 -11.81180215 -10.72527059 -8.46983497 -5.83876898 -4.49213452 
2.15443469e-06 -11.81180215 -10.72527059 -8.46983497 -5.83876898 -4.49213452 
1.66810054e-06 -11.81180215 -10.72527059 -8.46983497 -5.83876898 -4.49213452 
1.29154967e-06 -11.81180215 -10.72527059 -8.46983497 -5.83876898 -4.49213452 
1.00000000e-06 -11.81180215 -10.72527059 -8.46983497 -5.83876898 -4.49213452 
7.74263683e-07 -11.81180215 -10.72527059 -8.46983497 -5.83876898 -4.49213452 
5.99484250e-07 -11.81180215 -10.72527059 -8.46983497 -5.83876898 -4.49213452 
4.64158883e-07 -11.81180215 -10.72527059 -8.46983497 -5.83876898 -4.49213452 
3.59381366e-07 -11.81180215 -10.72527059 -8.46983497 -5.83876898 -4.49213452 
2.78255940e-07 -11.81180215 -10.72527059 -8.46983497 -5.83876898 -4.49213452 
2.15443469e-07 -11.81180215 -10.72527059 -8.46983497 -5.83876898 -4.49213452 
1.66810054e-07 -11.81180215 -10.72527059 -8.46983497 -5.83876898 -4.49213452 
1.29154967e-07 -11.81180215 -10.72527059 -8.46983497 -5.83876898 -4.49213452 
1.00000000e-07 -11.81180215 -10.72527059 -8.46983497 -5.83876898 -4.49213452 
7.74263683e-08 -11.81180215 -10.72527059 -8.46983497 -5.83876898 -4.49213452 
5.99484250e-08 -11.81180215 -10.72527059 -8.46983497 -5.83876898 -4.49213452 
4.64158883e-08 -11.81180215 -10.72527059 -8.46983497 -5.83876898 -4.49213452 
3.59381366e-08 -11.81180215 -10.72527059 -8.46983497 -5.83876898 -4.49213452 
2.78255940e-08 -11.81180215 -10.72527059 -8.46983497 -5.83876898 -4.49213452 
2.15443469e-08 -11.81180215 -10.72527059 -8.46983497 -5.83876898 -4.49213452 
1.66810054e-08 -11.81180215 -10.72527059 -8.46983497 -5.83876898 -4.49213452 
1.29154967e-08 -11.81180215 -10.72527059 -8.46983497 -5.83876898 -4.49213452 
1.00000000e-08 -11.81180215 -10.72527059 -8.46983497 -5.83876898 -4.49213452 
7.74263683e-09 -11.81180215 -10.72527059 -8.46983497 -5.83876898 -4.49213452 
5.99484250e-09 -11.81180215 -10.72527059 -8.46983497 -5.83876898 -4.49213452 
4.64158883e-09 -11.81180215 -10.72527059 -8.46983497 -5.83876898 -4.49213452 
3.59381366e-09 -11.81180215 -10.72527059 -8.46983497 -5.83876898 -4.49213452 
2.78255940e-09 -11.81180215 -10.72527059 -8.46983497 -5.83876898 -4.49213452 
2.15443469e-09 -11.81180215 -10.72527059 -8.46983497 -5.83876898 -4.49213452 
1.66810054e-09 -11.81180215 -10.72527059 -8.46983497 -5.83876898 -4.49213452 
1.29154967e-09 -11.81180215 -10.72527059 -8.46983497 -5.83876898 -4.49213452 
1.00000000e-09 -11.81180215 -10.72527059 -8.46983497 -5.83876898 -4.49213452 
7.74263683e-10 -11.81180215 -10.72527059 -8.46983497 -5.83876898 -4.49213452 
5.99484250e-10 -11.81180215 -10.72527059 -8.46983497 -5.83876898 -4.49213452 
4.64158883e-10 -11.81180215 -10.72527059 -8.46983497 -5.83876898 -4.49213452 
3.59381366e-10 -11.81180215 -10.72527059 -8.46983497 -5.83876898 -4.49213452 
2.78255940e-10 -11.81180215 -10.72527059 -8.46983497 -5.83876898 -4.49213452 
2.15443469e-10 -11.81180215 -10.72527059 -8.46983497 -5.83876898 -4.49213452 
1.66810054e-10 -11.81180215 -10.72527059 -8.46983497 -5.83876898 -4.49213452 
1.29154967e-10 -11.81180215 -10.72527059 -8.46983497 -5.83876898 -4.49213452 
1.00000000e-10 -11.81180215 -10.72527059 -8.46983497 -5.83876898 -4.49213452 
