Chemical species: N2 H2O CO2 CH4 O2 O3 N2O NH3
P (bar) | log_N2: -2σ | log_N2: -1σ | log_N2: median | log_N2: +1σ | log_N2: +2σ 
1.00000000e+01 -0.48365570 -0.10647498 -0.01270278 -0.00086922 -0.00004142 
7.74263683e+00 -0.48365570 -0.10647498 -0.01270278 -0.00086922 -0.00004142 
5.99484250e+00 -0.48365570 -0.10647498 -0.01270278 -0.00086922 -0.00004142 
4.64158883e+00 -0.48365570 -0.10647498 -0.01270278 -0.00086922 -0.00004142 
3.59381366e+00 -0.48365570 -0.10647498 -0.01270278 -0.00086922 -0.00004142 
2.78255940e+00 -0.48365570 -0.10647498 -0.01270278 -0.00086922 -0.00004142 
2.15443469e+00 -0.48365570 -0.10647498 -0.01270278 -0.00086922 -0.00004142 
1.66810054e+00 -0.48365570 -0.10647498 -0.01270278 -0.00086922 -0.00004142 
1.29154967e+00 -0.48365570 -0.10647498 -0.01270278 -0.00086922 -0.00004142 
1.00000000e+00 -0.48365570 -0.10647498 -0.01270278 -0.00086922 -0.00004142 
7.74263683e-01 -0.48365570 -0.10647498 -0.01270278 -0.00086922 -0.00004142 
5.99484250e-01 -0.48365570 -0.10647498 -0.01270278 -0.00086922 -0.00004142 
4.64158883e-01 -0.48365570 -0.10647498 -0.01270278 -0.00086922 -0.00004142 
3.59381366e-01 -0.48365570 -0.10647498 -0.01270278 -0.00086922 -0.00004142 
2.78255940e-01 -0.48365570 -0.10647498 -0.01270278 -0.00086922 -0.00004142 
2.15443469e-01 -0.48365570 -0.10647498 -0.01270278 -0.00086922 -0.00004142 
1.66810054e-01 -0.48365570 -0.10647498 -0.01270278 -0.00086922 -0.00004142 
1.29154967e-01 -0.48365570 -0.10647498 -0.01270278 -0.00086922 -0.00004142 
1.00000000e-01 -0.48365570 -0.10647498 -0.01270278 -0.00086922 -0.00004142 
7.74263683e-02 -0.48365570 -0.10647498 -0.01270278 -0.00086922 -0.00004142 
5.99484250e-02 -0.48365570 -0.10647498 -0.01270278 -0.00086922 -0.00004142 
4.64158883e-02 -0.48365570 -0.10647498 -0.01270278 -0.00086922 -0.00004142 
3.59381366e-02 -0.48365570 -0.10647498 -0.01270278 -0.00086922 -0.00004142 
2.78255940e-02 -0.48365570 -0.10647498 -0.01270278 -0.00086922 -0.00004142 
2.15443469e-02 -0.48365570 -0.10647498 -0.01270278 -0.00086922 -0.00004142 
1.66810054e-02 -0.48365570 -0.10647498 -0.01270278 -0.00086922 -0.00004142 
1.29154967e-02 -0.48365570 -0.10647498 -0.01270278 -0.00086922 -0.00004142 
1.00000000e-02 -0.48365570 -0.10647498 -0.01270278 -0.00086922 -0.00004142 
7.74263683e-03 -0.48365570 -0.10647498 -0.01270278 -0.00086922 -0.00004142 
5.99484250e-03 -0.48365570 -0.10647498 -0.01270278 -0.00086922 -0.00004142 
4.64158883e-03 -0.48365570 -0.10647498 -0.01270278 -0.00086922 -0.00004142 
3.59381366e-03 -0.48365570 -0.10647498 -0.01270278 -0.00086922 -0.00004142 
2.78255940e-03 -0.48365570 -0.10647498 -0.01270278 -0.00086922 -0.00004142 
2.15443469e-03 -0.48365570 -0.10647498 -0.01270278 -0.00086922 -0.00004142 
1.66810054e-03 -0.48365570 -0.10647498 -0.01270278 -0.00086922 -0.00004142 
1.29154967e-03 -0.48365570 -0.10647498 -0.01270278 -0.00086922 -0.00004142 
1.00000000e-03 -0.48365570 -0.10647498 -0.01270278 -0.00086922 -0.00004142 
7.74263683e-04 -0.48365570 -0.10647498 -0.01270278 -0.00086922 -0.00004142 
5.99484250e-04 -0.48365570 -0.10647498 -0.01270278 -0.00086922 -0.00004142 
4.64158883e-04 -0.48365570 -0.10647498 -0.01270278 -0.00086922 -0.00004142 
3.59381366e-04 -0.48365570 -0.10647498 -0.01270278 -0.00086922 -0.00004142 
2.78255940e-04 -0.48365570 -0.10647498 -0.01270278 -0.00086922 -0.00004142 
2.15443469e-04 -0.48365570 -0.10647498 -0.01270278 -0.00086922 -0.00004142 
1.66810054e-04 -0.48365570 -0.10647498 -0.01270278 -0.00086922 -0.00004142 
1.29154967e-04 -0.48365570 -0.10647498 -0.01270278 -0.00086922 -0.00004142 
1.00000000e-04 -0.48365570 -0.10647498 -0.01270278 -0.00086922 -0.00004142 
7.74263683e-05 -0.48365570 -0.10647498 -0.01270278 -0.00086922 -0.00004142 
5.99484250e-05 -0.48365570 -0.10647498 -0.01270278 -0.00086922 -0.00004142 
4.64158883e-05 -0.48365570 -0.10647498 -0.01270278 -0.00086922 -0.00004142 
3.59381366e-05 -0.48365570 -0.10647498 -0.01270278 -0.00086922 -0.00004142 
2.78255940e-05 -0.48365570 -0.10647498 -0.01270278 -0.00086922 -0.00004142 
2.15443469e-05 -0.48365570 -0.10647498 -0.01270278 -0.00086922 -0.00004142 
1.66810054e-05 -0.48365570 -0.10647498 -0.01270278 -0.00086922 -0.00004142 
1.29154967e-05 -0.48365570 -0.10647498 -0.01270278 -0.00086922 -0.00004142 
1.00000000e-05 -0.48365570 -0.10647498 -0.01270278 -0.00086922 -0.00004142 
7.74263683e-06 -0.48365570 -0.10647498 -0.01270278 -0.00086922 -0.00004142 
5.99484250e-06 -0.48365570 -0.10647498 -0.01270278 -0.00086922 -0.00004142 
4.64158883e-06 -0.48365570 -0.10647498 -0.01270278 -0.00086922 -0.00004142 
3.59381366e-06 -0.48365570 -0.10647498 -0.01270278 -0.00086922 -0.00004142 
2.78255940e-06 -0.48365570 -0.10647498 -0.01270278 -0.00086922 -0.00004142 
2.15443469e-06 -0.48365570 -0.10647498 -0.01270278 -0.00086922 -0.00004142 
1.66810054e-06 -0.48365570 -0.10647498 -0.01270278 -0.00086922 -0.00004142 
1.29154967e-06 -0.48365570 -0.10647498 -0.01270278 -0.00086922 -0.00004142 
1.00000000e-06 -0.48365570 -0.10647498 -0.01270278 -0.00086922 -0.00004142 
7.74263683e-07 -0.48365570 -0.10647498 -0.01270278 -0.00086922 -0.00004142 
5.99484250e-07 -0.48365570 -0.10647498 -0.01270278 -0.00086922 -0.00004142 
4.64158883e-07 -0.48365570 -0.10647498 -0.01270278 -0.00086922 -0.00004142 
3.59381366e-07 -0.48365570 -0.10647498 -0.01270278 -0.00086922 -0.00004142 
2.78255940e-07 -0.48365570 -0.10647498 -0.01270278 -0.00086922 -0.00004142 
2.15443469e-07 -0.48365570 -0.10647498 -0.01270278 -0.00086922 -0.00004142 
1.66810054e-07 -0.48365570 -0.10647498 -0.01270278 -0.00086922 -0.00004142 
1.29154967e-07 -0.48365570 -0.10647498 -0.01270278 -0.00086922 -0.00004142 
1.00000000e-07 -0.48365570 -0.10647498 -0.01270278 -0.00086922 -0.00004142 
7.74263683e-08 -0.48365570 -0.10647498 -0.01270278 -0.00086922 -0.00004142 
5.99484250e-08 -0.48365570 -0.10647498 -0.01270278 -0.00086922 -0.00004142 
4.64158883e-08 -0.48365570 -0.10647498 -0.01270278 -0.00086922 -0.00004142 
3.59381366e-08 -0.48365570 -0.10647498 -0.01270278 -0.00086922 -0.00004142 
2.78255940e-08 -0.48365570 -0.10647498 -0.01270278 -0.00086922 -0.00004142 
2.15443469e-08 -0.48365570 -0.10647498 -0.01270278 -0.00086922 -0.00004142 
1.66810054e-08 -0.48365570 -0.10647498 -0.01270278 -0.00086922 -0.00004142 
1.29154967e-08 -0.48365570 -0.10647498 -0.01270278 -0.00086922 -0.00004142 
1.00000000e-08 -0.48365570 -0.10647498 -0.01270278 -0.00086922 -0.00004142 
7.74263683e-09 -0.48365570 -0.10647498 -0.01270278 -0.00086922 -0.00004142 
5.99484250e-09 -0.48365570 -0.10647498 -0.01270278 -0.00086922 -0.00004142 
4.64158883e-09 -0.48365570 -0.10647498 -0.01270278 -0.00086922 -0.00004142 
3.59381366e-09 -0.48365570 -0.10647498 -0.01270278 -0.00086922 -0.00004142 
2.78255940e-09 -0.48365570 -0.10647498 -0.01270278 -0.00086922 -0.00004142 
2.15443469e-09 -0.48365570 -0.10647498 -0.01270278 -0.00086922 -0.00004142 
1.66810054e-09 -0.48365570 -0.10647498 -0.01270278 -0.00086922 -0.00004142 
1.29154967e-09 -0.48365570 -0.10647498 -0.01270278 -0.00086922 -0.00004142 
1.00000000e-09 -0.48365570 -0.10647498 -0.01270278 -0.00086922 -0.00004142 
7.74263683e-10 -0.48365570 -0.10647498 -0.01270278 -0.00086922 -0.00004142 
5.99484250e-10 -0.48365570 -0.10647498 -0.01270278 -0.00086922 -0.00004142 
4.64158883e-10 -0.48365570 -0.10647498 -0.01270278 -0.00086922 -0.00004142 
3.59381366e-10 -0.48365570 -0.10647498 -0.01270278 -0.00086922 -0.00004142 
2.78255940e-10 -0.48365570 -0.10647498 -0.01270278 -0.00086922 -0.00004142 
2.15443469e-10 -0.48365570 -0.10647498 -0.01270278 -0.00086922 -0.00004142 
1.66810054e-10 -0.48365570 -0.10647498 -0.01270278 -0.00086922 -0.00004142 
1.29154967e-10 -0.48365570 -0.10647498 -0.01270278 -0.00086922 -0.00004142 
1.00000000e-10 -0.48365570 -0.10647498 -0.01270278 -0.00086922 -0.00004142 
P (bar) | log_H2O: -2σ | log_H2O: -1σ | log_H2O: median | log_H2O: +1σ | log_H2O: +2σ 
1.00000000e+01 -9.75597990 -8.43275472 -5.93382567 -3.38874101 -1.52410587 
7.74263683e+00 -9.75597990 -8.43275472 -5.93382567 -3.38874101 -1.52410587 
5.99484250e+00 -9.75597990 -8.43275472 -5.93382567 -3.38874101 -1.52410587 
4.64158883e+00 -9.75597990 -8.43275472 -5.93382567 -3.38874101 -1.52410587 
3.59381366e+00 -9.75597990 -8.43275472 -5.93382567 -3.38874101 -1.52410587 
2.78255940e+00 -9.75597990 -8.43275472 -5.93382567 -3.38874101 -1.52410587 
2.15443469e+00 -9.75597990 -8.43275472 -5.93382567 -3.38874101 -1.52410587 
1.66810054e+00 -9.75597990 -8.43275472 -5.93382567 -3.38874101 -1.52410587 
1.29154967e+00 -9.75597990 -8.43275472 -5.93382567 -3.38874101 -1.52410587 
1.00000000e+00 -9.75597990 -8.43275472 -5.93382567 -3.38874101 -1.52410587 
7.74263683e-01 -9.75597990 -8.43275472 -5.93382567 -3.38874101 -1.52410587 
5.99484250e-01 -9.75597990 -8.43275472 -5.93382567 -3.38874101 -1.52410587 
4.64158883e-01 -9.75597990 -8.43275472 -5.93382567 -3.38874101 -1.52410587 
3.59381366e-01 -9.75597990 -8.43275472 -5.93382567 -3.38874101 -1.52410587 
2.78255940e-01 -9.75597990 -8.43275472 -5.93382567 -3.38874101 -1.52410587 
2.15443469e-01 -9.75597990 -8.43275472 -5.93382567 -3.38874101 -1.52410587 
1.66810054e-01 -9.75597990 -8.43275472 -5.93382567 -3.38874101 -1.52410587 
1.29154967e-01 -9.75597990 -8.43275472 -5.93382567 -3.38874101 -1.52410587 
1.00000000e-01 -9.75597990 -8.43275472 -5.93382567 -3.38874101 -1.52410587 
7.74263683e-02 -9.75597990 -8.43275472 -5.93382567 -3.38874101 -1.52410587 
5.99484250e-02 -9.75597990 -8.43275472 -5.93382567 -3.38874101 -1.52410587 
4.64158883e-02 -9.75597990 -8.43275472 -5.93382567 -3.38874101 -1.52410587 
3.59381366e-02 -9.75597990 -8.43275472 -5.93382567 -3.38874101 -1.52410587 
2.78255940e-02 -9.75597990 -8.43275472 -5.93382567 -3.38874101 -1.52410587 
2.15443469e-02 -9.75597990 -8.43275472 -5.93382567 -3.38874101 -1.52410587 
1.66810054e-02 -9.75597990 -8.43275472 -5.93382567 -3.38874101 -1.52410587 
1.29154967e-02 -9.75597990 -8.43275472 -5.93382567 -3.38874101 -1.52410587 
1.00000000e-02 -9.75597990 -8.43275472 -5.93382567 -3.38874101 -1.52410587 
7.74263683e-03 -9.75597990 -8.43275472 -5.93382567 -3.38874101 -1.52410587 
5.99484250e-03 -9.75597990 -8.43275472 -5.93382567 -3.38874101 -1.52410587 
4.64158883e-03 -9.75597990 -8.43275472 -5.93382567 -3.38874101 -1.52410587 
3.59381366e-03 -9.75597990 -8.43275472 -5.93382567 -3.38874101 -1.52410587 
2.78255940e-03 -9.75597990 -8.43275472 -5.93382567 -3.38874101 -1.52410587 
2.15443469e-03 -9.75597990 -8.43275472 -5.93382567 -3.38874101 -1.52410587 
1.66810054e-03 -9.75597990 -8.43275472 -5.93382567 -3.38874101 -1.52410587 
1.29154967e-03 -9.75597990 -8.43275472 -5.93382567 -3.38874101 -1.52410587 
1.00000000e-03 -9.75597990 -8.43275472 -5.93382567 -3.38874101 -1.52410587 
7.74263683e-04 -9.75597990 -8.43275472 -5.93382567 -3.38874101 -1.52410587 
5.99484250e-04 -9.75597990 -8.43275472 -5.93382567 -3.38874101 -1.52410587 
4.64158883e-04 -9.75597990 -8.43275472 -5.93382567 -3.38874101 -1.52410587 
3.59381366e-04 -9.75597990 -8.43275472 -5.93382567 -3.38874101 -1.52410587 
2.78255940e-04 -9.75597990 -8.43275472 -5.93382567 -3.38874101 -1.52410587 
2.15443469e-04 -9.75597990 -8.43275472 -5.93382567 -3.38874101 -1.52410587 
1.66810054e-04 -9.75597990 -8.43275472 -5.93382567 -3.38874101 -1.52410587 
1.29154967e-04 -9.75597990 -8.43275472 -5.93382567 -3.38874101 -1.52410587 
1.00000000e-04 -9.75597990 -8.43275472 -5.93382567 -3.38874101 -1.52410587 
7.74263683e-05 -9.75597990 -8.43275472 -5.93382567 -3.38874101 -1.52410587 
5.99484250e-05 -9.75597990 -8.43275472 -5.93382567 -3.38874101 -1.52410587 
4.64158883e-05 -9.75597990 -8.43275472 -5.93382567 -3.38874101 -1.52410587 
3.59381366e-05 -9.75597990 -8.43275472 -5.93382567 -3.38874101 -1.52410587 
2.78255940e-05 -9.75597990 -8.43275472 -5.93382567 -3.38874101 -1.52410587 
2.15443469e-05 -9.75597990 -8.43275472 -5.93382567 -3.38874101 -1.52410587 
1.66810054e-05 -9.75597990 -8.43275472 -5.93382567 -3.38874101 -1.52410587 
1.29154967e-05 -9.75597990 -8.43275472 -5.93382567 -3.38874101 -1.52410587 
1.00000000e-05 -9.75597990 -8.43275472 -5.93382567 -3.38874101 -1.52410587 
7.74263683e-06 -9.75597990 -8.43275472 -5.93382567 -3.38874101 -1.52410587 
5.99484250e-06 -9.75597990 -8.43275472 -5.93382567 -3.38874101 -1.52410587 
4.64158883e-06 -9.75597990 -8.43275472 -5.93382567 -3.38874101 -1.52410587 
3.59381366e-06 -9.75597990 -8.43275472 -5.93382567 -3.38874101 -1.52410587 
2.78255940e-06 -9.75597990 -8.43275472 -5.93382567 -3.38874101 -1.52410587 
2.15443469e-06 -9.75597990 -8.43275472 -5.93382567 -3.38874101 -1.52410587 
1.66810054e-06 -9.75597990 -8.43275472 -5.93382567 -3.38874101 -1.52410587 
1.29154967e-06 -9.75597990 -8.43275472 -5.93382567 -3.38874101 -1.52410587 
1.00000000e-06 -9.75597990 -8.43275472 -5.93382567 -3.38874101 -1.52410587 
7.74263683e-07 -9.75597990 -8.43275472 -5.93382567 -3.38874101 -1.52410587 
5.99484250e-07 -9.75597990 -8.43275472 -5.93382567 -3.38874101 -1.52410587 
4.64158883e-07 -9.75597990 -8.43275472 -5.93382567 -3.38874101 -1.52410587 
3.59381366e-07 -9.75597990 -8.43275472 -5.93382567 -3.38874101 -1.52410587 
2.78255940e-07 -9.75597990 -8.43275472 -5.93382567 -3.38874101 -1.52410587 
2.15443469e-07 -9.75597990 -8.43275472 -5.93382567 -3.38874101 -1.52410587 
1.66810054e-07 -9.75597990 -8.43275472 -5.93382567 -3.38874101 -1.52410587 
1.29154967e-07 -9.75597990 -8.43275472 -5.93382567 -3.38874101 -1.52410587 
1.00000000e-07 -9.75597990 -8.43275472 -5.93382567 -3.38874101 -1.52410587 
7.74263683e-08 -9.75597990 -8.43275472 -5.93382567 -3.38874101 -1.52410587 
5.99484250e-08 -9.75597990 -8.43275472 -5.93382567 -3.38874101 -1.52410587 
4.64158883e-08 -9.75597990 -8.43275472 -5.93382567 -3.38874101 -1.52410587 
3.59381366e-08 -9.75597990 -8.43275472 -5.93382567 -3.38874101 -1.52410587 
2.78255940e-08 -9.75597990 -8.43275472 -5.93382567 -3.38874101 -1.52410587 
2.15443469e-08 -9.75597990 -8.43275472 -5.93382567 -3.38874101 -1.52410587 
1.66810054e-08 -9.75597990 -8.43275472 -5.93382567 -3.38874101 -1.52410587 
1.29154967e-08 -9.75597990 -8.43275472 -5.93382567 -3.38874101 -1.52410587 
1.00000000e-08 -9.75597990 -8.43275472 -5.93382567 -3.38874101 -1.52410587 
7.74263683e-09 -9.75597990 -8.43275472 -5.93382567 -3.38874101 -1.52410587 
5.99484250e-09 -9.75597990 -8.43275472 -5.93382567 -3.38874101 -1.52410587 
4.64158883e-09 -9.75597990 -8.43275472 -5.93382567 -3.38874101 -1.52410587 
3.59381366e-09 -9.75597990 -8.43275472 -5.93382567 -3.38874101 -1.52410587 
2.78255940e-09 -9.75597990 -8.43275472 -5.93382567 -3.38874101 -1.52410587 
2.15443469e-09 -9.75597990 -8.43275472 -5.93382567 -3.38874101 -1.52410587 
1.66810054e-09 -9.75597990 -8.43275472 -5.93382567 -3.38874101 -1.52410587 
1.29154967e-09 -9.75597990 -8.43275472 -5.93382567 -3.38874101 -1.52410587 
1.00000000e-09 -9.75597990 -8.43275472 -5.93382567 -3.38874101 -1.52410587 
7.74263683e-10 -9.75597990 -8.43275472 -5.93382567 -3.38874101 -1.52410587 
5.99484250e-10 -9.75597990 -8.43275472 -5.93382567 -3.38874101 -1.52410587 
4.64158883e-10 -9.75597990 -8.43275472 -5.93382567 -3.38874101 -1.52410587 
3.59381366e-10 -9.75597990 -8.43275472 -5.93382567 -3.38874101 -1.52410587 
2.78255940e-10 -9.75597990 -8.43275472 -5.93382567 -3.38874101 -1.52410587 
2.15443469e-10 -9.75597990 -8.43275472 -5.93382567 -3.38874101 -1.52410587 
1.66810054e-10 -9.75597990 -8.43275472 -5.93382567 -3.38874101 -1.52410587 
1.29154967e-10 -9.75597990 -8.43275472 -5.93382567 -3.38874101 -1.52410587 
1.00000000e-10 -9.75597990 -8.43275472 -5.93382567 -3.38874101 -1.52410587 
P (bar) | log_CO2: -2σ | log_CO2: -1σ | log_CO2: median | log_CO2: +1σ | log_CO2: +2σ 
1.00000000e+01 -9.37656638 -7.67600029 -4.43772610 -1.80312298 -0.55349850 
7.74263683e+00 -9.37656638 -7.67600029 -4.43772610 -1.80312298 -0.55349850 
5.99484250e+00 -9.37656638 -7.67600029 -4.43772610 -1.80312298 -0.55349850 
4.64158883e+00 -9.37656638 -7.67600029 -4.43772610 -1.80312298 -0.55349850 
3.59381366e+00 -9.37656638 -7.67600029 -4.43772610 -1.80312298 -0.55349850 
2.78255940e+00 -9.37656638 -7.67600029 -4.43772610 -1.80312298 -0.55349850 
2.15443469e+00 -9.37656638 -7.67600029 -4.43772610 -1.80312298 -0.55349850 
1.66810054e+00 -9.37656638 -7.67600029 -4.43772610 -1.80312298 -0.55349850 
1.29154967e+00 -9.37656638 -7.67600029 -4.43772610 -1.80312298 -0.55349850 
1.00000000e+00 -9.37656638 -7.67600029 -4.43772610 -1.80312298 -0.55349850 
7.74263683e-01 -9.37656638 -7.67600029 -4.43772610 -1.80312298 -0.55349850 
5.99484250e-01 -9.37656638 -7.67600029 -4.43772610 -1.80312298 -0.55349850 
4.64158883e-01 -9.37656638 -7.67600029 -4.43772610 -1.80312298 -0.55349850 
3.59381366e-01 -9.37656638 -7.67600029 -4.43772610 -1.80312298 -0.55349850 
2.78255940e-01 -9.37656638 -7.67600029 -4.43772610 -1.80312298 -0.55349850 
2.15443469e-01 -9.37656638 -7.67600029 -4.43772610 -1.80312298 -0.55349850 
1.66810054e-01 -9.37656638 -7.67600029 -4.43772610 -1.80312298 -0.55349850 
1.29154967e-01 -9.37656638 -7.67600029 -4.43772610 -1.80312298 -0.55349850 
1.00000000e-01 -9.37656638 -7.67600029 -4.43772610 -1.80312298 -0.55349850 
7.74263683e-02 -9.37656638 -7.67600029 -4.43772610 -1.80312298 -0.55349850 
5.99484250e-02 -9.37656638 -7.67600029 -4.43772610 -1.80312298 -0.55349850 
4.64158883e-02 -9.37656638 -7.67600029 -4.43772610 -1.80312298 -0.55349850 
3.59381366e-02 -9.37656638 -7.67600029 -4.43772610 -1.80312298 -0.55349850 
2.78255940e-02 -9.37656638 -7.67600029 -4.43772610 -1.80312298 -0.55349850 
2.15443469e-02 -9.37656638 -7.67600029 -4.43772610 -1.80312298 -0.55349850 
1.66810054e-02 -9.37656638 -7.67600029 -4.43772610 -1.80312298 -0.55349850 
1.29154967e-02 -9.37656638 -7.67600029 -4.43772610 -1.80312298 -0.55349850 
1.00000000e-02 -9.37656638 -7.67600029 -4.43772610 -1.80312298 -0.55349850 
7.74263683e-03 -9.37656638 -7.67600029 -4.43772610 -1.80312298 -0.55349850 
5.99484250e-03 -9.37656638 -7.67600029 -4.43772610 -1.80312298 -0.55349850 
4.64158883e-03 -9.37656638 -7.67600029 -4.43772610 -1.80312298 -0.55349850 
3.59381366e-03 -9.37656638 -7.67600029 -4.43772610 -1.80312298 -0.55349850 
2.78255940e-03 -9.37656638 -7.67600029 -4.43772610 -1.80312298 -0.55349850 
2.15443469e-03 -9.37656638 -7.67600029 -4.43772610 -1.80312298 -0.55349850 
1.66810054e-03 -9.37656638 -7.67600029 -4.43772610 -1.80312298 -0.55349850 
1.29154967e-03 -9.37656638 -7.67600029 -4.43772610 -1.80312298 -0.55349850 
1.00000000e-03 -9.37656638 -7.67600029 -4.43772610 -1.80312298 -0.55349850 
7.74263683e-04 -9.37656638 -7.67600029 -4.43772610 -1.80312298 -0.55349850 
5.99484250e-04 -9.37656638 -7.67600029 -4.43772610 -1.80312298 -0.55349850 
4.64158883e-04 -9.37656638 -7.67600029 -4.43772610 -1.80312298 -0.55349850 
3.59381366e-04 -9.37656638 -7.67600029 -4.43772610 -1.80312298 -0.55349850 
2.78255940e-04 -9.37656638 -7.67600029 -4.43772610 -1.80312298 -0.55349850 
2.15443469e-04 -9.37656638 -7.67600029 -4.43772610 -1.80312298 -0.55349850 
1.66810054e-04 -9.37656638 -7.67600029 -4.43772610 -1.80312298 -0.55349850 
1.29154967e-04 -9.37656638 -7.67600029 -4.43772610 -1.80312298 -0.55349850 
1.00000000e-04 -9.37656638 -7.67600029 -4.43772610 -1.80312298 -0.55349850 
7.74263683e-05 -9.37656638 -7.67600029 -4.43772610 -1.80312298 -0.55349850 
5.99484250e-05 -9.37656638 -7.67600029 -4.43772610 -1.80312298 -0.55349850 
4.64158883e-05 -9.37656638 -7.67600029 -4.43772610 -1.80312298 -0.55349850 
3.59381366e-05 -9.37656638 -7.67600029 -4.43772610 -1.80312298 -0.55349850 
2.78255940e-05 -9.37656638 -7.67600029 -4.43772610 -1.80312298 -0.55349850 
2.15443469e-05 -9.37656638 -7.67600029 -4.43772610 -1.80312298 -0.55349850 
1.66810054e-05 -9.37656638 -7.67600029 -4.43772610 -1.80312298 -0.55349850 
1.29154967e-05 -9.37656638 -7.67600029 -4.43772610 -1.80312298 -0.55349850 
1.00000000e-05 -9.37656638 -7.67600029 -4.43772610 -1.80312298 -0.55349850 
7.74263683e-06 -9.37656638 -7.67600029 -4.43772610 -1.80312298 -0.55349850 
5.99484250e-06 -9.37656638 -7.67600029 -4.43772610 -1.80312298 -0.55349850 
4.64158883e-06 -9.37656638 -7.67600029 -4.43772610 -1.80312298 -0.55349850 
3.59381366e-06 -9.37656638 -7.67600029 -4.43772610 -1.80312298 -0.55349850 
2.78255940e-06 -9.37656638 -7.67600029 -4.43772610 -1.80312298 -0.55349850 
2.15443469e-06 -9.37656638 -7.67600029 -4.43772610 -1.80312298 -0.55349850 
1.66810054e-06 -9.37656638 -7.67600029 -4.43772610 -1.80312298 -0.55349850 
1.29154967e-06 -9.37656638 -7.67600029 -4.43772610 -1.80312298 -0.55349850 
1.00000000e-06 -9.37656638 -7.67600029 -4.43772610 -1.80312298 -0.55349850 
7.74263683e-07 -9.37656638 -7.67600029 -4.43772610 -1.80312298 -0.55349850 
5.99484250e-07 -9.37656638 -7.67600029 -4.43772610 -1.80312298 -0.55349850 
4.64158883e-07 -9.37656638 -7.67600029 -4.43772610 -1.80312298 -0.55349850 
3.59381366e-07 -9.37656638 -7.67600029 -4.43772610 -1.80312298 -0.55349850 
2.78255940e-07 -9.37656638 -7.67600029 -4.43772610 -1.80312298 -0.55349850 
2.15443469e-07 -9.37656638 -7.67600029 -4.43772610 -1.80312298 -0.55349850 
1.66810054e-07 -9.37656638 -7.67600029 -4.43772610 -1.80312298 -0.55349850 
1.29154967e-07 -9.37656638 -7.67600029 -4.43772610 -1.80312298 -0.55349850 
1.00000000e-07 -9.37656638 -7.67600029 -4.43772610 -1.80312298 -0.55349850 
7.74263683e-08 -9.37656638 -7.67600029 -4.43772610 -1.80312298 -0.55349850 
5.99484250e-08 -9.37656638 -7.67600029 -4.43772610 -1.80312298 -0.55349850 
4.64158883e-08 -9.37656638 -7.67600029 -4.43772610 -1.80312298 -0.55349850 
3.59381366e-08 -9.37656638 -7.67600029 -4.43772610 -1.80312298 -0.55349850 
2.78255940e-08 -9.37656638 -7.67600029 -4.43772610 -1.80312298 -0.55349850 
2.15443469e-08 -9.37656638 -7.67600029 -4.43772610 -1.80312298 -0.55349850 
1.66810054e-08 -9.37656638 -7.67600029 -4.43772610 -1.80312298 -0.55349850 
1.29154967e-08 -9.37656638 -7.67600029 -4.43772610 -1.80312298 -0.55349850 
1.00000000e-08 -9.37656638 -7.67600029 -4.43772610 -1.80312298 -0.55349850 
7.74263683e-09 -9.37656638 -7.67600029 -4.43772610 -1.80312298 -0.55349850 
5.99484250e-09 -9.37656638 -7.67600029 -4.43772610 -1.80312298 -0.55349850 
4.64158883e-09 -9.37656638 -7.67600029 -4.43772610 -1.80312298 -0.55349850 
3.59381366e-09 -9.37656638 -7.67600029 -4.43772610 -1.80312298 -0.55349850 
2.78255940e-09 -9.37656638 -7.67600029 -4.43772610 -1.80312298 -0.55349850 
2.15443469e-09 -9.37656638 -7.67600029 -4.43772610 -1.80312298 -0.55349850 
1.66810054e-09 -9.37656638 -7.67600029 -4.43772610 -1.80312298 -0.55349850 
1.29154967e-09 -9.37656638 -7.67600029 -4.43772610 -1.80312298 -0.55349850 
1.00000000e-09 -9.37656638 -7.67600029 -4.43772610 -1.80312298 -0.55349850 
7.74263683e-10 -9.37656638 -7.67600029 -4.43772610 -1.80312298 -0.55349850 
5.99484250e-10 -9.37656638 -7.67600029 -4.43772610 -1.80312298 -0.55349850 
4.64158883e-10 -9.37656638 -7.67600029 -4.43772610 -1.80312298 -0.55349850 
3.59381366e-10 -9.37656638 -7.67600029 -4.43772610 -1.80312298 -0.55349850 
2.78255940e-10 -9.37656638 -7.67600029 -4.43772610 -1.80312298 -0.55349850 
2.15443469e-10 -9.37656638 -7.67600029 -4.43772610 -1.80312298 -0.55349850 
1.66810054e-10 -9.37656638 -7.67600029 -4.43772610 -1.80312298 -0.55349850 
1.29154967e-10 -9.37656638 -7.67600029 -4.43772610 -1.80312298 -0.55349850 
1.00000000e-10 -9.37656638 -7.67600029 -4.43772610 -1.80312298 -0.55349850 
P (bar) | log_CH4: -2σ | log_CH4: -1σ | log_CH4: median | log_CH4: +1σ | log_CH4: +2σ 
1.00000000e+01 -7.16370706 -3.76070151 -2.20523728 -1.15672054 -0.59672152 
7.74263683e+00 -7.16370706 -3.76070151 -2.20523728 -1.15672054 -0.59672152 
5.99484250e+00 -7.16370706 -3.76070151 -2.20523728 -1.15672054 -0.59672152 
4.64158883e+00 -7.16370706 -3.76070151 -2.20523728 -1.15672054 -0.59672152 
3.59381366e+00 -7.16370706 -3.76070151 -2.20523728 -1.15672054 -0.59672152 
2.78255940e+00 -7.16370706 -3.76070151 -2.20523728 -1.15672054 -0.59672152 
2.15443469e+00 -7.16370706 -3.76070151 -2.20523728 -1.15672054 -0.59672152 
1.66810054e+00 -7.16370706 -3.76070151 -2.20523728 -1.15672054 -0.59672152 
1.29154967e+00 -7.16370706 -3.76070151 -2.20523728 -1.15672054 -0.59672152 
1.00000000e+00 -7.16370706 -3.76070151 -2.20523728 -1.15672054 -0.59672152 
7.74263683e-01 -7.16370706 -3.76070151 -2.20523728 -1.15672054 -0.59672152 
5.99484250e-01 -7.16370706 -3.76070151 -2.20523728 -1.15672054 -0.59672152 
4.64158883e-01 -7.16370706 -3.76070151 -2.20523728 -1.15672054 -0.59672152 
3.59381366e-01 -7.16370706 -3.76070151 -2.20523728 -1.15672054 -0.59672152 
2.78255940e-01 -7.16370706 -3.76070151 -2.20523728 -1.15672054 -0.59672152 
2.15443469e-01 -7.16370706 -3.76070151 -2.20523728 -1.15672054 -0.59672152 
1.66810054e-01 -7.16370706 -3.76070151 -2.20523728 -1.15672054 -0.59672152 
1.29154967e-01 -7.16370706 -3.76070151 -2.20523728 -1.15672054 -0.59672152 
1.00000000e-01 -7.16370706 -3.76070151 -2.20523728 -1.15672054 -0.59672152 
7.74263683e-02 -7.16370706 -3.76070151 -2.20523728 -1.15672054 -0.59672152 
5.99484250e-02 -7.16370706 -3.76070151 -2.20523728 -1.15672054 -0.59672152 
4.64158883e-02 -7.16370706 -3.76070151 -2.20523728 -1.15672054 -0.59672152 
3.59381366e-02 -7.16370706 -3.76070151 -2.20523728 -1.15672054 -0.59672152 
2.78255940e-02 -7.16370706 -3.76070151 -2.20523728 -1.15672054 -0.59672152 
2.15443469e-02 -7.16370706 -3.76070151 -2.20523728 -1.15672054 -0.59672152 
1.66810054e-02 -7.16370706 -3.76070151 -2.20523728 -1.15672054 -0.59672152 
1.29154967e-02 -7.16370706 -3.76070151 -2.20523728 -1.15672054 -0.59672152 
1.00000000e-02 -7.16370706 -3.76070151 -2.20523728 -1.15672054 -0.59672152 
7.74263683e-03 -7.16370706 -3.76070151 -2.20523728 -1.15672054 -0.59672152 
5.99484250e-03 -7.16370706 -3.76070151 -2.20523728 -1.15672054 -0.59672152 
4.64158883e-03 -7.16370706 -3.76070151 -2.20523728 -1.15672054 -0.59672152 
3.59381366e-03 -7.16370706 -3.76070151 -2.20523728 -1.15672054 -0.59672152 
2.78255940e-03 -7.16370706 -3.76070151 -2.20523728 -1.15672054 -0.59672152 
2.15443469e-03 -7.16370706 -3.76070151 -2.20523728 -1.15672054 -0.59672152 
1.66810054e-03 -7.16370706 -3.76070151 -2.20523728 -1.15672054 -0.59672152 
1.29154967e-03 -7.16370706 -3.76070151 -2.20523728 -1.15672054 -0.59672152 
1.00000000e-03 -7.16370706 -3.76070151 -2.20523728 -1.15672054 -0.59672152 
7.74263683e-04 -7.16370706 -3.76070151 -2.20523728 -1.15672054 -0.59672152 
5.99484250e-04 -7.16370706 -3.76070151 -2.20523728 -1.15672054 -0.59672152 
4.64158883e-04 -7.16370706 -3.76070151 -2.20523728 -1.15672054 -0.59672152 
3.59381366e-04 -7.16370706 -3.76070151 -2.20523728 -1.15672054 -0.59672152 
2.78255940e-04 -7.16370706 -3.76070151 -2.20523728 -1.15672054 -0.59672152 
2.15443469e-04 -7.16370706 -3.76070151 -2.20523728 -1.15672054 -0.59672152 
1.66810054e-04 -7.16370706 -3.76070151 -2.20523728 -1.15672054 -0.59672152 
1.29154967e-04 -7.16370706 -3.76070151 -2.20523728 -1.15672054 -0.59672152 
1.00000000e-04 -7.16370706 -3.76070151 -2.20523728 -1.15672054 -0.59672152 
7.74263683e-05 -7.16370706 -3.76070151 -2.20523728 -1.15672054 -0.59672152 
5.99484250e-05 -7.16370706 -3.76070151 -2.20523728 -1.15672054 -0.59672152 
4.64158883e-05 -7.16370706 -3.76070151 -2.20523728 -1.15672054 -0.59672152 
3.59381366e-05 -7.16370706 -3.76070151 -2.20523728 -1.15672054 -0.59672152 
2.78255940e-05 -7.16370706 -3.76070151 -2.20523728 -1.15672054 -0.59672152 
2.15443469e-05 -7.16370706 -3.76070151 -2.20523728 -1.15672054 -0.59672152 
1.66810054e-05 -7.16370706 -3.76070151 -2.20523728 -1.15672054 -0.59672152 
1.29154967e-05 -7.16370706 -3.76070151 -2.20523728 -1.15672054 -0.59672152 
1.00000000e-05 -7.16370706 -3.76070151 -2.20523728 -1.15672054 -0.59672152 
7.74263683e-06 -7.16370706 -3.76070151 -2.20523728 -1.15672054 -0.59672152 
5.99484250e-06 -7.16370706 -3.76070151 -2.20523728 -1.15672054 -0.59672152 
4.64158883e-06 -7.16370706 -3.76070151 -2.20523728 -1.15672054 -0.59672152 
3.59381366e-06 -7.16370706 -3.76070151 -2.20523728 -1.15672054 -0.59672152 
2.78255940e-06 -7.16370706 -3.76070151 -2.20523728 -1.15672054 -0.59672152 
2.15443469e-06 -7.16370706 -3.76070151 -2.20523728 -1.15672054 -0.59672152 
1.66810054e-06 -7.16370706 -3.76070151 -2.20523728 -1.15672054 -0.59672152 
1.29154967e-06 -7.16370706 -3.76070151 -2.20523728 -1.15672054 -0.59672152 
1.00000000e-06 -7.16370706 -3.76070151 -2.20523728 -1.15672054 -0.59672152 
7.74263683e-07 -7.16370706 -3.76070151 -2.20523728 -1.15672054 -0.59672152 
5.99484250e-07 -7.16370706 -3.76070151 -2.20523728 -1.15672054 -0.59672152 
4.64158883e-07 -7.16370706 -3.76070151 -2.20523728 -1.15672054 -0.59672152 
3.59381366e-07 -7.16370706 -3.76070151 -2.20523728 -1.15672054 -0.59672152 
2.78255940e-07 -7.16370706 -3.76070151 -2.20523728 -1.15672054 -0.59672152 
2.15443469e-07 -7.16370706 -3.76070151 -2.20523728 -1.15672054 -0.59672152 
1.66810054e-07 -7.16370706 -3.76070151 -2.20523728 -1.15672054 -0.59672152 
1.29154967e-07 -7.16370706 -3.76070151 -2.20523728 -1.15672054 -0.59672152 
1.00000000e-07 -7.16370706 -3.76070151 -2.20523728 -1.15672054 -0.59672152 
7.74263683e-08 -7.16370706 -3.76070151 -2.20523728 -1.15672054 -0.59672152 
5.99484250e-08 -7.16370706 -3.76070151 -2.20523728 -1.15672054 -0.59672152 
4.64158883e-08 -7.16370706 -3.76070151 -2.20523728 -1.15672054 -0.59672152 
3.59381366e-08 -7.16370706 -3.76070151 -2.20523728 -1.15672054 -0.59672152 
2.78255940e-08 -7.16370706 -3.76070151 -2.20523728 -1.15672054 -0.59672152 
2.15443469e-08 -7.16370706 -3.76070151 -2.20523728 -1.15672054 -0.59672152 
1.66810054e-08 -7.16370706 -3.76070151 -2.20523728 -1.15672054 -0.59672152 
1.29154967e-08 -7.16370706 -3.76070151 -2.20523728 -1.15672054 -0.59672152 
1.00000000e-08 -7.16370706 -3.76070151 -2.20523728 -1.15672054 -0.59672152 
7.74263683e-09 -7.16370706 -3.76070151 -2.20523728 -1.15672054 -0.59672152 
5.99484250e-09 -7.16370706 -3.76070151 -2.20523728 -1.15672054 -0.59672152 
4.64158883e-09 -7.16370706 -3.76070151 -2.20523728 -1.15672054 -0.59672152 
3.59381366e-09 -7.16370706 -3.76070151 -2.20523728 -1.15672054 -0.59672152 
2.78255940e-09 -7.16370706 -3.76070151 -2.20523728 -1.15672054 -0.59672152 
2.15443469e-09 -7.16370706 -3.76070151 -2.20523728 -1.15672054 -0.59672152 
1.66810054e-09 -7.16370706 -3.76070151 -2.20523728 -1.15672054 -0.59672152 
1.29154967e-09 -7.16370706 -3.76070151 -2.20523728 -1.15672054 -0.59672152 
1.00000000e-09 -7.16370706 -3.76070151 -2.20523728 -1.15672054 -0.59672152 
7.74263683e-10 -7.16370706 -3.76070151 -2.20523728 -1.15672054 -0.59672152 
5.99484250e-10 -7.16370706 -3.76070151 -2.20523728 -1.15672054 -0.59672152 
4.64158883e-10 -7.16370706 -3.76070151 -2.20523728 -1.15672054 -0.59672152 
3.59381366e-10 -7.16370706 -3.76070151 -2.20523728 -1.15672054 -0.59672152 
2.78255940e-10 -7.16370706 -3.76070151 -2.20523728 -1.15672054 -0.59672152 
2.15443469e-10 -7.16370706 -3.76070151 -2.20523728 -1.15672054 -0.59672152 
1.66810054e-10 -7.16370706 -3.76070151 -2.20523728 -1.15672054 -0.59672152 
1.29154967e-10 -7.16370706 -3.76070151 -2.20523728 -1.15672054 -0.59672152 
1.00000000e-10 -7.16370706 -3.76070151 -2.20523728 -1.15672054 -0.59672152 
P (bar) | log_O2: -2σ | log_O2: -1σ | log_O2: median | log_O2: +1σ | log_O2: +2σ 
1.00000000e+01 -9.56165003 -8.04100925 -5.25274387 -2.02029577 -0.44086138 
7.74263683e+00 -9.56165003 -8.04100925 -5.25274387 -2.02029577 -0.44086138 
5.99484250e+00 -9.56165003 -8.04100925 -5.25274387 -2.02029577 -0.44086138 
4.64158883e+00 -9.56165003 -8.04100925 -5.25274387 -2.02029577 -0.44086138 
3.59381366e+00 -9.56165003 -8.04100925 -5.25274387 -2.02029577 -0.44086138 
2.78255940e+00 -9.56165003 -8.04100925 -5.25274387 -2.02029577 -0.44086138 
2.15443469e+00 -9.56165003 -8.04100925 -5.25274387 -2.02029577 -0.44086138 
1.66810054e+00 -9.56165003 -8.04100925 -5.25274387 -2.02029577 -0.44086138 
1.29154967e+00 -9.56165003 -8.04100925 -5.25274387 -2.02029577 -0.44086138 
1.00000000e+00 -9.56165003 -8.04100925 -5.25274387 -2.02029577 -0.44086138 
7.74263683e-01 -9.56165003 -8.04100925 -5.25274387 -2.02029577 -0.44086138 
5.99484250e-01 -9.56165003 -8.04100925 -5.25274387 -2.02029577 -0.44086138 
4.64158883e-01 -9.56165003 -8.04100925 -5.25274387 -2.02029577 -0.44086138 
3.59381366e-01 -9.56165003 -8.04100925 -5.25274387 -2.02029577 -0.44086138 
2.78255940e-01 -9.56165003 -8.04100925 -5.25274387 -2.02029577 -0.44086138 
2.15443469e-01 -9.56165003 -8.04100925 -5.25274387 -2.02029577 -0.44086138 
1.66810054e-01 -9.56165003 -8.04100925 -5.25274387 -2.02029577 -0.44086138 
1.29154967e-01 -9.56165003 -8.04100925 -5.25274387 -2.02029577 -0.44086138 
1.00000000e-01 -9.56165003 -8.04100925 -5.25274387 -2.02029577 -0.44086138 
7.74263683e-02 -9.56165003 -8.04100925 -5.25274387 -2.02029577 -0.44086138 
5.99484250e-02 -9.56165003 -8.04100925 -5.25274387 -2.02029577 -0.44086138 
4.64158883e-02 -9.56165003 -8.04100925 -5.25274387 -2.02029577 -0.44086138 
3.59381366e-02 -9.56165003 -8.04100925 -5.25274387 -2.02029577 -0.44086138 
2.78255940e-02 -9.56165003 -8.04100925 -5.25274387 -2.02029577 -0.44086138 
2.15443469e-02 -9.56165003 -8.04100925 -5.25274387 -2.02029577 -0.44086138 
1.66810054e-02 -9.56165003 -8.04100925 -5.25274387 -2.02029577 -0.44086138 
1.29154967e-02 -9.56165003 -8.04100925 -5.25274387 -2.02029577 -0.44086138 
1.00000000e-02 -9.56165003 -8.04100925 -5.25274387 -2.02029577 -0.44086138 
7.74263683e-03 -9.56165003 -8.04100925 -5.25274387 -2.02029577 -0.44086138 
5.99484250e-03 -9.56165003 -8.04100925 -5.25274387 -2.02029577 -0.44086138 
4.64158883e-03 -9.56165003 -8.04100925 -5.25274387 -2.02029577 -0.44086138 
3.59381366e-03 -9.56165003 -8.04100925 -5.25274387 -2.02029577 -0.44086138 
2.78255940e-03 -9.56165003 -8.04100925 -5.25274387 -2.02029577 -0.44086138 
2.15443469e-03 -9.56165003 -8.04100925 -5.25274387 -2.02029577 -0.44086138 
1.66810054e-03 -9.56165003 -8.04100925 -5.25274387 -2.02029577 -0.44086138 
1.29154967e-03 -9.56165003 -8.04100925 -5.25274387 -2.02029577 -0.44086138 
1.00000000e-03 -9.56165003 -8.04100925 -5.25274387 -2.02029577 -0.44086138 
7.74263683e-04 -9.56165003 -8.04100925 -5.25274387 -2.02029577 -0.44086138 
5.99484250e-04 -9.56165003 -8.04100925 -5.25274387 -2.02029577 -0.44086138 
4.64158883e-04 -9.56165003 -8.04100925 -5.25274387 -2.02029577 -0.44086138 
3.59381366e-04 -9.56165003 -8.04100925 -5.25274387 -2.02029577 -0.44086138 
2.78255940e-04 -9.56165003 -8.04100925 -5.25274387 -2.02029577 -0.44086138 
2.15443469e-04 -9.56165003 -8.04100925 -5.25274387 -2.02029577 -0.44086138 
1.66810054e-04 -9.56165003 -8.04100925 -5.25274387 -2.02029577 -0.44086138 
1.29154967e-04 -9.56165003 -8.04100925 -5.25274387 -2.02029577 -0.44086138 
1.00000000e-04 -9.56165003 -8.04100925 -5.25274387 -2.02029577 -0.44086138 
7.74263683e-05 -9.56165003 -8.04100925 -5.25274387 -2.02029577 -0.44086138 
5.99484250e-05 -9.56165003 -8.04100925 -5.25274387 -2.02029577 -0.44086138 
4.64158883e-05 -9.56165003 -8.04100925 -5.25274387 -2.02029577 -0.44086138 
3.59381366e-05 -9.56165003 -8.04100925 -5.25274387 -2.02029577 -0.44086138 
2.78255940e-05 -9.56165003 -8.04100925 -5.25274387 -2.02029577 -0.44086138 
2.15443469e-05 -9.56165003 -8.04100925 -5.25274387 -2.02029577 -0.44086138 
1.66810054e-05 -9.56165003 -8.04100925 -5.25274387 -2.02029577 -0.44086138 
1.29154967e-05 -9.56165003 -8.04100925 -5.25274387 -2.02029577 -0.44086138 
1.00000000e-05 -9.56165003 -8.04100925 -5.25274387 -2.02029577 -0.44086138 
7.74263683e-06 -9.56165003 -8.04100925 -5.25274387 -2.02029577 -0.44086138 
5.99484250e-06 -9.56165003 -8.04100925 -5.25274387 -2.02029577 -0.44086138 
4.64158883e-06 -9.56165003 -8.04100925 -5.25274387 -2.02029577 -0.44086138 
3.59381366e-06 -9.56165003 -8.04100925 -5.25274387 -2.02029577 -0.44086138 
2.78255940e-06 -9.56165003 -8.04100925 -5.25274387 -2.02029577 -0.44086138 
2.15443469e-06 -9.56165003 -8.04100925 -5.25274387 -2.02029577 -0.44086138 
1.66810054e-06 -9.56165003 -8.04100925 -5.25274387 -2.02029577 -0.44086138 
1.29154967e-06 -9.56165003 -8.04100925 -5.25274387 -2.02029577 -0.44086138 
1.00000000e-06 -9.56165003 -8.04100925 -5.25274387 -2.02029577 -0.44086138 
7.74263683e-07 -9.56165003 -8.04100925 -5.25274387 -2.02029577 -0.44086138 
5.99484250e-07 -9.56165003 -8.04100925 -5.25274387 -2.02029577 -0.44086138 
4.64158883e-07 -9.56165003 -8.04100925 -5.25274387 -2.02029577 -0.44086138 
3.59381366e-07 -9.56165003 -8.04100925 -5.25274387 -2.02029577 -0.44086138 
2.78255940e-07 -9.56165003 -8.04100925 -5.25274387 -2.02029577 -0.44086138 
2.15443469e-07 -9.56165003 -8.04100925 -5.25274387 -2.02029577 -0.44086138 
1.66810054e-07 -9.56165003 -8.04100925 -5.25274387 -2.02029577 -0.44086138 
1.29154967e-07 -9.56165003 -8.04100925 -5.25274387 -2.02029577 -0.44086138 
1.00000000e-07 -9.56165003 -8.04100925 -5.25274387 -2.02029577 -0.44086138 
7.74263683e-08 -9.56165003 -8.04100925 -5.25274387 -2.02029577 -0.44086138 
5.99484250e-08 -9.56165003 -8.04100925 -5.25274387 -2.02029577 -0.44086138 
4.64158883e-08 -9.56165003 -8.04100925 -5.25274387 -2.02029577 -0.44086138 
3.59381366e-08 -9.56165003 -8.04100925 -5.25274387 -2.02029577 -0.44086138 
2.78255940e-08 -9.56165003 -8.04100925 -5.25274387 -2.02029577 -0.44086138 
2.15443469e-08 -9.56165003 -8.04100925 -5.25274387 -2.02029577 -0.44086138 
1.66810054e-08 -9.56165003 -8.04100925 -5.25274387 -2.02029577 -0.44086138 
1.29154967e-08 -9.56165003 -8.04100925 -5.25274387 -2.02029577 -0.44086138 
1.00000000e-08 -9.56165003 -8.04100925 -5.25274387 -2.02029577 -0.44086138 
7.74263683e-09 -9.56165003 -8.04100925 -5.25274387 -2.02029577 -0.44086138 
5.99484250e-09 -9.56165003 -8.04100925 -5.25274387 -2.02029577 -0.44086138 
4.64158883e-09 -9.56165003 -8.04100925 -5.25274387 -2.02029577 -0.44086138 
3.59381366e-09 -9.56165003 -8.04100925 -5.25274387 -2.02029577 -0.44086138 
2.78255940e-09 -9.56165003 -8.04100925 -5.25274387 -2.02029577 -0.44086138 
2.15443469e-09 -9.56165003 -8.04100925 -5.25274387 -2.02029577 -0.44086138 
1.66810054e-09 -9.56165003 -8.04100925 -5.25274387 -2.02029577 -0.44086138 
1.29154967e-09 -9.56165003 -8.04100925 -5.25274387 -2.02029577 -0.44086138 
1.00000000e-09 -9.56165003 -8.04100925 -5.25274387 -2.02029577 -0.44086138 
7.74263683e-10 -9.56165003 -8.04100925 -5.25274387 -2.02029577 -0.44086138 
5.99484250e-10 -9.56165003 -8.04100925 -5.25274387 -2.02029577 -0.44086138 
4.64158883e-10 -9.56165003 -8.04100925 -5.25274387 -2.02029577 -0.44086138 
3.59381366e-10 -9.56165003 -8.04100925 -5.25274387 -2.02029577 -0.44086138 
2.78255940e-10 -9.56165003 -8.04100925 -5.25274387 -2.02029577 -0.44086138 
2.15443469e-10 -9.56165003 -8.04100925 -5.25274387 -2.02029577 -0.44086138 
1.66810054e-10 -9.56165003 -8.04100925 -5.25274387 -2.02029577 -0.44086138 
1.29154967e-10 -9.56165003 -8.04100925 -5.25274387 -2.02029577 -0.44086138 
1.00000000e-10 -9.56165003 -8.04100925 -5.25274387 -2.02029577 -0.44086138 
P (bar) | log_O3: -2σ | log_O3: -1σ | log_O3: median | log_O3: +1σ | log_O3: +2σ 
1.00000000e+01 -9.85152599 -9.31442283 -8.22147108 -6.83966004 -5.27563478 
7.74263683e+00 -9.85152599 -9.31442283 -8.22147108 -6.83966004 -5.27563478 
5.99484250e+00 -9.85152599 -9.31442283 -8.22147108 -6.83966004 -5.27563478 
4.64158883e+00 -9.85152599 -9.31442283 -8.22147108 -6.83966004 -5.27563478 
3.59381366e+00 -9.85152599 -9.31442283 -8.22147108 -6.83966004 -5.27563478 
2.78255940e+00 -9.85152599 -9.31442283 -8.22147108 -6.83966004 -5.27563478 
2.15443469e+00 -9.85152599 -9.31442283 -8.22147108 -6.83966004 -5.27563478 
1.66810054e+00 -9.85152599 -9.31442283 -8.22147108 -6.83966004 -5.27563478 
1.29154967e+00 -9.85152599 -9.31442283 -8.22147108 -6.83966004 -5.27563478 
1.00000000e+00 -9.85152599 -9.31442283 -8.22147108 -6.83966004 -5.27563478 
7.74263683e-01 -9.85152599 -9.31442283 -8.22147108 -6.83966004 -5.27563478 
5.99484250e-01 -9.85152599 -9.31442283 -8.22147108 -6.83966004 -5.27563478 
4.64158883e-01 -9.85152599 -9.31442283 -8.22147108 -6.83966004 -5.27563478 
3.59381366e-01 -9.85152599 -9.31442283 -8.22147108 -6.83966004 -5.27563478 
2.78255940e-01 -9.85152599 -9.31442283 -8.22147108 -6.83966004 -5.27563478 
2.15443469e-01 -9.85152599 -9.31442283 -8.22147108 -6.83966004 -5.27563478 
1.66810054e-01 -9.85152599 -9.31442283 -8.22147108 -6.83966004 -5.27563478 
1.29154967e-01 -9.85152599 -9.31442283 -8.22147108 -6.83966004 -5.27563478 
1.00000000e-01 -9.85152599 -9.31442283 -8.22147108 -6.83966004 -5.27563478 
7.74263683e-02 -9.85152599 -9.31442283 -8.22147108 -6.83966004 -5.27563478 
5.99484250e-02 -9.85152599 -9.31442283 -8.22147108 -6.83966004 -5.27563478 
4.64158883e-02 -9.85152599 -9.31442283 -8.22147108 -6.83966004 -5.27563478 
3.59381366e-02 -9.85152599 -9.31442283 -8.22147108 -6.83966004 -5.27563478 
2.78255940e-02 -9.85152599 -9.31442283 -8.22147108 -6.83966004 -5.27563478 
2.15443469e-02 -9.85152599 -9.31442283 -8.22147108 -6.83966004 -5.27563478 
1.66810054e-02 -9.85152599 -9.31442283 -8.22147108 -6.83966004 -5.27563478 
1.29154967e-02 -9.85152599 -9.31442283 -8.22147108 -6.83966004 -5.27563478 
1.00000000e-02 -9.85152599 -9.31442283 -8.22147108 -6.83966004 -5.27563478 
7.74263683e-03 -9.85152599 -9.31442283 -8.22147108 -6.83966004 -5.27563478 
5.99484250e-03 -9.85152599 -9.31442283 -8.22147108 -6.83966004 -5.27563478 
4.64158883e-03 -9.85152599 -9.31442283 -8.22147108 -6.83966004 -5.27563478 
3.59381366e-03 -9.85152599 -9.31442283 -8.22147108 -6.83966004 -5.27563478 
2.78255940e-03 -9.85152599 -9.31442283 -8.22147108 -6.83966004 -5.27563478 
2.15443469e-03 -9.85152599 -9.31442283 -8.22147108 -6.83966004 -5.27563478 
1.66810054e-03 -9.85152599 -9.31442283 -8.22147108 -6.83966004 -5.27563478 
1.29154967e-03 -9.85152599 -9.31442283 -8.22147108 -6.83966004 -5.27563478 
1.00000000e-03 -9.85152599 -9.31442283 -8.22147108 -6.83966004 -5.27563478 
7.74263683e-04 -9.85152599 -9.31442283 -8.22147108 -6.83966004 -5.27563478 
5.99484250e-04 -9.85152599 -9.31442283 -8.22147108 -6.83966004 -5.27563478 
4.64158883e-04 -9.85152599 -9.31442283 -8.22147108 -6.83966004 -5.27563478 
3.59381366e-04 -9.85152599 -9.31442283 -8.22147108 -6.83966004 -5.27563478 
2.78255940e-04 -9.85152599 -9.31442283 -8.22147108 -6.83966004 -5.27563478 
2.15443469e-04 -9.85152599 -9.31442283 -8.22147108 -6.83966004 -5.27563478 
1.66810054e-04 -9.85152599 -9.31442283 -8.22147108 -6.83966004 -5.27563478 
1.29154967e-04 -9.85152599 -9.31442283 -8.22147108 -6.83966004 -5.27563478 
1.00000000e-04 -9.85152599 -9.31442283 -8.22147108 -6.83966004 -5.27563478 
7.74263683e-05 -9.85152599 -9.31442283 -8.22147108 -6.83966004 -5.27563478 
5.99484250e-05 -9.85152599 -9.31442283 -8.22147108 -6.83966004 -5.27563478 
4.64158883e-05 -9.85152599 -9.31442283 -8.22147108 -6.83966004 -5.27563478 
3.59381366e-05 -9.85152599 -9.31442283 -8.22147108 -6.83966004 -5.27563478 
2.78255940e-05 -9.85152599 -9.31442283 -8.22147108 -6.83966004 -5.27563478 
2.15443469e-05 -9.85152599 -9.31442283 -8.22147108 -6.83966004 -5.27563478 
1.66810054e-05 -9.85152599 -9.31442283 -8.22147108 -6.83966004 -5.27563478 
1.29154967e-05 -9.85152599 -9.31442283 -8.22147108 -6.83966004 -5.27563478 
1.00000000e-05 -9.85152599 -9.31442283 -8.22147108 -6.83966004 -5.27563478 
7.74263683e-06 -9.85152599 -9.31442283 -8.22147108 -6.83966004 -5.27563478 
5.99484250e-06 -9.85152599 -9.31442283 -8.22147108 -6.83966004 -5.27563478 
4.64158883e-06 -9.85152599 -9.31442283 -8.22147108 -6.83966004 -5.27563478 
3.59381366e-06 -9.85152599 -9.31442283 -8.22147108 -6.83966004 -5.27563478 
2.78255940e-06 -9.85152599 -9.31442283 -8.22147108 -6.83966004 -5.27563478 
2.15443469e-06 -9.85152599 -9.31442283 -8.22147108 -6.83966004 -5.27563478 
1.66810054e-06 -9.85152599 -9.31442283 -8.22147108 -6.83966004 -5.27563478 
1.29154967e-06 -9.85152599 -9.31442283 -8.22147108 -6.83966004 -5.27563478 
1.00000000e-06 -9.85152599 -9.31442283 -8.22147108 -6.83966004 -5.27563478 
7.74263683e-07 -9.85152599 -9.31442283 -8.22147108 -6.83966004 -5.27563478 
5.99484250e-07 -9.85152599 -9.31442283 -8.22147108 -6.83966004 -5.27563478 
4.64158883e-07 -9.85152599 -9.31442283 -8.22147108 -6.83966004 -5.27563478 
3.59381366e-07 -9.85152599 -9.31442283 -8.22147108 -6.83966004 -5.27563478 
2.78255940e-07 -9.85152599 -9.31442283 -8.22147108 -6.83966004 -5.27563478 
2.15443469e-07 -9.85152599 -9.31442283 -8.22147108 -6.83966004 -5.27563478 
1.66810054e-07 -9.85152599 -9.31442283 -8.22147108 -6.83966004 -5.27563478 
1.29154967e-07 -9.85152599 -9.31442283 -8.22147108 -6.83966004 -5.27563478 
1.00000000e-07 -9.85152599 -9.31442283 -8.22147108 -6.83966004 -5.27563478 
7.74263683e-08 -9.85152599 -9.31442283 -8.22147108 -6.83966004 -5.27563478 
5.99484250e-08 -9.85152599 -9.31442283 -8.22147108 -6.83966004 -5.27563478 
4.64158883e-08 -9.85152599 -9.31442283 -8.22147108 -6.83966004 -5.27563478 
3.59381366e-08 -9.85152599 -9.31442283 -8.22147108 -6.83966004 -5.27563478 
2.78255940e-08 -9.85152599 -9.31442283 -8.22147108 -6.83966004 -5.27563478 
2.15443469e-08 -9.85152599 -9.31442283 -8.22147108 -6.83966004 -5.27563478 
1.66810054e-08 -9.85152599 -9.31442283 -8.22147108 -6.83966004 -5.27563478 
1.29154967e-08 -9.85152599 -9.31442283 -8.22147108 -6.83966004 -5.27563478 
1.00000000e-08 -9.85152599 -9.31442283 -8.22147108 -6.83966004 -5.27563478 
7.74263683e-09 -9.85152599 -9.31442283 -8.22147108 -6.83966004 -5.27563478 
5.99484250e-09 -9.85152599 -9.31442283 -8.22147108 -6.83966004 -5.27563478 
4.64158883e-09 -9.85152599 -9.31442283 -8.22147108 -6.83966004 -5.27563478 
3.59381366e-09 -9.85152599 -9.31442283 -8.22147108 -6.83966004 -5.27563478 
2.78255940e-09 -9.85152599 -9.31442283 -8.22147108 -6.83966004 -5.27563478 
2.15443469e-09 -9.85152599 -9.31442283 -8.22147108 -6.83966004 -5.27563478 
1.66810054e-09 -9.85152599 -9.31442283 -8.22147108 -6.83966004 -5.27563478 
1.29154967e-09 -9.85152599 -9.31442283 -8.22147108 -6.83966004 -5.27563478 
1.00000000e-09 -9.85152599 -9.31442283 -8.22147108 -6.83966004 -5.27563478 
7.74263683e-10 -9.85152599 -9.31442283 -8.22147108 -6.83966004 -5.27563478 
5.99484250e-10 -9.85152599 -9.31442283 -8.22147108 -6.83966004 -5.27563478 
4.64158883e-10 -9.85152599 -9.31442283 -8.22147108 -6.83966004 -5.27563478 
3.59381366e-10 -9.85152599 -9.31442283 -8.22147108 -6.83966004 -5.27563478 
2.78255940e-10 -9.85152599 -9.31442283 -8.22147108 -6.83966004 -5.27563478 
2.15443469e-10 -9.85152599 -9.31442283 -8.22147108 -6.83966004 -5.27563478 
1.66810054e-10 -9.85152599 -9.31442283 -8.22147108 -6.83966004 -5.27563478 
1.29154967e-10 -9.85152599 -9.31442283 -8.22147108 -6.83966004 -5.27563478 
1.00000000e-10 -9.85152599 -9.31442283 -8.22147108 -6.83966004 -5.27563478 
P (bar) | log_N2O: -2σ | log_N2O: -1σ | log_N2O: median | log_N2O: +1σ | log_N2O: +2σ 
1.00000000e+01 -9.44154287 -7.64519331 -4.66010546 -2.34646923 -0.68176622 
7.74263683e+00 -9.44154287 -7.64519331 -4.66010546 -2.34646923 -0.68176622 
5.99484250e+00 -9.44154287 -7.64519331 -4.66010546 -2.34646923 -0.68176622 
4.64158883e+00 -9.44154287 -7.64519331 -4.66010546 -2.34646923 -0.68176622 
3.59381366e+00 -9.44154287 -7.64519331 -4.66010546 -2.34646923 -0.68176622 
2.78255940e+00 -9.44154287 -7.64519331 -4.66010546 -2.34646923 -0.68176622 
2.15443469e+00 -9.44154287 -7.64519331 -4.66010546 -2.34646923 -0.68176622 
1.66810054e+00 -9.44154287 -7.64519331 -4.66010546 -2.34646923 -0.68176622 
1.29154967e+00 -9.44154287 -7.64519331 -4.66010546 -2.34646923 -0.68176622 
1.00000000e+00 -9.44154287 -7.64519331 -4.66010546 -2.34646923 -0.68176622 
7.74263683e-01 -9.44154287 -7.64519331 -4.66010546 -2.34646923 -0.68176622 
5.99484250e-01 -9.44154287 -7.64519331 -4.66010546 -2.34646923 -0.68176622 
4.64158883e-01 -9.44154287 -7.64519331 -4.66010546 -2.34646923 -0.68176622 
3.59381366e-01 -9.44154287 -7.64519331 -4.66010546 -2.34646923 -0.68176622 
2.78255940e-01 -9.44154287 -7.64519331 -4.66010546 -2.34646923 -0.68176622 
2.15443469e-01 -9.44154287 -7.64519331 -4.66010546 -2.34646923 -0.68176622 
1.66810054e-01 -9.44154287 -7.64519331 -4.66010546 -2.34646923 -0.68176622 
1.29154967e-01 -9.44154287 -7.64519331 -4.66010546 -2.34646923 -0.68176622 
1.00000000e-01 -9.44154287 -7.64519331 -4.66010546 -2.34646923 -0.68176622 
7.74263683e-02 -9.44154287 -7.64519331 -4.66010546 -2.34646923 -0.68176622 
5.99484250e-02 -9.44154287 -7.64519331 -4.66010546 -2.34646923 -0.68176622 
4.64158883e-02 -9.44154287 -7.64519331 -4.66010546 -2.34646923 -0.68176622 
3.59381366e-02 -9.44154287 -7.64519331 -4.66010546 -2.34646923 -0.68176622 
2.78255940e-02 -9.44154287 -7.64519331 -4.66010546 -2.34646923 -0.68176622 
2.15443469e-02 -9.44154287 -7.64519331 -4.66010546 -2.34646923 -0.68176622 
1.66810054e-02 -9.44154287 -7.64519331 -4.66010546 -2.34646923 -0.68176622 
1.29154967e-02 -9.44154287 -7.64519331 -4.66010546 -2.34646923 -0.68176622 
1.00000000e-02 -9.44154287 -7.64519331 -4.66010546 -2.34646923 -0.68176622 
7.74263683e-03 -9.44154287 -7.64519331 -4.66010546 -2.34646923 -0.68176622 
5.99484250e-03 -9.44154287 -7.64519331 -4.66010546 -2.34646923 -0.68176622 
4.64158883e-03 -9.44154287 -7.64519331 -4.66010546 -2.34646923 -0.68176622 
3.59381366e-03 -9.44154287 -7.64519331 -4.66010546 -2.34646923 -0.68176622 
2.78255940e-03 -9.44154287 -7.64519331 -4.66010546 -2.34646923 -0.68176622 
2.15443469e-03 -9.44154287 -7.64519331 -4.66010546 -2.34646923 -0.68176622 
1.66810054e-03 -9.44154287 -7.64519331 -4.66010546 -2.34646923 -0.68176622 
1.29154967e-03 -9.44154287 -7.64519331 -4.66010546 -2.34646923 -0.68176622 
1.00000000e-03 -9.44154287 -7.64519331 -4.66010546 -2.34646923 -0.68176622 
7.74263683e-04 -9.44154287 -7.64519331 -4.66010546 -2.34646923 -0.68176622 
5.99484250e-04 -9.44154287 -7.64519331 -4.66010546 -2.34646923 -0.68176622 
4.64158883e-04 -9.44154287 -7.64519331 -4.66010546 -2.34646923 -0.68176622 
3.59381366e-04 -9.44154287 -7.64519331 -4.66010546 -2.34646923 -0.68176622 
2.78255940e-04 -9.44154287 -7.64519331 -4.66010546 -2.34646923 -0.68176622 
2.15443469e-04 -9.44154287 -7.64519331 -4.66010546 -2.34646923 -0.68176622 
1.66810054e-04 -9.44154287 -7.64519331 -4.66010546 -2.34646923 -0.68176622 
1.29154967e-04 -9.44154287 -7.64519331 -4.66010546 -2.34646923 -0.68176622 
1.00000000e-04 -9.44154287 -7.64519331 -4.66010546 -2.34646923 -0.68176622 
7.74263683e-05 -9.44154287 -7.64519331 -4.66010546 -2.34646923 -0.68176622 
5.99484250e-05 -9.44154287 -7.64519331 -4.66010546 -2.34646923 -0.68176622 
4.64158883e-05 -9.44154287 -7.64519331 -4.66010546 -2.34646923 -0.68176622 
3.59381366e-05 -9.44154287 -7.64519331 -4.66010546 -2.34646923 -0.68176622 
2.78255940e-05 -9.44154287 -7.64519331 -4.66010546 -2.34646923 -0.68176622 
2.15443469e-05 -9.44154287 -7.64519331 -4.66010546 -2.34646923 -0.68176622 
1.66810054e-05 -9.44154287 -7.64519331 -4.66010546 -2.34646923 -0.68176622 
1.29154967e-05 -9.44154287 -7.64519331 -4.66010546 -2.34646923 -0.68176622 
1.00000000e-05 -9.44154287 -7.64519331 -4.66010546 -2.34646923 -0.68176622 
7.74263683e-06 -9.44154287 -7.64519331 -4.66010546 -2.34646923 -0.68176622 
5.99484250e-06 -9.44154287 -7.64519331 -4.66010546 -2.34646923 -0.68176622 
4.64158883e-06 -9.44154287 -7.64519331 -4.66010546 -2.34646923 -0.68176622 
3.59381366e-06 -9.44154287 -7.64519331 -4.66010546 -2.34646923 -0.68176622 
2.78255940e-06 -9.44154287 -7.64519331 -4.66010546 -2.34646923 -0.68176622 
2.15443469e-06 -9.44154287 -7.64519331 -4.66010546 -2.34646923 -0.68176622 
1.66810054e-06 -9.44154287 -7.64519331 -4.66010546 -2.34646923 -0.68176622 
1.29154967e-06 -9.44154287 -7.64519331 -4.66010546 -2.34646923 -0.68176622 
1.00000000e-06 -9.44154287 -7.64519331 -4.66010546 -2.34646923 -0.68176622 
7.74263683e-07 -9.44154287 -7.64519331 -4.66010546 -2.34646923 -0.68176622 
5.99484250e-07 -9.44154287 -7.64519331 -4.66010546 -2.34646923 -0.68176622 
4.64158883e-07 -9.44154287 -7.64519331 -4.66010546 -2.34646923 -0.68176622 
3.59381366e-07 -9.44154287 -7.64519331 -4.66010546 -2.34646923 -0.68176622 
2.78255940e-07 -9.44154287 -7.64519331 -4.66010546 -2.34646923 -0.68176622 
2.15443469e-07 -9.44154287 -7.64519331 -4.66010546 -2.34646923 -0.68176622 
1.66810054e-07 -9.44154287 -7.64519331 -4.66010546 -2.34646923 -0.68176622 
1.29154967e-07 -9.44154287 -7.64519331 -4.66010546 -2.34646923 -0.68176622 
1.00000000e-07 -9.44154287 -7.64519331 -4.66010546 -2.34646923 -0.68176622 
7.74263683e-08 -9.44154287 -7.64519331 -4.66010546 -2.34646923 -0.68176622 
5.99484250e-08 -9.44154287 -7.64519331 -4.66010546 -2.34646923 -0.68176622 
4.64158883e-08 -9.44154287 -7.64519331 -4.66010546 -2.34646923 -0.68176622 
3.59381366e-08 -9.44154287 -7.64519331 -4.66010546 -2.34646923 -0.68176622 
2.78255940e-08 -9.44154287 -7.64519331 -4.66010546 -2.34646923 -0.68176622 
2.15443469e-08 -9.44154287 -7.64519331 -4.66010546 -2.34646923 -0.68176622 
1.66810054e-08 -9.44154287 -7.64519331 -4.66010546 -2.34646923 -0.68176622 
1.29154967e-08 -9.44154287 -7.64519331 -4.66010546 -2.34646923 -0.68176622 
1.00000000e-08 -9.44154287 -7.64519331 -4.66010546 -2.34646923 -0.68176622 
7.74263683e-09 -9.44154287 -7.64519331 -4.66010546 -2.34646923 -0.68176622 
5.99484250e-09 -9.44154287 -7.64519331 -4.66010546 -2.34646923 -0.68176622 
4.64158883e-09 -9.44154287 -7.64519331 -4.66010546 -2.34646923 -0.68176622 
3.59381366e-09 -9.44154287 -7.64519331 -4.66010546 -2.34646923 -0.68176622 
2.78255940e-09 -9.44154287 -7.64519331 -4.66010546 -2.34646923 -0.68176622 
2.15443469e-09 -9.44154287 -7.64519331 -4.66010546 -2.34646923 -0.68176622 
1.66810054e-09 -9.44154287 -7.64519331 -4.66010546 -2.34646923 -0.68176622 
1.29154967e-09 -9.44154287 -7.64519331 -4.66010546 -2.34646923 -0.68176622 
1.00000000e-09 -9.44154287 -7.64519331 -4.66010546 -2.34646923 -0.68176622 
7.74263683e-10 -9.44154287 -7.64519331 -4.66010546 -2.34646923 -0.68176622 
5.99484250e-10 -9.44154287 -7.64519331 -4.66010546 -2.34646923 -0.68176622 
4.64158883e-10 -9.44154287 -7.64519331 -4.66010546 -2.34646923 -0.68176622 
3.59381366e-10 -9.44154287 -7.64519331 -4.66010546 -2.34646923 -0.68176622 
2.78255940e-10 -9.44154287 -7.64519331 -4.66010546 -2.34646923 -0.68176622 
2.15443469e-10 -9.44154287 -7.64519331 -4.66010546 -2.34646923 -0.68176622 
1.66810054e-10 -9.44154287 -7.64519331 -4.66010546 -2.34646923 -0.68176622 
1.29154967e-10 -9.44154287 -7.64519331 -4.66010546 -2.34646923 -0.68176622 
1.00000000e-10 -9.44154287 -7.64519331 -4.66010546 -2.34646923 -0.68176622 
P (bar) | log_NH3: -2σ | log_NH3: -1σ | log_NH3: median | log_NH3: +1σ | log_NH3: +2σ 
1.00000000e+01 -11.75560770 -10.64635449 -8.26476152 -5.98151169 -4.43935466 
7.74263683e+00 -11.75560770 -10.64635449 -8.26476152 -5.98151169 -4.43935466 
5.99484250e+00 -11.75560770 -10.64635449 -8.26476152 -5.98151169 -4.43935466 
4.64158883e+00 -11.75560770 -10.64635449 -8.26476152 -5.98151169 -4.43935466 
3.59381366e+00 -11.75560770 -10.64635449 -8.26476152 -5.98151169 -4.43935466 
2.78255940e+00 -11.75560770 -10.64635449 -8.26476152 -5.98151169 -4.43935466 
2.15443469e+00 -11.75560770 -10.64635449 -8.26476152 -5.98151169 -4.43935466 
1.66810054e+00 -11.75560770 -10.64635449 -8.26476152 -5.98151169 -4.43935466 
1.29154967e+00 -11.75560770 -10.64635449 -8.26476152 -5.98151169 -4.43935466 
1.00000000e+00 -11.75560770 -10.64635449 -8.26476152 -5.98151169 -4.43935466 
7.74263683e-01 -11.75560770 -10.64635449 -8.26476152 -5.98151169 -4.43935466 
5.99484250e-01 -11.75560770 -10.64635449 -8.26476152 -5.98151169 -4.43935466 
4.64158883e-01 -11.75560770 -10.64635449 -8.26476152 -5.98151169 -4.43935466 
3.59381366e-01 -11.75560770 -10.64635449 -8.26476152 -5.98151169 -4.43935466 
2.78255940e-01 -11.75560770 -10.64635449 -8.26476152 -5.98151169 -4.43935466 
2.15443469e-01 -11.75560770 -10.64635449 -8.26476152 -5.98151169 -4.43935466 
1.66810054e-01 -11.75560770 -10.64635449 -8.26476152 -5.98151169 -4.43935466 
1.29154967e-01 -11.75560770 -10.64635449 -8.26476152 -5.98151169 -4.43935466 
1.00000000e-01 -11.75560770 -10.64635449 -8.26476152 -5.98151169 -4.43935466 
7.74263683e-02 -11.75560770 -10.64635449 -8.26476152 -5.98151169 -4.43935466 
5.99484250e-02 -11.75560770 -10.64635449 -8.26476152 -5.98151169 -4.43935466 
4.64158883e-02 -11.75560770 -10.64635449 -8.26476152 -5.98151169 -4.43935466 
3.59381366e-02 -11.75560770 -10.64635449 -8.26476152 -5.98151169 -4.43935466 
2.78255940e-02 -11.75560770 -10.64635449 -8.26476152 -5.98151169 -4.43935466 
2.15443469e-02 -11.75560770 -10.64635449 -8.26476152 -5.98151169 -4.43935466 
1.66810054e-02 -11.75560770 -10.64635449 -8.26476152 -5.98151169 -4.43935466 
1.29154967e-02 -11.75560770 -10.64635449 -8.26476152 -5.98151169 -4.43935466 
1.00000000e-02 -11.75560770 -10.64635449 -8.26476152 -5.98151169 -4.43935466 
7.74263683e-03 -11.75560770 -10.64635449 -8.26476152 -5.98151169 -4.43935466 
5.99484250e-03 -11.75560770 -10.64635449 -8.26476152 -5.98151169 -4.43935466 
4.64158883e-03 -11.75560770 -10.64635449 -8.26476152 -5.98151169 -4.43935466 
3.59381366e-03 -11.75560770 -10.64635449 -8.26476152 -5.98151169 -4.43935466 
2.78255940e-03 -11.75560770 -10.64635449 -8.26476152 -5.98151169 -4.43935466 
2.15443469e-03 -11.75560770 -10.64635449 -8.26476152 -5.98151169 -4.43935466 
1.66810054e-03 -11.75560770 -10.64635449 -8.26476152 -5.98151169 -4.43935466 
1.29154967e-03 -11.75560770 -10.64635449 -8.26476152 -5.98151169 -4.43935466 
1.00000000e-03 -11.75560770 -10.64635449 -8.26476152 -5.98151169 -4.43935466 
7.74263683e-04 -11.75560770 -10.64635449 -8.26476152 -5.98151169 -4.43935466 
5.99484250e-04 -11.75560770 -10.64635449 -8.26476152 -5.98151169 -4.43935466 
4.64158883e-04 -11.75560770 -10.64635449 -8.26476152 -5.98151169 -4.43935466 
3.59381366e-04 -11.75560770 -10.64635449 -8.26476152 -5.98151169 -4.43935466 
2.78255940e-04 -11.75560770 -10.64635449 -8.26476152 -5.98151169 -4.43935466 
2.15443469e-04 -11.75560770 -10.64635449 -8.26476152 -5.98151169 -4.43935466 
1.66810054e-04 -11.75560770 -10.64635449 -8.26476152 -5.98151169 -4.43935466 
1.29154967e-04 -11.75560770 -10.64635449 -8.26476152 -5.98151169 -4.43935466 
1.00000000e-04 -11.75560770 -10.64635449 -8.26476152 -5.98151169 -4.43935466 
7.74263683e-05 -11.75560770 -10.64635449 -8.26476152 -5.98151169 -4.43935466 
5.99484250e-05 -11.75560770 -10.64635449 -8.26476152 -5.98151169 -4.43935466 
4.64158883e-05 -11.75560770 -10.64635449 -8.26476152 -5.98151169 -4.43935466 
3.59381366e-05 -11.75560770 -10.64635449 -8.26476152 -5.98151169 -4.43935466 
2.78255940e-05 -11.75560770 -10.64635449 -8.26476152 -5.98151169 -4.43935466 
2.15443469e-05 -11.75560770 -10.64635449 -8.26476152 -5.98151169 -4.43935466 
1.66810054e-05 -11.75560770 -10.64635449 -8.26476152 -5.98151169 -4.43935466 
1.29154967e-05 -11.75560770 -10.64635449 -8.26476152 -5.98151169 -4.43935466 
1.00000000e-05 -11.75560770 -10.64635449 -8.26476152 -5.98151169 -4.43935466 
7.74263683e-06 -11.75560770 -10.64635449 -8.26476152 -5.98151169 -4.43935466 
5.99484250e-06 -11.75560770 -10.64635449 -8.26476152 -5.98151169 -4.43935466 
4.64158883e-06 -11.75560770 -10.64635449 -8.26476152 -5.98151169 -4.43935466 
3.59381366e-06 -11.75560770 -10.64635449 -8.26476152 -5.98151169 -4.43935466 
2.78255940e-06 -11.75560770 -10.64635449 -8.26476152 -5.98151169 -4.43935466 
2.15443469e-06 -11.75560770 -10.64635449 -8.26476152 -5.98151169 -4.43935466 
1.66810054e-06 -11.75560770 -10.64635449 -8.26476152 -5.98151169 -4.43935466 
1.29154967e-06 -11.75560770 -10.64635449 -8.26476152 -5.98151169 -4.43935466 
1.00000000e-06 -11.75560770 -10.64635449 -8.26476152 -5.98151169 -4.43935466 
7.74263683e-07 -11.75560770 -10.64635449 -8.26476152 -5.98151169 -4.43935466 
5.99484250e-07 -11.75560770 -10.64635449 -8.26476152 -5.98151169 -4.43935466 
4.64158883e-07 -11.75560770 -10.64635449 -8.26476152 -5.98151169 -4.43935466 
3.59381366e-07 -11.75560770 -10.64635449 -8.26476152 -5.98151169 -4.43935466 
2.78255940e-07 -11.75560770 -10.64635449 -8.26476152 -5.98151169 -4.43935466 
2.15443469e-07 -11.75560770 -10.64635449 -8.26476152 -5.98151169 -4.43935466 
1.66810054e-07 -11.75560770 -10.64635449 -8.26476152 -5.98151169 -4.43935466 
1.29154967e-07 -11.75560770 -10.64635449 -8.26476152 -5.98151169 -4.43935466 
1.00000000e-07 -11.75560770 -10.64635449 -8.26476152 -5.98151169 -4.43935466 
7.74263683e-08 -11.75560770 -10.64635449 -8.26476152 -5.98151169 -4.43935466 
5.99484250e-08 -11.75560770 -10.64635449 -8.26476152 -5.98151169 -4.43935466 
4.64158883e-08 -11.75560770 -10.64635449 -8.26476152 -5.98151169 -4.43935466 
3.59381366e-08 -11.75560770 -10.64635449 -8.26476152 -5.98151169 -4.43935466 
2.78255940e-08 -11.75560770 -10.64635449 -8.26476152 -5.98151169 -4.43935466 
2.15443469e-08 -11.75560770 -10.64635449 -8.26476152 -5.98151169 -4.43935466 
1.66810054e-08 -11.75560770 -10.64635449 -8.26476152 -5.98151169 -4.43935466 
1.29154967e-08 -11.75560770 -10.64635449 -8.26476152 -5.98151169 -4.43935466 
1.00000000e-08 -11.75560770 -10.64635449 -8.26476152 -5.98151169 -4.43935466 
7.74263683e-09 -11.75560770 -10.64635449 -8.26476152 -5.98151169 -4.43935466 
5.99484250e-09 -11.75560770 -10.64635449 -8.26476152 -5.98151169 -4.43935466 
4.64158883e-09 -11.75560770 -10.64635449 -8.26476152 -5.98151169 -4.43935466 
3.59381366e-09 -11.75560770 -10.64635449 -8.26476152 -5.98151169 -4.43935466 
2.78255940e-09 -11.75560770 -10.64635449 -8.26476152 -5.98151169 -4.43935466 
2.15443469e-09 -11.75560770 -10.64635449 -8.26476152 -5.98151169 -4.43935466 
1.66810054e-09 -11.75560770 -10.64635449 -8.26476152 -5.98151169 -4.43935466 
1.29154967e-09 -11.75560770 -10.64635449 -8.26476152 -5.98151169 -4.43935466 
1.00000000e-09 -11.75560770 -10.64635449 -8.26476152 -5.98151169 -4.43935466 
7.74263683e-10 -11.75560770 -10.64635449 -8.26476152 -5.98151169 -4.43935466 
5.99484250e-10 -11.75560770 -10.64635449 -8.26476152 -5.98151169 -4.43935466 
4.64158883e-10 -11.75560770 -10.64635449 -8.26476152 -5.98151169 -4.43935466 
3.59381366e-10 -11.75560770 -10.64635449 -8.26476152 -5.98151169 -4.43935466 
2.78255940e-10 -11.75560770 -10.64635449 -8.26476152 -5.98151169 -4.43935466 
2.15443469e-10 -11.75560770 -10.64635449 -8.26476152 -5.98151169 -4.43935466 
1.66810054e-10 -11.75560770 -10.64635449 -8.26476152 -5.98151169 -4.43935466 
1.29154967e-10 -11.75560770 -10.64635449 -8.26476152 -5.98151169 -4.43935466 
1.00000000e-10 -11.75560770 -10.64635449 -8.26476152 -5.98151169 -4.43935466 
