Chemical species: N2 H2O CO2 CH4 O2 O3 N2O NH3
P (bar) | log_N2: -2σ | log_N2: -1σ | log_N2: median | log_N2: +1σ | log_N2: +2σ 
1.00000000e+01 -0.55024865 -0.08854310 -0.00368722 -0.00005294 -0.00000053 
7.74263683e+00 -0.55024865 -0.08854310 -0.00368722 -0.00005294 -0.00000053 
5.99484250e+00 -0.55024865 -0.08854310 -0.00368722 -0.00005294 -0.00000053 
4.64158883e+00 -0.55024865 -0.08854310 -0.00368722 -0.00005294 -0.00000053 
3.59381366e+00 -0.55024865 -0.08854310 -0.00368722 -0.00005294 -0.00000053 
2.78255940e+00 -0.55024865 -0.08854310 -0.00368722 -0.00005294 -0.00000053 
2.15443469e+00 -0.55024865 -0.08854310 -0.00368722 -0.00005294 -0.00000053 
1.66810054e+00 -0.55024865 -0.08854310 -0.00368722 -0.00005294 -0.00000053 
1.29154967e+00 -0.55024865 -0.08854310 -0.00368722 -0.00005294 -0.00000053 
1.00000000e+00 -0.55024865 -0.08854310 -0.00368722 -0.00005294 -0.00000053 
7.74263683e-01 -0.55024865 -0.08854310 -0.00368722 -0.00005294 -0.00000053 
5.99484250e-01 -0.55024865 -0.08854310 -0.00368722 -0.00005294 -0.00000053 
4.64158883e-01 -0.55024865 -0.08854310 -0.00368722 -0.00005294 -0.00000053 
3.59381366e-01 -0.55024865 -0.08854310 -0.00368722 -0.00005294 -0.00000053 
2.78255940e-01 -0.55024865 -0.08854310 -0.00368722 -0.00005294 -0.00000053 
2.15443469e-01 -0.55024865 -0.08854310 -0.00368722 -0.00005294 -0.00000053 
1.66810054e-01 -0.55024865 -0.08854310 -0.00368722 -0.00005294 -0.00000053 
1.29154967e-01 -0.55024865 -0.08854310 -0.00368722 -0.00005294 -0.00000053 
1.00000000e-01 -0.55024865 -0.08854310 -0.00368722 -0.00005294 -0.00000053 
7.74263683e-02 -0.55024865 -0.08854310 -0.00368722 -0.00005294 -0.00000053 
5.99484250e-02 -0.55024865 -0.08854310 -0.00368722 -0.00005294 -0.00000053 
4.64158883e-02 -0.55024865 -0.08854310 -0.00368722 -0.00005294 -0.00000053 
3.59381366e-02 -0.55024865 -0.08854310 -0.00368722 -0.00005294 -0.00000053 
2.78255940e-02 -0.55024865 -0.08854310 -0.00368722 -0.00005294 -0.00000053 
2.15443469e-02 -0.55024865 -0.08854310 -0.00368722 -0.00005294 -0.00000053 
1.66810054e-02 -0.55024865 -0.08854310 -0.00368722 -0.00005294 -0.00000053 
1.29154967e-02 -0.55024865 -0.08854310 -0.00368722 -0.00005294 -0.00000053 
1.00000000e-02 -0.55024865 -0.08854310 -0.00368722 -0.00005294 -0.00000053 
7.74263683e-03 -0.55024865 -0.08854310 -0.00368722 -0.00005294 -0.00000053 
5.99484250e-03 -0.55024865 -0.08854310 -0.00368722 -0.00005294 -0.00000053 
4.64158883e-03 -0.55024865 -0.08854310 -0.00368722 -0.00005294 -0.00000053 
3.59381366e-03 -0.55024865 -0.08854310 -0.00368722 -0.00005294 -0.00000053 
2.78255940e-03 -0.55024865 -0.08854310 -0.00368722 -0.00005294 -0.00000053 
2.15443469e-03 -0.55024865 -0.08854310 -0.00368722 -0.00005294 -0.00000053 
1.66810054e-03 -0.55024865 -0.08854310 -0.00368722 -0.00005294 -0.00000053 
1.29154967e-03 -0.55024865 -0.08854310 -0.00368722 -0.00005294 -0.00000053 
1.00000000e-03 -0.55024865 -0.08854310 -0.00368722 -0.00005294 -0.00000053 
7.74263683e-04 -0.55024865 -0.08854310 -0.00368722 -0.00005294 -0.00000053 
5.99484250e-04 -0.55024865 -0.08854310 -0.00368722 -0.00005294 -0.00000053 
4.64158883e-04 -0.55024865 -0.08854310 -0.00368722 -0.00005294 -0.00000053 
3.59381366e-04 -0.55024865 -0.08854310 -0.00368722 -0.00005294 -0.00000053 
2.78255940e-04 -0.55024865 -0.08854310 -0.00368722 -0.00005294 -0.00000053 
2.15443469e-04 -0.55024865 -0.08854310 -0.00368722 -0.00005294 -0.00000053 
1.66810054e-04 -0.55024865 -0.08854310 -0.00368722 -0.00005294 -0.00000053 
1.29154967e-04 -0.55024865 -0.08854310 -0.00368722 -0.00005294 -0.00000053 
1.00000000e-04 -0.55024865 -0.08854310 -0.00368722 -0.00005294 -0.00000053 
7.74263683e-05 -0.55024865 -0.08854310 -0.00368722 -0.00005294 -0.00000053 
5.99484250e-05 -0.55024865 -0.08854310 -0.00368722 -0.00005294 -0.00000053 
4.64158883e-05 -0.55024865 -0.08854310 -0.00368722 -0.00005294 -0.00000053 
3.59381366e-05 -0.55024865 -0.08854310 -0.00368722 -0.00005294 -0.00000053 
2.78255940e-05 -0.55024865 -0.08854310 -0.00368722 -0.00005294 -0.00000053 
2.15443469e-05 -0.55024865 -0.08854310 -0.00368722 -0.00005294 -0.00000053 
1.66810054e-05 -0.55024865 -0.08854310 -0.00368722 -0.00005294 -0.00000053 
1.29154967e-05 -0.55024865 -0.08854310 -0.00368722 -0.00005294 -0.00000053 
1.00000000e-05 -0.55024865 -0.08854310 -0.00368722 -0.00005294 -0.00000053 
7.74263683e-06 -0.55024865 -0.08854310 -0.00368722 -0.00005294 -0.00000053 
5.99484250e-06 -0.55024865 -0.08854310 -0.00368722 -0.00005294 -0.00000053 
4.64158883e-06 -0.55024865 -0.08854310 -0.00368722 -0.00005294 -0.00000053 
3.59381366e-06 -0.55024865 -0.08854310 -0.00368722 -0.00005294 -0.00000053 
2.78255940e-06 -0.55024865 -0.08854310 -0.00368722 -0.00005294 -0.00000053 
2.15443469e-06 -0.55024865 -0.08854310 -0.00368722 -0.00005294 -0.00000053 
1.66810054e-06 -0.55024865 -0.08854310 -0.00368722 -0.00005294 -0.00000053 
1.29154967e-06 -0.55024865 -0.08854310 -0.00368722 -0.00005294 -0.00000053 
1.00000000e-06 -0.55024865 -0.08854310 -0.00368722 -0.00005294 -0.00000053 
7.74263683e-07 -0.55024865 -0.08854310 -0.00368722 -0.00005294 -0.00000053 
5.99484250e-07 -0.55024865 -0.08854310 -0.00368722 -0.00005294 -0.00000053 
4.64158883e-07 -0.55024865 -0.08854310 -0.00368722 -0.00005294 -0.00000053 
3.59381366e-07 -0.55024865 -0.08854310 -0.00368722 -0.00005294 -0.00000053 
2.78255940e-07 -0.55024865 -0.08854310 -0.00368722 -0.00005294 -0.00000053 
2.15443469e-07 -0.55024865 -0.08854310 -0.00368722 -0.00005294 -0.00000053 
1.66810054e-07 -0.55024865 -0.08854310 -0.00368722 -0.00005294 -0.00000053 
1.29154967e-07 -0.55024865 -0.08854310 -0.00368722 -0.00005294 -0.00000053 
1.00000000e-07 -0.55024865 -0.08854310 -0.00368722 -0.00005294 -0.00000053 
7.74263683e-08 -0.55024865 -0.08854310 -0.00368722 -0.00005294 -0.00000053 
5.99484250e-08 -0.55024865 -0.08854310 -0.00368722 -0.00005294 -0.00000053 
4.64158883e-08 -0.55024865 -0.08854310 -0.00368722 -0.00005294 -0.00000053 
3.59381366e-08 -0.55024865 -0.08854310 -0.00368722 -0.00005294 -0.00000053 
2.78255940e-08 -0.55024865 -0.08854310 -0.00368722 -0.00005294 -0.00000053 
2.15443469e-08 -0.55024865 -0.08854310 -0.00368722 -0.00005294 -0.00000053 
1.66810054e-08 -0.55024865 -0.08854310 -0.00368722 -0.00005294 -0.00000053 
1.29154967e-08 -0.55024865 -0.08854310 -0.00368722 -0.00005294 -0.00000053 
1.00000000e-08 -0.55024865 -0.08854310 -0.00368722 -0.00005294 -0.00000053 
7.74263683e-09 -0.55024865 -0.08854310 -0.00368722 -0.00005294 -0.00000053 
5.99484250e-09 -0.55024865 -0.08854310 -0.00368722 -0.00005294 -0.00000053 
4.64158883e-09 -0.55024865 -0.08854310 -0.00368722 -0.00005294 -0.00000053 
3.59381366e-09 -0.55024865 -0.08854310 -0.00368722 -0.00005294 -0.00000053 
2.78255940e-09 -0.55024865 -0.08854310 -0.00368722 -0.00005294 -0.00000053 
2.15443469e-09 -0.55024865 -0.08854310 -0.00368722 -0.00005294 -0.00000053 
1.66810054e-09 -0.55024865 -0.08854310 -0.00368722 -0.00005294 -0.00000053 
1.29154967e-09 -0.55024865 -0.08854310 -0.00368722 -0.00005294 -0.00000053 
1.00000000e-09 -0.55024865 -0.08854310 -0.00368722 -0.00005294 -0.00000053 
7.74263683e-10 -0.55024865 -0.08854310 -0.00368722 -0.00005294 -0.00000053 
5.99484250e-10 -0.55024865 -0.08854310 -0.00368722 -0.00005294 -0.00000053 
4.64158883e-10 -0.55024865 -0.08854310 -0.00368722 -0.00005294 -0.00000053 
3.59381366e-10 -0.55024865 -0.08854310 -0.00368722 -0.00005294 -0.00000053 
2.78255940e-10 -0.55024865 -0.08854310 -0.00368722 -0.00005294 -0.00000053 
2.15443469e-10 -0.55024865 -0.08854310 -0.00368722 -0.00005294 -0.00000053 
1.66810054e-10 -0.55024865 -0.08854310 -0.00368722 -0.00005294 -0.00000053 
1.29154967e-10 -0.55024865 -0.08854310 -0.00368722 -0.00005294 -0.00000053 
1.00000000e-10 -0.55024865 -0.08854310 -0.00368722 -0.00005294 -0.00000053 
P (bar) | log_H2O: -2σ | log_H2O: -1σ | log_H2O: median | log_H2O: +1σ | log_H2O: +2σ 
1.00000000e+01 -9.62538521 -7.43310574 -4.12913756 -2.06220046 -0.77147086 
7.74263683e+00 -9.62538521 -7.43310574 -4.12913756 -2.06220046 -0.77147086 
5.99484250e+00 -9.62538521 -7.43310574 -4.12913756 -2.06220046 -0.77147086 
4.64158883e+00 -9.62538521 -7.43310574 -4.12913756 -2.06220046 -0.77147086 
3.59381366e+00 -9.62538521 -7.43310574 -4.12913756 -2.06220046 -0.77147086 
2.78255940e+00 -9.62538521 -7.43310574 -4.12913756 -2.06220046 -0.77147086 
2.15443469e+00 -9.62538521 -7.43310574 -4.12913756 -2.06220046 -0.77147086 
1.66810054e+00 -9.62538521 -7.43310574 -4.12913756 -2.06220046 -0.77147086 
1.29154967e+00 -9.62538521 -7.43310574 -4.12913756 -2.06220046 -0.77147086 
1.00000000e+00 -9.62538521 -7.43310574 -4.12913756 -2.06220046 -0.77147086 
7.74263683e-01 -9.62538521 -7.43310574 -4.12913756 -2.06220046 -0.77147086 
5.99484250e-01 -9.62538521 -7.43310574 -4.12913756 -2.06220046 -0.77147086 
4.64158883e-01 -9.62538521 -7.43310574 -4.12913756 -2.06220046 -0.77147086 
3.59381366e-01 -9.62538521 -7.43310574 -4.12913756 -2.06220046 -0.77147086 
2.78255940e-01 -9.62538521 -7.43310574 -4.12913756 -2.06220046 -0.77147086 
2.15443469e-01 -9.62538521 -7.43310574 -4.12913756 -2.06220046 -0.77147086 
1.66810054e-01 -9.62538521 -7.43310574 -4.12913756 -2.06220046 -0.77147086 
1.29154967e-01 -9.62538521 -7.43310574 -4.12913756 -2.06220046 -0.77147086 
1.00000000e-01 -9.62538521 -7.43310574 -4.12913756 -2.06220046 -0.77147086 
7.74263683e-02 -9.62538521 -7.43310574 -4.12913756 -2.06220046 -0.77147086 
5.99484250e-02 -9.62538521 -7.43310574 -4.12913756 -2.06220046 -0.77147086 
4.64158883e-02 -9.62538521 -7.43310574 -4.12913756 -2.06220046 -0.77147086 
3.59381366e-02 -9.62538521 -7.43310574 -4.12913756 -2.06220046 -0.77147086 
2.78255940e-02 -9.62538521 -7.43310574 -4.12913756 -2.06220046 -0.77147086 
2.15443469e-02 -9.62538521 -7.43310574 -4.12913756 -2.06220046 -0.77147086 
1.66810054e-02 -9.62538521 -7.43310574 -4.12913756 -2.06220046 -0.77147086 
1.29154967e-02 -9.62538521 -7.43310574 -4.12913756 -2.06220046 -0.77147086 
1.00000000e-02 -9.62538521 -7.43310574 -4.12913756 -2.06220046 -0.77147086 
7.74263683e-03 -9.62538521 -7.43310574 -4.12913756 -2.06220046 -0.77147086 
5.99484250e-03 -9.62538521 -7.43310574 -4.12913756 -2.06220046 -0.77147086 
4.64158883e-03 -9.62538521 -7.43310574 -4.12913756 -2.06220046 -0.77147086 
3.59381366e-03 -9.62538521 -7.43310574 -4.12913756 -2.06220046 -0.77147086 
2.78255940e-03 -9.62538521 -7.43310574 -4.12913756 -2.06220046 -0.77147086 
2.15443469e-03 -9.62538521 -7.43310574 -4.12913756 -2.06220046 -0.77147086 
1.66810054e-03 -9.62538521 -7.43310574 -4.12913756 -2.06220046 -0.77147086 
1.29154967e-03 -9.62538521 -7.43310574 -4.12913756 -2.06220046 -0.77147086 
1.00000000e-03 -9.62538521 -7.43310574 -4.12913756 -2.06220046 -0.77147086 
7.74263683e-04 -9.62538521 -7.43310574 -4.12913756 -2.06220046 -0.77147086 
5.99484250e-04 -9.62538521 -7.43310574 -4.12913756 -2.06220046 -0.77147086 
4.64158883e-04 -9.62538521 -7.43310574 -4.12913756 -2.06220046 -0.77147086 
3.59381366e-04 -9.62538521 -7.43310574 -4.12913756 -2.06220046 -0.77147086 
2.78255940e-04 -9.62538521 -7.43310574 -4.12913756 -2.06220046 -0.77147086 
2.15443469e-04 -9.62538521 -7.43310574 -4.12913756 -2.06220046 -0.77147086 
1.66810054e-04 -9.62538521 -7.43310574 -4.12913756 -2.06220046 -0.77147086 
1.29154967e-04 -9.62538521 -7.43310574 -4.12913756 -2.06220046 -0.77147086 
1.00000000e-04 -9.62538521 -7.43310574 -4.12913756 -2.06220046 -0.77147086 
7.74263683e-05 -9.62538521 -7.43310574 -4.12913756 -2.06220046 -0.77147086 
5.99484250e-05 -9.62538521 -7.43310574 -4.12913756 -2.06220046 -0.77147086 
4.64158883e-05 -9.62538521 -7.43310574 -4.12913756 -2.06220046 -0.77147086 
3.59381366e-05 -9.62538521 -7.43310574 -4.12913756 -2.06220046 -0.77147086 
2.78255940e-05 -9.62538521 -7.43310574 -4.12913756 -2.06220046 -0.77147086 
2.15443469e-05 -9.62538521 -7.43310574 -4.12913756 -2.06220046 -0.77147086 
1.66810054e-05 -9.62538521 -7.43310574 -4.12913756 -2.06220046 -0.77147086 
1.29154967e-05 -9.62538521 -7.43310574 -4.12913756 -2.06220046 -0.77147086 
1.00000000e-05 -9.62538521 -7.43310574 -4.12913756 -2.06220046 -0.77147086 
7.74263683e-06 -9.62538521 -7.43310574 -4.12913756 -2.06220046 -0.77147086 
5.99484250e-06 -9.62538521 -7.43310574 -4.12913756 -2.06220046 -0.77147086 
4.64158883e-06 -9.62538521 -7.43310574 -4.12913756 -2.06220046 -0.77147086 
3.59381366e-06 -9.62538521 -7.43310574 -4.12913756 -2.06220046 -0.77147086 
2.78255940e-06 -9.62538521 -7.43310574 -4.12913756 -2.06220046 -0.77147086 
2.15443469e-06 -9.62538521 -7.43310574 -4.12913756 -2.06220046 -0.77147086 
1.66810054e-06 -9.62538521 -7.43310574 -4.12913756 -2.06220046 -0.77147086 
1.29154967e-06 -9.62538521 -7.43310574 -4.12913756 -2.06220046 -0.77147086 
1.00000000e-06 -9.62538521 -7.43310574 -4.12913756 -2.06220046 -0.77147086 
7.74263683e-07 -9.62538521 -7.43310574 -4.12913756 -2.06220046 -0.77147086 
5.99484250e-07 -9.62538521 -7.43310574 -4.12913756 -2.06220046 -0.77147086 
4.64158883e-07 -9.62538521 -7.43310574 -4.12913756 -2.06220046 -0.77147086 
3.59381366e-07 -9.62538521 -7.43310574 -4.12913756 -2.06220046 -0.77147086 
2.78255940e-07 -9.62538521 -7.43310574 -4.12913756 -2.06220046 -0.77147086 
2.15443469e-07 -9.62538521 -7.43310574 -4.12913756 -2.06220046 -0.77147086 
1.66810054e-07 -9.62538521 -7.43310574 -4.12913756 -2.06220046 -0.77147086 
1.29154967e-07 -9.62538521 -7.43310574 -4.12913756 -2.06220046 -0.77147086 
1.00000000e-07 -9.62538521 -7.43310574 -4.12913756 -2.06220046 -0.77147086 
7.74263683e-08 -9.62538521 -7.43310574 -4.12913756 -2.06220046 -0.77147086 
5.99484250e-08 -9.62538521 -7.43310574 -4.12913756 -2.06220046 -0.77147086 
4.64158883e-08 -9.62538521 -7.43310574 -4.12913756 -2.06220046 -0.77147086 
3.59381366e-08 -9.62538521 -7.43310574 -4.12913756 -2.06220046 -0.77147086 
2.78255940e-08 -9.62538521 -7.43310574 -4.12913756 -2.06220046 -0.77147086 
2.15443469e-08 -9.62538521 -7.43310574 -4.12913756 -2.06220046 -0.77147086 
1.66810054e-08 -9.62538521 -7.43310574 -4.12913756 -2.06220046 -0.77147086 
1.29154967e-08 -9.62538521 -7.43310574 -4.12913756 -2.06220046 -0.77147086 
1.00000000e-08 -9.62538521 -7.43310574 -4.12913756 -2.06220046 -0.77147086 
7.74263683e-09 -9.62538521 -7.43310574 -4.12913756 -2.06220046 -0.77147086 
5.99484250e-09 -9.62538521 -7.43310574 -4.12913756 -2.06220046 -0.77147086 
4.64158883e-09 -9.62538521 -7.43310574 -4.12913756 -2.06220046 -0.77147086 
3.59381366e-09 -9.62538521 -7.43310574 -4.12913756 -2.06220046 -0.77147086 
2.78255940e-09 -9.62538521 -7.43310574 -4.12913756 -2.06220046 -0.77147086 
2.15443469e-09 -9.62538521 -7.43310574 -4.12913756 -2.06220046 -0.77147086 
1.66810054e-09 -9.62538521 -7.43310574 -4.12913756 -2.06220046 -0.77147086 
1.29154967e-09 -9.62538521 -7.43310574 -4.12913756 -2.06220046 -0.77147086 
1.00000000e-09 -9.62538521 -7.43310574 -4.12913756 -2.06220046 -0.77147086 
7.74263683e-10 -9.62538521 -7.43310574 -4.12913756 -2.06220046 -0.77147086 
5.99484250e-10 -9.62538521 -7.43310574 -4.12913756 -2.06220046 -0.77147086 
4.64158883e-10 -9.62538521 -7.43310574 -4.12913756 -2.06220046 -0.77147086 
3.59381366e-10 -9.62538521 -7.43310574 -4.12913756 -2.06220046 -0.77147086 
2.78255940e-10 -9.62538521 -7.43310574 -4.12913756 -2.06220046 -0.77147086 
2.15443469e-10 -9.62538521 -7.43310574 -4.12913756 -2.06220046 -0.77147086 
1.66810054e-10 -9.62538521 -7.43310574 -4.12913756 -2.06220046 -0.77147086 
1.29154967e-10 -9.62538521 -7.43310574 -4.12913756 -2.06220046 -0.77147086 
1.00000000e-10 -9.62538521 -7.43310574 -4.12913756 -2.06220046 -0.77147086 
P (bar) | log_CO2: -2σ | log_CO2: -1σ | log_CO2: median | log_CO2: +1σ | log_CO2: +2σ 
1.00000000e+01 -9.62082995 -7.69117717 -4.22558430 -1.30738541 -0.22101019 
7.74263683e+00 -9.62082995 -7.69117717 -4.22558430 -1.30738541 -0.22101019 
5.99484250e+00 -9.62082995 -7.69117717 -4.22558430 -1.30738541 -0.22101019 
4.64158883e+00 -9.62082995 -7.69117717 -4.22558430 -1.30738541 -0.22101019 
3.59381366e+00 -9.62082995 -7.69117717 -4.22558430 -1.30738541 -0.22101019 
2.78255940e+00 -9.62082995 -7.69117717 -4.22558430 -1.30738541 -0.22101019 
2.15443469e+00 -9.62082995 -7.69117717 -4.22558430 -1.30738541 -0.22101019 
1.66810054e+00 -9.62082995 -7.69117717 -4.22558430 -1.30738541 -0.22101019 
1.29154967e+00 -9.62082995 -7.69117717 -4.22558430 -1.30738541 -0.22101019 
1.00000000e+00 -9.62082995 -7.69117717 -4.22558430 -1.30738541 -0.22101019 
7.74263683e-01 -9.62082995 -7.69117717 -4.22558430 -1.30738541 -0.22101019 
5.99484250e-01 -9.62082995 -7.69117717 -4.22558430 -1.30738541 -0.22101019 
4.64158883e-01 -9.62082995 -7.69117717 -4.22558430 -1.30738541 -0.22101019 
3.59381366e-01 -9.62082995 -7.69117717 -4.22558430 -1.30738541 -0.22101019 
2.78255940e-01 -9.62082995 -7.69117717 -4.22558430 -1.30738541 -0.22101019 
2.15443469e-01 -9.62082995 -7.69117717 -4.22558430 -1.30738541 -0.22101019 
1.66810054e-01 -9.62082995 -7.69117717 -4.22558430 -1.30738541 -0.22101019 
1.29154967e-01 -9.62082995 -7.69117717 -4.22558430 -1.30738541 -0.22101019 
1.00000000e-01 -9.62082995 -7.69117717 -4.22558430 -1.30738541 -0.22101019 
7.74263683e-02 -9.62082995 -7.69117717 -4.22558430 -1.30738541 -0.22101019 
5.99484250e-02 -9.62082995 -7.69117717 -4.22558430 -1.30738541 -0.22101019 
4.64158883e-02 -9.62082995 -7.69117717 -4.22558430 -1.30738541 -0.22101019 
3.59381366e-02 -9.62082995 -7.69117717 -4.22558430 -1.30738541 -0.22101019 
2.78255940e-02 -9.62082995 -7.69117717 -4.22558430 -1.30738541 -0.22101019 
2.15443469e-02 -9.62082995 -7.69117717 -4.22558430 -1.30738541 -0.22101019 
1.66810054e-02 -9.62082995 -7.69117717 -4.22558430 -1.30738541 -0.22101019 
1.29154967e-02 -9.62082995 -7.69117717 -4.22558430 -1.30738541 -0.22101019 
1.00000000e-02 -9.62082995 -7.69117717 -4.22558430 -1.30738541 -0.22101019 
7.74263683e-03 -9.62082995 -7.69117717 -4.22558430 -1.30738541 -0.22101019 
5.99484250e-03 -9.62082995 -7.69117717 -4.22558430 -1.30738541 -0.22101019 
4.64158883e-03 -9.62082995 -7.69117717 -4.22558430 -1.30738541 -0.22101019 
3.59381366e-03 -9.62082995 -7.69117717 -4.22558430 -1.30738541 -0.22101019 
2.78255940e-03 -9.62082995 -7.69117717 -4.22558430 -1.30738541 -0.22101019 
2.15443469e-03 -9.62082995 -7.69117717 -4.22558430 -1.30738541 -0.22101019 
1.66810054e-03 -9.62082995 -7.69117717 -4.22558430 -1.30738541 -0.22101019 
1.29154967e-03 -9.62082995 -7.69117717 -4.22558430 -1.30738541 -0.22101019 
1.00000000e-03 -9.62082995 -7.69117717 -4.22558430 -1.30738541 -0.22101019 
7.74263683e-04 -9.62082995 -7.69117717 -4.22558430 -1.30738541 -0.22101019 
5.99484250e-04 -9.62082995 -7.69117717 -4.22558430 -1.30738541 -0.22101019 
4.64158883e-04 -9.62082995 -7.69117717 -4.22558430 -1.30738541 -0.22101019 
3.59381366e-04 -9.62082995 -7.69117717 -4.22558430 -1.30738541 -0.22101019 
2.78255940e-04 -9.62082995 -7.69117717 -4.22558430 -1.30738541 -0.22101019 
2.15443469e-04 -9.62082995 -7.69117717 -4.22558430 -1.30738541 -0.22101019 
1.66810054e-04 -9.62082995 -7.69117717 -4.22558430 -1.30738541 -0.22101019 
1.29154967e-04 -9.62082995 -7.69117717 -4.22558430 -1.30738541 -0.22101019 
1.00000000e-04 -9.62082995 -7.69117717 -4.22558430 -1.30738541 -0.22101019 
7.74263683e-05 -9.62082995 -7.69117717 -4.22558430 -1.30738541 -0.22101019 
5.99484250e-05 -9.62082995 -7.69117717 -4.22558430 -1.30738541 -0.22101019 
4.64158883e-05 -9.62082995 -7.69117717 -4.22558430 -1.30738541 -0.22101019 
3.59381366e-05 -9.62082995 -7.69117717 -4.22558430 -1.30738541 -0.22101019 
2.78255940e-05 -9.62082995 -7.69117717 -4.22558430 -1.30738541 -0.22101019 
2.15443469e-05 -9.62082995 -7.69117717 -4.22558430 -1.30738541 -0.22101019 
1.66810054e-05 -9.62082995 -7.69117717 -4.22558430 -1.30738541 -0.22101019 
1.29154967e-05 -9.62082995 -7.69117717 -4.22558430 -1.30738541 -0.22101019 
1.00000000e-05 -9.62082995 -7.69117717 -4.22558430 -1.30738541 -0.22101019 
7.74263683e-06 -9.62082995 -7.69117717 -4.22558430 -1.30738541 -0.22101019 
5.99484250e-06 -9.62082995 -7.69117717 -4.22558430 -1.30738541 -0.22101019 
4.64158883e-06 -9.62082995 -7.69117717 -4.22558430 -1.30738541 -0.22101019 
3.59381366e-06 -9.62082995 -7.69117717 -4.22558430 -1.30738541 -0.22101019 
2.78255940e-06 -9.62082995 -7.69117717 -4.22558430 -1.30738541 -0.22101019 
2.15443469e-06 -9.62082995 -7.69117717 -4.22558430 -1.30738541 -0.22101019 
1.66810054e-06 -9.62082995 -7.69117717 -4.22558430 -1.30738541 -0.22101019 
1.29154967e-06 -9.62082995 -7.69117717 -4.22558430 -1.30738541 -0.22101019 
1.00000000e-06 -9.62082995 -7.69117717 -4.22558430 -1.30738541 -0.22101019 
7.74263683e-07 -9.62082995 -7.69117717 -4.22558430 -1.30738541 -0.22101019 
5.99484250e-07 -9.62082995 -7.69117717 -4.22558430 -1.30738541 -0.22101019 
4.64158883e-07 -9.62082995 -7.69117717 -4.22558430 -1.30738541 -0.22101019 
3.59381366e-07 -9.62082995 -7.69117717 -4.22558430 -1.30738541 -0.22101019 
2.78255940e-07 -9.62082995 -7.69117717 -4.22558430 -1.30738541 -0.22101019 
2.15443469e-07 -9.62082995 -7.69117717 -4.22558430 -1.30738541 -0.22101019 
1.66810054e-07 -9.62082995 -7.69117717 -4.22558430 -1.30738541 -0.22101019 
1.29154967e-07 -9.62082995 -7.69117717 -4.22558430 -1.30738541 -0.22101019 
1.00000000e-07 -9.62082995 -7.69117717 -4.22558430 -1.30738541 -0.22101019 
7.74263683e-08 -9.62082995 -7.69117717 -4.22558430 -1.30738541 -0.22101019 
5.99484250e-08 -9.62082995 -7.69117717 -4.22558430 -1.30738541 -0.22101019 
4.64158883e-08 -9.62082995 -7.69117717 -4.22558430 -1.30738541 -0.22101019 
3.59381366e-08 -9.62082995 -7.69117717 -4.22558430 -1.30738541 -0.22101019 
2.78255940e-08 -9.62082995 -7.69117717 -4.22558430 -1.30738541 -0.22101019 
2.15443469e-08 -9.62082995 -7.69117717 -4.22558430 -1.30738541 -0.22101019 
1.66810054e-08 -9.62082995 -7.69117717 -4.22558430 -1.30738541 -0.22101019 
1.29154967e-08 -9.62082995 -7.69117717 -4.22558430 -1.30738541 -0.22101019 
1.00000000e-08 -9.62082995 -7.69117717 -4.22558430 -1.30738541 -0.22101019 
7.74263683e-09 -9.62082995 -7.69117717 -4.22558430 -1.30738541 -0.22101019 
5.99484250e-09 -9.62082995 -7.69117717 -4.22558430 -1.30738541 -0.22101019 
4.64158883e-09 -9.62082995 -7.69117717 -4.22558430 -1.30738541 -0.22101019 
3.59381366e-09 -9.62082995 -7.69117717 -4.22558430 -1.30738541 -0.22101019 
2.78255940e-09 -9.62082995 -7.69117717 -4.22558430 -1.30738541 -0.22101019 
2.15443469e-09 -9.62082995 -7.69117717 -4.22558430 -1.30738541 -0.22101019 
1.66810054e-09 -9.62082995 -7.69117717 -4.22558430 -1.30738541 -0.22101019 
1.29154967e-09 -9.62082995 -7.69117717 -4.22558430 -1.30738541 -0.22101019 
1.00000000e-09 -9.62082995 -7.69117717 -4.22558430 -1.30738541 -0.22101019 
7.74263683e-10 -9.62082995 -7.69117717 -4.22558430 -1.30738541 -0.22101019 
5.99484250e-10 -9.62082995 -7.69117717 -4.22558430 -1.30738541 -0.22101019 
4.64158883e-10 -9.62082995 -7.69117717 -4.22558430 -1.30738541 -0.22101019 
3.59381366e-10 -9.62082995 -7.69117717 -4.22558430 -1.30738541 -0.22101019 
2.78255940e-10 -9.62082995 -7.69117717 -4.22558430 -1.30738541 -0.22101019 
2.15443469e-10 -9.62082995 -7.69117717 -4.22558430 -1.30738541 -0.22101019 
1.66810054e-10 -9.62082995 -7.69117717 -4.22558430 -1.30738541 -0.22101019 
1.29154967e-10 -9.62082995 -7.69117717 -4.22558430 -1.30738541 -0.22101019 
1.00000000e-10 -9.62082995 -7.69117717 -4.22558430 -1.30738541 -0.22101019 
P (bar) | log_CH4: -2σ | log_CH4: -1σ | log_CH4: median | log_CH4: +1σ | log_CH4: +2σ 
1.00000000e+01 -9.65323631 -8.57358857 -6.48816619 -4.27608949 -2.17659371 
7.74263683e+00 -9.65323631 -8.57358857 -6.48816619 -4.27608949 -2.17659371 
5.99484250e+00 -9.65323631 -8.57358857 -6.48816619 -4.27608949 -2.17659371 
4.64158883e+00 -9.65323631 -8.57358857 -6.48816619 -4.27608949 -2.17659371 
3.59381366e+00 -9.65323631 -8.57358857 -6.48816619 -4.27608949 -2.17659371 
2.78255940e+00 -9.65323631 -8.57358857 -6.48816619 -4.27608949 -2.17659371 
2.15443469e+00 -9.65323631 -8.57358857 -6.48816619 -4.27608949 -2.17659371 
1.66810054e+00 -9.65323631 -8.57358857 -6.48816619 -4.27608949 -2.17659371 
1.29154967e+00 -9.65323631 -8.57358857 -6.48816619 -4.27608949 -2.17659371 
1.00000000e+00 -9.65323631 -8.57358857 -6.48816619 -4.27608949 -2.17659371 
7.74263683e-01 -9.65323631 -8.57358857 -6.48816619 -4.27608949 -2.17659371 
5.99484250e-01 -9.65323631 -8.57358857 -6.48816619 -4.27608949 -2.17659371 
4.64158883e-01 -9.65323631 -8.57358857 -6.48816619 -4.27608949 -2.17659371 
3.59381366e-01 -9.65323631 -8.57358857 -6.48816619 -4.27608949 -2.17659371 
2.78255940e-01 -9.65323631 -8.57358857 -6.48816619 -4.27608949 -2.17659371 
2.15443469e-01 -9.65323631 -8.57358857 -6.48816619 -4.27608949 -2.17659371 
1.66810054e-01 -9.65323631 -8.57358857 -6.48816619 -4.27608949 -2.17659371 
1.29154967e-01 -9.65323631 -8.57358857 -6.48816619 -4.27608949 -2.17659371 
1.00000000e-01 -9.65323631 -8.57358857 -6.48816619 -4.27608949 -2.17659371 
7.74263683e-02 -9.65323631 -8.57358857 -6.48816619 -4.27608949 -2.17659371 
5.99484250e-02 -9.65323631 -8.57358857 -6.48816619 -4.27608949 -2.17659371 
4.64158883e-02 -9.65323631 -8.57358857 -6.48816619 -4.27608949 -2.17659371 
3.59381366e-02 -9.65323631 -8.57358857 -6.48816619 -4.27608949 -2.17659371 
2.78255940e-02 -9.65323631 -8.57358857 -6.48816619 -4.27608949 -2.17659371 
2.15443469e-02 -9.65323631 -8.57358857 -6.48816619 -4.27608949 -2.17659371 
1.66810054e-02 -9.65323631 -8.57358857 -6.48816619 -4.27608949 -2.17659371 
1.29154967e-02 -9.65323631 -8.57358857 -6.48816619 -4.27608949 -2.17659371 
1.00000000e-02 -9.65323631 -8.57358857 -6.48816619 -4.27608949 -2.17659371 
7.74263683e-03 -9.65323631 -8.57358857 -6.48816619 -4.27608949 -2.17659371 
5.99484250e-03 -9.65323631 -8.57358857 -6.48816619 -4.27608949 -2.17659371 
4.64158883e-03 -9.65323631 -8.57358857 -6.48816619 -4.27608949 -2.17659371 
3.59381366e-03 -9.65323631 -8.57358857 -6.48816619 -4.27608949 -2.17659371 
2.78255940e-03 -9.65323631 -8.57358857 -6.48816619 -4.27608949 -2.17659371 
2.15443469e-03 -9.65323631 -8.57358857 -6.48816619 -4.27608949 -2.17659371 
1.66810054e-03 -9.65323631 -8.57358857 -6.48816619 -4.27608949 -2.17659371 
1.29154967e-03 -9.65323631 -8.57358857 -6.48816619 -4.27608949 -2.17659371 
1.00000000e-03 -9.65323631 -8.57358857 -6.48816619 -4.27608949 -2.17659371 
7.74263683e-04 -9.65323631 -8.57358857 -6.48816619 -4.27608949 -2.17659371 
5.99484250e-04 -9.65323631 -8.57358857 -6.48816619 -4.27608949 -2.17659371 
4.64158883e-04 -9.65323631 -8.57358857 -6.48816619 -4.27608949 -2.17659371 
3.59381366e-04 -9.65323631 -8.57358857 -6.48816619 -4.27608949 -2.17659371 
2.78255940e-04 -9.65323631 -8.57358857 -6.48816619 -4.27608949 -2.17659371 
2.15443469e-04 -9.65323631 -8.57358857 -6.48816619 -4.27608949 -2.17659371 
1.66810054e-04 -9.65323631 -8.57358857 -6.48816619 -4.27608949 -2.17659371 
1.29154967e-04 -9.65323631 -8.57358857 -6.48816619 -4.27608949 -2.17659371 
1.00000000e-04 -9.65323631 -8.57358857 -6.48816619 -4.27608949 -2.17659371 
7.74263683e-05 -9.65323631 -8.57358857 -6.48816619 -4.27608949 -2.17659371 
5.99484250e-05 -9.65323631 -8.57358857 -6.48816619 -4.27608949 -2.17659371 
4.64158883e-05 -9.65323631 -8.57358857 -6.48816619 -4.27608949 -2.17659371 
3.59381366e-05 -9.65323631 -8.57358857 -6.48816619 -4.27608949 -2.17659371 
2.78255940e-05 -9.65323631 -8.57358857 -6.48816619 -4.27608949 -2.17659371 
2.15443469e-05 -9.65323631 -8.57358857 -6.48816619 -4.27608949 -2.17659371 
1.66810054e-05 -9.65323631 -8.57358857 -6.48816619 -4.27608949 -2.17659371 
1.29154967e-05 -9.65323631 -8.57358857 -6.48816619 -4.27608949 -2.17659371 
1.00000000e-05 -9.65323631 -8.57358857 -6.48816619 -4.27608949 -2.17659371 
7.74263683e-06 -9.65323631 -8.57358857 -6.48816619 -4.27608949 -2.17659371 
5.99484250e-06 -9.65323631 -8.57358857 -6.48816619 -4.27608949 -2.17659371 
4.64158883e-06 -9.65323631 -8.57358857 -6.48816619 -4.27608949 -2.17659371 
3.59381366e-06 -9.65323631 -8.57358857 -6.48816619 -4.27608949 -2.17659371 
2.78255940e-06 -9.65323631 -8.57358857 -6.48816619 -4.27608949 -2.17659371 
2.15443469e-06 -9.65323631 -8.57358857 -6.48816619 -4.27608949 -2.17659371 
1.66810054e-06 -9.65323631 -8.57358857 -6.48816619 -4.27608949 -2.17659371 
1.29154967e-06 -9.65323631 -8.57358857 -6.48816619 -4.27608949 -2.17659371 
1.00000000e-06 -9.65323631 -8.57358857 -6.48816619 -4.27608949 -2.17659371 
7.74263683e-07 -9.65323631 -8.57358857 -6.48816619 -4.27608949 -2.17659371 
5.99484250e-07 -9.65323631 -8.57358857 -6.48816619 -4.27608949 -2.17659371 
4.64158883e-07 -9.65323631 -8.57358857 -6.48816619 -4.27608949 -2.17659371 
3.59381366e-07 -9.65323631 -8.57358857 -6.48816619 -4.27608949 -2.17659371 
2.78255940e-07 -9.65323631 -8.57358857 -6.48816619 -4.27608949 -2.17659371 
2.15443469e-07 -9.65323631 -8.57358857 -6.48816619 -4.27608949 -2.17659371 
1.66810054e-07 -9.65323631 -8.57358857 -6.48816619 -4.27608949 -2.17659371 
1.29154967e-07 -9.65323631 -8.57358857 -6.48816619 -4.27608949 -2.17659371 
1.00000000e-07 -9.65323631 -8.57358857 -6.48816619 -4.27608949 -2.17659371 
7.74263683e-08 -9.65323631 -8.57358857 -6.48816619 -4.27608949 -2.17659371 
5.99484250e-08 -9.65323631 -8.57358857 -6.48816619 -4.27608949 -2.17659371 
4.64158883e-08 -9.65323631 -8.57358857 -6.48816619 -4.27608949 -2.17659371 
3.59381366e-08 -9.65323631 -8.57358857 -6.48816619 -4.27608949 -2.17659371 
2.78255940e-08 -9.65323631 -8.57358857 -6.48816619 -4.27608949 -2.17659371 
2.15443469e-08 -9.65323631 -8.57358857 -6.48816619 -4.27608949 -2.17659371 
1.66810054e-08 -9.65323631 -8.57358857 -6.48816619 -4.27608949 -2.17659371 
1.29154967e-08 -9.65323631 -8.57358857 -6.48816619 -4.27608949 -2.17659371 
1.00000000e-08 -9.65323631 -8.57358857 -6.48816619 -4.27608949 -2.17659371 
7.74263683e-09 -9.65323631 -8.57358857 -6.48816619 -4.27608949 -2.17659371 
5.99484250e-09 -9.65323631 -8.57358857 -6.48816619 -4.27608949 -2.17659371 
4.64158883e-09 -9.65323631 -8.57358857 -6.48816619 -4.27608949 -2.17659371 
3.59381366e-09 -9.65323631 -8.57358857 -6.48816619 -4.27608949 -2.17659371 
2.78255940e-09 -9.65323631 -8.57358857 -6.48816619 -4.27608949 -2.17659371 
2.15443469e-09 -9.65323631 -8.57358857 -6.48816619 -4.27608949 -2.17659371 
1.66810054e-09 -9.65323631 -8.57358857 -6.48816619 -4.27608949 -2.17659371 
1.29154967e-09 -9.65323631 -8.57358857 -6.48816619 -4.27608949 -2.17659371 
1.00000000e-09 -9.65323631 -8.57358857 -6.48816619 -4.27608949 -2.17659371 
7.74263683e-10 -9.65323631 -8.57358857 -6.48816619 -4.27608949 -2.17659371 
5.99484250e-10 -9.65323631 -8.57358857 -6.48816619 -4.27608949 -2.17659371 
4.64158883e-10 -9.65323631 -8.57358857 -6.48816619 -4.27608949 -2.17659371 
3.59381366e-10 -9.65323631 -8.57358857 -6.48816619 -4.27608949 -2.17659371 
2.78255940e-10 -9.65323631 -8.57358857 -6.48816619 -4.27608949 -2.17659371 
2.15443469e-10 -9.65323631 -8.57358857 -6.48816619 -4.27608949 -2.17659371 
1.66810054e-10 -9.65323631 -8.57358857 -6.48816619 -4.27608949 -2.17659371 
1.29154967e-10 -9.65323631 -8.57358857 -6.48816619 -4.27608949 -2.17659371 
1.00000000e-10 -9.65323631 -8.57358857 -6.48816619 -4.27608949 -2.17659371 
P (bar) | log_O2: -2σ | log_O2: -1σ | log_O2: median | log_O2: +1σ | log_O2: +2σ 
1.00000000e+01 -9.61300061 -8.11573324 -4.72840698 -1.92105603 -0.42659952 
7.74263683e+00 -9.61300061 -8.11573324 -4.72840698 -1.92105603 -0.42659952 
5.99484250e+00 -9.61300061 -8.11573324 -4.72840698 -1.92105603 -0.42659952 
4.64158883e+00 -9.61300061 -8.11573324 -4.72840698 -1.92105603 -0.42659952 
3.59381366e+00 -9.61300061 -8.11573324 -4.72840698 -1.92105603 -0.42659952 
2.78255940e+00 -9.61300061 -8.11573324 -4.72840698 -1.92105603 -0.42659952 
2.15443469e+00 -9.61300061 -8.11573324 -4.72840698 -1.92105603 -0.42659952 
1.66810054e+00 -9.61300061 -8.11573324 -4.72840698 -1.92105603 -0.42659952 
1.29154967e+00 -9.61300061 -8.11573324 -4.72840698 -1.92105603 -0.42659952 
1.00000000e+00 -9.61300061 -8.11573324 -4.72840698 -1.92105603 -0.42659952 
7.74263683e-01 -9.61300061 -8.11573324 -4.72840698 -1.92105603 -0.42659952 
5.99484250e-01 -9.61300061 -8.11573324 -4.72840698 -1.92105603 -0.42659952 
4.64158883e-01 -9.61300061 -8.11573324 -4.72840698 -1.92105603 -0.42659952 
3.59381366e-01 -9.61300061 -8.11573324 -4.72840698 -1.92105603 -0.42659952 
2.78255940e-01 -9.61300061 -8.11573324 -4.72840698 -1.92105603 -0.42659952 
2.15443469e-01 -9.61300061 -8.11573324 -4.72840698 -1.92105603 -0.42659952 
1.66810054e-01 -9.61300061 -8.11573324 -4.72840698 -1.92105603 -0.42659952 
1.29154967e-01 -9.61300061 -8.11573324 -4.72840698 -1.92105603 -0.42659952 
1.00000000e-01 -9.61300061 -8.11573324 -4.72840698 -1.92105603 -0.42659952 
7.74263683e-02 -9.61300061 -8.11573324 -4.72840698 -1.92105603 -0.42659952 
5.99484250e-02 -9.61300061 -8.11573324 -4.72840698 -1.92105603 -0.42659952 
4.64158883e-02 -9.61300061 -8.11573324 -4.72840698 -1.92105603 -0.42659952 
3.59381366e-02 -9.61300061 -8.11573324 -4.72840698 -1.92105603 -0.42659952 
2.78255940e-02 -9.61300061 -8.11573324 -4.72840698 -1.92105603 -0.42659952 
2.15443469e-02 -9.61300061 -8.11573324 -4.72840698 -1.92105603 -0.42659952 
1.66810054e-02 -9.61300061 -8.11573324 -4.72840698 -1.92105603 -0.42659952 
1.29154967e-02 -9.61300061 -8.11573324 -4.72840698 -1.92105603 -0.42659952 
1.00000000e-02 -9.61300061 -8.11573324 -4.72840698 -1.92105603 -0.42659952 
7.74263683e-03 -9.61300061 -8.11573324 -4.72840698 -1.92105603 -0.42659952 
5.99484250e-03 -9.61300061 -8.11573324 -4.72840698 -1.92105603 -0.42659952 
4.64158883e-03 -9.61300061 -8.11573324 -4.72840698 -1.92105603 -0.42659952 
3.59381366e-03 -9.61300061 -8.11573324 -4.72840698 -1.92105603 -0.42659952 
2.78255940e-03 -9.61300061 -8.11573324 -4.72840698 -1.92105603 -0.42659952 
2.15443469e-03 -9.61300061 -8.11573324 -4.72840698 -1.92105603 -0.42659952 
1.66810054e-03 -9.61300061 -8.11573324 -4.72840698 -1.92105603 -0.42659952 
1.29154967e-03 -9.61300061 -8.11573324 -4.72840698 -1.92105603 -0.42659952 
1.00000000e-03 -9.61300061 -8.11573324 -4.72840698 -1.92105603 -0.42659952 
7.74263683e-04 -9.61300061 -8.11573324 -4.72840698 -1.92105603 -0.42659952 
5.99484250e-04 -9.61300061 -8.11573324 -4.72840698 -1.92105603 -0.42659952 
4.64158883e-04 -9.61300061 -8.11573324 -4.72840698 -1.92105603 -0.42659952 
3.59381366e-04 -9.61300061 -8.11573324 -4.72840698 -1.92105603 -0.42659952 
2.78255940e-04 -9.61300061 -8.11573324 -4.72840698 -1.92105603 -0.42659952 
2.15443469e-04 -9.61300061 -8.11573324 -4.72840698 -1.92105603 -0.42659952 
1.66810054e-04 -9.61300061 -8.11573324 -4.72840698 -1.92105603 -0.42659952 
1.29154967e-04 -9.61300061 -8.11573324 -4.72840698 -1.92105603 -0.42659952 
1.00000000e-04 -9.61300061 -8.11573324 -4.72840698 -1.92105603 -0.42659952 
7.74263683e-05 -9.61300061 -8.11573324 -4.72840698 -1.92105603 -0.42659952 
5.99484250e-05 -9.61300061 -8.11573324 -4.72840698 -1.92105603 -0.42659952 
4.64158883e-05 -9.61300061 -8.11573324 -4.72840698 -1.92105603 -0.42659952 
3.59381366e-05 -9.61300061 -8.11573324 -4.72840698 -1.92105603 -0.42659952 
2.78255940e-05 -9.61300061 -8.11573324 -4.72840698 -1.92105603 -0.42659952 
2.15443469e-05 -9.61300061 -8.11573324 -4.72840698 -1.92105603 -0.42659952 
1.66810054e-05 -9.61300061 -8.11573324 -4.72840698 -1.92105603 -0.42659952 
1.29154967e-05 -9.61300061 -8.11573324 -4.72840698 -1.92105603 -0.42659952 
1.00000000e-05 -9.61300061 -8.11573324 -4.72840698 -1.92105603 -0.42659952 
7.74263683e-06 -9.61300061 -8.11573324 -4.72840698 -1.92105603 -0.42659952 
5.99484250e-06 -9.61300061 -8.11573324 -4.72840698 -1.92105603 -0.42659952 
4.64158883e-06 -9.61300061 -8.11573324 -4.72840698 -1.92105603 -0.42659952 
3.59381366e-06 -9.61300061 -8.11573324 -4.72840698 -1.92105603 -0.42659952 
2.78255940e-06 -9.61300061 -8.11573324 -4.72840698 -1.92105603 -0.42659952 
2.15443469e-06 -9.61300061 -8.11573324 -4.72840698 -1.92105603 -0.42659952 
1.66810054e-06 -9.61300061 -8.11573324 -4.72840698 -1.92105603 -0.42659952 
1.29154967e-06 -9.61300061 -8.11573324 -4.72840698 -1.92105603 -0.42659952 
1.00000000e-06 -9.61300061 -8.11573324 -4.72840698 -1.92105603 -0.42659952 
7.74263683e-07 -9.61300061 -8.11573324 -4.72840698 -1.92105603 -0.42659952 
5.99484250e-07 -9.61300061 -8.11573324 -4.72840698 -1.92105603 -0.42659952 
4.64158883e-07 -9.61300061 -8.11573324 -4.72840698 -1.92105603 -0.42659952 
3.59381366e-07 -9.61300061 -8.11573324 -4.72840698 -1.92105603 -0.42659952 
2.78255940e-07 -9.61300061 -8.11573324 -4.72840698 -1.92105603 -0.42659952 
2.15443469e-07 -9.61300061 -8.11573324 -4.72840698 -1.92105603 -0.42659952 
1.66810054e-07 -9.61300061 -8.11573324 -4.72840698 -1.92105603 -0.42659952 
1.29154967e-07 -9.61300061 -8.11573324 -4.72840698 -1.92105603 -0.42659952 
1.00000000e-07 -9.61300061 -8.11573324 -4.72840698 -1.92105603 -0.42659952 
7.74263683e-08 -9.61300061 -8.11573324 -4.72840698 -1.92105603 -0.42659952 
5.99484250e-08 -9.61300061 -8.11573324 -4.72840698 -1.92105603 -0.42659952 
4.64158883e-08 -9.61300061 -8.11573324 -4.72840698 -1.92105603 -0.42659952 
3.59381366e-08 -9.61300061 -8.11573324 -4.72840698 -1.92105603 -0.42659952 
2.78255940e-08 -9.61300061 -8.11573324 -4.72840698 -1.92105603 -0.42659952 
2.15443469e-08 -9.61300061 -8.11573324 -4.72840698 -1.92105603 -0.42659952 
1.66810054e-08 -9.61300061 -8.11573324 -4.72840698 -1.92105603 -0.42659952 
1.29154967e-08 -9.61300061 -8.11573324 -4.72840698 -1.92105603 -0.42659952 
1.00000000e-08 -9.61300061 -8.11573324 -4.72840698 -1.92105603 -0.42659952 
7.74263683e-09 -9.61300061 -8.11573324 -4.72840698 -1.92105603 -0.42659952 
5.99484250e-09 -9.61300061 -8.11573324 -4.72840698 -1.92105603 -0.42659952 
4.64158883e-09 -9.61300061 -8.11573324 -4.72840698 -1.92105603 -0.42659952 
3.59381366e-09 -9.61300061 -8.11573324 -4.72840698 -1.92105603 -0.42659952 
2.78255940e-09 -9.61300061 -8.11573324 -4.72840698 -1.92105603 -0.42659952 
2.15443469e-09 -9.61300061 -8.11573324 -4.72840698 -1.92105603 -0.42659952 
1.66810054e-09 -9.61300061 -8.11573324 -4.72840698 -1.92105603 -0.42659952 
1.29154967e-09 -9.61300061 -8.11573324 -4.72840698 -1.92105603 -0.42659952 
1.00000000e-09 -9.61300061 -8.11573324 -4.72840698 -1.92105603 -0.42659952 
7.74263683e-10 -9.61300061 -8.11573324 -4.72840698 -1.92105603 -0.42659952 
5.99484250e-10 -9.61300061 -8.11573324 -4.72840698 -1.92105603 -0.42659952 
4.64158883e-10 -9.61300061 -8.11573324 -4.72840698 -1.92105603 -0.42659952 
3.59381366e-10 -9.61300061 -8.11573324 -4.72840698 -1.92105603 -0.42659952 
2.78255940e-10 -9.61300061 -8.11573324 -4.72840698 -1.92105603 -0.42659952 
2.15443469e-10 -9.61300061 -8.11573324 -4.72840698 -1.92105603 -0.42659952 
1.66810054e-10 -9.61300061 -8.11573324 -4.72840698 -1.92105603 -0.42659952 
1.29154967e-10 -9.61300061 -8.11573324 -4.72840698 -1.92105603 -0.42659952 
1.00000000e-10 -9.61300061 -8.11573324 -4.72840698 -1.92105603 -0.42659952 
P (bar) | log_O3: -2σ | log_O3: -1σ | log_O3: median | log_O3: +1σ | log_O3: +2σ 
1.00000000e+01 -9.87061548 -9.12765667 -7.66989156 -5.79367147 -3.81852529 
7.74263683e+00 -9.87061548 -9.12765667 -7.66989156 -5.79367147 -3.81852529 
5.99484250e+00 -9.87061548 -9.12765667 -7.66989156 -5.79367147 -3.81852529 
4.64158883e+00 -9.87061548 -9.12765667 -7.66989156 -5.79367147 -3.81852529 
3.59381366e+00 -9.87061548 -9.12765667 -7.66989156 -5.79367147 -3.81852529 
2.78255940e+00 -9.87061548 -9.12765667 -7.66989156 -5.79367147 -3.81852529 
2.15443469e+00 -9.87061548 -9.12765667 -7.66989156 -5.79367147 -3.81852529 
1.66810054e+00 -9.87061548 -9.12765667 -7.66989156 -5.79367147 -3.81852529 
1.29154967e+00 -9.87061548 -9.12765667 -7.66989156 -5.79367147 -3.81852529 
1.00000000e+00 -9.87061548 -9.12765667 -7.66989156 -5.79367147 -3.81852529 
7.74263683e-01 -9.87061548 -9.12765667 -7.66989156 -5.79367147 -3.81852529 
5.99484250e-01 -9.87061548 -9.12765667 -7.66989156 -5.79367147 -3.81852529 
4.64158883e-01 -9.87061548 -9.12765667 -7.66989156 -5.79367147 -3.81852529 
3.59381366e-01 -9.87061548 -9.12765667 -7.66989156 -5.79367147 -3.81852529 
2.78255940e-01 -9.87061548 -9.12765667 -7.66989156 -5.79367147 -3.81852529 
2.15443469e-01 -9.87061548 -9.12765667 -7.66989156 -5.79367147 -3.81852529 
1.66810054e-01 -9.87061548 -9.12765667 -7.66989156 -5.79367147 -3.81852529 
1.29154967e-01 -9.87061548 -9.12765667 -7.66989156 -5.79367147 -3.81852529 
1.00000000e-01 -9.87061548 -9.12765667 -7.66989156 -5.79367147 -3.81852529 
7.74263683e-02 -9.87061548 -9.12765667 -7.66989156 -5.79367147 -3.81852529 
5.99484250e-02 -9.87061548 -9.12765667 -7.66989156 -5.79367147 -3.81852529 
4.64158883e-02 -9.87061548 -9.12765667 -7.66989156 -5.79367147 -3.81852529 
3.59381366e-02 -9.87061548 -9.12765667 -7.66989156 -5.79367147 -3.81852529 
2.78255940e-02 -9.87061548 -9.12765667 -7.66989156 -5.79367147 -3.81852529 
2.15443469e-02 -9.87061548 -9.12765667 -7.66989156 -5.79367147 -3.81852529 
1.66810054e-02 -9.87061548 -9.12765667 -7.66989156 -5.79367147 -3.81852529 
1.29154967e-02 -9.87061548 -9.12765667 -7.66989156 -5.79367147 -3.81852529 
1.00000000e-02 -9.87061548 -9.12765667 -7.66989156 -5.79367147 -3.81852529 
7.74263683e-03 -9.87061548 -9.12765667 -7.66989156 -5.79367147 -3.81852529 
5.99484250e-03 -9.87061548 -9.12765667 -7.66989156 -5.79367147 -3.81852529 
4.64158883e-03 -9.87061548 -9.12765667 -7.66989156 -5.79367147 -3.81852529 
3.59381366e-03 -9.87061548 -9.12765667 -7.66989156 -5.79367147 -3.81852529 
2.78255940e-03 -9.87061548 -9.12765667 -7.66989156 -5.79367147 -3.81852529 
2.15443469e-03 -9.87061548 -9.12765667 -7.66989156 -5.79367147 -3.81852529 
1.66810054e-03 -9.87061548 -9.12765667 -7.66989156 -5.79367147 -3.81852529 
1.29154967e-03 -9.87061548 -9.12765667 -7.66989156 -5.79367147 -3.81852529 
1.00000000e-03 -9.87061548 -9.12765667 -7.66989156 -5.79367147 -3.81852529 
7.74263683e-04 -9.87061548 -9.12765667 -7.66989156 -5.79367147 -3.81852529 
5.99484250e-04 -9.87061548 -9.12765667 -7.66989156 -5.79367147 -3.81852529 
4.64158883e-04 -9.87061548 -9.12765667 -7.66989156 -5.79367147 -3.81852529 
3.59381366e-04 -9.87061548 -9.12765667 -7.66989156 -5.79367147 -3.81852529 
2.78255940e-04 -9.87061548 -9.12765667 -7.66989156 -5.79367147 -3.81852529 
2.15443469e-04 -9.87061548 -9.12765667 -7.66989156 -5.79367147 -3.81852529 
1.66810054e-04 -9.87061548 -9.12765667 -7.66989156 -5.79367147 -3.81852529 
1.29154967e-04 -9.87061548 -9.12765667 -7.66989156 -5.79367147 -3.81852529 
1.00000000e-04 -9.87061548 -9.12765667 -7.66989156 -5.79367147 -3.81852529 
7.74263683e-05 -9.87061548 -9.12765667 -7.66989156 -5.79367147 -3.81852529 
5.99484250e-05 -9.87061548 -9.12765667 -7.66989156 -5.79367147 -3.81852529 
4.64158883e-05 -9.87061548 -9.12765667 -7.66989156 -5.79367147 -3.81852529 
3.59381366e-05 -9.87061548 -9.12765667 -7.66989156 -5.79367147 -3.81852529 
2.78255940e-05 -9.87061548 -9.12765667 -7.66989156 -5.79367147 -3.81852529 
2.15443469e-05 -9.87061548 -9.12765667 -7.66989156 -5.79367147 -3.81852529 
1.66810054e-05 -9.87061548 -9.12765667 -7.66989156 -5.79367147 -3.81852529 
1.29154967e-05 -9.87061548 -9.12765667 -7.66989156 -5.79367147 -3.81852529 
1.00000000e-05 -9.87061548 -9.12765667 -7.66989156 -5.79367147 -3.81852529 
7.74263683e-06 -9.87061548 -9.12765667 -7.66989156 -5.79367147 -3.81852529 
5.99484250e-06 -9.87061548 -9.12765667 -7.66989156 -5.79367147 -3.81852529 
4.64158883e-06 -9.87061548 -9.12765667 -7.66989156 -5.79367147 -3.81852529 
3.59381366e-06 -9.87061548 -9.12765667 -7.66989156 -5.79367147 -3.81852529 
2.78255940e-06 -9.87061548 -9.12765667 -7.66989156 -5.79367147 -3.81852529 
2.15443469e-06 -9.87061548 -9.12765667 -7.66989156 -5.79367147 -3.81852529 
1.66810054e-06 -9.87061548 -9.12765667 -7.66989156 -5.79367147 -3.81852529 
1.29154967e-06 -9.87061548 -9.12765667 -7.66989156 -5.79367147 -3.81852529 
1.00000000e-06 -9.87061548 -9.12765667 -7.66989156 -5.79367147 -3.81852529 
7.74263683e-07 -9.87061548 -9.12765667 -7.66989156 -5.79367147 -3.81852529 
5.99484250e-07 -9.87061548 -9.12765667 -7.66989156 -5.79367147 -3.81852529 
4.64158883e-07 -9.87061548 -9.12765667 -7.66989156 -5.79367147 -3.81852529 
3.59381366e-07 -9.87061548 -9.12765667 -7.66989156 -5.79367147 -3.81852529 
2.78255940e-07 -9.87061548 -9.12765667 -7.66989156 -5.79367147 -3.81852529 
2.15443469e-07 -9.87061548 -9.12765667 -7.66989156 -5.79367147 -3.81852529 
1.66810054e-07 -9.87061548 -9.12765667 -7.66989156 -5.79367147 -3.81852529 
1.29154967e-07 -9.87061548 -9.12765667 -7.66989156 -5.79367147 -3.81852529 
1.00000000e-07 -9.87061548 -9.12765667 -7.66989156 -5.79367147 -3.81852529 
7.74263683e-08 -9.87061548 -9.12765667 -7.66989156 -5.79367147 -3.81852529 
5.99484250e-08 -9.87061548 -9.12765667 -7.66989156 -5.79367147 -3.81852529 
4.64158883e-08 -9.87061548 -9.12765667 -7.66989156 -5.79367147 -3.81852529 
3.59381366e-08 -9.87061548 -9.12765667 -7.66989156 -5.79367147 -3.81852529 
2.78255940e-08 -9.87061548 -9.12765667 -7.66989156 -5.79367147 -3.81852529 
2.15443469e-08 -9.87061548 -9.12765667 -7.66989156 -5.79367147 -3.81852529 
1.66810054e-08 -9.87061548 -9.12765667 -7.66989156 -5.79367147 -3.81852529 
1.29154967e-08 -9.87061548 -9.12765667 -7.66989156 -5.79367147 -3.81852529 
1.00000000e-08 -9.87061548 -9.12765667 -7.66989156 -5.79367147 -3.81852529 
7.74263683e-09 -9.87061548 -9.12765667 -7.66989156 -5.79367147 -3.81852529 
5.99484250e-09 -9.87061548 -9.12765667 -7.66989156 -5.79367147 -3.81852529 
4.64158883e-09 -9.87061548 -9.12765667 -7.66989156 -5.79367147 -3.81852529 
3.59381366e-09 -9.87061548 -9.12765667 -7.66989156 -5.79367147 -3.81852529 
2.78255940e-09 -9.87061548 -9.12765667 -7.66989156 -5.79367147 -3.81852529 
2.15443469e-09 -9.87061548 -9.12765667 -7.66989156 -5.79367147 -3.81852529 
1.66810054e-09 -9.87061548 -9.12765667 -7.66989156 -5.79367147 -3.81852529 
1.29154967e-09 -9.87061548 -9.12765667 -7.66989156 -5.79367147 -3.81852529 
1.00000000e-09 -9.87061548 -9.12765667 -7.66989156 -5.79367147 -3.81852529 
7.74263683e-10 -9.87061548 -9.12765667 -7.66989156 -5.79367147 -3.81852529 
5.99484250e-10 -9.87061548 -9.12765667 -7.66989156 -5.79367147 -3.81852529 
4.64158883e-10 -9.87061548 -9.12765667 -7.66989156 -5.79367147 -3.81852529 
3.59381366e-10 -9.87061548 -9.12765667 -7.66989156 -5.79367147 -3.81852529 
2.78255940e-10 -9.87061548 -9.12765667 -7.66989156 -5.79367147 -3.81852529 
2.15443469e-10 -9.87061548 -9.12765667 -7.66989156 -5.79367147 -3.81852529 
1.66810054e-10 -9.87061548 -9.12765667 -7.66989156 -5.79367147 -3.81852529 
1.29154967e-10 -9.87061548 -9.12765667 -7.66989156 -5.79367147 -3.81852529 
1.00000000e-10 -9.87061548 -9.12765667 -7.66989156 -5.79367147 -3.81852529 
P (bar) | log_N2O: -2σ | log_N2O: -1σ | log_N2O: median | log_N2O: +1σ | log_N2O: +2σ 
1.00000000e+01 -9.76746694 -8.87640885 -7.17475279 -4.87072212 -2.86843678 
7.74263683e+00 -9.76746694 -8.87640885 -7.17475279 -4.87072212 -2.86843678 
5.99484250e+00 -9.76746694 -8.87640885 -7.17475279 -4.87072212 -2.86843678 
4.64158883e+00 -9.76746694 -8.87640885 -7.17475279 -4.87072212 -2.86843678 
3.59381366e+00 -9.76746694 -8.87640885 -7.17475279 -4.87072212 -2.86843678 
2.78255940e+00 -9.76746694 -8.87640885 -7.17475279 -4.87072212 -2.86843678 
2.15443469e+00 -9.76746694 -8.87640885 -7.17475279 -4.87072212 -2.86843678 
1.66810054e+00 -9.76746694 -8.87640885 -7.17475279 -4.87072212 -2.86843678 
1.29154967e+00 -9.76746694 -8.87640885 -7.17475279 -4.87072212 -2.86843678 
1.00000000e+00 -9.76746694 -8.87640885 -7.17475279 -4.87072212 -2.86843678 
7.74263683e-01 -9.76746694 -8.87640885 -7.17475279 -4.87072212 -2.86843678 
5.99484250e-01 -9.76746694 -8.87640885 -7.17475279 -4.87072212 -2.86843678 
4.64158883e-01 -9.76746694 -8.87640885 -7.17475279 -4.87072212 -2.86843678 
3.59381366e-01 -9.76746694 -8.87640885 -7.17475279 -4.87072212 -2.86843678 
2.78255940e-01 -9.76746694 -8.87640885 -7.17475279 -4.87072212 -2.86843678 
2.15443469e-01 -9.76746694 -8.87640885 -7.17475279 -4.87072212 -2.86843678 
1.66810054e-01 -9.76746694 -8.87640885 -7.17475279 -4.87072212 -2.86843678 
1.29154967e-01 -9.76746694 -8.87640885 -7.17475279 -4.87072212 -2.86843678 
1.00000000e-01 -9.76746694 -8.87640885 -7.17475279 -4.87072212 -2.86843678 
7.74263683e-02 -9.76746694 -8.87640885 -7.17475279 -4.87072212 -2.86843678 
5.99484250e-02 -9.76746694 -8.87640885 -7.17475279 -4.87072212 -2.86843678 
4.64158883e-02 -9.76746694 -8.87640885 -7.17475279 -4.87072212 -2.86843678 
3.59381366e-02 -9.76746694 -8.87640885 -7.17475279 -4.87072212 -2.86843678 
2.78255940e-02 -9.76746694 -8.87640885 -7.17475279 -4.87072212 -2.86843678 
2.15443469e-02 -9.76746694 -8.87640885 -7.17475279 -4.87072212 -2.86843678 
1.66810054e-02 -9.76746694 -8.87640885 -7.17475279 -4.87072212 -2.86843678 
1.29154967e-02 -9.76746694 -8.87640885 -7.17475279 -4.87072212 -2.86843678 
1.00000000e-02 -9.76746694 -8.87640885 -7.17475279 -4.87072212 -2.86843678 
7.74263683e-03 -9.76746694 -8.87640885 -7.17475279 -4.87072212 -2.86843678 
5.99484250e-03 -9.76746694 -8.87640885 -7.17475279 -4.87072212 -2.86843678 
4.64158883e-03 -9.76746694 -8.87640885 -7.17475279 -4.87072212 -2.86843678 
3.59381366e-03 -9.76746694 -8.87640885 -7.17475279 -4.87072212 -2.86843678 
2.78255940e-03 -9.76746694 -8.87640885 -7.17475279 -4.87072212 -2.86843678 
2.15443469e-03 -9.76746694 -8.87640885 -7.17475279 -4.87072212 -2.86843678 
1.66810054e-03 -9.76746694 -8.87640885 -7.17475279 -4.87072212 -2.86843678 
1.29154967e-03 -9.76746694 -8.87640885 -7.17475279 -4.87072212 -2.86843678 
1.00000000e-03 -9.76746694 -8.87640885 -7.17475279 -4.87072212 -2.86843678 
7.74263683e-04 -9.76746694 -8.87640885 -7.17475279 -4.87072212 -2.86843678 
5.99484250e-04 -9.76746694 -8.87640885 -7.17475279 -4.87072212 -2.86843678 
4.64158883e-04 -9.76746694 -8.87640885 -7.17475279 -4.87072212 -2.86843678 
3.59381366e-04 -9.76746694 -8.87640885 -7.17475279 -4.87072212 -2.86843678 
2.78255940e-04 -9.76746694 -8.87640885 -7.17475279 -4.87072212 -2.86843678 
2.15443469e-04 -9.76746694 -8.87640885 -7.17475279 -4.87072212 -2.86843678 
1.66810054e-04 -9.76746694 -8.87640885 -7.17475279 -4.87072212 -2.86843678 
1.29154967e-04 -9.76746694 -8.87640885 -7.17475279 -4.87072212 -2.86843678 
1.00000000e-04 -9.76746694 -8.87640885 -7.17475279 -4.87072212 -2.86843678 
7.74263683e-05 -9.76746694 -8.87640885 -7.17475279 -4.87072212 -2.86843678 
5.99484250e-05 -9.76746694 -8.87640885 -7.17475279 -4.87072212 -2.86843678 
4.64158883e-05 -9.76746694 -8.87640885 -7.17475279 -4.87072212 -2.86843678 
3.59381366e-05 -9.76746694 -8.87640885 -7.17475279 -4.87072212 -2.86843678 
2.78255940e-05 -9.76746694 -8.87640885 -7.17475279 -4.87072212 -2.86843678 
2.15443469e-05 -9.76746694 -8.87640885 -7.17475279 -4.87072212 -2.86843678 
1.66810054e-05 -9.76746694 -8.87640885 -7.17475279 -4.87072212 -2.86843678 
1.29154967e-05 -9.76746694 -8.87640885 -7.17475279 -4.87072212 -2.86843678 
1.00000000e-05 -9.76746694 -8.87640885 -7.17475279 -4.87072212 -2.86843678 
7.74263683e-06 -9.76746694 -8.87640885 -7.17475279 -4.87072212 -2.86843678 
5.99484250e-06 -9.76746694 -8.87640885 -7.17475279 -4.87072212 -2.86843678 
4.64158883e-06 -9.76746694 -8.87640885 -7.17475279 -4.87072212 -2.86843678 
3.59381366e-06 -9.76746694 -8.87640885 -7.17475279 -4.87072212 -2.86843678 
2.78255940e-06 -9.76746694 -8.87640885 -7.17475279 -4.87072212 -2.86843678 
2.15443469e-06 -9.76746694 -8.87640885 -7.17475279 -4.87072212 -2.86843678 
1.66810054e-06 -9.76746694 -8.87640885 -7.17475279 -4.87072212 -2.86843678 
1.29154967e-06 -9.76746694 -8.87640885 -7.17475279 -4.87072212 -2.86843678 
1.00000000e-06 -9.76746694 -8.87640885 -7.17475279 -4.87072212 -2.86843678 
7.74263683e-07 -9.76746694 -8.87640885 -7.17475279 -4.87072212 -2.86843678 
5.99484250e-07 -9.76746694 -8.87640885 -7.17475279 -4.87072212 -2.86843678 
4.64158883e-07 -9.76746694 -8.87640885 -7.17475279 -4.87072212 -2.86843678 
3.59381366e-07 -9.76746694 -8.87640885 -7.17475279 -4.87072212 -2.86843678 
2.78255940e-07 -9.76746694 -8.87640885 -7.17475279 -4.87072212 -2.86843678 
2.15443469e-07 -9.76746694 -8.87640885 -7.17475279 -4.87072212 -2.86843678 
1.66810054e-07 -9.76746694 -8.87640885 -7.17475279 -4.87072212 -2.86843678 
1.29154967e-07 -9.76746694 -8.87640885 -7.17475279 -4.87072212 -2.86843678 
1.00000000e-07 -9.76746694 -8.87640885 -7.17475279 -4.87072212 -2.86843678 
7.74263683e-08 -9.76746694 -8.87640885 -7.17475279 -4.87072212 -2.86843678 
5.99484250e-08 -9.76746694 -8.87640885 -7.17475279 -4.87072212 -2.86843678 
4.64158883e-08 -9.76746694 -8.87640885 -7.17475279 -4.87072212 -2.86843678 
3.59381366e-08 -9.76746694 -8.87640885 -7.17475279 -4.87072212 -2.86843678 
2.78255940e-08 -9.76746694 -8.87640885 -7.17475279 -4.87072212 -2.86843678 
2.15443469e-08 -9.76746694 -8.87640885 -7.17475279 -4.87072212 -2.86843678 
1.66810054e-08 -9.76746694 -8.87640885 -7.17475279 -4.87072212 -2.86843678 
1.29154967e-08 -9.76746694 -8.87640885 -7.17475279 -4.87072212 -2.86843678 
1.00000000e-08 -9.76746694 -8.87640885 -7.17475279 -4.87072212 -2.86843678 
7.74263683e-09 -9.76746694 -8.87640885 -7.17475279 -4.87072212 -2.86843678 
5.99484250e-09 -9.76746694 -8.87640885 -7.17475279 -4.87072212 -2.86843678 
4.64158883e-09 -9.76746694 -8.87640885 -7.17475279 -4.87072212 -2.86843678 
3.59381366e-09 -9.76746694 -8.87640885 -7.17475279 -4.87072212 -2.86843678 
2.78255940e-09 -9.76746694 -8.87640885 -7.17475279 -4.87072212 -2.86843678 
2.15443469e-09 -9.76746694 -8.87640885 -7.17475279 -4.87072212 -2.86843678 
1.66810054e-09 -9.76746694 -8.87640885 -7.17475279 -4.87072212 -2.86843678 
1.29154967e-09 -9.76746694 -8.87640885 -7.17475279 -4.87072212 -2.86843678 
1.00000000e-09 -9.76746694 -8.87640885 -7.17475279 -4.87072212 -2.86843678 
7.74263683e-10 -9.76746694 -8.87640885 -7.17475279 -4.87072212 -2.86843678 
5.99484250e-10 -9.76746694 -8.87640885 -7.17475279 -4.87072212 -2.86843678 
4.64158883e-10 -9.76746694 -8.87640885 -7.17475279 -4.87072212 -2.86843678 
3.59381366e-10 -9.76746694 -8.87640885 -7.17475279 -4.87072212 -2.86843678 
2.78255940e-10 -9.76746694 -8.87640885 -7.17475279 -4.87072212 -2.86843678 
2.15443469e-10 -9.76746694 -8.87640885 -7.17475279 -4.87072212 -2.86843678 
1.66810054e-10 -9.76746694 -8.87640885 -7.17475279 -4.87072212 -2.86843678 
1.29154967e-10 -9.76746694 -8.87640885 -7.17475279 -4.87072212 -2.86843678 
1.00000000e-10 -9.76746694 -8.87640885 -7.17475279 -4.87072212 -2.86843678 
P (bar) | log_NH3: -2σ | log_NH3: -1σ | log_NH3: median | log_NH3: +1σ | log_NH3: +2σ 
1.00000000e+01 -11.67291139 -10.76649598 -8.69463273 -6.43751034 -4.78615255 
7.74263683e+00 -11.67291139 -10.76649598 -8.69463273 -6.43751034 -4.78615255 
5.99484250e+00 -11.67291139 -10.76649598 -8.69463273 -6.43751034 -4.78615255 
4.64158883e+00 -11.67291139 -10.76649598 -8.69463273 -6.43751034 -4.78615255 
3.59381366e+00 -11.67291139 -10.76649598 -8.69463273 -6.43751034 -4.78615255 
2.78255940e+00 -11.67291139 -10.76649598 -8.69463273 -6.43751034 -4.78615255 
2.15443469e+00 -11.67291139 -10.76649598 -8.69463273 -6.43751034 -4.78615255 
1.66810054e+00 -11.67291139 -10.76649598 -8.69463273 -6.43751034 -4.78615255 
1.29154967e+00 -11.67291139 -10.76649598 -8.69463273 -6.43751034 -4.78615255 
1.00000000e+00 -11.67291139 -10.76649598 -8.69463273 -6.43751034 -4.78615255 
7.74263683e-01 -11.67291139 -10.76649598 -8.69463273 -6.43751034 -4.78615255 
5.99484250e-01 -11.67291139 -10.76649598 -8.69463273 -6.43751034 -4.78615255 
4.64158883e-01 -11.67291139 -10.76649598 -8.69463273 -6.43751034 -4.78615255 
3.59381366e-01 -11.67291139 -10.76649598 -8.69463273 -6.43751034 -4.78615255 
2.78255940e-01 -11.67291139 -10.76649598 -8.69463273 -6.43751034 -4.78615255 
2.15443469e-01 -11.67291139 -10.76649598 -8.69463273 -6.43751034 -4.78615255 
1.66810054e-01 -11.67291139 -10.76649598 -8.69463273 -6.43751034 -4.78615255 
1.29154967e-01 -11.67291139 -10.76649598 -8.69463273 -6.43751034 -4.78615255 
1.00000000e-01 -11.67291139 -10.76649598 -8.69463273 -6.43751034 -4.78615255 
7.74263683e-02 -11.67291139 -10.76649598 -8.69463273 -6.43751034 -4.78615255 
5.99484250e-02 -11.67291139 -10.76649598 -8.69463273 -6.43751034 -4.78615255 
4.64158883e-02 -11.67291139 -10.76649598 -8.69463273 -6.43751034 -4.78615255 
3.59381366e-02 -11.67291139 -10.76649598 -8.69463273 -6.43751034 -4.78615255 
2.78255940e-02 -11.67291139 -10.76649598 -8.69463273 -6.43751034 -4.78615255 
2.15443469e-02 -11.67291139 -10.76649598 -8.69463273 -6.43751034 -4.78615255 
1.66810054e-02 -11.67291139 -10.76649598 -8.69463273 -6.43751034 -4.78615255 
1.29154967e-02 -11.67291139 -10.76649598 -8.69463273 -6.43751034 -4.78615255 
1.00000000e-02 -11.67291139 -10.76649598 -8.69463273 -6.43751034 -4.78615255 
7.74263683e-03 -11.67291139 -10.76649598 -8.69463273 -6.43751034 -4.78615255 
5.99484250e-03 -11.67291139 -10.76649598 -8.69463273 -6.43751034 -4.78615255 
4.64158883e-03 -11.67291139 -10.76649598 -8.69463273 -6.43751034 -4.78615255 
3.59381366e-03 -11.67291139 -10.76649598 -8.69463273 -6.43751034 -4.78615255 
2.78255940e-03 -11.67291139 -10.76649598 -8.69463273 -6.43751034 -4.78615255 
2.15443469e-03 -11.67291139 -10.76649598 -8.69463273 -6.43751034 -4.78615255 
1.66810054e-03 -11.67291139 -10.76649598 -8.69463273 -6.43751034 -4.78615255 
1.29154967e-03 -11.67291139 -10.76649598 -8.69463273 -6.43751034 -4.78615255 
1.00000000e-03 -11.67291139 -10.76649598 -8.69463273 -6.43751034 -4.78615255 
7.74263683e-04 -11.67291139 -10.76649598 -8.69463273 -6.43751034 -4.78615255 
5.99484250e-04 -11.67291139 -10.76649598 -8.69463273 -6.43751034 -4.78615255 
4.64158883e-04 -11.67291139 -10.76649598 -8.69463273 -6.43751034 -4.78615255 
3.59381366e-04 -11.67291139 -10.76649598 -8.69463273 -6.43751034 -4.78615255 
2.78255940e-04 -11.67291139 -10.76649598 -8.69463273 -6.43751034 -4.78615255 
2.15443469e-04 -11.67291139 -10.76649598 -8.69463273 -6.43751034 -4.78615255 
1.66810054e-04 -11.67291139 -10.76649598 -8.69463273 -6.43751034 -4.78615255 
1.29154967e-04 -11.67291139 -10.76649598 -8.69463273 -6.43751034 -4.78615255 
1.00000000e-04 -11.67291139 -10.76649598 -8.69463273 -6.43751034 -4.78615255 
7.74263683e-05 -11.67291139 -10.76649598 -8.69463273 -6.43751034 -4.78615255 
5.99484250e-05 -11.67291139 -10.76649598 -8.69463273 -6.43751034 -4.78615255 
4.64158883e-05 -11.67291139 -10.76649598 -8.69463273 -6.43751034 -4.78615255 
3.59381366e-05 -11.67291139 -10.76649598 -8.69463273 -6.43751034 -4.78615255 
2.78255940e-05 -11.67291139 -10.76649598 -8.69463273 -6.43751034 -4.78615255 
2.15443469e-05 -11.67291139 -10.76649598 -8.69463273 -6.43751034 -4.78615255 
1.66810054e-05 -11.67291139 -10.76649598 -8.69463273 -6.43751034 -4.78615255 
1.29154967e-05 -11.67291139 -10.76649598 -8.69463273 -6.43751034 -4.78615255 
1.00000000e-05 -11.67291139 -10.76649598 -8.69463273 -6.43751034 -4.78615255 
7.74263683e-06 -11.67291139 -10.76649598 -8.69463273 -6.43751034 -4.78615255 
5.99484250e-06 -11.67291139 -10.76649598 -8.69463273 -6.43751034 -4.78615255 
4.64158883e-06 -11.67291139 -10.76649598 -8.69463273 -6.43751034 -4.78615255 
3.59381366e-06 -11.67291139 -10.76649598 -8.69463273 -6.43751034 -4.78615255 
2.78255940e-06 -11.67291139 -10.76649598 -8.69463273 -6.43751034 -4.78615255 
2.15443469e-06 -11.67291139 -10.76649598 -8.69463273 -6.43751034 -4.78615255 
1.66810054e-06 -11.67291139 -10.76649598 -8.69463273 -6.43751034 -4.78615255 
1.29154967e-06 -11.67291139 -10.76649598 -8.69463273 -6.43751034 -4.78615255 
1.00000000e-06 -11.67291139 -10.76649598 -8.69463273 -6.43751034 -4.78615255 
7.74263683e-07 -11.67291139 -10.76649598 -8.69463273 -6.43751034 -4.78615255 
5.99484250e-07 -11.67291139 -10.76649598 -8.69463273 -6.43751034 -4.78615255 
4.64158883e-07 -11.67291139 -10.76649598 -8.69463273 -6.43751034 -4.78615255 
3.59381366e-07 -11.67291139 -10.76649598 -8.69463273 -6.43751034 -4.78615255 
2.78255940e-07 -11.67291139 -10.76649598 -8.69463273 -6.43751034 -4.78615255 
2.15443469e-07 -11.67291139 -10.76649598 -8.69463273 -6.43751034 -4.78615255 
1.66810054e-07 -11.67291139 -10.76649598 -8.69463273 -6.43751034 -4.78615255 
1.29154967e-07 -11.67291139 -10.76649598 -8.69463273 -6.43751034 -4.78615255 
1.00000000e-07 -11.67291139 -10.76649598 -8.69463273 -6.43751034 -4.78615255 
7.74263683e-08 -11.67291139 -10.76649598 -8.69463273 -6.43751034 -4.78615255 
5.99484250e-08 -11.67291139 -10.76649598 -8.69463273 -6.43751034 -4.78615255 
4.64158883e-08 -11.67291139 -10.76649598 -8.69463273 -6.43751034 -4.78615255 
3.59381366e-08 -11.67291139 -10.76649598 -8.69463273 -6.43751034 -4.78615255 
2.78255940e-08 -11.67291139 -10.76649598 -8.69463273 -6.43751034 -4.78615255 
2.15443469e-08 -11.67291139 -10.76649598 -8.69463273 -6.43751034 -4.78615255 
1.66810054e-08 -11.67291139 -10.76649598 -8.69463273 -6.43751034 -4.78615255 
1.29154967e-08 -11.67291139 -10.76649598 -8.69463273 -6.43751034 -4.78615255 
1.00000000e-08 -11.67291139 -10.76649598 -8.69463273 -6.43751034 -4.78615255 
7.74263683e-09 -11.67291139 -10.76649598 -8.69463273 -6.43751034 -4.78615255 
5.99484250e-09 -11.67291139 -10.76649598 -8.69463273 -6.43751034 -4.78615255 
4.64158883e-09 -11.67291139 -10.76649598 -8.69463273 -6.43751034 -4.78615255 
3.59381366e-09 -11.67291139 -10.76649598 -8.69463273 -6.43751034 -4.78615255 
2.78255940e-09 -11.67291139 -10.76649598 -8.69463273 -6.43751034 -4.78615255 
2.15443469e-09 -11.67291139 -10.76649598 -8.69463273 -6.43751034 -4.78615255 
1.66810054e-09 -11.67291139 -10.76649598 -8.69463273 -6.43751034 -4.78615255 
1.29154967e-09 -11.67291139 -10.76649598 -8.69463273 -6.43751034 -4.78615255 
1.00000000e-09 -11.67291139 -10.76649598 -8.69463273 -6.43751034 -4.78615255 
7.74263683e-10 -11.67291139 -10.76649598 -8.69463273 -6.43751034 -4.78615255 
5.99484250e-10 -11.67291139 -10.76649598 -8.69463273 -6.43751034 -4.78615255 
4.64158883e-10 -11.67291139 -10.76649598 -8.69463273 -6.43751034 -4.78615255 
3.59381366e-10 -11.67291139 -10.76649598 -8.69463273 -6.43751034 -4.78615255 
2.78255940e-10 -11.67291139 -10.76649598 -8.69463273 -6.43751034 -4.78615255 
2.15443469e-10 -11.67291139 -10.76649598 -8.69463273 -6.43751034 -4.78615255 
1.66810054e-10 -11.67291139 -10.76649598 -8.69463273 -6.43751034 -4.78615255 
1.29154967e-10 -11.67291139 -10.76649598 -8.69463273 -6.43751034 -4.78615255 
1.00000000e-10 -11.67291139 -10.76649598 -8.69463273 -6.43751034 -4.78615255 
