Chemical species: N2 H2O CO2 CH4 O2 O3 N2O NH3
P (bar) | log_N2: -2σ | log_N2: -1σ | log_N2: median | log_N2: +1σ | log_N2: +2σ 
1.00000000e+01 -0.04376416 -0.03311828 -0.01269089 -0.00024633 -0.00004112 
7.74263683e+00 -0.04376416 -0.03311828 -0.01269089 -0.00024633 -0.00004112 
5.99484250e+00 -0.04376416 -0.03311828 -0.01269089 -0.00024633 -0.00004112 
4.64158883e+00 -0.04376416 -0.03311828 -0.01269089 -0.00024633 -0.00004112 
3.59381366e+00 -0.04376416 -0.03311828 -0.01269089 -0.00024633 -0.00004112 
2.78255940e+00 -0.04376416 -0.03311828 -0.01269089 -0.00024633 -0.00004112 
2.15443469e+00 -0.04376416 -0.03311828 -0.01269089 -0.00024633 -0.00004112 
1.66810054e+00 -0.04376416 -0.03311828 -0.01269089 -0.00024633 -0.00004112 
1.29154967e+00 -0.04376416 -0.03311828 -0.01269089 -0.00024633 -0.00004112 
1.00000000e+00 -0.04376416 -0.03311828 -0.01269089 -0.00024633 -0.00004112 
7.74263683e-01 -0.04376416 -0.03311828 -0.01269089 -0.00024633 -0.00004112 
5.99484250e-01 -0.04376416 -0.03311828 -0.01269089 -0.00024633 -0.00004112 
4.64158883e-01 -0.04376416 -0.03311828 -0.01269089 -0.00024633 -0.00004112 
3.59381366e-01 -0.04376416 -0.03311828 -0.01269089 -0.00024633 -0.00004112 
2.78255940e-01 -0.04376416 -0.03311828 -0.01269089 -0.00024633 -0.00004112 
2.15443469e-01 -0.04376416 -0.03311828 -0.01269089 -0.00024633 -0.00004112 
1.66810054e-01 -0.04376416 -0.03311828 -0.01269089 -0.00024633 -0.00004112 
1.29154967e-01 -0.04376416 -0.03311828 -0.01269089 -0.00024633 -0.00004112 
1.00000000e-01 -0.04376416 -0.03311828 -0.01269089 -0.00024633 -0.00004112 
7.74263683e-02 -0.04376416 -0.03311828 -0.01269089 -0.00024633 -0.00004112 
5.99484250e-02 -0.04376416 -0.03311828 -0.01269089 -0.00024633 -0.00004112 
4.64158883e-02 -0.04376416 -0.03311828 -0.01269089 -0.00024633 -0.00004112 
3.59381366e-02 -0.04376416 -0.03311828 -0.01269089 -0.00024633 -0.00004112 
2.78255940e-02 -0.04376416 -0.03311828 -0.01269089 -0.00024633 -0.00004112 
2.15443469e-02 -0.04376416 -0.03311828 -0.01269089 -0.00024633 -0.00004112 
1.66810054e-02 -0.04376416 -0.03311828 -0.01269089 -0.00024633 -0.00004112 
1.29154967e-02 -0.04376416 -0.03311828 -0.01269089 -0.00024633 -0.00004112 
1.00000000e-02 -0.04376416 -0.03311828 -0.01269089 -0.00024633 -0.00004112 
7.74263683e-03 -0.04376416 -0.03311828 -0.01269089 -0.00024633 -0.00004112 
5.99484250e-03 -0.04376416 -0.03311828 -0.01269089 -0.00024633 -0.00004112 
4.64158883e-03 -0.04376416 -0.03311828 -0.01269089 -0.00024633 -0.00004112 
3.59381366e-03 -0.04376416 -0.03311828 -0.01269089 -0.00024633 -0.00004112 
2.78255940e-03 -0.04376416 -0.03311828 -0.01269089 -0.00024633 -0.00004112 
2.15443469e-03 -0.04376416 -0.03311828 -0.01269089 -0.00024633 -0.00004112 
1.66810054e-03 -0.04376416 -0.03311828 -0.01269089 -0.00024633 -0.00004112 
1.29154967e-03 -0.04376416 -0.03311828 -0.01269089 -0.00024633 -0.00004112 
1.00000000e-03 -0.04376416 -0.03311828 -0.01269089 -0.00024633 -0.00004112 
7.74263683e-04 -0.04376416 -0.03311828 -0.01269089 -0.00024633 -0.00004112 
5.99484250e-04 -0.04376416 -0.03311828 -0.01269089 -0.00024633 -0.00004112 
4.64158883e-04 -0.04376416 -0.03311828 -0.01269089 -0.00024633 -0.00004112 
3.59381366e-04 -0.04376416 -0.03311828 -0.01269089 -0.00024633 -0.00004112 
2.78255940e-04 -0.04376416 -0.03311828 -0.01269089 -0.00024633 -0.00004112 
2.15443469e-04 -0.04376416 -0.03311828 -0.01269089 -0.00024633 -0.00004112 
1.66810054e-04 -0.04376416 -0.03311828 -0.01269089 -0.00024633 -0.00004112 
1.29154967e-04 -0.04376416 -0.03311828 -0.01269089 -0.00024633 -0.00004112 
1.00000000e-04 -0.04376416 -0.03311828 -0.01269089 -0.00024633 -0.00004112 
7.74263683e-05 -0.04376416 -0.03311828 -0.01269089 -0.00024633 -0.00004112 
5.99484250e-05 -0.04376416 -0.03311828 -0.01269089 -0.00024633 -0.00004112 
4.64158883e-05 -0.04376416 -0.03311828 -0.01269089 -0.00024633 -0.00004112 
3.59381366e-05 -0.04376416 -0.03311828 -0.01269089 -0.00024633 -0.00004112 
2.78255940e-05 -0.04376416 -0.03311828 -0.01269089 -0.00024633 -0.00004112 
2.15443469e-05 -0.04376416 -0.03311828 -0.01269089 -0.00024633 -0.00004112 
1.66810054e-05 -0.04376416 -0.03311828 -0.01269089 -0.00024633 -0.00004112 
1.29154967e-05 -0.04376416 -0.03311828 -0.01269089 -0.00024633 -0.00004112 
1.00000000e-05 -0.04376416 -0.03311828 -0.01269089 -0.00024633 -0.00004112 
7.74263683e-06 -0.04376416 -0.03311828 -0.01269089 -0.00024633 -0.00004112 
5.99484250e-06 -0.04376416 -0.03311828 -0.01269089 -0.00024633 -0.00004112 
4.64158883e-06 -0.04376416 -0.03311828 -0.01269089 -0.00024633 -0.00004112 
3.59381366e-06 -0.04376416 -0.03311828 -0.01269089 -0.00024633 -0.00004112 
2.78255940e-06 -0.04376416 -0.03311828 -0.01269089 -0.00024633 -0.00004112 
2.15443469e-06 -0.04376416 -0.03311828 -0.01269089 -0.00024633 -0.00004112 
1.66810054e-06 -0.04376416 -0.03311828 -0.01269089 -0.00024633 -0.00004112 
1.29154967e-06 -0.04376416 -0.03311828 -0.01269089 -0.00024633 -0.00004112 
1.00000000e-06 -0.04376416 -0.03311828 -0.01269089 -0.00024633 -0.00004112 
7.74263683e-07 -0.04376416 -0.03311828 -0.01269089 -0.00024633 -0.00004112 
5.99484250e-07 -0.04376416 -0.03311828 -0.01269089 -0.00024633 -0.00004112 
4.64158883e-07 -0.04376416 -0.03311828 -0.01269089 -0.00024633 -0.00004112 
3.59381366e-07 -0.04376416 -0.03311828 -0.01269089 -0.00024633 -0.00004112 
2.78255940e-07 -0.04376416 -0.03311828 -0.01269089 -0.00024633 -0.00004112 
2.15443469e-07 -0.04376416 -0.03311828 -0.01269089 -0.00024633 -0.00004112 
1.66810054e-07 -0.04376416 -0.03311828 -0.01269089 -0.00024633 -0.00004112 
1.29154967e-07 -0.04376416 -0.03311828 -0.01269089 -0.00024633 -0.00004112 
1.00000000e-07 -0.04376416 -0.03311828 -0.01269089 -0.00024633 -0.00004112 
7.74263683e-08 -0.04376416 -0.03311828 -0.01269089 -0.00024633 -0.00004112 
5.99484250e-08 -0.04376416 -0.03311828 -0.01269089 -0.00024633 -0.00004112 
4.64158883e-08 -0.04376416 -0.03311828 -0.01269089 -0.00024633 -0.00004112 
3.59381366e-08 -0.04376416 -0.03311828 -0.01269089 -0.00024633 -0.00004112 
2.78255940e-08 -0.04376416 -0.03311828 -0.01269089 -0.00024633 -0.00004112 
2.15443469e-08 -0.04376416 -0.03311828 -0.01269089 -0.00024633 -0.00004112 
1.66810054e-08 -0.04376416 -0.03311828 -0.01269089 -0.00024633 -0.00004112 
1.29154967e-08 -0.04376416 -0.03311828 -0.01269089 -0.00024633 -0.00004112 
1.00000000e-08 -0.04376416 -0.03311828 -0.01269089 -0.00024633 -0.00004112 
7.74263683e-09 -0.04376416 -0.03311828 -0.01269089 -0.00024633 -0.00004112 
5.99484250e-09 -0.04376416 -0.03311828 -0.01269089 -0.00024633 -0.00004112 
4.64158883e-09 -0.04376416 -0.03311828 -0.01269089 -0.00024633 -0.00004112 
3.59381366e-09 -0.04376416 -0.03311828 -0.01269089 -0.00024633 -0.00004112 
2.78255940e-09 -0.04376416 -0.03311828 -0.01269089 -0.00024633 -0.00004112 
2.15443469e-09 -0.04376416 -0.03311828 -0.01269089 -0.00024633 -0.00004112 
1.66810054e-09 -0.04376416 -0.03311828 -0.01269089 -0.00024633 -0.00004112 
1.29154967e-09 -0.04376416 -0.03311828 -0.01269089 -0.00024633 -0.00004112 
1.00000000e-09 -0.04376416 -0.03311828 -0.01269089 -0.00024633 -0.00004112 
7.74263683e-10 -0.04376416 -0.03311828 -0.01269089 -0.00024633 -0.00004112 
5.99484250e-10 -0.04376416 -0.03311828 -0.01269089 -0.00024633 -0.00004112 
4.64158883e-10 -0.04376416 -0.03311828 -0.01269089 -0.00024633 -0.00004112 
3.59381366e-10 -0.04376416 -0.03311828 -0.01269089 -0.00024633 -0.00004112 
2.78255940e-10 -0.04376416 -0.03311828 -0.01269089 -0.00024633 -0.00004112 
2.15443469e-10 -0.04376416 -0.03311828 -0.01269089 -0.00024633 -0.00004112 
1.66810054e-10 -0.04376416 -0.03311828 -0.01269089 -0.00024633 -0.00004112 
1.29154967e-10 -0.04376416 -0.03311828 -0.01269089 -0.00024633 -0.00004112 
1.00000000e-10 -0.04376416 -0.03311828 -0.01269089 -0.00024633 -0.00004112 
P (bar) | log_H2O: -2σ | log_H2O: -1σ | log_H2O: median | log_H2O: +1σ | log_H2O: +2σ 
1.00000000e+01 -5.59449228 -5.28003683 -4.93126785 -4.57518454 -4.23920709 
7.74263683e+00 -5.59449228 -5.28003683 -4.93126785 -4.57518454 -4.23920709 
5.99484250e+00 -5.59449228 -5.28003683 -4.93126785 -4.57518454 -4.23920709 
4.64158883e+00 -5.59449228 -5.28003683 -4.93126785 -4.57518454 -4.23920709 
3.59381366e+00 -5.59449228 -5.28003683 -4.93126785 -4.57518454 -4.23920709 
2.78255940e+00 -5.59449228 -5.28003683 -4.93126785 -4.57518454 -4.23920709 
2.15443469e+00 -5.59449228 -5.28003683 -4.93126785 -4.57518454 -4.23920709 
1.66810054e+00 -5.59449228 -5.28003683 -4.93126785 -4.57518454 -4.23920709 
1.29154967e+00 -5.59449228 -5.28003683 -4.93126785 -4.57518454 -4.23920709 
1.00000000e+00 -5.59449228 -5.28003683 -4.93126785 -4.57518454 -4.23920709 
7.74263683e-01 -5.59449228 -5.28003683 -4.93126785 -4.57518454 -4.23920709 
5.99484250e-01 -5.59449228 -5.28003683 -4.93126785 -4.57518454 -4.23920709 
4.64158883e-01 -5.59449228 -5.28003683 -4.93126785 -4.57518454 -4.23920709 
3.59381366e-01 -5.59449228 -5.28003683 -4.93126785 -4.57518454 -4.23920709 
2.78255940e-01 -5.59449228 -5.28003683 -4.93126785 -4.57518454 -4.23920709 
2.15443469e-01 -5.59449228 -5.28003683 -4.93126785 -4.57518454 -4.23920709 
1.66810054e-01 -5.59449228 -5.28003683 -4.93126785 -4.57518454 -4.23920709 
1.29154967e-01 -5.59449228 -5.28003683 -4.93126785 -4.57518454 -4.23920709 
1.00000000e-01 -5.59449228 -5.28003683 -4.93126785 -4.57518454 -4.23920709 
7.74263683e-02 -5.59449228 -5.28003683 -4.93126785 -4.57518454 -4.23920709 
5.99484250e-02 -5.59449228 -5.28003683 -4.93126785 -4.57518454 -4.23920709 
4.64158883e-02 -5.59449228 -5.28003683 -4.93126785 -4.57518454 -4.23920709 
3.59381366e-02 -5.59449228 -5.28003683 -4.93126785 -4.57518454 -4.23920709 
2.78255940e-02 -5.59449228 -5.28003683 -4.93126785 -4.57518454 -4.23920709 
2.15443469e-02 -5.59449228 -5.28003683 -4.93126785 -4.57518454 -4.23920709 
1.66810054e-02 -5.59449228 -5.28003683 -4.93126785 -4.57518454 -4.23920709 
1.29154967e-02 -5.59449228 -5.28003683 -4.93126785 -4.57518454 -4.23920709 
1.00000000e-02 -5.59449228 -5.28003683 -4.93126785 -4.57518454 -4.23920709 
7.74263683e-03 -5.59449228 -5.28003683 -4.93126785 -4.57518454 -4.23920709 
5.99484250e-03 -5.59449228 -5.28003683 -4.93126785 -4.57518454 -4.23920709 
4.64158883e-03 -5.59449228 -5.28003683 -4.93126785 -4.57518454 -4.23920709 
3.59381366e-03 -5.59449228 -5.28003683 -4.93126785 -4.57518454 -4.23920709 
2.78255940e-03 -5.59449228 -5.28003683 -4.93126785 -4.57518454 -4.23920709 
2.15443469e-03 -5.59449228 -5.28003683 -4.93126785 -4.57518454 -4.23920709 
1.66810054e-03 -5.59449228 -5.28003683 -4.93126785 -4.57518454 -4.23920709 
1.29154967e-03 -5.59449228 -5.28003683 -4.93126785 -4.57518454 -4.23920709 
1.00000000e-03 -5.59449228 -5.28003683 -4.93126785 -4.57518454 -4.23920709 
7.74263683e-04 -5.59449228 -5.28003683 -4.93126785 -4.57518454 -4.23920709 
5.99484250e-04 -5.59449228 -5.28003683 -4.93126785 -4.57518454 -4.23920709 
4.64158883e-04 -5.59449228 -5.28003683 -4.93126785 -4.57518454 -4.23920709 
3.59381366e-04 -5.59449228 -5.28003683 -4.93126785 -4.57518454 -4.23920709 
2.78255940e-04 -5.59449228 -5.28003683 -4.93126785 -4.57518454 -4.23920709 
2.15443469e-04 -5.59449228 -5.28003683 -4.93126785 -4.57518454 -4.23920709 
1.66810054e-04 -5.59449228 -5.28003683 -4.93126785 -4.57518454 -4.23920709 
1.29154967e-04 -5.59449228 -5.28003683 -4.93126785 -4.57518454 -4.23920709 
1.00000000e-04 -5.59449228 -5.28003683 -4.93126785 -4.57518454 -4.23920709 
7.74263683e-05 -5.59449228 -5.28003683 -4.93126785 -4.57518454 -4.23920709 
5.99484250e-05 -5.59449228 -5.28003683 -4.93126785 -4.57518454 -4.23920709 
4.64158883e-05 -5.59449228 -5.28003683 -4.93126785 -4.57518454 -4.23920709 
3.59381366e-05 -5.59449228 -5.28003683 -4.93126785 -4.57518454 -4.23920709 
2.78255940e-05 -5.59449228 -5.28003683 -4.93126785 -4.57518454 -4.23920709 
2.15443469e-05 -5.59449228 -5.28003683 -4.93126785 -4.57518454 -4.23920709 
1.66810054e-05 -5.59449228 -5.28003683 -4.93126785 -4.57518454 -4.23920709 
1.29154967e-05 -5.59449228 -5.28003683 -4.93126785 -4.57518454 -4.23920709 
1.00000000e-05 -5.59449228 -5.28003683 -4.93126785 -4.57518454 -4.23920709 
7.74263683e-06 -5.59449228 -5.28003683 -4.93126785 -4.57518454 -4.23920709 
5.99484250e-06 -5.59449228 -5.28003683 -4.93126785 -4.57518454 -4.23920709 
4.64158883e-06 -5.59449228 -5.28003683 -4.93126785 -4.57518454 -4.23920709 
3.59381366e-06 -5.59449228 -5.28003683 -4.93126785 -4.57518454 -4.23920709 
2.78255940e-06 -5.59449228 -5.28003683 -4.93126785 -4.57518454 -4.23920709 
2.15443469e-06 -5.59449228 -5.28003683 -4.93126785 -4.57518454 -4.23920709 
1.66810054e-06 -5.59449228 -5.28003683 -4.93126785 -4.57518454 -4.23920709 
1.29154967e-06 -5.59449228 -5.28003683 -4.93126785 -4.57518454 -4.23920709 
1.00000000e-06 -5.59449228 -5.28003683 -4.93126785 -4.57518454 -4.23920709 
7.74263683e-07 -5.59449228 -5.28003683 -4.93126785 -4.57518454 -4.23920709 
5.99484250e-07 -5.59449228 -5.28003683 -4.93126785 -4.57518454 -4.23920709 
4.64158883e-07 -5.59449228 -5.28003683 -4.93126785 -4.57518454 -4.23920709 
3.59381366e-07 -5.59449228 -5.28003683 -4.93126785 -4.57518454 -4.23920709 
2.78255940e-07 -5.59449228 -5.28003683 -4.93126785 -4.57518454 -4.23920709 
2.15443469e-07 -5.59449228 -5.28003683 -4.93126785 -4.57518454 -4.23920709 
1.66810054e-07 -5.59449228 -5.28003683 -4.93126785 -4.57518454 -4.23920709 
1.29154967e-07 -5.59449228 -5.28003683 -4.93126785 -4.57518454 -4.23920709 
1.00000000e-07 -5.59449228 -5.28003683 -4.93126785 -4.57518454 -4.23920709 
7.74263683e-08 -5.59449228 -5.28003683 -4.93126785 -4.57518454 -4.23920709 
5.99484250e-08 -5.59449228 -5.28003683 -4.93126785 -4.57518454 -4.23920709 
4.64158883e-08 -5.59449228 -5.28003683 -4.93126785 -4.57518454 -4.23920709 
3.59381366e-08 -5.59449228 -5.28003683 -4.93126785 -4.57518454 -4.23920709 
2.78255940e-08 -5.59449228 -5.28003683 -4.93126785 -4.57518454 -4.23920709 
2.15443469e-08 -5.59449228 -5.28003683 -4.93126785 -4.57518454 -4.23920709 
1.66810054e-08 -5.59449228 -5.28003683 -4.93126785 -4.57518454 -4.23920709 
1.29154967e-08 -5.59449228 -5.28003683 -4.93126785 -4.57518454 -4.23920709 
1.00000000e-08 -5.59449228 -5.28003683 -4.93126785 -4.57518454 -4.23920709 
7.74263683e-09 -5.59449228 -5.28003683 -4.93126785 -4.57518454 -4.23920709 
5.99484250e-09 -5.59449228 -5.28003683 -4.93126785 -4.57518454 -4.23920709 
4.64158883e-09 -5.59449228 -5.28003683 -4.93126785 -4.57518454 -4.23920709 
3.59381366e-09 -5.59449228 -5.28003683 -4.93126785 -4.57518454 -4.23920709 
2.78255940e-09 -5.59449228 -5.28003683 -4.93126785 -4.57518454 -4.23920709 
2.15443469e-09 -5.59449228 -5.28003683 -4.93126785 -4.57518454 -4.23920709 
1.66810054e-09 -5.59449228 -5.28003683 -4.93126785 -4.57518454 -4.23920709 
1.29154967e-09 -5.59449228 -5.28003683 -4.93126785 -4.57518454 -4.23920709 
1.00000000e-09 -5.59449228 -5.28003683 -4.93126785 -4.57518454 -4.23920709 
7.74263683e-10 -5.59449228 -5.28003683 -4.93126785 -4.57518454 -4.23920709 
5.99484250e-10 -5.59449228 -5.28003683 -4.93126785 -4.57518454 -4.23920709 
4.64158883e-10 -5.59449228 -5.28003683 -4.93126785 -4.57518454 -4.23920709 
3.59381366e-10 -5.59449228 -5.28003683 -4.93126785 -4.57518454 -4.23920709 
2.78255940e-10 -5.59449228 -5.28003683 -4.93126785 -4.57518454 -4.23920709 
2.15443469e-10 -5.59449228 -5.28003683 -4.93126785 -4.57518454 -4.23920709 
1.66810054e-10 -5.59449228 -5.28003683 -4.93126785 -4.57518454 -4.23920709 
1.29154967e-10 -5.59449228 -5.28003683 -4.93126785 -4.57518454 -4.23920709 
1.00000000e-10 -5.59449228 -5.28003683 -4.93126785 -4.57518454 -4.23920709 
P (bar) | log_CO2: -2σ | log_CO2: -1σ | log_CO2: median | log_CO2: +1σ | log_CO2: +2σ 
1.00000000e+01 -4.57613626 -4.18021083 -3.76431441 -3.38272912 -3.02607228 
7.74263683e+00 -4.57613626 -4.18021083 -3.76431441 -3.38272912 -3.02607228 
5.99484250e+00 -4.57613626 -4.18021083 -3.76431441 -3.38272912 -3.02607228 
4.64158883e+00 -4.57613626 -4.18021083 -3.76431441 -3.38272912 -3.02607228 
3.59381366e+00 -4.57613626 -4.18021083 -3.76431441 -3.38272912 -3.02607228 
2.78255940e+00 -4.57613626 -4.18021083 -3.76431441 -3.38272912 -3.02607228 
2.15443469e+00 -4.57613626 -4.18021083 -3.76431441 -3.38272912 -3.02607228 
1.66810054e+00 -4.57613626 -4.18021083 -3.76431441 -3.38272912 -3.02607228 
1.29154967e+00 -4.57613626 -4.18021083 -3.76431441 -3.38272912 -3.02607228 
1.00000000e+00 -4.57613626 -4.18021083 -3.76431441 -3.38272912 -3.02607228 
7.74263683e-01 -4.57613626 -4.18021083 -3.76431441 -3.38272912 -3.02607228 
5.99484250e-01 -4.57613626 -4.18021083 -3.76431441 -3.38272912 -3.02607228 
4.64158883e-01 -4.57613626 -4.18021083 -3.76431441 -3.38272912 -3.02607228 
3.59381366e-01 -4.57613626 -4.18021083 -3.76431441 -3.38272912 -3.02607228 
2.78255940e-01 -4.57613626 -4.18021083 -3.76431441 -3.38272912 -3.02607228 
2.15443469e-01 -4.57613626 -4.18021083 -3.76431441 -3.38272912 -3.02607228 
1.66810054e-01 -4.57613626 -4.18021083 -3.76431441 -3.38272912 -3.02607228 
1.29154967e-01 -4.57613626 -4.18021083 -3.76431441 -3.38272912 -3.02607228 
1.00000000e-01 -4.57613626 -4.18021083 -3.76431441 -3.38272912 -3.02607228 
7.74263683e-02 -4.57613626 -4.18021083 -3.76431441 -3.38272912 -3.02607228 
5.99484250e-02 -4.57613626 -4.18021083 -3.76431441 -3.38272912 -3.02607228 
4.64158883e-02 -4.57613626 -4.18021083 -3.76431441 -3.38272912 -3.02607228 
3.59381366e-02 -4.57613626 -4.18021083 -3.76431441 -3.38272912 -3.02607228 
2.78255940e-02 -4.57613626 -4.18021083 -3.76431441 -3.38272912 -3.02607228 
2.15443469e-02 -4.57613626 -4.18021083 -3.76431441 -3.38272912 -3.02607228 
1.66810054e-02 -4.57613626 -4.18021083 -3.76431441 -3.38272912 -3.02607228 
1.29154967e-02 -4.57613626 -4.18021083 -3.76431441 -3.38272912 -3.02607228 
1.00000000e-02 -4.57613626 -4.18021083 -3.76431441 -3.38272912 -3.02607228 
7.74263683e-03 -4.57613626 -4.18021083 -3.76431441 -3.38272912 -3.02607228 
5.99484250e-03 -4.57613626 -4.18021083 -3.76431441 -3.38272912 -3.02607228 
4.64158883e-03 -4.57613626 -4.18021083 -3.76431441 -3.38272912 -3.02607228 
3.59381366e-03 -4.57613626 -4.18021083 -3.76431441 -3.38272912 -3.02607228 
2.78255940e-03 -4.57613626 -4.18021083 -3.76431441 -3.38272912 -3.02607228 
2.15443469e-03 -4.57613626 -4.18021083 -3.76431441 -3.38272912 -3.02607228 
1.66810054e-03 -4.57613626 -4.18021083 -3.76431441 -3.38272912 -3.02607228 
1.29154967e-03 -4.57613626 -4.18021083 -3.76431441 -3.38272912 -3.02607228 
1.00000000e-03 -4.57613626 -4.18021083 -3.76431441 -3.38272912 -3.02607228 
7.74263683e-04 -4.57613626 -4.18021083 -3.76431441 -3.38272912 -3.02607228 
5.99484250e-04 -4.57613626 -4.18021083 -3.76431441 -3.38272912 -3.02607228 
4.64158883e-04 -4.57613626 -4.18021083 -3.76431441 -3.38272912 -3.02607228 
3.59381366e-04 -4.57613626 -4.18021083 -3.76431441 -3.38272912 -3.02607228 
2.78255940e-04 -4.57613626 -4.18021083 -3.76431441 -3.38272912 -3.02607228 
2.15443469e-04 -4.57613626 -4.18021083 -3.76431441 -3.38272912 -3.02607228 
1.66810054e-04 -4.57613626 -4.18021083 -3.76431441 -3.38272912 -3.02607228 
1.29154967e-04 -4.57613626 -4.18021083 -3.76431441 -3.38272912 -3.02607228 
1.00000000e-04 -4.57613626 -4.18021083 -3.76431441 -3.38272912 -3.02607228 
7.74263683e-05 -4.57613626 -4.18021083 -3.76431441 -3.38272912 -3.02607228 
5.99484250e-05 -4.57613626 -4.18021083 -3.76431441 -3.38272912 -3.02607228 
4.64158883e-05 -4.57613626 -4.18021083 -3.76431441 -3.38272912 -3.02607228 
3.59381366e-05 -4.57613626 -4.18021083 -3.76431441 -3.38272912 -3.02607228 
2.78255940e-05 -4.57613626 -4.18021083 -3.76431441 -3.38272912 -3.02607228 
2.15443469e-05 -4.57613626 -4.18021083 -3.76431441 -3.38272912 -3.02607228 
1.66810054e-05 -4.57613626 -4.18021083 -3.76431441 -3.38272912 -3.02607228 
1.29154967e-05 -4.57613626 -4.18021083 -3.76431441 -3.38272912 -3.02607228 
1.00000000e-05 -4.57613626 -4.18021083 -3.76431441 -3.38272912 -3.02607228 
7.74263683e-06 -4.57613626 -4.18021083 -3.76431441 -3.38272912 -3.02607228 
5.99484250e-06 -4.57613626 -4.18021083 -3.76431441 -3.38272912 -3.02607228 
4.64158883e-06 -4.57613626 -4.18021083 -3.76431441 -3.38272912 -3.02607228 
3.59381366e-06 -4.57613626 -4.18021083 -3.76431441 -3.38272912 -3.02607228 
2.78255940e-06 -4.57613626 -4.18021083 -3.76431441 -3.38272912 -3.02607228 
2.15443469e-06 -4.57613626 -4.18021083 -3.76431441 -3.38272912 -3.02607228 
1.66810054e-06 -4.57613626 -4.18021083 -3.76431441 -3.38272912 -3.02607228 
1.29154967e-06 -4.57613626 -4.18021083 -3.76431441 -3.38272912 -3.02607228 
1.00000000e-06 -4.57613626 -4.18021083 -3.76431441 -3.38272912 -3.02607228 
7.74263683e-07 -4.57613626 -4.18021083 -3.76431441 -3.38272912 -3.02607228 
5.99484250e-07 -4.57613626 -4.18021083 -3.76431441 -3.38272912 -3.02607228 
4.64158883e-07 -4.57613626 -4.18021083 -3.76431441 -3.38272912 -3.02607228 
3.59381366e-07 -4.57613626 -4.18021083 -3.76431441 -3.38272912 -3.02607228 
2.78255940e-07 -4.57613626 -4.18021083 -3.76431441 -3.38272912 -3.02607228 
2.15443469e-07 -4.57613626 -4.18021083 -3.76431441 -3.38272912 -3.02607228 
1.66810054e-07 -4.57613626 -4.18021083 -3.76431441 -3.38272912 -3.02607228 
1.29154967e-07 -4.57613626 -4.18021083 -3.76431441 -3.38272912 -3.02607228 
1.00000000e-07 -4.57613626 -4.18021083 -3.76431441 -3.38272912 -3.02607228 
7.74263683e-08 -4.57613626 -4.18021083 -3.76431441 -3.38272912 -3.02607228 
5.99484250e-08 -4.57613626 -4.18021083 -3.76431441 -3.38272912 -3.02607228 
4.64158883e-08 -4.57613626 -4.18021083 -3.76431441 -3.38272912 -3.02607228 
3.59381366e-08 -4.57613626 -4.18021083 -3.76431441 -3.38272912 -3.02607228 
2.78255940e-08 -4.57613626 -4.18021083 -3.76431441 -3.38272912 -3.02607228 
2.15443469e-08 -4.57613626 -4.18021083 -3.76431441 -3.38272912 -3.02607228 
1.66810054e-08 -4.57613626 -4.18021083 -3.76431441 -3.38272912 -3.02607228 
1.29154967e-08 -4.57613626 -4.18021083 -3.76431441 -3.38272912 -3.02607228 
1.00000000e-08 -4.57613626 -4.18021083 -3.76431441 -3.38272912 -3.02607228 
7.74263683e-09 -4.57613626 -4.18021083 -3.76431441 -3.38272912 -3.02607228 
5.99484250e-09 -4.57613626 -4.18021083 -3.76431441 -3.38272912 -3.02607228 
4.64158883e-09 -4.57613626 -4.18021083 -3.76431441 -3.38272912 -3.02607228 
3.59381366e-09 -4.57613626 -4.18021083 -3.76431441 -3.38272912 -3.02607228 
2.78255940e-09 -4.57613626 -4.18021083 -3.76431441 -3.38272912 -3.02607228 
2.15443469e-09 -4.57613626 -4.18021083 -3.76431441 -3.38272912 -3.02607228 
1.66810054e-09 -4.57613626 -4.18021083 -3.76431441 -3.38272912 -3.02607228 
1.29154967e-09 -4.57613626 -4.18021083 -3.76431441 -3.38272912 -3.02607228 
1.00000000e-09 -4.57613626 -4.18021083 -3.76431441 -3.38272912 -3.02607228 
7.74263683e-10 -4.57613626 -4.18021083 -3.76431441 -3.38272912 -3.02607228 
5.99484250e-10 -4.57613626 -4.18021083 -3.76431441 -3.38272912 -3.02607228 
4.64158883e-10 -4.57613626 -4.18021083 -3.76431441 -3.38272912 -3.02607228 
3.59381366e-10 -4.57613626 -4.18021083 -3.76431441 -3.38272912 -3.02607228 
2.78255940e-10 -4.57613626 -4.18021083 -3.76431441 -3.38272912 -3.02607228 
2.15443469e-10 -4.57613626 -4.18021083 -3.76431441 -3.38272912 -3.02607228 
1.66810054e-10 -4.57613626 -4.18021083 -3.76431441 -3.38272912 -3.02607228 
1.29154967e-10 -4.57613626 -4.18021083 -3.76431441 -3.38272912 -3.02607228 
1.00000000e-10 -4.57613626 -4.18021083 -3.76431441 -3.38272912 -3.02607228 
P (bar) | log_CH4: -2σ | log_CH4: -1σ | log_CH4: median | log_CH4: +1σ | log_CH4: +2σ 
1.00000000e+01 -4.90654611 -4.73190189 -4.53982362 -4.35314439 -4.15629768 
7.74263683e+00 -4.90654611 -4.73190189 -4.53982362 -4.35314439 -4.15629768 
5.99484250e+00 -4.90654611 -4.73190189 -4.53982362 -4.35314439 -4.15629768 
4.64158883e+00 -4.90654611 -4.73190189 -4.53982362 -4.35314439 -4.15629768 
3.59381366e+00 -4.90654611 -4.73190189 -4.53982362 -4.35314439 -4.15629768 
2.78255940e+00 -4.90654611 -4.73190189 -4.53982362 -4.35314439 -4.15629768 
2.15443469e+00 -4.90654611 -4.73190189 -4.53982362 -4.35314439 -4.15629768 
1.66810054e+00 -4.90654611 -4.73190189 -4.53982362 -4.35314439 -4.15629768 
1.29154967e+00 -4.90654611 -4.73190189 -4.53982362 -4.35314439 -4.15629768 
1.00000000e+00 -4.90654611 -4.73190189 -4.53982362 -4.35314439 -4.15629768 
7.74263683e-01 -4.90654611 -4.73190189 -4.53982362 -4.35314439 -4.15629768 
5.99484250e-01 -4.90654611 -4.73190189 -4.53982362 -4.35314439 -4.15629768 
4.64158883e-01 -4.90654611 -4.73190189 -4.53982362 -4.35314439 -4.15629768 
3.59381366e-01 -4.90654611 -4.73190189 -4.53982362 -4.35314439 -4.15629768 
2.78255940e-01 -4.90654611 -4.73190189 -4.53982362 -4.35314439 -4.15629768 
2.15443469e-01 -4.90654611 -4.73190189 -4.53982362 -4.35314439 -4.15629768 
1.66810054e-01 -4.90654611 -4.73190189 -4.53982362 -4.35314439 -4.15629768 
1.29154967e-01 -4.90654611 -4.73190189 -4.53982362 -4.35314439 -4.15629768 
1.00000000e-01 -4.90654611 -4.73190189 -4.53982362 -4.35314439 -4.15629768 
7.74263683e-02 -4.90654611 -4.73190189 -4.53982362 -4.35314439 -4.15629768 
5.99484250e-02 -4.90654611 -4.73190189 -4.53982362 -4.35314439 -4.15629768 
4.64158883e-02 -4.90654611 -4.73190189 -4.53982362 -4.35314439 -4.15629768 
3.59381366e-02 -4.90654611 -4.73190189 -4.53982362 -4.35314439 -4.15629768 
2.78255940e-02 -4.90654611 -4.73190189 -4.53982362 -4.35314439 -4.15629768 
2.15443469e-02 -4.90654611 -4.73190189 -4.53982362 -4.35314439 -4.15629768 
1.66810054e-02 -4.90654611 -4.73190189 -4.53982362 -4.35314439 -4.15629768 
1.29154967e-02 -4.90654611 -4.73190189 -4.53982362 -4.35314439 -4.15629768 
1.00000000e-02 -4.90654611 -4.73190189 -4.53982362 -4.35314439 -4.15629768 
7.74263683e-03 -4.90654611 -4.73190189 -4.53982362 -4.35314439 -4.15629768 
5.99484250e-03 -4.90654611 -4.73190189 -4.53982362 -4.35314439 -4.15629768 
4.64158883e-03 -4.90654611 -4.73190189 -4.53982362 -4.35314439 -4.15629768 
3.59381366e-03 -4.90654611 -4.73190189 -4.53982362 -4.35314439 -4.15629768 
2.78255940e-03 -4.90654611 -4.73190189 -4.53982362 -4.35314439 -4.15629768 
2.15443469e-03 -4.90654611 -4.73190189 -4.53982362 -4.35314439 -4.15629768 
1.66810054e-03 -4.90654611 -4.73190189 -4.53982362 -4.35314439 -4.15629768 
1.29154967e-03 -4.90654611 -4.73190189 -4.53982362 -4.35314439 -4.15629768 
1.00000000e-03 -4.90654611 -4.73190189 -4.53982362 -4.35314439 -4.15629768 
7.74263683e-04 -4.90654611 -4.73190189 -4.53982362 -4.35314439 -4.15629768 
5.99484250e-04 -4.90654611 -4.73190189 -4.53982362 -4.35314439 -4.15629768 
4.64158883e-04 -4.90654611 -4.73190189 -4.53982362 -4.35314439 -4.15629768 
3.59381366e-04 -4.90654611 -4.73190189 -4.53982362 -4.35314439 -4.15629768 
2.78255940e-04 -4.90654611 -4.73190189 -4.53982362 -4.35314439 -4.15629768 
2.15443469e-04 -4.90654611 -4.73190189 -4.53982362 -4.35314439 -4.15629768 
1.66810054e-04 -4.90654611 -4.73190189 -4.53982362 -4.35314439 -4.15629768 
1.29154967e-04 -4.90654611 -4.73190189 -4.53982362 -4.35314439 -4.15629768 
1.00000000e-04 -4.90654611 -4.73190189 -4.53982362 -4.35314439 -4.15629768 
7.74263683e-05 -4.90654611 -4.73190189 -4.53982362 -4.35314439 -4.15629768 
5.99484250e-05 -4.90654611 -4.73190189 -4.53982362 -4.35314439 -4.15629768 
4.64158883e-05 -4.90654611 -4.73190189 -4.53982362 -4.35314439 -4.15629768 
3.59381366e-05 -4.90654611 -4.73190189 -4.53982362 -4.35314439 -4.15629768 
2.78255940e-05 -4.90654611 -4.73190189 -4.53982362 -4.35314439 -4.15629768 
2.15443469e-05 -4.90654611 -4.73190189 -4.53982362 -4.35314439 -4.15629768 
1.66810054e-05 -4.90654611 -4.73190189 -4.53982362 -4.35314439 -4.15629768 
1.29154967e-05 -4.90654611 -4.73190189 -4.53982362 -4.35314439 -4.15629768 
1.00000000e-05 -4.90654611 -4.73190189 -4.53982362 -4.35314439 -4.15629768 
7.74263683e-06 -4.90654611 -4.73190189 -4.53982362 -4.35314439 -4.15629768 
5.99484250e-06 -4.90654611 -4.73190189 -4.53982362 -4.35314439 -4.15629768 
4.64158883e-06 -4.90654611 -4.73190189 -4.53982362 -4.35314439 -4.15629768 
3.59381366e-06 -4.90654611 -4.73190189 -4.53982362 -4.35314439 -4.15629768 
2.78255940e-06 -4.90654611 -4.73190189 -4.53982362 -4.35314439 -4.15629768 
2.15443469e-06 -4.90654611 -4.73190189 -4.53982362 -4.35314439 -4.15629768 
1.66810054e-06 -4.90654611 -4.73190189 -4.53982362 -4.35314439 -4.15629768 
1.29154967e-06 -4.90654611 -4.73190189 -4.53982362 -4.35314439 -4.15629768 
1.00000000e-06 -4.90654611 -4.73190189 -4.53982362 -4.35314439 -4.15629768 
7.74263683e-07 -4.90654611 -4.73190189 -4.53982362 -4.35314439 -4.15629768 
5.99484250e-07 -4.90654611 -4.73190189 -4.53982362 -4.35314439 -4.15629768 
4.64158883e-07 -4.90654611 -4.73190189 -4.53982362 -4.35314439 -4.15629768 
3.59381366e-07 -4.90654611 -4.73190189 -4.53982362 -4.35314439 -4.15629768 
2.78255940e-07 -4.90654611 -4.73190189 -4.53982362 -4.35314439 -4.15629768 
2.15443469e-07 -4.90654611 -4.73190189 -4.53982362 -4.35314439 -4.15629768 
1.66810054e-07 -4.90654611 -4.73190189 -4.53982362 -4.35314439 -4.15629768 
1.29154967e-07 -4.90654611 -4.73190189 -4.53982362 -4.35314439 -4.15629768 
1.00000000e-07 -4.90654611 -4.73190189 -4.53982362 -4.35314439 -4.15629768 
7.74263683e-08 -4.90654611 -4.73190189 -4.53982362 -4.35314439 -4.15629768 
5.99484250e-08 -4.90654611 -4.73190189 -4.53982362 -4.35314439 -4.15629768 
4.64158883e-08 -4.90654611 -4.73190189 -4.53982362 -4.35314439 -4.15629768 
3.59381366e-08 -4.90654611 -4.73190189 -4.53982362 -4.35314439 -4.15629768 
2.78255940e-08 -4.90654611 -4.73190189 -4.53982362 -4.35314439 -4.15629768 
2.15443469e-08 -4.90654611 -4.73190189 -4.53982362 -4.35314439 -4.15629768 
1.66810054e-08 -4.90654611 -4.73190189 -4.53982362 -4.35314439 -4.15629768 
1.29154967e-08 -4.90654611 -4.73190189 -4.53982362 -4.35314439 -4.15629768 
1.00000000e-08 -4.90654611 -4.73190189 -4.53982362 -4.35314439 -4.15629768 
7.74263683e-09 -4.90654611 -4.73190189 -4.53982362 -4.35314439 -4.15629768 
5.99484250e-09 -4.90654611 -4.73190189 -4.53982362 -4.35314439 -4.15629768 
4.64158883e-09 -4.90654611 -4.73190189 -4.53982362 -4.35314439 -4.15629768 
3.59381366e-09 -4.90654611 -4.73190189 -4.53982362 -4.35314439 -4.15629768 
2.78255940e-09 -4.90654611 -4.73190189 -4.53982362 -4.35314439 -4.15629768 
2.15443469e-09 -4.90654611 -4.73190189 -4.53982362 -4.35314439 -4.15629768 
1.66810054e-09 -4.90654611 -4.73190189 -4.53982362 -4.35314439 -4.15629768 
1.29154967e-09 -4.90654611 -4.73190189 -4.53982362 -4.35314439 -4.15629768 
1.00000000e-09 -4.90654611 -4.73190189 -4.53982362 -4.35314439 -4.15629768 
7.74263683e-10 -4.90654611 -4.73190189 -4.53982362 -4.35314439 -4.15629768 
5.99484250e-10 -4.90654611 -4.73190189 -4.53982362 -4.35314439 -4.15629768 
4.64158883e-10 -4.90654611 -4.73190189 -4.53982362 -4.35314439 -4.15629768 
3.59381366e-10 -4.90654611 -4.73190189 -4.53982362 -4.35314439 -4.15629768 
2.78255940e-10 -4.90654611 -4.73190189 -4.53982362 -4.35314439 -4.15629768 
2.15443469e-10 -4.90654611 -4.73190189 -4.53982362 -4.35314439 -4.15629768 
1.66810054e-10 -4.90654611 -4.73190189 -4.53982362 -4.35314439 -4.15629768 
1.29154967e-10 -4.90654611 -4.73190189 -4.53982362 -4.35314439 -4.15629768 
1.00000000e-10 -4.90654611 -4.73190189 -4.53982362 -4.35314439 -4.15629768 
P (bar) | log_O2: -2σ | log_O2: -1σ | log_O2: median | log_O2: +1σ | log_O2: +2σ 
1.00000000e+01 -9.24945871 -3.98428071 -1.54536241 -1.13579561 -1.02254307 
7.74263683e+00 -9.24945871 -3.98428071 -1.54536241 -1.13579561 -1.02254307 
5.99484250e+00 -9.24945871 -3.98428071 -1.54536241 -1.13579561 -1.02254307 
4.64158883e+00 -9.24945871 -3.98428071 -1.54536241 -1.13579561 -1.02254307 
3.59381366e+00 -9.24945871 -3.98428071 -1.54536241 -1.13579561 -1.02254307 
2.78255940e+00 -9.24945871 -3.98428071 -1.54536241 -1.13579561 -1.02254307 
2.15443469e+00 -9.24945871 -3.98428071 -1.54536241 -1.13579561 -1.02254307 
1.66810054e+00 -9.24945871 -3.98428071 -1.54536241 -1.13579561 -1.02254307 
1.29154967e+00 -9.24945871 -3.98428071 -1.54536241 -1.13579561 -1.02254307 
1.00000000e+00 -9.24945871 -3.98428071 -1.54536241 -1.13579561 -1.02254307 
7.74263683e-01 -9.24945871 -3.98428071 -1.54536241 -1.13579561 -1.02254307 
5.99484250e-01 -9.24945871 -3.98428071 -1.54536241 -1.13579561 -1.02254307 
4.64158883e-01 -9.24945871 -3.98428071 -1.54536241 -1.13579561 -1.02254307 
3.59381366e-01 -9.24945871 -3.98428071 -1.54536241 -1.13579561 -1.02254307 
2.78255940e-01 -9.24945871 -3.98428071 -1.54536241 -1.13579561 -1.02254307 
2.15443469e-01 -9.24945871 -3.98428071 -1.54536241 -1.13579561 -1.02254307 
1.66810054e-01 -9.24945871 -3.98428071 -1.54536241 -1.13579561 -1.02254307 
1.29154967e-01 -9.24945871 -3.98428071 -1.54536241 -1.13579561 -1.02254307 
1.00000000e-01 -9.24945871 -3.98428071 -1.54536241 -1.13579561 -1.02254307 
7.74263683e-02 -9.24945871 -3.98428071 -1.54536241 -1.13579561 -1.02254307 
5.99484250e-02 -9.24945871 -3.98428071 -1.54536241 -1.13579561 -1.02254307 
4.64158883e-02 -9.24945871 -3.98428071 -1.54536241 -1.13579561 -1.02254307 
3.59381366e-02 -9.24945871 -3.98428071 -1.54536241 -1.13579561 -1.02254307 
2.78255940e-02 -9.24945871 -3.98428071 -1.54536241 -1.13579561 -1.02254307 
2.15443469e-02 -9.24945871 -3.98428071 -1.54536241 -1.13579561 -1.02254307 
1.66810054e-02 -9.24945871 -3.98428071 -1.54536241 -1.13579561 -1.02254307 
1.29154967e-02 -9.24945871 -3.98428071 -1.54536241 -1.13579561 -1.02254307 
1.00000000e-02 -9.24945871 -3.98428071 -1.54536241 -1.13579561 -1.02254307 
7.74263683e-03 -9.24945871 -3.98428071 -1.54536241 -1.13579561 -1.02254307 
5.99484250e-03 -9.24945871 -3.98428071 -1.54536241 -1.13579561 -1.02254307 
4.64158883e-03 -9.24945871 -3.98428071 -1.54536241 -1.13579561 -1.02254307 
3.59381366e-03 -9.24945871 -3.98428071 -1.54536241 -1.13579561 -1.02254307 
2.78255940e-03 -9.24945871 -3.98428071 -1.54536241 -1.13579561 -1.02254307 
2.15443469e-03 -9.24945871 -3.98428071 -1.54536241 -1.13579561 -1.02254307 
1.66810054e-03 -9.24945871 -3.98428071 -1.54536241 -1.13579561 -1.02254307 
1.29154967e-03 -9.24945871 -3.98428071 -1.54536241 -1.13579561 -1.02254307 
1.00000000e-03 -9.24945871 -3.98428071 -1.54536241 -1.13579561 -1.02254307 
7.74263683e-04 -9.24945871 -3.98428071 -1.54536241 -1.13579561 -1.02254307 
5.99484250e-04 -9.24945871 -3.98428071 -1.54536241 -1.13579561 -1.02254307 
4.64158883e-04 -9.24945871 -3.98428071 -1.54536241 -1.13579561 -1.02254307 
3.59381366e-04 -9.24945871 -3.98428071 -1.54536241 -1.13579561 -1.02254307 
2.78255940e-04 -9.24945871 -3.98428071 -1.54536241 -1.13579561 -1.02254307 
2.15443469e-04 -9.24945871 -3.98428071 -1.54536241 -1.13579561 -1.02254307 
1.66810054e-04 -9.24945871 -3.98428071 -1.54536241 -1.13579561 -1.02254307 
1.29154967e-04 -9.24945871 -3.98428071 -1.54536241 -1.13579561 -1.02254307 
1.00000000e-04 -9.24945871 -3.98428071 -1.54536241 -1.13579561 -1.02254307 
7.74263683e-05 -9.24945871 -3.98428071 -1.54536241 -1.13579561 -1.02254307 
5.99484250e-05 -9.24945871 -3.98428071 -1.54536241 -1.13579561 -1.02254307 
4.64158883e-05 -9.24945871 -3.98428071 -1.54536241 -1.13579561 -1.02254307 
3.59381366e-05 -9.24945871 -3.98428071 -1.54536241 -1.13579561 -1.02254307 
2.78255940e-05 -9.24945871 -3.98428071 -1.54536241 -1.13579561 -1.02254307 
2.15443469e-05 -9.24945871 -3.98428071 -1.54536241 -1.13579561 -1.02254307 
1.66810054e-05 -9.24945871 -3.98428071 -1.54536241 -1.13579561 -1.02254307 
1.29154967e-05 -9.24945871 -3.98428071 -1.54536241 -1.13579561 -1.02254307 
1.00000000e-05 -9.24945871 -3.98428071 -1.54536241 -1.13579561 -1.02254307 
7.74263683e-06 -9.24945871 -3.98428071 -1.54536241 -1.13579561 -1.02254307 
5.99484250e-06 -9.24945871 -3.98428071 -1.54536241 -1.13579561 -1.02254307 
4.64158883e-06 -9.24945871 -3.98428071 -1.54536241 -1.13579561 -1.02254307 
3.59381366e-06 -9.24945871 -3.98428071 -1.54536241 -1.13579561 -1.02254307 
2.78255940e-06 -9.24945871 -3.98428071 -1.54536241 -1.13579561 -1.02254307 
2.15443469e-06 -9.24945871 -3.98428071 -1.54536241 -1.13579561 -1.02254307 
1.66810054e-06 -9.24945871 -3.98428071 -1.54536241 -1.13579561 -1.02254307 
1.29154967e-06 -9.24945871 -3.98428071 -1.54536241 -1.13579561 -1.02254307 
1.00000000e-06 -9.24945871 -3.98428071 -1.54536241 -1.13579561 -1.02254307 
7.74263683e-07 -9.24945871 -3.98428071 -1.54536241 -1.13579561 -1.02254307 
5.99484250e-07 -9.24945871 -3.98428071 -1.54536241 -1.13579561 -1.02254307 
4.64158883e-07 -9.24945871 -3.98428071 -1.54536241 -1.13579561 -1.02254307 
3.59381366e-07 -9.24945871 -3.98428071 -1.54536241 -1.13579561 -1.02254307 
2.78255940e-07 -9.24945871 -3.98428071 -1.54536241 -1.13579561 -1.02254307 
2.15443469e-07 -9.24945871 -3.98428071 -1.54536241 -1.13579561 -1.02254307 
1.66810054e-07 -9.24945871 -3.98428071 -1.54536241 -1.13579561 -1.02254307 
1.29154967e-07 -9.24945871 -3.98428071 -1.54536241 -1.13579561 -1.02254307 
1.00000000e-07 -9.24945871 -3.98428071 -1.54536241 -1.13579561 -1.02254307 
7.74263683e-08 -9.24945871 -3.98428071 -1.54536241 -1.13579561 -1.02254307 
5.99484250e-08 -9.24945871 -3.98428071 -1.54536241 -1.13579561 -1.02254307 
4.64158883e-08 -9.24945871 -3.98428071 -1.54536241 -1.13579561 -1.02254307 
3.59381366e-08 -9.24945871 -3.98428071 -1.54536241 -1.13579561 -1.02254307 
2.78255940e-08 -9.24945871 -3.98428071 -1.54536241 -1.13579561 -1.02254307 
2.15443469e-08 -9.24945871 -3.98428071 -1.54536241 -1.13579561 -1.02254307 
1.66810054e-08 -9.24945871 -3.98428071 -1.54536241 -1.13579561 -1.02254307 
1.29154967e-08 -9.24945871 -3.98428071 -1.54536241 -1.13579561 -1.02254307 
1.00000000e-08 -9.24945871 -3.98428071 -1.54536241 -1.13579561 -1.02254307 
7.74263683e-09 -9.24945871 -3.98428071 -1.54536241 -1.13579561 -1.02254307 
5.99484250e-09 -9.24945871 -3.98428071 -1.54536241 -1.13579561 -1.02254307 
4.64158883e-09 -9.24945871 -3.98428071 -1.54536241 -1.13579561 -1.02254307 
3.59381366e-09 -9.24945871 -3.98428071 -1.54536241 -1.13579561 -1.02254307 
2.78255940e-09 -9.24945871 -3.98428071 -1.54536241 -1.13579561 -1.02254307 
2.15443469e-09 -9.24945871 -3.98428071 -1.54536241 -1.13579561 -1.02254307 
1.66810054e-09 -9.24945871 -3.98428071 -1.54536241 -1.13579561 -1.02254307 
1.29154967e-09 -9.24945871 -3.98428071 -1.54536241 -1.13579561 -1.02254307 
1.00000000e-09 -9.24945871 -3.98428071 -1.54536241 -1.13579561 -1.02254307 
7.74263683e-10 -9.24945871 -3.98428071 -1.54536241 -1.13579561 -1.02254307 
5.99484250e-10 -9.24945871 -3.98428071 -1.54536241 -1.13579561 -1.02254307 
4.64158883e-10 -9.24945871 -3.98428071 -1.54536241 -1.13579561 -1.02254307 
3.59381366e-10 -9.24945871 -3.98428071 -1.54536241 -1.13579561 -1.02254307 
2.78255940e-10 -9.24945871 -3.98428071 -1.54536241 -1.13579561 -1.02254307 
2.15443469e-10 -9.24945871 -3.98428071 -1.54536241 -1.13579561 -1.02254307 
1.66810054e-10 -9.24945871 -3.98428071 -1.54536241 -1.13579561 -1.02254307 
1.29154967e-10 -9.24945871 -3.98428071 -1.54536241 -1.13579561 -1.02254307 
1.00000000e-10 -9.24945871 -3.98428071 -1.54536241 -1.13579561 -1.02254307 
P (bar) | log_O3: -2σ | log_O3: -1σ | log_O3: median | log_O3: +1σ | log_O3: +2σ 
1.00000000e+01 -9.94311220 -9.51502854 -8.44570733 -7.21742267 -6.16452776 
7.74263683e+00 -9.94311220 -9.51502854 -8.44570733 -7.21742267 -6.16452776 
5.99484250e+00 -9.94311220 -9.51502854 -8.44570733 -7.21742267 -6.16452776 
4.64158883e+00 -9.94311220 -9.51502854 -8.44570733 -7.21742267 -6.16452776 
3.59381366e+00 -9.94311220 -9.51502854 -8.44570733 -7.21742267 -6.16452776 
2.78255940e+00 -9.94311220 -9.51502854 -8.44570733 -7.21742267 -6.16452776 
2.15443469e+00 -9.94311220 -9.51502854 -8.44570733 -7.21742267 -6.16452776 
1.66810054e+00 -9.94311220 -9.51502854 -8.44570733 -7.21742267 -6.16452776 
1.29154967e+00 -9.94311220 -9.51502854 -8.44570733 -7.21742267 -6.16452776 
1.00000000e+00 -9.94311220 -9.51502854 -8.44570733 -7.21742267 -6.16452776 
7.74263683e-01 -9.94311220 -9.51502854 -8.44570733 -7.21742267 -6.16452776 
5.99484250e-01 -9.94311220 -9.51502854 -8.44570733 -7.21742267 -6.16452776 
4.64158883e-01 -9.94311220 -9.51502854 -8.44570733 -7.21742267 -6.16452776 
3.59381366e-01 -9.94311220 -9.51502854 -8.44570733 -7.21742267 -6.16452776 
2.78255940e-01 -9.94311220 -9.51502854 -8.44570733 -7.21742267 -6.16452776 
2.15443469e-01 -9.94311220 -9.51502854 -8.44570733 -7.21742267 -6.16452776 
1.66810054e-01 -9.94311220 -9.51502854 -8.44570733 -7.21742267 -6.16452776 
1.29154967e-01 -9.94311220 -9.51502854 -8.44570733 -7.21742267 -6.16452776 
1.00000000e-01 -9.94311220 -9.51502854 -8.44570733 -7.21742267 -6.16452776 
7.74263683e-02 -9.94311220 -9.51502854 -8.44570733 -7.21742267 -6.16452776 
5.99484250e-02 -9.94311220 -9.51502854 -8.44570733 -7.21742267 -6.16452776 
4.64158883e-02 -9.94311220 -9.51502854 -8.44570733 -7.21742267 -6.16452776 
3.59381366e-02 -9.94311220 -9.51502854 -8.44570733 -7.21742267 -6.16452776 
2.78255940e-02 -9.94311220 -9.51502854 -8.44570733 -7.21742267 -6.16452776 
2.15443469e-02 -9.94311220 -9.51502854 -8.44570733 -7.21742267 -6.16452776 
1.66810054e-02 -9.94311220 -9.51502854 -8.44570733 -7.21742267 -6.16452776 
1.29154967e-02 -9.94311220 -9.51502854 -8.44570733 -7.21742267 -6.16452776 
1.00000000e-02 -9.94311220 -9.51502854 -8.44570733 -7.21742267 -6.16452776 
7.74263683e-03 -9.94311220 -9.51502854 -8.44570733 -7.21742267 -6.16452776 
5.99484250e-03 -9.94311220 -9.51502854 -8.44570733 -7.21742267 -6.16452776 
4.64158883e-03 -9.94311220 -9.51502854 -8.44570733 -7.21742267 -6.16452776 
3.59381366e-03 -9.94311220 -9.51502854 -8.44570733 -7.21742267 -6.16452776 
2.78255940e-03 -9.94311220 -9.51502854 -8.44570733 -7.21742267 -6.16452776 
2.15443469e-03 -9.94311220 -9.51502854 -8.44570733 -7.21742267 -6.16452776 
1.66810054e-03 -9.94311220 -9.51502854 -8.44570733 -7.21742267 -6.16452776 
1.29154967e-03 -9.94311220 -9.51502854 -8.44570733 -7.21742267 -6.16452776 
1.00000000e-03 -9.94311220 -9.51502854 -8.44570733 -7.21742267 -6.16452776 
7.74263683e-04 -9.94311220 -9.51502854 -8.44570733 -7.21742267 -6.16452776 
5.99484250e-04 -9.94311220 -9.51502854 -8.44570733 -7.21742267 -6.16452776 
4.64158883e-04 -9.94311220 -9.51502854 -8.44570733 -7.21742267 -6.16452776 
3.59381366e-04 -9.94311220 -9.51502854 -8.44570733 -7.21742267 -6.16452776 
2.78255940e-04 -9.94311220 -9.51502854 -8.44570733 -7.21742267 -6.16452776 
2.15443469e-04 -9.94311220 -9.51502854 -8.44570733 -7.21742267 -6.16452776 
1.66810054e-04 -9.94311220 -9.51502854 -8.44570733 -7.21742267 -6.16452776 
1.29154967e-04 -9.94311220 -9.51502854 -8.44570733 -7.21742267 -6.16452776 
1.00000000e-04 -9.94311220 -9.51502854 -8.44570733 -7.21742267 -6.16452776 
7.74263683e-05 -9.94311220 -9.51502854 -8.44570733 -7.21742267 -6.16452776 
5.99484250e-05 -9.94311220 -9.51502854 -8.44570733 -7.21742267 -6.16452776 
4.64158883e-05 -9.94311220 -9.51502854 -8.44570733 -7.21742267 -6.16452776 
3.59381366e-05 -9.94311220 -9.51502854 -8.44570733 -7.21742267 -6.16452776 
2.78255940e-05 -9.94311220 -9.51502854 -8.44570733 -7.21742267 -6.16452776 
2.15443469e-05 -9.94311220 -9.51502854 -8.44570733 -7.21742267 -6.16452776 
1.66810054e-05 -9.94311220 -9.51502854 -8.44570733 -7.21742267 -6.16452776 
1.29154967e-05 -9.94311220 -9.51502854 -8.44570733 -7.21742267 -6.16452776 
1.00000000e-05 -9.94311220 -9.51502854 -8.44570733 -7.21742267 -6.16452776 
7.74263683e-06 -9.94311220 -9.51502854 -8.44570733 -7.21742267 -6.16452776 
5.99484250e-06 -9.94311220 -9.51502854 -8.44570733 -7.21742267 -6.16452776 
4.64158883e-06 -9.94311220 -9.51502854 -8.44570733 -7.21742267 -6.16452776 
3.59381366e-06 -9.94311220 -9.51502854 -8.44570733 -7.21742267 -6.16452776 
2.78255940e-06 -9.94311220 -9.51502854 -8.44570733 -7.21742267 -6.16452776 
2.15443469e-06 -9.94311220 -9.51502854 -8.44570733 -7.21742267 -6.16452776 
1.66810054e-06 -9.94311220 -9.51502854 -8.44570733 -7.21742267 -6.16452776 
1.29154967e-06 -9.94311220 -9.51502854 -8.44570733 -7.21742267 -6.16452776 
1.00000000e-06 -9.94311220 -9.51502854 -8.44570733 -7.21742267 -6.16452776 
7.74263683e-07 -9.94311220 -9.51502854 -8.44570733 -7.21742267 -6.16452776 
5.99484250e-07 -9.94311220 -9.51502854 -8.44570733 -7.21742267 -6.16452776 
4.64158883e-07 -9.94311220 -9.51502854 -8.44570733 -7.21742267 -6.16452776 
3.59381366e-07 -9.94311220 -9.51502854 -8.44570733 -7.21742267 -6.16452776 
2.78255940e-07 -9.94311220 -9.51502854 -8.44570733 -7.21742267 -6.16452776 
2.15443469e-07 -9.94311220 -9.51502854 -8.44570733 -7.21742267 -6.16452776 
1.66810054e-07 -9.94311220 -9.51502854 -8.44570733 -7.21742267 -6.16452776 
1.29154967e-07 -9.94311220 -9.51502854 -8.44570733 -7.21742267 -6.16452776 
1.00000000e-07 -9.94311220 -9.51502854 -8.44570733 -7.21742267 -6.16452776 
7.74263683e-08 -9.94311220 -9.51502854 -8.44570733 -7.21742267 -6.16452776 
5.99484250e-08 -9.94311220 -9.51502854 -8.44570733 -7.21742267 -6.16452776 
4.64158883e-08 -9.94311220 -9.51502854 -8.44570733 -7.21742267 -6.16452776 
3.59381366e-08 -9.94311220 -9.51502854 -8.44570733 -7.21742267 -6.16452776 
2.78255940e-08 -9.94311220 -9.51502854 -8.44570733 -7.21742267 -6.16452776 
2.15443469e-08 -9.94311220 -9.51502854 -8.44570733 -7.21742267 -6.16452776 
1.66810054e-08 -9.94311220 -9.51502854 -8.44570733 -7.21742267 -6.16452776 
1.29154967e-08 -9.94311220 -9.51502854 -8.44570733 -7.21742267 -6.16452776 
1.00000000e-08 -9.94311220 -9.51502854 -8.44570733 -7.21742267 -6.16452776 
7.74263683e-09 -9.94311220 -9.51502854 -8.44570733 -7.21742267 -6.16452776 
5.99484250e-09 -9.94311220 -9.51502854 -8.44570733 -7.21742267 -6.16452776 
4.64158883e-09 -9.94311220 -9.51502854 -8.44570733 -7.21742267 -6.16452776 
3.59381366e-09 -9.94311220 -9.51502854 -8.44570733 -7.21742267 -6.16452776 
2.78255940e-09 -9.94311220 -9.51502854 -8.44570733 -7.21742267 -6.16452776 
2.15443469e-09 -9.94311220 -9.51502854 -8.44570733 -7.21742267 -6.16452776 
1.66810054e-09 -9.94311220 -9.51502854 -8.44570733 -7.21742267 -6.16452776 
1.29154967e-09 -9.94311220 -9.51502854 -8.44570733 -7.21742267 -6.16452776 
1.00000000e-09 -9.94311220 -9.51502854 -8.44570733 -7.21742267 -6.16452776 
7.74263683e-10 -9.94311220 -9.51502854 -8.44570733 -7.21742267 -6.16452776 
5.99484250e-10 -9.94311220 -9.51502854 -8.44570733 -7.21742267 -6.16452776 
4.64158883e-10 -9.94311220 -9.51502854 -8.44570733 -7.21742267 -6.16452776 
3.59381366e-10 -9.94311220 -9.51502854 -8.44570733 -7.21742267 -6.16452776 
2.78255940e-10 -9.94311220 -9.51502854 -8.44570733 -7.21742267 -6.16452776 
2.15443469e-10 -9.94311220 -9.51502854 -8.44570733 -7.21742267 -6.16452776 
1.66810054e-10 -9.94311220 -9.51502854 -8.44570733 -7.21742267 -6.16452776 
1.29154967e-10 -9.94311220 -9.51502854 -8.44570733 -7.21742267 -6.16452776 
1.00000000e-10 -9.94311220 -9.51502854 -8.44570733 -7.21742267 -6.16452776 
P (bar) | log_N2O: -2σ | log_N2O: -1σ | log_N2O: median | log_N2O: +1σ | log_N2O: +2σ 
1.00000000e+01 -9.87211198 -9.07591529 -7.42028328 -6.30403861 -5.69075463 
7.74263683e+00 -9.87211198 -9.07591529 -7.42028328 -6.30403861 -5.69075463 
5.99484250e+00 -9.87211198 -9.07591529 -7.42028328 -6.30403861 -5.69075463 
4.64158883e+00 -9.87211198 -9.07591529 -7.42028328 -6.30403861 -5.69075463 
3.59381366e+00 -9.87211198 -9.07591529 -7.42028328 -6.30403861 -5.69075463 
2.78255940e+00 -9.87211198 -9.07591529 -7.42028328 -6.30403861 -5.69075463 
2.15443469e+00 -9.87211198 -9.07591529 -7.42028328 -6.30403861 -5.69075463 
1.66810054e+00 -9.87211198 -9.07591529 -7.42028328 -6.30403861 -5.69075463 
1.29154967e+00 -9.87211198 -9.07591529 -7.42028328 -6.30403861 -5.69075463 
1.00000000e+00 -9.87211198 -9.07591529 -7.42028328 -6.30403861 -5.69075463 
7.74263683e-01 -9.87211198 -9.07591529 -7.42028328 -6.30403861 -5.69075463 
5.99484250e-01 -9.87211198 -9.07591529 -7.42028328 -6.30403861 -5.69075463 
4.64158883e-01 -9.87211198 -9.07591529 -7.42028328 -6.30403861 -5.69075463 
3.59381366e-01 -9.87211198 -9.07591529 -7.42028328 -6.30403861 -5.69075463 
2.78255940e-01 -9.87211198 -9.07591529 -7.42028328 -6.30403861 -5.69075463 
2.15443469e-01 -9.87211198 -9.07591529 -7.42028328 -6.30403861 -5.69075463 
1.66810054e-01 -9.87211198 -9.07591529 -7.42028328 -6.30403861 -5.69075463 
1.29154967e-01 -9.87211198 -9.07591529 -7.42028328 -6.30403861 -5.69075463 
1.00000000e-01 -9.87211198 -9.07591529 -7.42028328 -6.30403861 -5.69075463 
7.74263683e-02 -9.87211198 -9.07591529 -7.42028328 -6.30403861 -5.69075463 
5.99484250e-02 -9.87211198 -9.07591529 -7.42028328 -6.30403861 -5.69075463 
4.64158883e-02 -9.87211198 -9.07591529 -7.42028328 -6.30403861 -5.69075463 
3.59381366e-02 -9.87211198 -9.07591529 -7.42028328 -6.30403861 -5.69075463 
2.78255940e-02 -9.87211198 -9.07591529 -7.42028328 -6.30403861 -5.69075463 
2.15443469e-02 -9.87211198 -9.07591529 -7.42028328 -6.30403861 -5.69075463 
1.66810054e-02 -9.87211198 -9.07591529 -7.42028328 -6.30403861 -5.69075463 
1.29154967e-02 -9.87211198 -9.07591529 -7.42028328 -6.30403861 -5.69075463 
1.00000000e-02 -9.87211198 -9.07591529 -7.42028328 -6.30403861 -5.69075463 
7.74263683e-03 -9.87211198 -9.07591529 -7.42028328 -6.30403861 -5.69075463 
5.99484250e-03 -9.87211198 -9.07591529 -7.42028328 -6.30403861 -5.69075463 
4.64158883e-03 -9.87211198 -9.07591529 -7.42028328 -6.30403861 -5.69075463 
3.59381366e-03 -9.87211198 -9.07591529 -7.42028328 -6.30403861 -5.69075463 
2.78255940e-03 -9.87211198 -9.07591529 -7.42028328 -6.30403861 -5.69075463 
2.15443469e-03 -9.87211198 -9.07591529 -7.42028328 -6.30403861 -5.69075463 
1.66810054e-03 -9.87211198 -9.07591529 -7.42028328 -6.30403861 -5.69075463 
1.29154967e-03 -9.87211198 -9.07591529 -7.42028328 -6.30403861 -5.69075463 
1.00000000e-03 -9.87211198 -9.07591529 -7.42028328 -6.30403861 -5.69075463 
7.74263683e-04 -9.87211198 -9.07591529 -7.42028328 -6.30403861 -5.69075463 
5.99484250e-04 -9.87211198 -9.07591529 -7.42028328 -6.30403861 -5.69075463 
4.64158883e-04 -9.87211198 -9.07591529 -7.42028328 -6.30403861 -5.69075463 
3.59381366e-04 -9.87211198 -9.07591529 -7.42028328 -6.30403861 -5.69075463 
2.78255940e-04 -9.87211198 -9.07591529 -7.42028328 -6.30403861 -5.69075463 
2.15443469e-04 -9.87211198 -9.07591529 -7.42028328 -6.30403861 -5.69075463 
1.66810054e-04 -9.87211198 -9.07591529 -7.42028328 -6.30403861 -5.69075463 
1.29154967e-04 -9.87211198 -9.07591529 -7.42028328 -6.30403861 -5.69075463 
1.00000000e-04 -9.87211198 -9.07591529 -7.42028328 -6.30403861 -5.69075463 
7.74263683e-05 -9.87211198 -9.07591529 -7.42028328 -6.30403861 -5.69075463 
5.99484250e-05 -9.87211198 -9.07591529 -7.42028328 -6.30403861 -5.69075463 
4.64158883e-05 -9.87211198 -9.07591529 -7.42028328 -6.30403861 -5.69075463 
3.59381366e-05 -9.87211198 -9.07591529 -7.42028328 -6.30403861 -5.69075463 
2.78255940e-05 -9.87211198 -9.07591529 -7.42028328 -6.30403861 -5.69075463 
2.15443469e-05 -9.87211198 -9.07591529 -7.42028328 -6.30403861 -5.69075463 
1.66810054e-05 -9.87211198 -9.07591529 -7.42028328 -6.30403861 -5.69075463 
1.29154967e-05 -9.87211198 -9.07591529 -7.42028328 -6.30403861 -5.69075463 
1.00000000e-05 -9.87211198 -9.07591529 -7.42028328 -6.30403861 -5.69075463 
7.74263683e-06 -9.87211198 -9.07591529 -7.42028328 -6.30403861 -5.69075463 
5.99484250e-06 -9.87211198 -9.07591529 -7.42028328 -6.30403861 -5.69075463 
4.64158883e-06 -9.87211198 -9.07591529 -7.42028328 -6.30403861 -5.69075463 
3.59381366e-06 -9.87211198 -9.07591529 -7.42028328 -6.30403861 -5.69075463 
2.78255940e-06 -9.87211198 -9.07591529 -7.42028328 -6.30403861 -5.69075463 
2.15443469e-06 -9.87211198 -9.07591529 -7.42028328 -6.30403861 -5.69075463 
1.66810054e-06 -9.87211198 -9.07591529 -7.42028328 -6.30403861 -5.69075463 
1.29154967e-06 -9.87211198 -9.07591529 -7.42028328 -6.30403861 -5.69075463 
1.00000000e-06 -9.87211198 -9.07591529 -7.42028328 -6.30403861 -5.69075463 
7.74263683e-07 -9.87211198 -9.07591529 -7.42028328 -6.30403861 -5.69075463 
5.99484250e-07 -9.87211198 -9.07591529 -7.42028328 -6.30403861 -5.69075463 
4.64158883e-07 -9.87211198 -9.07591529 -7.42028328 -6.30403861 -5.69075463 
3.59381366e-07 -9.87211198 -9.07591529 -7.42028328 -6.30403861 -5.69075463 
2.78255940e-07 -9.87211198 -9.07591529 -7.42028328 -6.30403861 -5.69075463 
2.15443469e-07 -9.87211198 -9.07591529 -7.42028328 -6.30403861 -5.69075463 
1.66810054e-07 -9.87211198 -9.07591529 -7.42028328 -6.30403861 -5.69075463 
1.29154967e-07 -9.87211198 -9.07591529 -7.42028328 -6.30403861 -5.69075463 
1.00000000e-07 -9.87211198 -9.07591529 -7.42028328 -6.30403861 -5.69075463 
7.74263683e-08 -9.87211198 -9.07591529 -7.42028328 -6.30403861 -5.69075463 
5.99484250e-08 -9.87211198 -9.07591529 -7.42028328 -6.30403861 -5.69075463 
4.64158883e-08 -9.87211198 -9.07591529 -7.42028328 -6.30403861 -5.69075463 
3.59381366e-08 -9.87211198 -9.07591529 -7.42028328 -6.30403861 -5.69075463 
2.78255940e-08 -9.87211198 -9.07591529 -7.42028328 -6.30403861 -5.69075463 
2.15443469e-08 -9.87211198 -9.07591529 -7.42028328 -6.30403861 -5.69075463 
1.66810054e-08 -9.87211198 -9.07591529 -7.42028328 -6.30403861 -5.69075463 
1.29154967e-08 -9.87211198 -9.07591529 -7.42028328 -6.30403861 -5.69075463 
1.00000000e-08 -9.87211198 -9.07591529 -7.42028328 -6.30403861 -5.69075463 
7.74263683e-09 -9.87211198 -9.07591529 -7.42028328 -6.30403861 -5.69075463 
5.99484250e-09 -9.87211198 -9.07591529 -7.42028328 -6.30403861 -5.69075463 
4.64158883e-09 -9.87211198 -9.07591529 -7.42028328 -6.30403861 -5.69075463 
3.59381366e-09 -9.87211198 -9.07591529 -7.42028328 -6.30403861 -5.69075463 
2.78255940e-09 -9.87211198 -9.07591529 -7.42028328 -6.30403861 -5.69075463 
2.15443469e-09 -9.87211198 -9.07591529 -7.42028328 -6.30403861 -5.69075463 
1.66810054e-09 -9.87211198 -9.07591529 -7.42028328 -6.30403861 -5.69075463 
1.29154967e-09 -9.87211198 -9.07591529 -7.42028328 -6.30403861 -5.69075463 
1.00000000e-09 -9.87211198 -9.07591529 -7.42028328 -6.30403861 -5.69075463 
7.74263683e-10 -9.87211198 -9.07591529 -7.42028328 -6.30403861 -5.69075463 
5.99484250e-10 -9.87211198 -9.07591529 -7.42028328 -6.30403861 -5.69075463 
4.64158883e-10 -9.87211198 -9.07591529 -7.42028328 -6.30403861 -5.69075463 
3.59381366e-10 -9.87211198 -9.07591529 -7.42028328 -6.30403861 -5.69075463 
2.78255940e-10 -9.87211198 -9.07591529 -7.42028328 -6.30403861 -5.69075463 
2.15443469e-10 -9.87211198 -9.07591529 -7.42028328 -6.30403861 -5.69075463 
1.66810054e-10 -9.87211198 -9.07591529 -7.42028328 -6.30403861 -5.69075463 
1.29154967e-10 -9.87211198 -9.07591529 -7.42028328 -6.30403861 -5.69075463 
1.00000000e-10 -9.87211198 -9.07591529 -7.42028328 -6.30403861 -5.69075463 
P (bar) | log_NH3: -2σ | log_NH3: -1σ | log_NH3: median | log_NH3: +1σ | log_NH3: +2σ 
1.00000000e+01 -6.83608694 -6.39872203 -6.10374571 -5.82130729 -5.54408714 
7.74263683e+00 -6.83608694 -6.39872203 -6.10374571 -5.82130729 -5.54408714 
5.99484250e+00 -6.83608694 -6.39872203 -6.10374571 -5.82130729 -5.54408714 
4.64158883e+00 -6.83608694 -6.39872203 -6.10374571 -5.82130729 -5.54408714 
3.59381366e+00 -6.83608694 -6.39872203 -6.10374571 -5.82130729 -5.54408714 
2.78255940e+00 -6.83608694 -6.39872203 -6.10374571 -5.82130729 -5.54408714 
2.15443469e+00 -6.83608694 -6.39872203 -6.10374571 -5.82130729 -5.54408714 
1.66810054e+00 -6.83608694 -6.39872203 -6.10374571 -5.82130729 -5.54408714 
1.29154967e+00 -6.83608694 -6.39872203 -6.10374571 -5.82130729 -5.54408714 
1.00000000e+00 -6.83608694 -6.39872203 -6.10374571 -5.82130729 -5.54408714 
7.74263683e-01 -6.83608694 -6.39872203 -6.10374571 -5.82130729 -5.54408714 
5.99484250e-01 -6.83608694 -6.39872203 -6.10374571 -5.82130729 -5.54408714 
4.64158883e-01 -6.83608694 -6.39872203 -6.10374571 -5.82130729 -5.54408714 
3.59381366e-01 -6.83608694 -6.39872203 -6.10374571 -5.82130729 -5.54408714 
2.78255940e-01 -6.83608694 -6.39872203 -6.10374571 -5.82130729 -5.54408714 
2.15443469e-01 -6.83608694 -6.39872203 -6.10374571 -5.82130729 -5.54408714 
1.66810054e-01 -6.83608694 -6.39872203 -6.10374571 -5.82130729 -5.54408714 
1.29154967e-01 -6.83608694 -6.39872203 -6.10374571 -5.82130729 -5.54408714 
1.00000000e-01 -6.83608694 -6.39872203 -6.10374571 -5.82130729 -5.54408714 
7.74263683e-02 -6.83608694 -6.39872203 -6.10374571 -5.82130729 -5.54408714 
5.99484250e-02 -6.83608694 -6.39872203 -6.10374571 -5.82130729 -5.54408714 
4.64158883e-02 -6.83608694 -6.39872203 -6.10374571 -5.82130729 -5.54408714 
3.59381366e-02 -6.83608694 -6.39872203 -6.10374571 -5.82130729 -5.54408714 
2.78255940e-02 -6.83608694 -6.39872203 -6.10374571 -5.82130729 -5.54408714 
2.15443469e-02 -6.83608694 -6.39872203 -6.10374571 -5.82130729 -5.54408714 
1.66810054e-02 -6.83608694 -6.39872203 -6.10374571 -5.82130729 -5.54408714 
1.29154967e-02 -6.83608694 -6.39872203 -6.10374571 -5.82130729 -5.54408714 
1.00000000e-02 -6.83608694 -6.39872203 -6.10374571 -5.82130729 -5.54408714 
7.74263683e-03 -6.83608694 -6.39872203 -6.10374571 -5.82130729 -5.54408714 
5.99484250e-03 -6.83608694 -6.39872203 -6.10374571 -5.82130729 -5.54408714 
4.64158883e-03 -6.83608694 -6.39872203 -6.10374571 -5.82130729 -5.54408714 
3.59381366e-03 -6.83608694 -6.39872203 -6.10374571 -5.82130729 -5.54408714 
2.78255940e-03 -6.83608694 -6.39872203 -6.10374571 -5.82130729 -5.54408714 
2.15443469e-03 -6.83608694 -6.39872203 -6.10374571 -5.82130729 -5.54408714 
1.66810054e-03 -6.83608694 -6.39872203 -6.10374571 -5.82130729 -5.54408714 
1.29154967e-03 -6.83608694 -6.39872203 -6.10374571 -5.82130729 -5.54408714 
1.00000000e-03 -6.83608694 -6.39872203 -6.10374571 -5.82130729 -5.54408714 
7.74263683e-04 -6.83608694 -6.39872203 -6.10374571 -5.82130729 -5.54408714 
5.99484250e-04 -6.83608694 -6.39872203 -6.10374571 -5.82130729 -5.54408714 
4.64158883e-04 -6.83608694 -6.39872203 -6.10374571 -5.82130729 -5.54408714 
3.59381366e-04 -6.83608694 -6.39872203 -6.10374571 -5.82130729 -5.54408714 
2.78255940e-04 -6.83608694 -6.39872203 -6.10374571 -5.82130729 -5.54408714 
2.15443469e-04 -6.83608694 -6.39872203 -6.10374571 -5.82130729 -5.54408714 
1.66810054e-04 -6.83608694 -6.39872203 -6.10374571 -5.82130729 -5.54408714 
1.29154967e-04 -6.83608694 -6.39872203 -6.10374571 -5.82130729 -5.54408714 
1.00000000e-04 -6.83608694 -6.39872203 -6.10374571 -5.82130729 -5.54408714 
7.74263683e-05 -6.83608694 -6.39872203 -6.10374571 -5.82130729 -5.54408714 
5.99484250e-05 -6.83608694 -6.39872203 -6.10374571 -5.82130729 -5.54408714 
4.64158883e-05 -6.83608694 -6.39872203 -6.10374571 -5.82130729 -5.54408714 
3.59381366e-05 -6.83608694 -6.39872203 -6.10374571 -5.82130729 -5.54408714 
2.78255940e-05 -6.83608694 -6.39872203 -6.10374571 -5.82130729 -5.54408714 
2.15443469e-05 -6.83608694 -6.39872203 -6.10374571 -5.82130729 -5.54408714 
1.66810054e-05 -6.83608694 -6.39872203 -6.10374571 -5.82130729 -5.54408714 
1.29154967e-05 -6.83608694 -6.39872203 -6.10374571 -5.82130729 -5.54408714 
1.00000000e-05 -6.83608694 -6.39872203 -6.10374571 -5.82130729 -5.54408714 
7.74263683e-06 -6.83608694 -6.39872203 -6.10374571 -5.82130729 -5.54408714 
5.99484250e-06 -6.83608694 -6.39872203 -6.10374571 -5.82130729 -5.54408714 
4.64158883e-06 -6.83608694 -6.39872203 -6.10374571 -5.82130729 -5.54408714 
3.59381366e-06 -6.83608694 -6.39872203 -6.10374571 -5.82130729 -5.54408714 
2.78255940e-06 -6.83608694 -6.39872203 -6.10374571 -5.82130729 -5.54408714 
2.15443469e-06 -6.83608694 -6.39872203 -6.10374571 -5.82130729 -5.54408714 
1.66810054e-06 -6.83608694 -6.39872203 -6.10374571 -5.82130729 -5.54408714 
1.29154967e-06 -6.83608694 -6.39872203 -6.10374571 -5.82130729 -5.54408714 
1.00000000e-06 -6.83608694 -6.39872203 -6.10374571 -5.82130729 -5.54408714 
7.74263683e-07 -6.83608694 -6.39872203 -6.10374571 -5.82130729 -5.54408714 
5.99484250e-07 -6.83608694 -6.39872203 -6.10374571 -5.82130729 -5.54408714 
4.64158883e-07 -6.83608694 -6.39872203 -6.10374571 -5.82130729 -5.54408714 
3.59381366e-07 -6.83608694 -6.39872203 -6.10374571 -5.82130729 -5.54408714 
2.78255940e-07 -6.83608694 -6.39872203 -6.10374571 -5.82130729 -5.54408714 
2.15443469e-07 -6.83608694 -6.39872203 -6.10374571 -5.82130729 -5.54408714 
1.66810054e-07 -6.83608694 -6.39872203 -6.10374571 -5.82130729 -5.54408714 
1.29154967e-07 -6.83608694 -6.39872203 -6.10374571 -5.82130729 -5.54408714 
1.00000000e-07 -6.83608694 -6.39872203 -6.10374571 -5.82130729 -5.54408714 
7.74263683e-08 -6.83608694 -6.39872203 -6.10374571 -5.82130729 -5.54408714 
5.99484250e-08 -6.83608694 -6.39872203 -6.10374571 -5.82130729 -5.54408714 
4.64158883e-08 -6.83608694 -6.39872203 -6.10374571 -5.82130729 -5.54408714 
3.59381366e-08 -6.83608694 -6.39872203 -6.10374571 -5.82130729 -5.54408714 
2.78255940e-08 -6.83608694 -6.39872203 -6.10374571 -5.82130729 -5.54408714 
2.15443469e-08 -6.83608694 -6.39872203 -6.10374571 -5.82130729 -5.54408714 
1.66810054e-08 -6.83608694 -6.39872203 -6.10374571 -5.82130729 -5.54408714 
1.29154967e-08 -6.83608694 -6.39872203 -6.10374571 -5.82130729 -5.54408714 
1.00000000e-08 -6.83608694 -6.39872203 -6.10374571 -5.82130729 -5.54408714 
7.74263683e-09 -6.83608694 -6.39872203 -6.10374571 -5.82130729 -5.54408714 
5.99484250e-09 -6.83608694 -6.39872203 -6.10374571 -5.82130729 -5.54408714 
4.64158883e-09 -6.83608694 -6.39872203 -6.10374571 -5.82130729 -5.54408714 
3.59381366e-09 -6.83608694 -6.39872203 -6.10374571 -5.82130729 -5.54408714 
2.78255940e-09 -6.83608694 -6.39872203 -6.10374571 -5.82130729 -5.54408714 
2.15443469e-09 -6.83608694 -6.39872203 -6.10374571 -5.82130729 -5.54408714 
1.66810054e-09 -6.83608694 -6.39872203 -6.10374571 -5.82130729 -5.54408714 
1.29154967e-09 -6.83608694 -6.39872203 -6.10374571 -5.82130729 -5.54408714 
1.00000000e-09 -6.83608694 -6.39872203 -6.10374571 -5.82130729 -5.54408714 
7.74263683e-10 -6.83608694 -6.39872203 -6.10374571 -5.82130729 -5.54408714 
5.99484250e-10 -6.83608694 -6.39872203 -6.10374571 -5.82130729 -5.54408714 
4.64158883e-10 -6.83608694 -6.39872203 -6.10374571 -5.82130729 -5.54408714 
3.59381366e-10 -6.83608694 -6.39872203 -6.10374571 -5.82130729 -5.54408714 
2.78255940e-10 -6.83608694 -6.39872203 -6.10374571 -5.82130729 -5.54408714 
2.15443469e-10 -6.83608694 -6.39872203 -6.10374571 -5.82130729 -5.54408714 
1.66810054e-10 -6.83608694 -6.39872203 -6.10374571 -5.82130729 -5.54408714 
1.29154967e-10 -6.83608694 -6.39872203 -6.10374571 -5.82130729 -5.54408714 
1.00000000e-10 -6.83608694 -6.39872203 -6.10374571 -5.82130729 -5.54408714 
