Chemical species: N2 H2O CO2 CH4 O2 O3 N2O NH3
P (bar) | log_N2: -2σ | log_N2: -1σ | log_N2: median | log_N2: +1σ | log_N2: +2σ 
1.00000000e+01 -0.02082399 -0.00165007 -0.00005945 -0.00001727 -0.00000761 
7.74263683e+00 -0.02082399 -0.00165007 -0.00005945 -0.00001727 -0.00000761 
5.99484250e+00 -0.02082399 -0.00165007 -0.00005945 -0.00001727 -0.00000761 
4.64158883e+00 -0.02082399 -0.00165007 -0.00005945 -0.00001727 -0.00000761 
3.59381366e+00 -0.02082399 -0.00165007 -0.00005945 -0.00001727 -0.00000761 
2.78255940e+00 -0.02082399 -0.00165007 -0.00005945 -0.00001727 -0.00000761 
2.15443469e+00 -0.02082399 -0.00165007 -0.00005945 -0.00001727 -0.00000761 
1.66810054e+00 -0.02082399 -0.00165007 -0.00005945 -0.00001727 -0.00000761 
1.29154967e+00 -0.02082399 -0.00165007 -0.00005945 -0.00001727 -0.00000761 
1.00000000e+00 -0.02082399 -0.00165007 -0.00005945 -0.00001727 -0.00000761 
7.74263683e-01 -0.02082399 -0.00165007 -0.00005945 -0.00001727 -0.00000761 
5.99484250e-01 -0.02082399 -0.00165007 -0.00005945 -0.00001727 -0.00000761 
4.64158883e-01 -0.02082399 -0.00165007 -0.00005945 -0.00001727 -0.00000761 
3.59381366e-01 -0.02082399 -0.00165007 -0.00005945 -0.00001727 -0.00000761 
2.78255940e-01 -0.02082399 -0.00165007 -0.00005945 -0.00001727 -0.00000761 
2.15443469e-01 -0.02082399 -0.00165007 -0.00005945 -0.00001727 -0.00000761 
1.66810054e-01 -0.02082399 -0.00165007 -0.00005945 -0.00001727 -0.00000761 
1.29154967e-01 -0.02082399 -0.00165007 -0.00005945 -0.00001727 -0.00000761 
1.00000000e-01 -0.02082399 -0.00165007 -0.00005945 -0.00001727 -0.00000761 
7.74263683e-02 -0.02082399 -0.00165007 -0.00005945 -0.00001727 -0.00000761 
5.99484250e-02 -0.02082399 -0.00165007 -0.00005945 -0.00001727 -0.00000761 
4.64158883e-02 -0.02082399 -0.00165007 -0.00005945 -0.00001727 -0.00000761 
3.59381366e-02 -0.02082399 -0.00165007 -0.00005945 -0.00001727 -0.00000761 
2.78255940e-02 -0.02082399 -0.00165007 -0.00005945 -0.00001727 -0.00000761 
2.15443469e-02 -0.02082399 -0.00165007 -0.00005945 -0.00001727 -0.00000761 
1.66810054e-02 -0.02082399 -0.00165007 -0.00005945 -0.00001727 -0.00000761 
1.29154967e-02 -0.02082399 -0.00165007 -0.00005945 -0.00001727 -0.00000761 
1.00000000e-02 -0.02082399 -0.00165007 -0.00005945 -0.00001727 -0.00000761 
7.74263683e-03 -0.02082399 -0.00165007 -0.00005945 -0.00001727 -0.00000761 
5.99484250e-03 -0.02082399 -0.00165007 -0.00005945 -0.00001727 -0.00000761 
4.64158883e-03 -0.02082399 -0.00165007 -0.00005945 -0.00001727 -0.00000761 
3.59381366e-03 -0.02082399 -0.00165007 -0.00005945 -0.00001727 -0.00000761 
2.78255940e-03 -0.02082399 -0.00165007 -0.00005945 -0.00001727 -0.00000761 
2.15443469e-03 -0.02082399 -0.00165007 -0.00005945 -0.00001727 -0.00000761 
1.66810054e-03 -0.02082399 -0.00165007 -0.00005945 -0.00001727 -0.00000761 
1.29154967e-03 -0.02082399 -0.00165007 -0.00005945 -0.00001727 -0.00000761 
1.00000000e-03 -0.02082399 -0.00165007 -0.00005945 -0.00001727 -0.00000761 
7.74263683e-04 -0.02082399 -0.00165007 -0.00005945 -0.00001727 -0.00000761 
5.99484250e-04 -0.02082399 -0.00165007 -0.00005945 -0.00001727 -0.00000761 
4.64158883e-04 -0.02082399 -0.00165007 -0.00005945 -0.00001727 -0.00000761 
3.59381366e-04 -0.02082399 -0.00165007 -0.00005945 -0.00001727 -0.00000761 
2.78255940e-04 -0.02082399 -0.00165007 -0.00005945 -0.00001727 -0.00000761 
2.15443469e-04 -0.02082399 -0.00165007 -0.00005945 -0.00001727 -0.00000761 
1.66810054e-04 -0.02082399 -0.00165007 -0.00005945 -0.00001727 -0.00000761 
1.29154967e-04 -0.02082399 -0.00165007 -0.00005945 -0.00001727 -0.00000761 
1.00000000e-04 -0.02082399 -0.00165007 -0.00005945 -0.00001727 -0.00000761 
7.74263683e-05 -0.02082399 -0.00165007 -0.00005945 -0.00001727 -0.00000761 
5.99484250e-05 -0.02082399 -0.00165007 -0.00005945 -0.00001727 -0.00000761 
4.64158883e-05 -0.02082399 -0.00165007 -0.00005945 -0.00001727 -0.00000761 
3.59381366e-05 -0.02082399 -0.00165007 -0.00005945 -0.00001727 -0.00000761 
2.78255940e-05 -0.02082399 -0.00165007 -0.00005945 -0.00001727 -0.00000761 
2.15443469e-05 -0.02082399 -0.00165007 -0.00005945 -0.00001727 -0.00000761 
1.66810054e-05 -0.02082399 -0.00165007 -0.00005945 -0.00001727 -0.00000761 
1.29154967e-05 -0.02082399 -0.00165007 -0.00005945 -0.00001727 -0.00000761 
1.00000000e-05 -0.02082399 -0.00165007 -0.00005945 -0.00001727 -0.00000761 
7.74263683e-06 -0.02082399 -0.00165007 -0.00005945 -0.00001727 -0.00000761 
5.99484250e-06 -0.02082399 -0.00165007 -0.00005945 -0.00001727 -0.00000761 
4.64158883e-06 -0.02082399 -0.00165007 -0.00005945 -0.00001727 -0.00000761 
3.59381366e-06 -0.02082399 -0.00165007 -0.00005945 -0.00001727 -0.00000761 
2.78255940e-06 -0.02082399 -0.00165007 -0.00005945 -0.00001727 -0.00000761 
2.15443469e-06 -0.02082399 -0.00165007 -0.00005945 -0.00001727 -0.00000761 
1.66810054e-06 -0.02082399 -0.00165007 -0.00005945 -0.00001727 -0.00000761 
1.29154967e-06 -0.02082399 -0.00165007 -0.00005945 -0.00001727 -0.00000761 
1.00000000e-06 -0.02082399 -0.00165007 -0.00005945 -0.00001727 -0.00000761 
7.74263683e-07 -0.02082399 -0.00165007 -0.00005945 -0.00001727 -0.00000761 
5.99484250e-07 -0.02082399 -0.00165007 -0.00005945 -0.00001727 -0.00000761 
4.64158883e-07 -0.02082399 -0.00165007 -0.00005945 -0.00001727 -0.00000761 
3.59381366e-07 -0.02082399 -0.00165007 -0.00005945 -0.00001727 -0.00000761 
2.78255940e-07 -0.02082399 -0.00165007 -0.00005945 -0.00001727 -0.00000761 
2.15443469e-07 -0.02082399 -0.00165007 -0.00005945 -0.00001727 -0.00000761 
1.66810054e-07 -0.02082399 -0.00165007 -0.00005945 -0.00001727 -0.00000761 
1.29154967e-07 -0.02082399 -0.00165007 -0.00005945 -0.00001727 -0.00000761 
1.00000000e-07 -0.02082399 -0.00165007 -0.00005945 -0.00001727 -0.00000761 
7.74263683e-08 -0.02082399 -0.00165007 -0.00005945 -0.00001727 -0.00000761 
5.99484250e-08 -0.02082399 -0.00165007 -0.00005945 -0.00001727 -0.00000761 
4.64158883e-08 -0.02082399 -0.00165007 -0.00005945 -0.00001727 -0.00000761 
3.59381366e-08 -0.02082399 -0.00165007 -0.00005945 -0.00001727 -0.00000761 
2.78255940e-08 -0.02082399 -0.00165007 -0.00005945 -0.00001727 -0.00000761 
2.15443469e-08 -0.02082399 -0.00165007 -0.00005945 -0.00001727 -0.00000761 
1.66810054e-08 -0.02082399 -0.00165007 -0.00005945 -0.00001727 -0.00000761 
1.29154967e-08 -0.02082399 -0.00165007 -0.00005945 -0.00001727 -0.00000761 
1.00000000e-08 -0.02082399 -0.00165007 -0.00005945 -0.00001727 -0.00000761 
7.74263683e-09 -0.02082399 -0.00165007 -0.00005945 -0.00001727 -0.00000761 
5.99484250e-09 -0.02082399 -0.00165007 -0.00005945 -0.00001727 -0.00000761 
4.64158883e-09 -0.02082399 -0.00165007 -0.00005945 -0.00001727 -0.00000761 
3.59381366e-09 -0.02082399 -0.00165007 -0.00005945 -0.00001727 -0.00000761 
2.78255940e-09 -0.02082399 -0.00165007 -0.00005945 -0.00001727 -0.00000761 
2.15443469e-09 -0.02082399 -0.00165007 -0.00005945 -0.00001727 -0.00000761 
1.66810054e-09 -0.02082399 -0.00165007 -0.00005945 -0.00001727 -0.00000761 
1.29154967e-09 -0.02082399 -0.00165007 -0.00005945 -0.00001727 -0.00000761 
1.00000000e-09 -0.02082399 -0.00165007 -0.00005945 -0.00001727 -0.00000761 
7.74263683e-10 -0.02082399 -0.00165007 -0.00005945 -0.00001727 -0.00000761 
5.99484250e-10 -0.02082399 -0.00165007 -0.00005945 -0.00001727 -0.00000761 
4.64158883e-10 -0.02082399 -0.00165007 -0.00005945 -0.00001727 -0.00000761 
3.59381366e-10 -0.02082399 -0.00165007 -0.00005945 -0.00001727 -0.00000761 
2.78255940e-10 -0.02082399 -0.00165007 -0.00005945 -0.00001727 -0.00000761 
2.15443469e-10 -0.02082399 -0.00165007 -0.00005945 -0.00001727 -0.00000761 
1.66810054e-10 -0.02082399 -0.00165007 -0.00005945 -0.00001727 -0.00000761 
1.29154967e-10 -0.02082399 -0.00165007 -0.00005945 -0.00001727 -0.00000761 
1.00000000e-10 -0.02082399 -0.00165007 -0.00005945 -0.00001727 -0.00000761 
P (bar) | log_H2O: -2σ | log_H2O: -1σ | log_H2O: median | log_H2O: +1σ | log_H2O: +2σ 
1.00000000e+01 -9.19814626 -6.71662095 -5.38199873 -4.62797757 -3.92636223 
7.74263683e+00 -9.19814626 -6.71662095 -5.38199873 -4.62797757 -3.92636223 
5.99484250e+00 -9.19814626 -6.71662095 -5.38199873 -4.62797757 -3.92636223 
4.64158883e+00 -9.19814626 -6.71662095 -5.38199873 -4.62797757 -3.92636223 
3.59381366e+00 -9.19814626 -6.71662095 -5.38199873 -4.62797757 -3.92636223 
2.78255940e+00 -9.19814626 -6.71662095 -5.38199873 -4.62797757 -3.92636223 
2.15443469e+00 -9.19814626 -6.71662095 -5.38199873 -4.62797757 -3.92636223 
1.66810054e+00 -9.19814626 -6.71662095 -5.38199873 -4.62797757 -3.92636223 
1.29154967e+00 -9.19814626 -6.71662095 -5.38199873 -4.62797757 -3.92636223 
1.00000000e+00 -9.19814626 -6.71662095 -5.38199873 -4.62797757 -3.92636223 
7.74263683e-01 -9.19814626 -6.71662095 -5.38199873 -4.62797757 -3.92636223 
5.99484250e-01 -9.19814626 -6.71662095 -5.38199873 -4.62797757 -3.92636223 
4.64158883e-01 -9.19814626 -6.71662095 -5.38199873 -4.62797757 -3.92636223 
3.59381366e-01 -9.19814626 -6.71662095 -5.38199873 -4.62797757 -3.92636223 
2.78255940e-01 -9.19814626 -6.71662095 -5.38199873 -4.62797757 -3.92636223 
2.15443469e-01 -9.19814626 -6.71662095 -5.38199873 -4.62797757 -3.92636223 
1.66810054e-01 -9.19814626 -6.71662095 -5.38199873 -4.62797757 -3.92636223 
1.29154967e-01 -9.19814626 -6.71662095 -5.38199873 -4.62797757 -3.92636223 
1.00000000e-01 -9.19814626 -6.71662095 -5.38199873 -4.62797757 -3.92636223 
7.74263683e-02 -9.19814626 -6.71662095 -5.38199873 -4.62797757 -3.92636223 
5.99484250e-02 -9.19814626 -6.71662095 -5.38199873 -4.62797757 -3.92636223 
4.64158883e-02 -9.19814626 -6.71662095 -5.38199873 -4.62797757 -3.92636223 
3.59381366e-02 -9.19814626 -6.71662095 -5.38199873 -4.62797757 -3.92636223 
2.78255940e-02 -9.19814626 -6.71662095 -5.38199873 -4.62797757 -3.92636223 
2.15443469e-02 -9.19814626 -6.71662095 -5.38199873 -4.62797757 -3.92636223 
1.66810054e-02 -9.19814626 -6.71662095 -5.38199873 -4.62797757 -3.92636223 
1.29154967e-02 -9.19814626 -6.71662095 -5.38199873 -4.62797757 -3.92636223 
1.00000000e-02 -9.19814626 -6.71662095 -5.38199873 -4.62797757 -3.92636223 
7.74263683e-03 -9.19814626 -6.71662095 -5.38199873 -4.62797757 -3.92636223 
5.99484250e-03 -9.19814626 -6.71662095 -5.38199873 -4.62797757 -3.92636223 
4.64158883e-03 -9.19814626 -6.71662095 -5.38199873 -4.62797757 -3.92636223 
3.59381366e-03 -9.19814626 -6.71662095 -5.38199873 -4.62797757 -3.92636223 
2.78255940e-03 -9.19814626 -6.71662095 -5.38199873 -4.62797757 -3.92636223 
2.15443469e-03 -9.19814626 -6.71662095 -5.38199873 -4.62797757 -3.92636223 
1.66810054e-03 -9.19814626 -6.71662095 -5.38199873 -4.62797757 -3.92636223 
1.29154967e-03 -9.19814626 -6.71662095 -5.38199873 -4.62797757 -3.92636223 
1.00000000e-03 -9.19814626 -6.71662095 -5.38199873 -4.62797757 -3.92636223 
7.74263683e-04 -9.19814626 -6.71662095 -5.38199873 -4.62797757 -3.92636223 
5.99484250e-04 -9.19814626 -6.71662095 -5.38199873 -4.62797757 -3.92636223 
4.64158883e-04 -9.19814626 -6.71662095 -5.38199873 -4.62797757 -3.92636223 
3.59381366e-04 -9.19814626 -6.71662095 -5.38199873 -4.62797757 -3.92636223 
2.78255940e-04 -9.19814626 -6.71662095 -5.38199873 -4.62797757 -3.92636223 
2.15443469e-04 -9.19814626 -6.71662095 -5.38199873 -4.62797757 -3.92636223 
1.66810054e-04 -9.19814626 -6.71662095 -5.38199873 -4.62797757 -3.92636223 
1.29154967e-04 -9.19814626 -6.71662095 -5.38199873 -4.62797757 -3.92636223 
1.00000000e-04 -9.19814626 -6.71662095 -5.38199873 -4.62797757 -3.92636223 
7.74263683e-05 -9.19814626 -6.71662095 -5.38199873 -4.62797757 -3.92636223 
5.99484250e-05 -9.19814626 -6.71662095 -5.38199873 -4.62797757 -3.92636223 
4.64158883e-05 -9.19814626 -6.71662095 -5.38199873 -4.62797757 -3.92636223 
3.59381366e-05 -9.19814626 -6.71662095 -5.38199873 -4.62797757 -3.92636223 
2.78255940e-05 -9.19814626 -6.71662095 -5.38199873 -4.62797757 -3.92636223 
2.15443469e-05 -9.19814626 -6.71662095 -5.38199873 -4.62797757 -3.92636223 
1.66810054e-05 -9.19814626 -6.71662095 -5.38199873 -4.62797757 -3.92636223 
1.29154967e-05 -9.19814626 -6.71662095 -5.38199873 -4.62797757 -3.92636223 
1.00000000e-05 -9.19814626 -6.71662095 -5.38199873 -4.62797757 -3.92636223 
7.74263683e-06 -9.19814626 -6.71662095 -5.38199873 -4.62797757 -3.92636223 
5.99484250e-06 -9.19814626 -6.71662095 -5.38199873 -4.62797757 -3.92636223 
4.64158883e-06 -9.19814626 -6.71662095 -5.38199873 -4.62797757 -3.92636223 
3.59381366e-06 -9.19814626 -6.71662095 -5.38199873 -4.62797757 -3.92636223 
2.78255940e-06 -9.19814626 -6.71662095 -5.38199873 -4.62797757 -3.92636223 
2.15443469e-06 -9.19814626 -6.71662095 -5.38199873 -4.62797757 -3.92636223 
1.66810054e-06 -9.19814626 -6.71662095 -5.38199873 -4.62797757 -3.92636223 
1.29154967e-06 -9.19814626 -6.71662095 -5.38199873 -4.62797757 -3.92636223 
1.00000000e-06 -9.19814626 -6.71662095 -5.38199873 -4.62797757 -3.92636223 
7.74263683e-07 -9.19814626 -6.71662095 -5.38199873 -4.62797757 -3.92636223 
5.99484250e-07 -9.19814626 -6.71662095 -5.38199873 -4.62797757 -3.92636223 
4.64158883e-07 -9.19814626 -6.71662095 -5.38199873 -4.62797757 -3.92636223 
3.59381366e-07 -9.19814626 -6.71662095 -5.38199873 -4.62797757 -3.92636223 
2.78255940e-07 -9.19814626 -6.71662095 -5.38199873 -4.62797757 -3.92636223 
2.15443469e-07 -9.19814626 -6.71662095 -5.38199873 -4.62797757 -3.92636223 
1.66810054e-07 -9.19814626 -6.71662095 -5.38199873 -4.62797757 -3.92636223 
1.29154967e-07 -9.19814626 -6.71662095 -5.38199873 -4.62797757 -3.92636223 
1.00000000e-07 -9.19814626 -6.71662095 -5.38199873 -4.62797757 -3.92636223 
7.74263683e-08 -9.19814626 -6.71662095 -5.38199873 -4.62797757 -3.92636223 
5.99484250e-08 -9.19814626 -6.71662095 -5.38199873 -4.62797757 -3.92636223 
4.64158883e-08 -9.19814626 -6.71662095 -5.38199873 -4.62797757 -3.92636223 
3.59381366e-08 -9.19814626 -6.71662095 -5.38199873 -4.62797757 -3.92636223 
2.78255940e-08 -9.19814626 -6.71662095 -5.38199873 -4.62797757 -3.92636223 
2.15443469e-08 -9.19814626 -6.71662095 -5.38199873 -4.62797757 -3.92636223 
1.66810054e-08 -9.19814626 -6.71662095 -5.38199873 -4.62797757 -3.92636223 
1.29154967e-08 -9.19814626 -6.71662095 -5.38199873 -4.62797757 -3.92636223 
1.00000000e-08 -9.19814626 -6.71662095 -5.38199873 -4.62797757 -3.92636223 
7.74263683e-09 -9.19814626 -6.71662095 -5.38199873 -4.62797757 -3.92636223 
5.99484250e-09 -9.19814626 -6.71662095 -5.38199873 -4.62797757 -3.92636223 
4.64158883e-09 -9.19814626 -6.71662095 -5.38199873 -4.62797757 -3.92636223 
3.59381366e-09 -9.19814626 -6.71662095 -5.38199873 -4.62797757 -3.92636223 
2.78255940e-09 -9.19814626 -6.71662095 -5.38199873 -4.62797757 -3.92636223 
2.15443469e-09 -9.19814626 -6.71662095 -5.38199873 -4.62797757 -3.92636223 
1.66810054e-09 -9.19814626 -6.71662095 -5.38199873 -4.62797757 -3.92636223 
1.29154967e-09 -9.19814626 -6.71662095 -5.38199873 -4.62797757 -3.92636223 
1.00000000e-09 -9.19814626 -6.71662095 -5.38199873 -4.62797757 -3.92636223 
7.74263683e-10 -9.19814626 -6.71662095 -5.38199873 -4.62797757 -3.92636223 
5.99484250e-10 -9.19814626 -6.71662095 -5.38199873 -4.62797757 -3.92636223 
4.64158883e-10 -9.19814626 -6.71662095 -5.38199873 -4.62797757 -3.92636223 
3.59381366e-10 -9.19814626 -6.71662095 -5.38199873 -4.62797757 -3.92636223 
2.78255940e-10 -9.19814626 -6.71662095 -5.38199873 -4.62797757 -3.92636223 
2.15443469e-10 -9.19814626 -6.71662095 -5.38199873 -4.62797757 -3.92636223 
1.66810054e-10 -9.19814626 -6.71662095 -5.38199873 -4.62797757 -3.92636223 
1.29154967e-10 -9.19814626 -6.71662095 -5.38199873 -4.62797757 -3.92636223 
1.00000000e-10 -9.19814626 -6.71662095 -5.38199873 -4.62797757 -3.92636223 
P (bar) | log_CO2: -2σ | log_CO2: -1σ | log_CO2: median | log_CO2: +1σ | log_CO2: +2σ 
1.00000000e+01 -8.65545883 -6.28884784 -5.25305974 -4.43584610 -3.66199542 
7.74263683e+00 -8.65545883 -6.28884784 -5.25305974 -4.43584610 -3.66199542 
5.99484250e+00 -8.65545883 -6.28884784 -5.25305974 -4.43584610 -3.66199542 
4.64158883e+00 -8.65545883 -6.28884784 -5.25305974 -4.43584610 -3.66199542 
3.59381366e+00 -8.65545883 -6.28884784 -5.25305974 -4.43584610 -3.66199542 
2.78255940e+00 -8.65545883 -6.28884784 -5.25305974 -4.43584610 -3.66199542 
2.15443469e+00 -8.65545883 -6.28884784 -5.25305974 -4.43584610 -3.66199542 
1.66810054e+00 -8.65545883 -6.28884784 -5.25305974 -4.43584610 -3.66199542 
1.29154967e+00 -8.65545883 -6.28884784 -5.25305974 -4.43584610 -3.66199542 
1.00000000e+00 -8.65545883 -6.28884784 -5.25305974 -4.43584610 -3.66199542 
7.74263683e-01 -8.65545883 -6.28884784 -5.25305974 -4.43584610 -3.66199542 
5.99484250e-01 -8.65545883 -6.28884784 -5.25305974 -4.43584610 -3.66199542 
4.64158883e-01 -8.65545883 -6.28884784 -5.25305974 -4.43584610 -3.66199542 
3.59381366e-01 -8.65545883 -6.28884784 -5.25305974 -4.43584610 -3.66199542 
2.78255940e-01 -8.65545883 -6.28884784 -5.25305974 -4.43584610 -3.66199542 
2.15443469e-01 -8.65545883 -6.28884784 -5.25305974 -4.43584610 -3.66199542 
1.66810054e-01 -8.65545883 -6.28884784 -5.25305974 -4.43584610 -3.66199542 
1.29154967e-01 -8.65545883 -6.28884784 -5.25305974 -4.43584610 -3.66199542 
1.00000000e-01 -8.65545883 -6.28884784 -5.25305974 -4.43584610 -3.66199542 
7.74263683e-02 -8.65545883 -6.28884784 -5.25305974 -4.43584610 -3.66199542 
5.99484250e-02 -8.65545883 -6.28884784 -5.25305974 -4.43584610 -3.66199542 
4.64158883e-02 -8.65545883 -6.28884784 -5.25305974 -4.43584610 -3.66199542 
3.59381366e-02 -8.65545883 -6.28884784 -5.25305974 -4.43584610 -3.66199542 
2.78255940e-02 -8.65545883 -6.28884784 -5.25305974 -4.43584610 -3.66199542 
2.15443469e-02 -8.65545883 -6.28884784 -5.25305974 -4.43584610 -3.66199542 
1.66810054e-02 -8.65545883 -6.28884784 -5.25305974 -4.43584610 -3.66199542 
1.29154967e-02 -8.65545883 -6.28884784 -5.25305974 -4.43584610 -3.66199542 
1.00000000e-02 -8.65545883 -6.28884784 -5.25305974 -4.43584610 -3.66199542 
7.74263683e-03 -8.65545883 -6.28884784 -5.25305974 -4.43584610 -3.66199542 
5.99484250e-03 -8.65545883 -6.28884784 -5.25305974 -4.43584610 -3.66199542 
4.64158883e-03 -8.65545883 -6.28884784 -5.25305974 -4.43584610 -3.66199542 
3.59381366e-03 -8.65545883 -6.28884784 -5.25305974 -4.43584610 -3.66199542 
2.78255940e-03 -8.65545883 -6.28884784 -5.25305974 -4.43584610 -3.66199542 
2.15443469e-03 -8.65545883 -6.28884784 -5.25305974 -4.43584610 -3.66199542 
1.66810054e-03 -8.65545883 -6.28884784 -5.25305974 -4.43584610 -3.66199542 
1.29154967e-03 -8.65545883 -6.28884784 -5.25305974 -4.43584610 -3.66199542 
1.00000000e-03 -8.65545883 -6.28884784 -5.25305974 -4.43584610 -3.66199542 
7.74263683e-04 -8.65545883 -6.28884784 -5.25305974 -4.43584610 -3.66199542 
5.99484250e-04 -8.65545883 -6.28884784 -5.25305974 -4.43584610 -3.66199542 
4.64158883e-04 -8.65545883 -6.28884784 -5.25305974 -4.43584610 -3.66199542 
3.59381366e-04 -8.65545883 -6.28884784 -5.25305974 -4.43584610 -3.66199542 
2.78255940e-04 -8.65545883 -6.28884784 -5.25305974 -4.43584610 -3.66199542 
2.15443469e-04 -8.65545883 -6.28884784 -5.25305974 -4.43584610 -3.66199542 
1.66810054e-04 -8.65545883 -6.28884784 -5.25305974 -4.43584610 -3.66199542 
1.29154967e-04 -8.65545883 -6.28884784 -5.25305974 -4.43584610 -3.66199542 
1.00000000e-04 -8.65545883 -6.28884784 -5.25305974 -4.43584610 -3.66199542 
7.74263683e-05 -8.65545883 -6.28884784 -5.25305974 -4.43584610 -3.66199542 
5.99484250e-05 -8.65545883 -6.28884784 -5.25305974 -4.43584610 -3.66199542 
4.64158883e-05 -8.65545883 -6.28884784 -5.25305974 -4.43584610 -3.66199542 
3.59381366e-05 -8.65545883 -6.28884784 -5.25305974 -4.43584610 -3.66199542 
2.78255940e-05 -8.65545883 -6.28884784 -5.25305974 -4.43584610 -3.66199542 
2.15443469e-05 -8.65545883 -6.28884784 -5.25305974 -4.43584610 -3.66199542 
1.66810054e-05 -8.65545883 -6.28884784 -5.25305974 -4.43584610 -3.66199542 
1.29154967e-05 -8.65545883 -6.28884784 -5.25305974 -4.43584610 -3.66199542 
1.00000000e-05 -8.65545883 -6.28884784 -5.25305974 -4.43584610 -3.66199542 
7.74263683e-06 -8.65545883 -6.28884784 -5.25305974 -4.43584610 -3.66199542 
5.99484250e-06 -8.65545883 -6.28884784 -5.25305974 -4.43584610 -3.66199542 
4.64158883e-06 -8.65545883 -6.28884784 -5.25305974 -4.43584610 -3.66199542 
3.59381366e-06 -8.65545883 -6.28884784 -5.25305974 -4.43584610 -3.66199542 
2.78255940e-06 -8.65545883 -6.28884784 -5.25305974 -4.43584610 -3.66199542 
2.15443469e-06 -8.65545883 -6.28884784 -5.25305974 -4.43584610 -3.66199542 
1.66810054e-06 -8.65545883 -6.28884784 -5.25305974 -4.43584610 -3.66199542 
1.29154967e-06 -8.65545883 -6.28884784 -5.25305974 -4.43584610 -3.66199542 
1.00000000e-06 -8.65545883 -6.28884784 -5.25305974 -4.43584610 -3.66199542 
7.74263683e-07 -8.65545883 -6.28884784 -5.25305974 -4.43584610 -3.66199542 
5.99484250e-07 -8.65545883 -6.28884784 -5.25305974 -4.43584610 -3.66199542 
4.64158883e-07 -8.65545883 -6.28884784 -5.25305974 -4.43584610 -3.66199542 
3.59381366e-07 -8.65545883 -6.28884784 -5.25305974 -4.43584610 -3.66199542 
2.78255940e-07 -8.65545883 -6.28884784 -5.25305974 -4.43584610 -3.66199542 
2.15443469e-07 -8.65545883 -6.28884784 -5.25305974 -4.43584610 -3.66199542 
1.66810054e-07 -8.65545883 -6.28884784 -5.25305974 -4.43584610 -3.66199542 
1.29154967e-07 -8.65545883 -6.28884784 -5.25305974 -4.43584610 -3.66199542 
1.00000000e-07 -8.65545883 -6.28884784 -5.25305974 -4.43584610 -3.66199542 
7.74263683e-08 -8.65545883 -6.28884784 -5.25305974 -4.43584610 -3.66199542 
5.99484250e-08 -8.65545883 -6.28884784 -5.25305974 -4.43584610 -3.66199542 
4.64158883e-08 -8.65545883 -6.28884784 -5.25305974 -4.43584610 -3.66199542 
3.59381366e-08 -8.65545883 -6.28884784 -5.25305974 -4.43584610 -3.66199542 
2.78255940e-08 -8.65545883 -6.28884784 -5.25305974 -4.43584610 -3.66199542 
2.15443469e-08 -8.65545883 -6.28884784 -5.25305974 -4.43584610 -3.66199542 
1.66810054e-08 -8.65545883 -6.28884784 -5.25305974 -4.43584610 -3.66199542 
1.29154967e-08 -8.65545883 -6.28884784 -5.25305974 -4.43584610 -3.66199542 
1.00000000e-08 -8.65545883 -6.28884784 -5.25305974 -4.43584610 -3.66199542 
7.74263683e-09 -8.65545883 -6.28884784 -5.25305974 -4.43584610 -3.66199542 
5.99484250e-09 -8.65545883 -6.28884784 -5.25305974 -4.43584610 -3.66199542 
4.64158883e-09 -8.65545883 -6.28884784 -5.25305974 -4.43584610 -3.66199542 
3.59381366e-09 -8.65545883 -6.28884784 -5.25305974 -4.43584610 -3.66199542 
2.78255940e-09 -8.65545883 -6.28884784 -5.25305974 -4.43584610 -3.66199542 
2.15443469e-09 -8.65545883 -6.28884784 -5.25305974 -4.43584610 -3.66199542 
1.66810054e-09 -8.65545883 -6.28884784 -5.25305974 -4.43584610 -3.66199542 
1.29154967e-09 -8.65545883 -6.28884784 -5.25305974 -4.43584610 -3.66199542 
1.00000000e-09 -8.65545883 -6.28884784 -5.25305974 -4.43584610 -3.66199542 
7.74263683e-10 -8.65545883 -6.28884784 -5.25305974 -4.43584610 -3.66199542 
5.99484250e-10 -8.65545883 -6.28884784 -5.25305974 -4.43584610 -3.66199542 
4.64158883e-10 -8.65545883 -6.28884784 -5.25305974 -4.43584610 -3.66199542 
3.59381366e-10 -8.65545883 -6.28884784 -5.25305974 -4.43584610 -3.66199542 
2.78255940e-10 -8.65545883 -6.28884784 -5.25305974 -4.43584610 -3.66199542 
2.15443469e-10 -8.65545883 -6.28884784 -5.25305974 -4.43584610 -3.66199542 
1.66810054e-10 -8.65545883 -6.28884784 -5.25305974 -4.43584610 -3.66199542 
1.29154967e-10 -8.65545883 -6.28884784 -5.25305974 -4.43584610 -3.66199542 
1.00000000e-10 -8.65545883 -6.28884784 -5.25305974 -4.43584610 -3.66199542 
P (bar) | log_CH4: -2σ | log_CH4: -1σ | log_CH4: median | log_CH4: +1σ | log_CH4: +2σ 
1.00000000e+01 -5.00661806 -4.67933352 -4.37057063 -3.97985021 -3.49555813 
7.74263683e+00 -5.00661806 -4.67933352 -4.37057063 -3.97985021 -3.49555813 
5.99484250e+00 -5.00661806 -4.67933352 -4.37057063 -3.97985021 -3.49555813 
4.64158883e+00 -5.00661806 -4.67933352 -4.37057063 -3.97985021 -3.49555813 
3.59381366e+00 -5.00661806 -4.67933352 -4.37057063 -3.97985021 -3.49555813 
2.78255940e+00 -5.00661806 -4.67933352 -4.37057063 -3.97985021 -3.49555813 
2.15443469e+00 -5.00661806 -4.67933352 -4.37057063 -3.97985021 -3.49555813 
1.66810054e+00 -5.00661806 -4.67933352 -4.37057063 -3.97985021 -3.49555813 
1.29154967e+00 -5.00661806 -4.67933352 -4.37057063 -3.97985021 -3.49555813 
1.00000000e+00 -5.00661806 -4.67933352 -4.37057063 -3.97985021 -3.49555813 
7.74263683e-01 -5.00661806 -4.67933352 -4.37057063 -3.97985021 -3.49555813 
5.99484250e-01 -5.00661806 -4.67933352 -4.37057063 -3.97985021 -3.49555813 
4.64158883e-01 -5.00661806 -4.67933352 -4.37057063 -3.97985021 -3.49555813 
3.59381366e-01 -5.00661806 -4.67933352 -4.37057063 -3.97985021 -3.49555813 
2.78255940e-01 -5.00661806 -4.67933352 -4.37057063 -3.97985021 -3.49555813 
2.15443469e-01 -5.00661806 -4.67933352 -4.37057063 -3.97985021 -3.49555813 
1.66810054e-01 -5.00661806 -4.67933352 -4.37057063 -3.97985021 -3.49555813 
1.29154967e-01 -5.00661806 -4.67933352 -4.37057063 -3.97985021 -3.49555813 
1.00000000e-01 -5.00661806 -4.67933352 -4.37057063 -3.97985021 -3.49555813 
7.74263683e-02 -5.00661806 -4.67933352 -4.37057063 -3.97985021 -3.49555813 
5.99484250e-02 -5.00661806 -4.67933352 -4.37057063 -3.97985021 -3.49555813 
4.64158883e-02 -5.00661806 -4.67933352 -4.37057063 -3.97985021 -3.49555813 
3.59381366e-02 -5.00661806 -4.67933352 -4.37057063 -3.97985021 -3.49555813 
2.78255940e-02 -5.00661806 -4.67933352 -4.37057063 -3.97985021 -3.49555813 
2.15443469e-02 -5.00661806 -4.67933352 -4.37057063 -3.97985021 -3.49555813 
1.66810054e-02 -5.00661806 -4.67933352 -4.37057063 -3.97985021 -3.49555813 
1.29154967e-02 -5.00661806 -4.67933352 -4.37057063 -3.97985021 -3.49555813 
1.00000000e-02 -5.00661806 -4.67933352 -4.37057063 -3.97985021 -3.49555813 
7.74263683e-03 -5.00661806 -4.67933352 -4.37057063 -3.97985021 -3.49555813 
5.99484250e-03 -5.00661806 -4.67933352 -4.37057063 -3.97985021 -3.49555813 
4.64158883e-03 -5.00661806 -4.67933352 -4.37057063 -3.97985021 -3.49555813 
3.59381366e-03 -5.00661806 -4.67933352 -4.37057063 -3.97985021 -3.49555813 
2.78255940e-03 -5.00661806 -4.67933352 -4.37057063 -3.97985021 -3.49555813 
2.15443469e-03 -5.00661806 -4.67933352 -4.37057063 -3.97985021 -3.49555813 
1.66810054e-03 -5.00661806 -4.67933352 -4.37057063 -3.97985021 -3.49555813 
1.29154967e-03 -5.00661806 -4.67933352 -4.37057063 -3.97985021 -3.49555813 
1.00000000e-03 -5.00661806 -4.67933352 -4.37057063 -3.97985021 -3.49555813 
7.74263683e-04 -5.00661806 -4.67933352 -4.37057063 -3.97985021 -3.49555813 
5.99484250e-04 -5.00661806 -4.67933352 -4.37057063 -3.97985021 -3.49555813 
4.64158883e-04 -5.00661806 -4.67933352 -4.37057063 -3.97985021 -3.49555813 
3.59381366e-04 -5.00661806 -4.67933352 -4.37057063 -3.97985021 -3.49555813 
2.78255940e-04 -5.00661806 -4.67933352 -4.37057063 -3.97985021 -3.49555813 
2.15443469e-04 -5.00661806 -4.67933352 -4.37057063 -3.97985021 -3.49555813 
1.66810054e-04 -5.00661806 -4.67933352 -4.37057063 -3.97985021 -3.49555813 
1.29154967e-04 -5.00661806 -4.67933352 -4.37057063 -3.97985021 -3.49555813 
1.00000000e-04 -5.00661806 -4.67933352 -4.37057063 -3.97985021 -3.49555813 
7.74263683e-05 -5.00661806 -4.67933352 -4.37057063 -3.97985021 -3.49555813 
5.99484250e-05 -5.00661806 -4.67933352 -4.37057063 -3.97985021 -3.49555813 
4.64158883e-05 -5.00661806 -4.67933352 -4.37057063 -3.97985021 -3.49555813 
3.59381366e-05 -5.00661806 -4.67933352 -4.37057063 -3.97985021 -3.49555813 
2.78255940e-05 -5.00661806 -4.67933352 -4.37057063 -3.97985021 -3.49555813 
2.15443469e-05 -5.00661806 -4.67933352 -4.37057063 -3.97985021 -3.49555813 
1.66810054e-05 -5.00661806 -4.67933352 -4.37057063 -3.97985021 -3.49555813 
1.29154967e-05 -5.00661806 -4.67933352 -4.37057063 -3.97985021 -3.49555813 
1.00000000e-05 -5.00661806 -4.67933352 -4.37057063 -3.97985021 -3.49555813 
7.74263683e-06 -5.00661806 -4.67933352 -4.37057063 -3.97985021 -3.49555813 
5.99484250e-06 -5.00661806 -4.67933352 -4.37057063 -3.97985021 -3.49555813 
4.64158883e-06 -5.00661806 -4.67933352 -4.37057063 -3.97985021 -3.49555813 
3.59381366e-06 -5.00661806 -4.67933352 -4.37057063 -3.97985021 -3.49555813 
2.78255940e-06 -5.00661806 -4.67933352 -4.37057063 -3.97985021 -3.49555813 
2.15443469e-06 -5.00661806 -4.67933352 -4.37057063 -3.97985021 -3.49555813 
1.66810054e-06 -5.00661806 -4.67933352 -4.37057063 -3.97985021 -3.49555813 
1.29154967e-06 -5.00661806 -4.67933352 -4.37057063 -3.97985021 -3.49555813 
1.00000000e-06 -5.00661806 -4.67933352 -4.37057063 -3.97985021 -3.49555813 
7.74263683e-07 -5.00661806 -4.67933352 -4.37057063 -3.97985021 -3.49555813 
5.99484250e-07 -5.00661806 -4.67933352 -4.37057063 -3.97985021 -3.49555813 
4.64158883e-07 -5.00661806 -4.67933352 -4.37057063 -3.97985021 -3.49555813 
3.59381366e-07 -5.00661806 -4.67933352 -4.37057063 -3.97985021 -3.49555813 
2.78255940e-07 -5.00661806 -4.67933352 -4.37057063 -3.97985021 -3.49555813 
2.15443469e-07 -5.00661806 -4.67933352 -4.37057063 -3.97985021 -3.49555813 
1.66810054e-07 -5.00661806 -4.67933352 -4.37057063 -3.97985021 -3.49555813 
1.29154967e-07 -5.00661806 -4.67933352 -4.37057063 -3.97985021 -3.49555813 
1.00000000e-07 -5.00661806 -4.67933352 -4.37057063 -3.97985021 -3.49555813 
7.74263683e-08 -5.00661806 -4.67933352 -4.37057063 -3.97985021 -3.49555813 
5.99484250e-08 -5.00661806 -4.67933352 -4.37057063 -3.97985021 -3.49555813 
4.64158883e-08 -5.00661806 -4.67933352 -4.37057063 -3.97985021 -3.49555813 
3.59381366e-08 -5.00661806 -4.67933352 -4.37057063 -3.97985021 -3.49555813 
2.78255940e-08 -5.00661806 -4.67933352 -4.37057063 -3.97985021 -3.49555813 
2.15443469e-08 -5.00661806 -4.67933352 -4.37057063 -3.97985021 -3.49555813 
1.66810054e-08 -5.00661806 -4.67933352 -4.37057063 -3.97985021 -3.49555813 
1.29154967e-08 -5.00661806 -4.67933352 -4.37057063 -3.97985021 -3.49555813 
1.00000000e-08 -5.00661806 -4.67933352 -4.37057063 -3.97985021 -3.49555813 
7.74263683e-09 -5.00661806 -4.67933352 -4.37057063 -3.97985021 -3.49555813 
5.99484250e-09 -5.00661806 -4.67933352 -4.37057063 -3.97985021 -3.49555813 
4.64158883e-09 -5.00661806 -4.67933352 -4.37057063 -3.97985021 -3.49555813 
3.59381366e-09 -5.00661806 -4.67933352 -4.37057063 -3.97985021 -3.49555813 
2.78255940e-09 -5.00661806 -4.67933352 -4.37057063 -3.97985021 -3.49555813 
2.15443469e-09 -5.00661806 -4.67933352 -4.37057063 -3.97985021 -3.49555813 
1.66810054e-09 -5.00661806 -4.67933352 -4.37057063 -3.97985021 -3.49555813 
1.29154967e-09 -5.00661806 -4.67933352 -4.37057063 -3.97985021 -3.49555813 
1.00000000e-09 -5.00661806 -4.67933352 -4.37057063 -3.97985021 -3.49555813 
7.74263683e-10 -5.00661806 -4.67933352 -4.37057063 -3.97985021 -3.49555813 
5.99484250e-10 -5.00661806 -4.67933352 -4.37057063 -3.97985021 -3.49555813 
4.64158883e-10 -5.00661806 -4.67933352 -4.37057063 -3.97985021 -3.49555813 
3.59381366e-10 -5.00661806 -4.67933352 -4.37057063 -3.97985021 -3.49555813 
2.78255940e-10 -5.00661806 -4.67933352 -4.37057063 -3.97985021 -3.49555813 
2.15443469e-10 -5.00661806 -4.67933352 -4.37057063 -3.97985021 -3.49555813 
1.66810054e-10 -5.00661806 -4.67933352 -4.37057063 -3.97985021 -3.49555813 
1.29154967e-10 -5.00661806 -4.67933352 -4.37057063 -3.97985021 -3.49555813 
1.00000000e-10 -5.00661806 -4.67933352 -4.37057063 -3.97985021 -3.49555813 
P (bar) | log_O2: -2σ | log_O2: -1σ | log_O2: median | log_O2: +1σ | log_O2: +2σ 
1.00000000e+01 -9.72364859 -8.63716942 -5.52378429 -2.43662675 -1.34036915 
7.74263683e+00 -9.72364859 -8.63716942 -5.52378429 -2.43662675 -1.34036915 
5.99484250e+00 -9.72364859 -8.63716942 -5.52378429 -2.43662675 -1.34036915 
4.64158883e+00 -9.72364859 -8.63716942 -5.52378429 -2.43662675 -1.34036915 
3.59381366e+00 -9.72364859 -8.63716942 -5.52378429 -2.43662675 -1.34036915 
2.78255940e+00 -9.72364859 -8.63716942 -5.52378429 -2.43662675 -1.34036915 
2.15443469e+00 -9.72364859 -8.63716942 -5.52378429 -2.43662675 -1.34036915 
1.66810054e+00 -9.72364859 -8.63716942 -5.52378429 -2.43662675 -1.34036915 
1.29154967e+00 -9.72364859 -8.63716942 -5.52378429 -2.43662675 -1.34036915 
1.00000000e+00 -9.72364859 -8.63716942 -5.52378429 -2.43662675 -1.34036915 
7.74263683e-01 -9.72364859 -8.63716942 -5.52378429 -2.43662675 -1.34036915 
5.99484250e-01 -9.72364859 -8.63716942 -5.52378429 -2.43662675 -1.34036915 
4.64158883e-01 -9.72364859 -8.63716942 -5.52378429 -2.43662675 -1.34036915 
3.59381366e-01 -9.72364859 -8.63716942 -5.52378429 -2.43662675 -1.34036915 
2.78255940e-01 -9.72364859 -8.63716942 -5.52378429 -2.43662675 -1.34036915 
2.15443469e-01 -9.72364859 -8.63716942 -5.52378429 -2.43662675 -1.34036915 
1.66810054e-01 -9.72364859 -8.63716942 -5.52378429 -2.43662675 -1.34036915 
1.29154967e-01 -9.72364859 -8.63716942 -5.52378429 -2.43662675 -1.34036915 
1.00000000e-01 -9.72364859 -8.63716942 -5.52378429 -2.43662675 -1.34036915 
7.74263683e-02 -9.72364859 -8.63716942 -5.52378429 -2.43662675 -1.34036915 
5.99484250e-02 -9.72364859 -8.63716942 -5.52378429 -2.43662675 -1.34036915 
4.64158883e-02 -9.72364859 -8.63716942 -5.52378429 -2.43662675 -1.34036915 
3.59381366e-02 -9.72364859 -8.63716942 -5.52378429 -2.43662675 -1.34036915 
2.78255940e-02 -9.72364859 -8.63716942 -5.52378429 -2.43662675 -1.34036915 
2.15443469e-02 -9.72364859 -8.63716942 -5.52378429 -2.43662675 -1.34036915 
1.66810054e-02 -9.72364859 -8.63716942 -5.52378429 -2.43662675 -1.34036915 
1.29154967e-02 -9.72364859 -8.63716942 -5.52378429 -2.43662675 -1.34036915 
1.00000000e-02 -9.72364859 -8.63716942 -5.52378429 -2.43662675 -1.34036915 
7.74263683e-03 -9.72364859 -8.63716942 -5.52378429 -2.43662675 -1.34036915 
5.99484250e-03 -9.72364859 -8.63716942 -5.52378429 -2.43662675 -1.34036915 
4.64158883e-03 -9.72364859 -8.63716942 -5.52378429 -2.43662675 -1.34036915 
3.59381366e-03 -9.72364859 -8.63716942 -5.52378429 -2.43662675 -1.34036915 
2.78255940e-03 -9.72364859 -8.63716942 -5.52378429 -2.43662675 -1.34036915 
2.15443469e-03 -9.72364859 -8.63716942 -5.52378429 -2.43662675 -1.34036915 
1.66810054e-03 -9.72364859 -8.63716942 -5.52378429 -2.43662675 -1.34036915 
1.29154967e-03 -9.72364859 -8.63716942 -5.52378429 -2.43662675 -1.34036915 
1.00000000e-03 -9.72364859 -8.63716942 -5.52378429 -2.43662675 -1.34036915 
7.74263683e-04 -9.72364859 -8.63716942 -5.52378429 -2.43662675 -1.34036915 
5.99484250e-04 -9.72364859 -8.63716942 -5.52378429 -2.43662675 -1.34036915 
4.64158883e-04 -9.72364859 -8.63716942 -5.52378429 -2.43662675 -1.34036915 
3.59381366e-04 -9.72364859 -8.63716942 -5.52378429 -2.43662675 -1.34036915 
2.78255940e-04 -9.72364859 -8.63716942 -5.52378429 -2.43662675 -1.34036915 
2.15443469e-04 -9.72364859 -8.63716942 -5.52378429 -2.43662675 -1.34036915 
1.66810054e-04 -9.72364859 -8.63716942 -5.52378429 -2.43662675 -1.34036915 
1.29154967e-04 -9.72364859 -8.63716942 -5.52378429 -2.43662675 -1.34036915 
1.00000000e-04 -9.72364859 -8.63716942 -5.52378429 -2.43662675 -1.34036915 
7.74263683e-05 -9.72364859 -8.63716942 -5.52378429 -2.43662675 -1.34036915 
5.99484250e-05 -9.72364859 -8.63716942 -5.52378429 -2.43662675 -1.34036915 
4.64158883e-05 -9.72364859 -8.63716942 -5.52378429 -2.43662675 -1.34036915 
3.59381366e-05 -9.72364859 -8.63716942 -5.52378429 -2.43662675 -1.34036915 
2.78255940e-05 -9.72364859 -8.63716942 -5.52378429 -2.43662675 -1.34036915 
2.15443469e-05 -9.72364859 -8.63716942 -5.52378429 -2.43662675 -1.34036915 
1.66810054e-05 -9.72364859 -8.63716942 -5.52378429 -2.43662675 -1.34036915 
1.29154967e-05 -9.72364859 -8.63716942 -5.52378429 -2.43662675 -1.34036915 
1.00000000e-05 -9.72364859 -8.63716942 -5.52378429 -2.43662675 -1.34036915 
7.74263683e-06 -9.72364859 -8.63716942 -5.52378429 -2.43662675 -1.34036915 
5.99484250e-06 -9.72364859 -8.63716942 -5.52378429 -2.43662675 -1.34036915 
4.64158883e-06 -9.72364859 -8.63716942 -5.52378429 -2.43662675 -1.34036915 
3.59381366e-06 -9.72364859 -8.63716942 -5.52378429 -2.43662675 -1.34036915 
2.78255940e-06 -9.72364859 -8.63716942 -5.52378429 -2.43662675 -1.34036915 
2.15443469e-06 -9.72364859 -8.63716942 -5.52378429 -2.43662675 -1.34036915 
1.66810054e-06 -9.72364859 -8.63716942 -5.52378429 -2.43662675 -1.34036915 
1.29154967e-06 -9.72364859 -8.63716942 -5.52378429 -2.43662675 -1.34036915 
1.00000000e-06 -9.72364859 -8.63716942 -5.52378429 -2.43662675 -1.34036915 
7.74263683e-07 -9.72364859 -8.63716942 -5.52378429 -2.43662675 -1.34036915 
5.99484250e-07 -9.72364859 -8.63716942 -5.52378429 -2.43662675 -1.34036915 
4.64158883e-07 -9.72364859 -8.63716942 -5.52378429 -2.43662675 -1.34036915 
3.59381366e-07 -9.72364859 -8.63716942 -5.52378429 -2.43662675 -1.34036915 
2.78255940e-07 -9.72364859 -8.63716942 -5.52378429 -2.43662675 -1.34036915 
2.15443469e-07 -9.72364859 -8.63716942 -5.52378429 -2.43662675 -1.34036915 
1.66810054e-07 -9.72364859 -8.63716942 -5.52378429 -2.43662675 -1.34036915 
1.29154967e-07 -9.72364859 -8.63716942 -5.52378429 -2.43662675 -1.34036915 
1.00000000e-07 -9.72364859 -8.63716942 -5.52378429 -2.43662675 -1.34036915 
7.74263683e-08 -9.72364859 -8.63716942 -5.52378429 -2.43662675 -1.34036915 
5.99484250e-08 -9.72364859 -8.63716942 -5.52378429 -2.43662675 -1.34036915 
4.64158883e-08 -9.72364859 -8.63716942 -5.52378429 -2.43662675 -1.34036915 
3.59381366e-08 -9.72364859 -8.63716942 -5.52378429 -2.43662675 -1.34036915 
2.78255940e-08 -9.72364859 -8.63716942 -5.52378429 -2.43662675 -1.34036915 
2.15443469e-08 -9.72364859 -8.63716942 -5.52378429 -2.43662675 -1.34036915 
1.66810054e-08 -9.72364859 -8.63716942 -5.52378429 -2.43662675 -1.34036915 
1.29154967e-08 -9.72364859 -8.63716942 -5.52378429 -2.43662675 -1.34036915 
1.00000000e-08 -9.72364859 -8.63716942 -5.52378429 -2.43662675 -1.34036915 
7.74263683e-09 -9.72364859 -8.63716942 -5.52378429 -2.43662675 -1.34036915 
5.99484250e-09 -9.72364859 -8.63716942 -5.52378429 -2.43662675 -1.34036915 
4.64158883e-09 -9.72364859 -8.63716942 -5.52378429 -2.43662675 -1.34036915 
3.59381366e-09 -9.72364859 -8.63716942 -5.52378429 -2.43662675 -1.34036915 
2.78255940e-09 -9.72364859 -8.63716942 -5.52378429 -2.43662675 -1.34036915 
2.15443469e-09 -9.72364859 -8.63716942 -5.52378429 -2.43662675 -1.34036915 
1.66810054e-09 -9.72364859 -8.63716942 -5.52378429 -2.43662675 -1.34036915 
1.29154967e-09 -9.72364859 -8.63716942 -5.52378429 -2.43662675 -1.34036915 
1.00000000e-09 -9.72364859 -8.63716942 -5.52378429 -2.43662675 -1.34036915 
7.74263683e-10 -9.72364859 -8.63716942 -5.52378429 -2.43662675 -1.34036915 
5.99484250e-10 -9.72364859 -8.63716942 -5.52378429 -2.43662675 -1.34036915 
4.64158883e-10 -9.72364859 -8.63716942 -5.52378429 -2.43662675 -1.34036915 
3.59381366e-10 -9.72364859 -8.63716942 -5.52378429 -2.43662675 -1.34036915 
2.78255940e-10 -9.72364859 -8.63716942 -5.52378429 -2.43662675 -1.34036915 
2.15443469e-10 -9.72364859 -8.63716942 -5.52378429 -2.43662675 -1.34036915 
1.66810054e-10 -9.72364859 -8.63716942 -5.52378429 -2.43662675 -1.34036915 
1.29154967e-10 -9.72364859 -8.63716942 -5.52378429 -2.43662675 -1.34036915 
1.00000000e-10 -9.72364859 -8.63716942 -5.52378429 -2.43662675 -1.34036915 
P (bar) | log_O3: -2σ | log_O3: -1σ | log_O3: median | log_O3: +1σ | log_O3: +2σ 
1.00000000e+01 -9.91579179 -9.48928619 -8.39423764 -7.23840705 -6.10181360 
7.74263683e+00 -9.91579179 -9.48928619 -8.39423764 -7.23840705 -6.10181360 
5.99484250e+00 -9.91579179 -9.48928619 -8.39423764 -7.23840705 -6.10181360 
4.64158883e+00 -9.91579179 -9.48928619 -8.39423764 -7.23840705 -6.10181360 
3.59381366e+00 -9.91579179 -9.48928619 -8.39423764 -7.23840705 -6.10181360 
2.78255940e+00 -9.91579179 -9.48928619 -8.39423764 -7.23840705 -6.10181360 
2.15443469e+00 -9.91579179 -9.48928619 -8.39423764 -7.23840705 -6.10181360 
1.66810054e+00 -9.91579179 -9.48928619 -8.39423764 -7.23840705 -6.10181360 
1.29154967e+00 -9.91579179 -9.48928619 -8.39423764 -7.23840705 -6.10181360 
1.00000000e+00 -9.91579179 -9.48928619 -8.39423764 -7.23840705 -6.10181360 
7.74263683e-01 -9.91579179 -9.48928619 -8.39423764 -7.23840705 -6.10181360 
5.99484250e-01 -9.91579179 -9.48928619 -8.39423764 -7.23840705 -6.10181360 
4.64158883e-01 -9.91579179 -9.48928619 -8.39423764 -7.23840705 -6.10181360 
3.59381366e-01 -9.91579179 -9.48928619 -8.39423764 -7.23840705 -6.10181360 
2.78255940e-01 -9.91579179 -9.48928619 -8.39423764 -7.23840705 -6.10181360 
2.15443469e-01 -9.91579179 -9.48928619 -8.39423764 -7.23840705 -6.10181360 
1.66810054e-01 -9.91579179 -9.48928619 -8.39423764 -7.23840705 -6.10181360 
1.29154967e-01 -9.91579179 -9.48928619 -8.39423764 -7.23840705 -6.10181360 
1.00000000e-01 -9.91579179 -9.48928619 -8.39423764 -7.23840705 -6.10181360 
7.74263683e-02 -9.91579179 -9.48928619 -8.39423764 -7.23840705 -6.10181360 
5.99484250e-02 -9.91579179 -9.48928619 -8.39423764 -7.23840705 -6.10181360 
4.64158883e-02 -9.91579179 -9.48928619 -8.39423764 -7.23840705 -6.10181360 
3.59381366e-02 -9.91579179 -9.48928619 -8.39423764 -7.23840705 -6.10181360 
2.78255940e-02 -9.91579179 -9.48928619 -8.39423764 -7.23840705 -6.10181360 
2.15443469e-02 -9.91579179 -9.48928619 -8.39423764 -7.23840705 -6.10181360 
1.66810054e-02 -9.91579179 -9.48928619 -8.39423764 -7.23840705 -6.10181360 
1.29154967e-02 -9.91579179 -9.48928619 -8.39423764 -7.23840705 -6.10181360 
1.00000000e-02 -9.91579179 -9.48928619 -8.39423764 -7.23840705 -6.10181360 
7.74263683e-03 -9.91579179 -9.48928619 -8.39423764 -7.23840705 -6.10181360 
5.99484250e-03 -9.91579179 -9.48928619 -8.39423764 -7.23840705 -6.10181360 
4.64158883e-03 -9.91579179 -9.48928619 -8.39423764 -7.23840705 -6.10181360 
3.59381366e-03 -9.91579179 -9.48928619 -8.39423764 -7.23840705 -6.10181360 
2.78255940e-03 -9.91579179 -9.48928619 -8.39423764 -7.23840705 -6.10181360 
2.15443469e-03 -9.91579179 -9.48928619 -8.39423764 -7.23840705 -6.10181360 
1.66810054e-03 -9.91579179 -9.48928619 -8.39423764 -7.23840705 -6.10181360 
1.29154967e-03 -9.91579179 -9.48928619 -8.39423764 -7.23840705 -6.10181360 
1.00000000e-03 -9.91579179 -9.48928619 -8.39423764 -7.23840705 -6.10181360 
7.74263683e-04 -9.91579179 -9.48928619 -8.39423764 -7.23840705 -6.10181360 
5.99484250e-04 -9.91579179 -9.48928619 -8.39423764 -7.23840705 -6.10181360 
4.64158883e-04 -9.91579179 -9.48928619 -8.39423764 -7.23840705 -6.10181360 
3.59381366e-04 -9.91579179 -9.48928619 -8.39423764 -7.23840705 -6.10181360 
2.78255940e-04 -9.91579179 -9.48928619 -8.39423764 -7.23840705 -6.10181360 
2.15443469e-04 -9.91579179 -9.48928619 -8.39423764 -7.23840705 -6.10181360 
1.66810054e-04 -9.91579179 -9.48928619 -8.39423764 -7.23840705 -6.10181360 
1.29154967e-04 -9.91579179 -9.48928619 -8.39423764 -7.23840705 -6.10181360 
1.00000000e-04 -9.91579179 -9.48928619 -8.39423764 -7.23840705 -6.10181360 
7.74263683e-05 -9.91579179 -9.48928619 -8.39423764 -7.23840705 -6.10181360 
5.99484250e-05 -9.91579179 -9.48928619 -8.39423764 -7.23840705 -6.10181360 
4.64158883e-05 -9.91579179 -9.48928619 -8.39423764 -7.23840705 -6.10181360 
3.59381366e-05 -9.91579179 -9.48928619 -8.39423764 -7.23840705 -6.10181360 
2.78255940e-05 -9.91579179 -9.48928619 -8.39423764 -7.23840705 -6.10181360 
2.15443469e-05 -9.91579179 -9.48928619 -8.39423764 -7.23840705 -6.10181360 
1.66810054e-05 -9.91579179 -9.48928619 -8.39423764 -7.23840705 -6.10181360 
1.29154967e-05 -9.91579179 -9.48928619 -8.39423764 -7.23840705 -6.10181360 
1.00000000e-05 -9.91579179 -9.48928619 -8.39423764 -7.23840705 -6.10181360 
7.74263683e-06 -9.91579179 -9.48928619 -8.39423764 -7.23840705 -6.10181360 
5.99484250e-06 -9.91579179 -9.48928619 -8.39423764 -7.23840705 -6.10181360 
4.64158883e-06 -9.91579179 -9.48928619 -8.39423764 -7.23840705 -6.10181360 
3.59381366e-06 -9.91579179 -9.48928619 -8.39423764 -7.23840705 -6.10181360 
2.78255940e-06 -9.91579179 -9.48928619 -8.39423764 -7.23840705 -6.10181360 
2.15443469e-06 -9.91579179 -9.48928619 -8.39423764 -7.23840705 -6.10181360 
1.66810054e-06 -9.91579179 -9.48928619 -8.39423764 -7.23840705 -6.10181360 
1.29154967e-06 -9.91579179 -9.48928619 -8.39423764 -7.23840705 -6.10181360 
1.00000000e-06 -9.91579179 -9.48928619 -8.39423764 -7.23840705 -6.10181360 
7.74263683e-07 -9.91579179 -9.48928619 -8.39423764 -7.23840705 -6.10181360 
5.99484250e-07 -9.91579179 -9.48928619 -8.39423764 -7.23840705 -6.10181360 
4.64158883e-07 -9.91579179 -9.48928619 -8.39423764 -7.23840705 -6.10181360 
3.59381366e-07 -9.91579179 -9.48928619 -8.39423764 -7.23840705 -6.10181360 
2.78255940e-07 -9.91579179 -9.48928619 -8.39423764 -7.23840705 -6.10181360 
2.15443469e-07 -9.91579179 -9.48928619 -8.39423764 -7.23840705 -6.10181360 
1.66810054e-07 -9.91579179 -9.48928619 -8.39423764 -7.23840705 -6.10181360 
1.29154967e-07 -9.91579179 -9.48928619 -8.39423764 -7.23840705 -6.10181360 
1.00000000e-07 -9.91579179 -9.48928619 -8.39423764 -7.23840705 -6.10181360 
7.74263683e-08 -9.91579179 -9.48928619 -8.39423764 -7.23840705 -6.10181360 
5.99484250e-08 -9.91579179 -9.48928619 -8.39423764 -7.23840705 -6.10181360 
4.64158883e-08 -9.91579179 -9.48928619 -8.39423764 -7.23840705 -6.10181360 
3.59381366e-08 -9.91579179 -9.48928619 -8.39423764 -7.23840705 -6.10181360 
2.78255940e-08 -9.91579179 -9.48928619 -8.39423764 -7.23840705 -6.10181360 
2.15443469e-08 -9.91579179 -9.48928619 -8.39423764 -7.23840705 -6.10181360 
1.66810054e-08 -9.91579179 -9.48928619 -8.39423764 -7.23840705 -6.10181360 
1.29154967e-08 -9.91579179 -9.48928619 -8.39423764 -7.23840705 -6.10181360 
1.00000000e-08 -9.91579179 -9.48928619 -8.39423764 -7.23840705 -6.10181360 
7.74263683e-09 -9.91579179 -9.48928619 -8.39423764 -7.23840705 -6.10181360 
5.99484250e-09 -9.91579179 -9.48928619 -8.39423764 -7.23840705 -6.10181360 
4.64158883e-09 -9.91579179 -9.48928619 -8.39423764 -7.23840705 -6.10181360 
3.59381366e-09 -9.91579179 -9.48928619 -8.39423764 -7.23840705 -6.10181360 
2.78255940e-09 -9.91579179 -9.48928619 -8.39423764 -7.23840705 -6.10181360 
2.15443469e-09 -9.91579179 -9.48928619 -8.39423764 -7.23840705 -6.10181360 
1.66810054e-09 -9.91579179 -9.48928619 -8.39423764 -7.23840705 -6.10181360 
1.29154967e-09 -9.91579179 -9.48928619 -8.39423764 -7.23840705 -6.10181360 
1.00000000e-09 -9.91579179 -9.48928619 -8.39423764 -7.23840705 -6.10181360 
7.74263683e-10 -9.91579179 -9.48928619 -8.39423764 -7.23840705 -6.10181360 
5.99484250e-10 -9.91579179 -9.48928619 -8.39423764 -7.23840705 -6.10181360 
4.64158883e-10 -9.91579179 -9.48928619 -8.39423764 -7.23840705 -6.10181360 
3.59381366e-10 -9.91579179 -9.48928619 -8.39423764 -7.23840705 -6.10181360 
2.78255940e-10 -9.91579179 -9.48928619 -8.39423764 -7.23840705 -6.10181360 
2.15443469e-10 -9.91579179 -9.48928619 -8.39423764 -7.23840705 -6.10181360 
1.66810054e-10 -9.91579179 -9.48928619 -8.39423764 -7.23840705 -6.10181360 
1.29154967e-10 -9.91579179 -9.48928619 -8.39423764 -7.23840705 -6.10181360 
1.00000000e-10 -9.91579179 -9.48928619 -8.39423764 -7.23840705 -6.10181360 
P (bar) | log_N2O: -2σ | log_N2O: -1σ | log_N2O: median | log_N2O: +1σ | log_N2O: +2σ 
1.00000000e+01 -9.77937685 -8.61521857 -6.67421195 -5.40047537 -4.28382423 
7.74263683e+00 -9.77937685 -8.61521857 -6.67421195 -5.40047537 -4.28382423 
5.99484250e+00 -9.77937685 -8.61521857 -6.67421195 -5.40047537 -4.28382423 
4.64158883e+00 -9.77937685 -8.61521857 -6.67421195 -5.40047537 -4.28382423 
3.59381366e+00 -9.77937685 -8.61521857 -6.67421195 -5.40047537 -4.28382423 
2.78255940e+00 -9.77937685 -8.61521857 -6.67421195 -5.40047537 -4.28382423 
2.15443469e+00 -9.77937685 -8.61521857 -6.67421195 -5.40047537 -4.28382423 
1.66810054e+00 -9.77937685 -8.61521857 -6.67421195 -5.40047537 -4.28382423 
1.29154967e+00 -9.77937685 -8.61521857 -6.67421195 -5.40047537 -4.28382423 
1.00000000e+00 -9.77937685 -8.61521857 -6.67421195 -5.40047537 -4.28382423 
7.74263683e-01 -9.77937685 -8.61521857 -6.67421195 -5.40047537 -4.28382423 
5.99484250e-01 -9.77937685 -8.61521857 -6.67421195 -5.40047537 -4.28382423 
4.64158883e-01 -9.77937685 -8.61521857 -6.67421195 -5.40047537 -4.28382423 
3.59381366e-01 -9.77937685 -8.61521857 -6.67421195 -5.40047537 -4.28382423 
2.78255940e-01 -9.77937685 -8.61521857 -6.67421195 -5.40047537 -4.28382423 
2.15443469e-01 -9.77937685 -8.61521857 -6.67421195 -5.40047537 -4.28382423 
1.66810054e-01 -9.77937685 -8.61521857 -6.67421195 -5.40047537 -4.28382423 
1.29154967e-01 -9.77937685 -8.61521857 -6.67421195 -5.40047537 -4.28382423 
1.00000000e-01 -9.77937685 -8.61521857 -6.67421195 -5.40047537 -4.28382423 
7.74263683e-02 -9.77937685 -8.61521857 -6.67421195 -5.40047537 -4.28382423 
5.99484250e-02 -9.77937685 -8.61521857 -6.67421195 -5.40047537 -4.28382423 
4.64158883e-02 -9.77937685 -8.61521857 -6.67421195 -5.40047537 -4.28382423 
3.59381366e-02 -9.77937685 -8.61521857 -6.67421195 -5.40047537 -4.28382423 
2.78255940e-02 -9.77937685 -8.61521857 -6.67421195 -5.40047537 -4.28382423 
2.15443469e-02 -9.77937685 -8.61521857 -6.67421195 -5.40047537 -4.28382423 
1.66810054e-02 -9.77937685 -8.61521857 -6.67421195 -5.40047537 -4.28382423 
1.29154967e-02 -9.77937685 -8.61521857 -6.67421195 -5.40047537 -4.28382423 
1.00000000e-02 -9.77937685 -8.61521857 -6.67421195 -5.40047537 -4.28382423 
7.74263683e-03 -9.77937685 -8.61521857 -6.67421195 -5.40047537 -4.28382423 
5.99484250e-03 -9.77937685 -8.61521857 -6.67421195 -5.40047537 -4.28382423 
4.64158883e-03 -9.77937685 -8.61521857 -6.67421195 -5.40047537 -4.28382423 
3.59381366e-03 -9.77937685 -8.61521857 -6.67421195 -5.40047537 -4.28382423 
2.78255940e-03 -9.77937685 -8.61521857 -6.67421195 -5.40047537 -4.28382423 
2.15443469e-03 -9.77937685 -8.61521857 -6.67421195 -5.40047537 -4.28382423 
1.66810054e-03 -9.77937685 -8.61521857 -6.67421195 -5.40047537 -4.28382423 
1.29154967e-03 -9.77937685 -8.61521857 -6.67421195 -5.40047537 -4.28382423 
1.00000000e-03 -9.77937685 -8.61521857 -6.67421195 -5.40047537 -4.28382423 
7.74263683e-04 -9.77937685 -8.61521857 -6.67421195 -5.40047537 -4.28382423 
5.99484250e-04 -9.77937685 -8.61521857 -6.67421195 -5.40047537 -4.28382423 
4.64158883e-04 -9.77937685 -8.61521857 -6.67421195 -5.40047537 -4.28382423 
3.59381366e-04 -9.77937685 -8.61521857 -6.67421195 -5.40047537 -4.28382423 
2.78255940e-04 -9.77937685 -8.61521857 -6.67421195 -5.40047537 -4.28382423 
2.15443469e-04 -9.77937685 -8.61521857 -6.67421195 -5.40047537 -4.28382423 
1.66810054e-04 -9.77937685 -8.61521857 -6.67421195 -5.40047537 -4.28382423 
1.29154967e-04 -9.77937685 -8.61521857 -6.67421195 -5.40047537 -4.28382423 
1.00000000e-04 -9.77937685 -8.61521857 -6.67421195 -5.40047537 -4.28382423 
7.74263683e-05 -9.77937685 -8.61521857 -6.67421195 -5.40047537 -4.28382423 
5.99484250e-05 -9.77937685 -8.61521857 -6.67421195 -5.40047537 -4.28382423 
4.64158883e-05 -9.77937685 -8.61521857 -6.67421195 -5.40047537 -4.28382423 
3.59381366e-05 -9.77937685 -8.61521857 -6.67421195 -5.40047537 -4.28382423 
2.78255940e-05 -9.77937685 -8.61521857 -6.67421195 -5.40047537 -4.28382423 
2.15443469e-05 -9.77937685 -8.61521857 -6.67421195 -5.40047537 -4.28382423 
1.66810054e-05 -9.77937685 -8.61521857 -6.67421195 -5.40047537 -4.28382423 
1.29154967e-05 -9.77937685 -8.61521857 -6.67421195 -5.40047537 -4.28382423 
1.00000000e-05 -9.77937685 -8.61521857 -6.67421195 -5.40047537 -4.28382423 
7.74263683e-06 -9.77937685 -8.61521857 -6.67421195 -5.40047537 -4.28382423 
5.99484250e-06 -9.77937685 -8.61521857 -6.67421195 -5.40047537 -4.28382423 
4.64158883e-06 -9.77937685 -8.61521857 -6.67421195 -5.40047537 -4.28382423 
3.59381366e-06 -9.77937685 -8.61521857 -6.67421195 -5.40047537 -4.28382423 
2.78255940e-06 -9.77937685 -8.61521857 -6.67421195 -5.40047537 -4.28382423 
2.15443469e-06 -9.77937685 -8.61521857 -6.67421195 -5.40047537 -4.28382423 
1.66810054e-06 -9.77937685 -8.61521857 -6.67421195 -5.40047537 -4.28382423 
1.29154967e-06 -9.77937685 -8.61521857 -6.67421195 -5.40047537 -4.28382423 
1.00000000e-06 -9.77937685 -8.61521857 -6.67421195 -5.40047537 -4.28382423 
7.74263683e-07 -9.77937685 -8.61521857 -6.67421195 -5.40047537 -4.28382423 
5.99484250e-07 -9.77937685 -8.61521857 -6.67421195 -5.40047537 -4.28382423 
4.64158883e-07 -9.77937685 -8.61521857 -6.67421195 -5.40047537 -4.28382423 
3.59381366e-07 -9.77937685 -8.61521857 -6.67421195 -5.40047537 -4.28382423 
2.78255940e-07 -9.77937685 -8.61521857 -6.67421195 -5.40047537 -4.28382423 
2.15443469e-07 -9.77937685 -8.61521857 -6.67421195 -5.40047537 -4.28382423 
1.66810054e-07 -9.77937685 -8.61521857 -6.67421195 -5.40047537 -4.28382423 
1.29154967e-07 -9.77937685 -8.61521857 -6.67421195 -5.40047537 -4.28382423 
1.00000000e-07 -9.77937685 -8.61521857 -6.67421195 -5.40047537 -4.28382423 
7.74263683e-08 -9.77937685 -8.61521857 -6.67421195 -5.40047537 -4.28382423 
5.99484250e-08 -9.77937685 -8.61521857 -6.67421195 -5.40047537 -4.28382423 
4.64158883e-08 -9.77937685 -8.61521857 -6.67421195 -5.40047537 -4.28382423 
3.59381366e-08 -9.77937685 -8.61521857 -6.67421195 -5.40047537 -4.28382423 
2.78255940e-08 -9.77937685 -8.61521857 -6.67421195 -5.40047537 -4.28382423 
2.15443469e-08 -9.77937685 -8.61521857 -6.67421195 -5.40047537 -4.28382423 
1.66810054e-08 -9.77937685 -8.61521857 -6.67421195 -5.40047537 -4.28382423 
1.29154967e-08 -9.77937685 -8.61521857 -6.67421195 -5.40047537 -4.28382423 
1.00000000e-08 -9.77937685 -8.61521857 -6.67421195 -5.40047537 -4.28382423 
7.74263683e-09 -9.77937685 -8.61521857 -6.67421195 -5.40047537 -4.28382423 
5.99484250e-09 -9.77937685 -8.61521857 -6.67421195 -5.40047537 -4.28382423 
4.64158883e-09 -9.77937685 -8.61521857 -6.67421195 -5.40047537 -4.28382423 
3.59381366e-09 -9.77937685 -8.61521857 -6.67421195 -5.40047537 -4.28382423 
2.78255940e-09 -9.77937685 -8.61521857 -6.67421195 -5.40047537 -4.28382423 
2.15443469e-09 -9.77937685 -8.61521857 -6.67421195 -5.40047537 -4.28382423 
1.66810054e-09 -9.77937685 -8.61521857 -6.67421195 -5.40047537 -4.28382423 
1.29154967e-09 -9.77937685 -8.61521857 -6.67421195 -5.40047537 -4.28382423 
1.00000000e-09 -9.77937685 -8.61521857 -6.67421195 -5.40047537 -4.28382423 
7.74263683e-10 -9.77937685 -8.61521857 -6.67421195 -5.40047537 -4.28382423 
5.99484250e-10 -9.77937685 -8.61521857 -6.67421195 -5.40047537 -4.28382423 
4.64158883e-10 -9.77937685 -8.61521857 -6.67421195 -5.40047537 -4.28382423 
3.59381366e-10 -9.77937685 -8.61521857 -6.67421195 -5.40047537 -4.28382423 
2.78255940e-10 -9.77937685 -8.61521857 -6.67421195 -5.40047537 -4.28382423 
2.15443469e-10 -9.77937685 -8.61521857 -6.67421195 -5.40047537 -4.28382423 
1.66810054e-10 -9.77937685 -8.61521857 -6.67421195 -5.40047537 -4.28382423 
1.29154967e-10 -9.77937685 -8.61521857 -6.67421195 -5.40047537 -4.28382423 
1.00000000e-10 -9.77937685 -8.61521857 -6.67421195 -5.40047537 -4.28382423 
P (bar) | log_NH3: -2σ | log_NH3: -1σ | log_NH3: median | log_NH3: +1σ | log_NH3: +2σ 
1.00000000e+01 -8.81843405 -6.81413987 -6.01398167 -5.47118190 -4.87331308 
7.74263683e+00 -8.81843405 -6.81413987 -6.01398167 -5.47118190 -4.87331308 
5.99484250e+00 -8.81843405 -6.81413987 -6.01398167 -5.47118190 -4.87331308 
4.64158883e+00 -8.81843405 -6.81413987 -6.01398167 -5.47118190 -4.87331308 
3.59381366e+00 -8.81843405 -6.81413987 -6.01398167 -5.47118190 -4.87331308 
2.78255940e+00 -8.81843405 -6.81413987 -6.01398167 -5.47118190 -4.87331308 
2.15443469e+00 -8.81843405 -6.81413987 -6.01398167 -5.47118190 -4.87331308 
1.66810054e+00 -8.81843405 -6.81413987 -6.01398167 -5.47118190 -4.87331308 
1.29154967e+00 -8.81843405 -6.81413987 -6.01398167 -5.47118190 -4.87331308 
1.00000000e+00 -8.81843405 -6.81413987 -6.01398167 -5.47118190 -4.87331308 
7.74263683e-01 -8.81843405 -6.81413987 -6.01398167 -5.47118190 -4.87331308 
5.99484250e-01 -8.81843405 -6.81413987 -6.01398167 -5.47118190 -4.87331308 
4.64158883e-01 -8.81843405 -6.81413987 -6.01398167 -5.47118190 -4.87331308 
3.59381366e-01 -8.81843405 -6.81413987 -6.01398167 -5.47118190 -4.87331308 
2.78255940e-01 -8.81843405 -6.81413987 -6.01398167 -5.47118190 -4.87331308 
2.15443469e-01 -8.81843405 -6.81413987 -6.01398167 -5.47118190 -4.87331308 
1.66810054e-01 -8.81843405 -6.81413987 -6.01398167 -5.47118190 -4.87331308 
1.29154967e-01 -8.81843405 -6.81413987 -6.01398167 -5.47118190 -4.87331308 
1.00000000e-01 -8.81843405 -6.81413987 -6.01398167 -5.47118190 -4.87331308 
7.74263683e-02 -8.81843405 -6.81413987 -6.01398167 -5.47118190 -4.87331308 
5.99484250e-02 -8.81843405 -6.81413987 -6.01398167 -5.47118190 -4.87331308 
4.64158883e-02 -8.81843405 -6.81413987 -6.01398167 -5.47118190 -4.87331308 
3.59381366e-02 -8.81843405 -6.81413987 -6.01398167 -5.47118190 -4.87331308 
2.78255940e-02 -8.81843405 -6.81413987 -6.01398167 -5.47118190 -4.87331308 
2.15443469e-02 -8.81843405 -6.81413987 -6.01398167 -5.47118190 -4.87331308 
1.66810054e-02 -8.81843405 -6.81413987 -6.01398167 -5.47118190 -4.87331308 
1.29154967e-02 -8.81843405 -6.81413987 -6.01398167 -5.47118190 -4.87331308 
1.00000000e-02 -8.81843405 -6.81413987 -6.01398167 -5.47118190 -4.87331308 
7.74263683e-03 -8.81843405 -6.81413987 -6.01398167 -5.47118190 -4.87331308 
5.99484250e-03 -8.81843405 -6.81413987 -6.01398167 -5.47118190 -4.87331308 
4.64158883e-03 -8.81843405 -6.81413987 -6.01398167 -5.47118190 -4.87331308 
3.59381366e-03 -8.81843405 -6.81413987 -6.01398167 -5.47118190 -4.87331308 
2.78255940e-03 -8.81843405 -6.81413987 -6.01398167 -5.47118190 -4.87331308 
2.15443469e-03 -8.81843405 -6.81413987 -6.01398167 -5.47118190 -4.87331308 
1.66810054e-03 -8.81843405 -6.81413987 -6.01398167 -5.47118190 -4.87331308 
1.29154967e-03 -8.81843405 -6.81413987 -6.01398167 -5.47118190 -4.87331308 
1.00000000e-03 -8.81843405 -6.81413987 -6.01398167 -5.47118190 -4.87331308 
7.74263683e-04 -8.81843405 -6.81413987 -6.01398167 -5.47118190 -4.87331308 
5.99484250e-04 -8.81843405 -6.81413987 -6.01398167 -5.47118190 -4.87331308 
4.64158883e-04 -8.81843405 -6.81413987 -6.01398167 -5.47118190 -4.87331308 
3.59381366e-04 -8.81843405 -6.81413987 -6.01398167 -5.47118190 -4.87331308 
2.78255940e-04 -8.81843405 -6.81413987 -6.01398167 -5.47118190 -4.87331308 
2.15443469e-04 -8.81843405 -6.81413987 -6.01398167 -5.47118190 -4.87331308 
1.66810054e-04 -8.81843405 -6.81413987 -6.01398167 -5.47118190 -4.87331308 
1.29154967e-04 -8.81843405 -6.81413987 -6.01398167 -5.47118190 -4.87331308 
1.00000000e-04 -8.81843405 -6.81413987 -6.01398167 -5.47118190 -4.87331308 
7.74263683e-05 -8.81843405 -6.81413987 -6.01398167 -5.47118190 -4.87331308 
5.99484250e-05 -8.81843405 -6.81413987 -6.01398167 -5.47118190 -4.87331308 
4.64158883e-05 -8.81843405 -6.81413987 -6.01398167 -5.47118190 -4.87331308 
3.59381366e-05 -8.81843405 -6.81413987 -6.01398167 -5.47118190 -4.87331308 
2.78255940e-05 -8.81843405 -6.81413987 -6.01398167 -5.47118190 -4.87331308 
2.15443469e-05 -8.81843405 -6.81413987 -6.01398167 -5.47118190 -4.87331308 
1.66810054e-05 -8.81843405 -6.81413987 -6.01398167 -5.47118190 -4.87331308 
1.29154967e-05 -8.81843405 -6.81413987 -6.01398167 -5.47118190 -4.87331308 
1.00000000e-05 -8.81843405 -6.81413987 -6.01398167 -5.47118190 -4.87331308 
7.74263683e-06 -8.81843405 -6.81413987 -6.01398167 -5.47118190 -4.87331308 
5.99484250e-06 -8.81843405 -6.81413987 -6.01398167 -5.47118190 -4.87331308 
4.64158883e-06 -8.81843405 -6.81413987 -6.01398167 -5.47118190 -4.87331308 
3.59381366e-06 -8.81843405 -6.81413987 -6.01398167 -5.47118190 -4.87331308 
2.78255940e-06 -8.81843405 -6.81413987 -6.01398167 -5.47118190 -4.87331308 
2.15443469e-06 -8.81843405 -6.81413987 -6.01398167 -5.47118190 -4.87331308 
1.66810054e-06 -8.81843405 -6.81413987 -6.01398167 -5.47118190 -4.87331308 
1.29154967e-06 -8.81843405 -6.81413987 -6.01398167 -5.47118190 -4.87331308 
1.00000000e-06 -8.81843405 -6.81413987 -6.01398167 -5.47118190 -4.87331308 
7.74263683e-07 -8.81843405 -6.81413987 -6.01398167 -5.47118190 -4.87331308 
5.99484250e-07 -8.81843405 -6.81413987 -6.01398167 -5.47118190 -4.87331308 
4.64158883e-07 -8.81843405 -6.81413987 -6.01398167 -5.47118190 -4.87331308 
3.59381366e-07 -8.81843405 -6.81413987 -6.01398167 -5.47118190 -4.87331308 
2.78255940e-07 -8.81843405 -6.81413987 -6.01398167 -5.47118190 -4.87331308 
2.15443469e-07 -8.81843405 -6.81413987 -6.01398167 -5.47118190 -4.87331308 
1.66810054e-07 -8.81843405 -6.81413987 -6.01398167 -5.47118190 -4.87331308 
1.29154967e-07 -8.81843405 -6.81413987 -6.01398167 -5.47118190 -4.87331308 
1.00000000e-07 -8.81843405 -6.81413987 -6.01398167 -5.47118190 -4.87331308 
7.74263683e-08 -8.81843405 -6.81413987 -6.01398167 -5.47118190 -4.87331308 
5.99484250e-08 -8.81843405 -6.81413987 -6.01398167 -5.47118190 -4.87331308 
4.64158883e-08 -8.81843405 -6.81413987 -6.01398167 -5.47118190 -4.87331308 
3.59381366e-08 -8.81843405 -6.81413987 -6.01398167 -5.47118190 -4.87331308 
2.78255940e-08 -8.81843405 -6.81413987 -6.01398167 -5.47118190 -4.87331308 
2.15443469e-08 -8.81843405 -6.81413987 -6.01398167 -5.47118190 -4.87331308 
1.66810054e-08 -8.81843405 -6.81413987 -6.01398167 -5.47118190 -4.87331308 
1.29154967e-08 -8.81843405 -6.81413987 -6.01398167 -5.47118190 -4.87331308 
1.00000000e-08 -8.81843405 -6.81413987 -6.01398167 -5.47118190 -4.87331308 
7.74263683e-09 -8.81843405 -6.81413987 -6.01398167 -5.47118190 -4.87331308 
5.99484250e-09 -8.81843405 -6.81413987 -6.01398167 -5.47118190 -4.87331308 
4.64158883e-09 -8.81843405 -6.81413987 -6.01398167 -5.47118190 -4.87331308 
3.59381366e-09 -8.81843405 -6.81413987 -6.01398167 -5.47118190 -4.87331308 
2.78255940e-09 -8.81843405 -6.81413987 -6.01398167 -5.47118190 -4.87331308 
2.15443469e-09 -8.81843405 -6.81413987 -6.01398167 -5.47118190 -4.87331308 
1.66810054e-09 -8.81843405 -6.81413987 -6.01398167 -5.47118190 -4.87331308 
1.29154967e-09 -8.81843405 -6.81413987 -6.01398167 -5.47118190 -4.87331308 
1.00000000e-09 -8.81843405 -6.81413987 -6.01398167 -5.47118190 -4.87331308 
7.74263683e-10 -8.81843405 -6.81413987 -6.01398167 -5.47118190 -4.87331308 
5.99484250e-10 -8.81843405 -6.81413987 -6.01398167 -5.47118190 -4.87331308 
4.64158883e-10 -8.81843405 -6.81413987 -6.01398167 -5.47118190 -4.87331308 
3.59381366e-10 -8.81843405 -6.81413987 -6.01398167 -5.47118190 -4.87331308 
2.78255940e-10 -8.81843405 -6.81413987 -6.01398167 -5.47118190 -4.87331308 
2.15443469e-10 -8.81843405 -6.81413987 -6.01398167 -5.47118190 -4.87331308 
1.66810054e-10 -8.81843405 -6.81413987 -6.01398167 -5.47118190 -4.87331308 
1.29154967e-10 -8.81843405 -6.81413987 -6.01398167 -5.47118190 -4.87331308 
1.00000000e-10 -8.81843405 -6.81413987 -6.01398167 -5.47118190 -4.87331308 
