Chemical species: N2 H2O CO2 CH4 O2 O3 N2O NH3
P (bar) | log_N2: -2σ | log_N2: -1σ | log_N2: median | log_N2: +1σ | log_N2: +2σ 
1.00000000e+01 -0.02531770 -0.00215756 -0.00007235 -0.00002151 -0.00000840 
7.74263683e+00 -0.02531770 -0.00215756 -0.00007235 -0.00002151 -0.00000840 
5.99484250e+00 -0.02531770 -0.00215756 -0.00007235 -0.00002151 -0.00000840 
4.64158883e+00 -0.02531770 -0.00215756 -0.00007235 -0.00002151 -0.00000840 
3.59381366e+00 -0.02531770 -0.00215756 -0.00007235 -0.00002151 -0.00000840 
2.78255940e+00 -0.02531770 -0.00215756 -0.00007235 -0.00002151 -0.00000840 
2.15443469e+00 -0.02531770 -0.00215756 -0.00007235 -0.00002151 -0.00000840 
1.66810054e+00 -0.02531770 -0.00215756 -0.00007235 -0.00002151 -0.00000840 
1.29154967e+00 -0.02531770 -0.00215756 -0.00007235 -0.00002151 -0.00000840 
1.00000000e+00 -0.02531770 -0.00215756 -0.00007235 -0.00002151 -0.00000840 
7.74263683e-01 -0.02531770 -0.00215756 -0.00007235 -0.00002151 -0.00000840 
5.99484250e-01 -0.02531770 -0.00215756 -0.00007235 -0.00002151 -0.00000840 
4.64158883e-01 -0.02531770 -0.00215756 -0.00007235 -0.00002151 -0.00000840 
3.59381366e-01 -0.02531770 -0.00215756 -0.00007235 -0.00002151 -0.00000840 
2.78255940e-01 -0.02531770 -0.00215756 -0.00007235 -0.00002151 -0.00000840 
2.15443469e-01 -0.02531770 -0.00215756 -0.00007235 -0.00002151 -0.00000840 
1.66810054e-01 -0.02531770 -0.00215756 -0.00007235 -0.00002151 -0.00000840 
1.29154967e-01 -0.02531770 -0.00215756 -0.00007235 -0.00002151 -0.00000840 
1.00000000e-01 -0.02531770 -0.00215756 -0.00007235 -0.00002151 -0.00000840 
7.74263683e-02 -0.02531770 -0.00215756 -0.00007235 -0.00002151 -0.00000840 
5.99484250e-02 -0.02531770 -0.00215756 -0.00007235 -0.00002151 -0.00000840 
4.64158883e-02 -0.02531770 -0.00215756 -0.00007235 -0.00002151 -0.00000840 
3.59381366e-02 -0.02531770 -0.00215756 -0.00007235 -0.00002151 -0.00000840 
2.78255940e-02 -0.02531770 -0.00215756 -0.00007235 -0.00002151 -0.00000840 
2.15443469e-02 -0.02531770 -0.00215756 -0.00007235 -0.00002151 -0.00000840 
1.66810054e-02 -0.02531770 -0.00215756 -0.00007235 -0.00002151 -0.00000840 
1.29154967e-02 -0.02531770 -0.00215756 -0.00007235 -0.00002151 -0.00000840 
1.00000000e-02 -0.02531770 -0.00215756 -0.00007235 -0.00002151 -0.00000840 
7.74263683e-03 -0.02531770 -0.00215756 -0.00007235 -0.00002151 -0.00000840 
5.99484250e-03 -0.02531770 -0.00215756 -0.00007235 -0.00002151 -0.00000840 
4.64158883e-03 -0.02531770 -0.00215756 -0.00007235 -0.00002151 -0.00000840 
3.59381366e-03 -0.02531770 -0.00215756 -0.00007235 -0.00002151 -0.00000840 
2.78255940e-03 -0.02531770 -0.00215756 -0.00007235 -0.00002151 -0.00000840 
2.15443469e-03 -0.02531770 -0.00215756 -0.00007235 -0.00002151 -0.00000840 
1.66810054e-03 -0.02531770 -0.00215756 -0.00007235 -0.00002151 -0.00000840 
1.29154967e-03 -0.02531770 -0.00215756 -0.00007235 -0.00002151 -0.00000840 
1.00000000e-03 -0.02531770 -0.00215756 -0.00007235 -0.00002151 -0.00000840 
7.74263683e-04 -0.02531770 -0.00215756 -0.00007235 -0.00002151 -0.00000840 
5.99484250e-04 -0.02531770 -0.00215756 -0.00007235 -0.00002151 -0.00000840 
4.64158883e-04 -0.02531770 -0.00215756 -0.00007235 -0.00002151 -0.00000840 
3.59381366e-04 -0.02531770 -0.00215756 -0.00007235 -0.00002151 -0.00000840 
2.78255940e-04 -0.02531770 -0.00215756 -0.00007235 -0.00002151 -0.00000840 
2.15443469e-04 -0.02531770 -0.00215756 -0.00007235 -0.00002151 -0.00000840 
1.66810054e-04 -0.02531770 -0.00215756 -0.00007235 -0.00002151 -0.00000840 
1.29154967e-04 -0.02531770 -0.00215756 -0.00007235 -0.00002151 -0.00000840 
1.00000000e-04 -0.02531770 -0.00215756 -0.00007235 -0.00002151 -0.00000840 
7.74263683e-05 -0.02531770 -0.00215756 -0.00007235 -0.00002151 -0.00000840 
5.99484250e-05 -0.02531770 -0.00215756 -0.00007235 -0.00002151 -0.00000840 
4.64158883e-05 -0.02531770 -0.00215756 -0.00007235 -0.00002151 -0.00000840 
3.59381366e-05 -0.02531770 -0.00215756 -0.00007235 -0.00002151 -0.00000840 
2.78255940e-05 -0.02531770 -0.00215756 -0.00007235 -0.00002151 -0.00000840 
2.15443469e-05 -0.02531770 -0.00215756 -0.00007235 -0.00002151 -0.00000840 
1.66810054e-05 -0.02531770 -0.00215756 -0.00007235 -0.00002151 -0.00000840 
1.29154967e-05 -0.02531770 -0.00215756 -0.00007235 -0.00002151 -0.00000840 
1.00000000e-05 -0.02531770 -0.00215756 -0.00007235 -0.00002151 -0.00000840 
7.74263683e-06 -0.02531770 -0.00215756 -0.00007235 -0.00002151 -0.00000840 
5.99484250e-06 -0.02531770 -0.00215756 -0.00007235 -0.00002151 -0.00000840 
4.64158883e-06 -0.02531770 -0.00215756 -0.00007235 -0.00002151 -0.00000840 
3.59381366e-06 -0.02531770 -0.00215756 -0.00007235 -0.00002151 -0.00000840 
2.78255940e-06 -0.02531770 -0.00215756 -0.00007235 -0.00002151 -0.00000840 
2.15443469e-06 -0.02531770 -0.00215756 -0.00007235 -0.00002151 -0.00000840 
1.66810054e-06 -0.02531770 -0.00215756 -0.00007235 -0.00002151 -0.00000840 
1.29154967e-06 -0.02531770 -0.00215756 -0.00007235 -0.00002151 -0.00000840 
1.00000000e-06 -0.02531770 -0.00215756 -0.00007235 -0.00002151 -0.00000840 
7.74263683e-07 -0.02531770 -0.00215756 -0.00007235 -0.00002151 -0.00000840 
5.99484250e-07 -0.02531770 -0.00215756 -0.00007235 -0.00002151 -0.00000840 
4.64158883e-07 -0.02531770 -0.00215756 -0.00007235 -0.00002151 -0.00000840 
3.59381366e-07 -0.02531770 -0.00215756 -0.00007235 -0.00002151 -0.00000840 
2.78255940e-07 -0.02531770 -0.00215756 -0.00007235 -0.00002151 -0.00000840 
2.15443469e-07 -0.02531770 -0.00215756 -0.00007235 -0.00002151 -0.00000840 
1.66810054e-07 -0.02531770 -0.00215756 -0.00007235 -0.00002151 -0.00000840 
1.29154967e-07 -0.02531770 -0.00215756 -0.00007235 -0.00002151 -0.00000840 
1.00000000e-07 -0.02531770 -0.00215756 -0.00007235 -0.00002151 -0.00000840 
7.74263683e-08 -0.02531770 -0.00215756 -0.00007235 -0.00002151 -0.00000840 
5.99484250e-08 -0.02531770 -0.00215756 -0.00007235 -0.00002151 -0.00000840 
4.64158883e-08 -0.02531770 -0.00215756 -0.00007235 -0.00002151 -0.00000840 
3.59381366e-08 -0.02531770 -0.00215756 -0.00007235 -0.00002151 -0.00000840 
2.78255940e-08 -0.02531770 -0.00215756 -0.00007235 -0.00002151 -0.00000840 
2.15443469e-08 -0.02531770 -0.00215756 -0.00007235 -0.00002151 -0.00000840 
1.66810054e-08 -0.02531770 -0.00215756 -0.00007235 -0.00002151 -0.00000840 
1.29154967e-08 -0.02531770 -0.00215756 -0.00007235 -0.00002151 -0.00000840 
1.00000000e-08 -0.02531770 -0.00215756 -0.00007235 -0.00002151 -0.00000840 
7.74263683e-09 -0.02531770 -0.00215756 -0.00007235 -0.00002151 -0.00000840 
5.99484250e-09 -0.02531770 -0.00215756 -0.00007235 -0.00002151 -0.00000840 
4.64158883e-09 -0.02531770 -0.00215756 -0.00007235 -0.00002151 -0.00000840 
3.59381366e-09 -0.02531770 -0.00215756 -0.00007235 -0.00002151 -0.00000840 
2.78255940e-09 -0.02531770 -0.00215756 -0.00007235 -0.00002151 -0.00000840 
2.15443469e-09 -0.02531770 -0.00215756 -0.00007235 -0.00002151 -0.00000840 
1.66810054e-09 -0.02531770 -0.00215756 -0.00007235 -0.00002151 -0.00000840 
1.29154967e-09 -0.02531770 -0.00215756 -0.00007235 -0.00002151 -0.00000840 
1.00000000e-09 -0.02531770 -0.00215756 -0.00007235 -0.00002151 -0.00000840 
7.74263683e-10 -0.02531770 -0.00215756 -0.00007235 -0.00002151 -0.00000840 
5.99484250e-10 -0.02531770 -0.00215756 -0.00007235 -0.00002151 -0.00000840 
4.64158883e-10 -0.02531770 -0.00215756 -0.00007235 -0.00002151 -0.00000840 
3.59381366e-10 -0.02531770 -0.00215756 -0.00007235 -0.00002151 -0.00000840 
2.78255940e-10 -0.02531770 -0.00215756 -0.00007235 -0.00002151 -0.00000840 
2.15443469e-10 -0.02531770 -0.00215756 -0.00007235 -0.00002151 -0.00000840 
1.66810054e-10 -0.02531770 -0.00215756 -0.00007235 -0.00002151 -0.00000840 
1.29154967e-10 -0.02531770 -0.00215756 -0.00007235 -0.00002151 -0.00000840 
1.00000000e-10 -0.02531770 -0.00215756 -0.00007235 -0.00002151 -0.00000840 
P (bar) | log_H2O: -2σ | log_H2O: -1σ | log_H2O: median | log_H2O: +1σ | log_H2O: +2σ 
1.00000000e+01 -9.39690427 -7.25409054 -5.64102836 -4.82292208 -4.03413850 
7.74263683e+00 -9.39690427 -7.25409054 -5.64102836 -4.82292208 -4.03413850 
5.99484250e+00 -9.39690427 -7.25409054 -5.64102836 -4.82292208 -4.03413850 
4.64158883e+00 -9.39690427 -7.25409054 -5.64102836 -4.82292208 -4.03413850 
3.59381366e+00 -9.39690427 -7.25409054 -5.64102836 -4.82292208 -4.03413850 
2.78255940e+00 -9.39690427 -7.25409054 -5.64102836 -4.82292208 -4.03413850 
2.15443469e+00 -9.39690427 -7.25409054 -5.64102836 -4.82292208 -4.03413850 
1.66810054e+00 -9.39690427 -7.25409054 -5.64102836 -4.82292208 -4.03413850 
1.29154967e+00 -9.39690427 -7.25409054 -5.64102836 -4.82292208 -4.03413850 
1.00000000e+00 -9.39690427 -7.25409054 -5.64102836 -4.82292208 -4.03413850 
7.74263683e-01 -9.39690427 -7.25409054 -5.64102836 -4.82292208 -4.03413850 
5.99484250e-01 -9.39690427 -7.25409054 -5.64102836 -4.82292208 -4.03413850 
4.64158883e-01 -9.39690427 -7.25409054 -5.64102836 -4.82292208 -4.03413850 
3.59381366e-01 -9.39690427 -7.25409054 -5.64102836 -4.82292208 -4.03413850 
2.78255940e-01 -9.39690427 -7.25409054 -5.64102836 -4.82292208 -4.03413850 
2.15443469e-01 -9.39690427 -7.25409054 -5.64102836 -4.82292208 -4.03413850 
1.66810054e-01 -9.39690427 -7.25409054 -5.64102836 -4.82292208 -4.03413850 
1.29154967e-01 -9.39690427 -7.25409054 -5.64102836 -4.82292208 -4.03413850 
1.00000000e-01 -9.39690427 -7.25409054 -5.64102836 -4.82292208 -4.03413850 
7.74263683e-02 -9.39690427 -7.25409054 -5.64102836 -4.82292208 -4.03413850 
5.99484250e-02 -9.39690427 -7.25409054 -5.64102836 -4.82292208 -4.03413850 
4.64158883e-02 -9.39690427 -7.25409054 -5.64102836 -4.82292208 -4.03413850 
3.59381366e-02 -9.39690427 -7.25409054 -5.64102836 -4.82292208 -4.03413850 
2.78255940e-02 -9.39690427 -7.25409054 -5.64102836 -4.82292208 -4.03413850 
2.15443469e-02 -9.39690427 -7.25409054 -5.64102836 -4.82292208 -4.03413850 
1.66810054e-02 -9.39690427 -7.25409054 -5.64102836 -4.82292208 -4.03413850 
1.29154967e-02 -9.39690427 -7.25409054 -5.64102836 -4.82292208 -4.03413850 
1.00000000e-02 -9.39690427 -7.25409054 -5.64102836 -4.82292208 -4.03413850 
7.74263683e-03 -9.39690427 -7.25409054 -5.64102836 -4.82292208 -4.03413850 
5.99484250e-03 -9.39690427 -7.25409054 -5.64102836 -4.82292208 -4.03413850 
4.64158883e-03 -9.39690427 -7.25409054 -5.64102836 -4.82292208 -4.03413850 
3.59381366e-03 -9.39690427 -7.25409054 -5.64102836 -4.82292208 -4.03413850 
2.78255940e-03 -9.39690427 -7.25409054 -5.64102836 -4.82292208 -4.03413850 
2.15443469e-03 -9.39690427 -7.25409054 -5.64102836 -4.82292208 -4.03413850 
1.66810054e-03 -9.39690427 -7.25409054 -5.64102836 -4.82292208 -4.03413850 
1.29154967e-03 -9.39690427 -7.25409054 -5.64102836 -4.82292208 -4.03413850 
1.00000000e-03 -9.39690427 -7.25409054 -5.64102836 -4.82292208 -4.03413850 
7.74263683e-04 -9.39690427 -7.25409054 -5.64102836 -4.82292208 -4.03413850 
5.99484250e-04 -9.39690427 -7.25409054 -5.64102836 -4.82292208 -4.03413850 
4.64158883e-04 -9.39690427 -7.25409054 -5.64102836 -4.82292208 -4.03413850 
3.59381366e-04 -9.39690427 -7.25409054 -5.64102836 -4.82292208 -4.03413850 
2.78255940e-04 -9.39690427 -7.25409054 -5.64102836 -4.82292208 -4.03413850 
2.15443469e-04 -9.39690427 -7.25409054 -5.64102836 -4.82292208 -4.03413850 
1.66810054e-04 -9.39690427 -7.25409054 -5.64102836 -4.82292208 -4.03413850 
1.29154967e-04 -9.39690427 -7.25409054 -5.64102836 -4.82292208 -4.03413850 
1.00000000e-04 -9.39690427 -7.25409054 -5.64102836 -4.82292208 -4.03413850 
7.74263683e-05 -9.39690427 -7.25409054 -5.64102836 -4.82292208 -4.03413850 
5.99484250e-05 -9.39690427 -7.25409054 -5.64102836 -4.82292208 -4.03413850 
4.64158883e-05 -9.39690427 -7.25409054 -5.64102836 -4.82292208 -4.03413850 
3.59381366e-05 -9.39690427 -7.25409054 -5.64102836 -4.82292208 -4.03413850 
2.78255940e-05 -9.39690427 -7.25409054 -5.64102836 -4.82292208 -4.03413850 
2.15443469e-05 -9.39690427 -7.25409054 -5.64102836 -4.82292208 -4.03413850 
1.66810054e-05 -9.39690427 -7.25409054 -5.64102836 -4.82292208 -4.03413850 
1.29154967e-05 -9.39690427 -7.25409054 -5.64102836 -4.82292208 -4.03413850 
1.00000000e-05 -9.39690427 -7.25409054 -5.64102836 -4.82292208 -4.03413850 
7.74263683e-06 -9.39690427 -7.25409054 -5.64102836 -4.82292208 -4.03413850 
5.99484250e-06 -9.39690427 -7.25409054 -5.64102836 -4.82292208 -4.03413850 
4.64158883e-06 -9.39690427 -7.25409054 -5.64102836 -4.82292208 -4.03413850 
3.59381366e-06 -9.39690427 -7.25409054 -5.64102836 -4.82292208 -4.03413850 
2.78255940e-06 -9.39690427 -7.25409054 -5.64102836 -4.82292208 -4.03413850 
2.15443469e-06 -9.39690427 -7.25409054 -5.64102836 -4.82292208 -4.03413850 
1.66810054e-06 -9.39690427 -7.25409054 -5.64102836 -4.82292208 -4.03413850 
1.29154967e-06 -9.39690427 -7.25409054 -5.64102836 -4.82292208 -4.03413850 
1.00000000e-06 -9.39690427 -7.25409054 -5.64102836 -4.82292208 -4.03413850 
7.74263683e-07 -9.39690427 -7.25409054 -5.64102836 -4.82292208 -4.03413850 
5.99484250e-07 -9.39690427 -7.25409054 -5.64102836 -4.82292208 -4.03413850 
4.64158883e-07 -9.39690427 -7.25409054 -5.64102836 -4.82292208 -4.03413850 
3.59381366e-07 -9.39690427 -7.25409054 -5.64102836 -4.82292208 -4.03413850 
2.78255940e-07 -9.39690427 -7.25409054 -5.64102836 -4.82292208 -4.03413850 
2.15443469e-07 -9.39690427 -7.25409054 -5.64102836 -4.82292208 -4.03413850 
1.66810054e-07 -9.39690427 -7.25409054 -5.64102836 -4.82292208 -4.03413850 
1.29154967e-07 -9.39690427 -7.25409054 -5.64102836 -4.82292208 -4.03413850 
1.00000000e-07 -9.39690427 -7.25409054 -5.64102836 -4.82292208 -4.03413850 
7.74263683e-08 -9.39690427 -7.25409054 -5.64102836 -4.82292208 -4.03413850 
5.99484250e-08 -9.39690427 -7.25409054 -5.64102836 -4.82292208 -4.03413850 
4.64158883e-08 -9.39690427 -7.25409054 -5.64102836 -4.82292208 -4.03413850 
3.59381366e-08 -9.39690427 -7.25409054 -5.64102836 -4.82292208 -4.03413850 
2.78255940e-08 -9.39690427 -7.25409054 -5.64102836 -4.82292208 -4.03413850 
2.15443469e-08 -9.39690427 -7.25409054 -5.64102836 -4.82292208 -4.03413850 
1.66810054e-08 -9.39690427 -7.25409054 -5.64102836 -4.82292208 -4.03413850 
1.29154967e-08 -9.39690427 -7.25409054 -5.64102836 -4.82292208 -4.03413850 
1.00000000e-08 -9.39690427 -7.25409054 -5.64102836 -4.82292208 -4.03413850 
7.74263683e-09 -9.39690427 -7.25409054 -5.64102836 -4.82292208 -4.03413850 
5.99484250e-09 -9.39690427 -7.25409054 -5.64102836 -4.82292208 -4.03413850 
4.64158883e-09 -9.39690427 -7.25409054 -5.64102836 -4.82292208 -4.03413850 
3.59381366e-09 -9.39690427 -7.25409054 -5.64102836 -4.82292208 -4.03413850 
2.78255940e-09 -9.39690427 -7.25409054 -5.64102836 -4.82292208 -4.03413850 
2.15443469e-09 -9.39690427 -7.25409054 -5.64102836 -4.82292208 -4.03413850 
1.66810054e-09 -9.39690427 -7.25409054 -5.64102836 -4.82292208 -4.03413850 
1.29154967e-09 -9.39690427 -7.25409054 -5.64102836 -4.82292208 -4.03413850 
1.00000000e-09 -9.39690427 -7.25409054 -5.64102836 -4.82292208 -4.03413850 
7.74263683e-10 -9.39690427 -7.25409054 -5.64102836 -4.82292208 -4.03413850 
5.99484250e-10 -9.39690427 -7.25409054 -5.64102836 -4.82292208 -4.03413850 
4.64158883e-10 -9.39690427 -7.25409054 -5.64102836 -4.82292208 -4.03413850 
3.59381366e-10 -9.39690427 -7.25409054 -5.64102836 -4.82292208 -4.03413850 
2.78255940e-10 -9.39690427 -7.25409054 -5.64102836 -4.82292208 -4.03413850 
2.15443469e-10 -9.39690427 -7.25409054 -5.64102836 -4.82292208 -4.03413850 
1.66810054e-10 -9.39690427 -7.25409054 -5.64102836 -4.82292208 -4.03413850 
1.29154967e-10 -9.39690427 -7.25409054 -5.64102836 -4.82292208 -4.03413850 
1.00000000e-10 -9.39690427 -7.25409054 -5.64102836 -4.82292208 -4.03413850 
P (bar) | log_CO2: -2σ | log_CO2: -1σ | log_CO2: median | log_CO2: +1σ | log_CO2: +2σ 
1.00000000e+01 -8.22510221 -6.13524273 -5.16014254 -4.32853802 -3.57784520 
7.74263683e+00 -8.22510221 -6.13524273 -5.16014254 -4.32853802 -3.57784520 
5.99484250e+00 -8.22510221 -6.13524273 -5.16014254 -4.32853802 -3.57784520 
4.64158883e+00 -8.22510221 -6.13524273 -5.16014254 -4.32853802 -3.57784520 
3.59381366e+00 -8.22510221 -6.13524273 -5.16014254 -4.32853802 -3.57784520 
2.78255940e+00 -8.22510221 -6.13524273 -5.16014254 -4.32853802 -3.57784520 
2.15443469e+00 -8.22510221 -6.13524273 -5.16014254 -4.32853802 -3.57784520 
1.66810054e+00 -8.22510221 -6.13524273 -5.16014254 -4.32853802 -3.57784520 
1.29154967e+00 -8.22510221 -6.13524273 -5.16014254 -4.32853802 -3.57784520 
1.00000000e+00 -8.22510221 -6.13524273 -5.16014254 -4.32853802 -3.57784520 
7.74263683e-01 -8.22510221 -6.13524273 -5.16014254 -4.32853802 -3.57784520 
5.99484250e-01 -8.22510221 -6.13524273 -5.16014254 -4.32853802 -3.57784520 
4.64158883e-01 -8.22510221 -6.13524273 -5.16014254 -4.32853802 -3.57784520 
3.59381366e-01 -8.22510221 -6.13524273 -5.16014254 -4.32853802 -3.57784520 
2.78255940e-01 -8.22510221 -6.13524273 -5.16014254 -4.32853802 -3.57784520 
2.15443469e-01 -8.22510221 -6.13524273 -5.16014254 -4.32853802 -3.57784520 
1.66810054e-01 -8.22510221 -6.13524273 -5.16014254 -4.32853802 -3.57784520 
1.29154967e-01 -8.22510221 -6.13524273 -5.16014254 -4.32853802 -3.57784520 
1.00000000e-01 -8.22510221 -6.13524273 -5.16014254 -4.32853802 -3.57784520 
7.74263683e-02 -8.22510221 -6.13524273 -5.16014254 -4.32853802 -3.57784520 
5.99484250e-02 -8.22510221 -6.13524273 -5.16014254 -4.32853802 -3.57784520 
4.64158883e-02 -8.22510221 -6.13524273 -5.16014254 -4.32853802 -3.57784520 
3.59381366e-02 -8.22510221 -6.13524273 -5.16014254 -4.32853802 -3.57784520 
2.78255940e-02 -8.22510221 -6.13524273 -5.16014254 -4.32853802 -3.57784520 
2.15443469e-02 -8.22510221 -6.13524273 -5.16014254 -4.32853802 -3.57784520 
1.66810054e-02 -8.22510221 -6.13524273 -5.16014254 -4.32853802 -3.57784520 
1.29154967e-02 -8.22510221 -6.13524273 -5.16014254 -4.32853802 -3.57784520 
1.00000000e-02 -8.22510221 -6.13524273 -5.16014254 -4.32853802 -3.57784520 
7.74263683e-03 -8.22510221 -6.13524273 -5.16014254 -4.32853802 -3.57784520 
5.99484250e-03 -8.22510221 -6.13524273 -5.16014254 -4.32853802 -3.57784520 
4.64158883e-03 -8.22510221 -6.13524273 -5.16014254 -4.32853802 -3.57784520 
3.59381366e-03 -8.22510221 -6.13524273 -5.16014254 -4.32853802 -3.57784520 
2.78255940e-03 -8.22510221 -6.13524273 -5.16014254 -4.32853802 -3.57784520 
2.15443469e-03 -8.22510221 -6.13524273 -5.16014254 -4.32853802 -3.57784520 
1.66810054e-03 -8.22510221 -6.13524273 -5.16014254 -4.32853802 -3.57784520 
1.29154967e-03 -8.22510221 -6.13524273 -5.16014254 -4.32853802 -3.57784520 
1.00000000e-03 -8.22510221 -6.13524273 -5.16014254 -4.32853802 -3.57784520 
7.74263683e-04 -8.22510221 -6.13524273 -5.16014254 -4.32853802 -3.57784520 
5.99484250e-04 -8.22510221 -6.13524273 -5.16014254 -4.32853802 -3.57784520 
4.64158883e-04 -8.22510221 -6.13524273 -5.16014254 -4.32853802 -3.57784520 
3.59381366e-04 -8.22510221 -6.13524273 -5.16014254 -4.32853802 -3.57784520 
2.78255940e-04 -8.22510221 -6.13524273 -5.16014254 -4.32853802 -3.57784520 
2.15443469e-04 -8.22510221 -6.13524273 -5.16014254 -4.32853802 -3.57784520 
1.66810054e-04 -8.22510221 -6.13524273 -5.16014254 -4.32853802 -3.57784520 
1.29154967e-04 -8.22510221 -6.13524273 -5.16014254 -4.32853802 -3.57784520 
1.00000000e-04 -8.22510221 -6.13524273 -5.16014254 -4.32853802 -3.57784520 
7.74263683e-05 -8.22510221 -6.13524273 -5.16014254 -4.32853802 -3.57784520 
5.99484250e-05 -8.22510221 -6.13524273 -5.16014254 -4.32853802 -3.57784520 
4.64158883e-05 -8.22510221 -6.13524273 -5.16014254 -4.32853802 -3.57784520 
3.59381366e-05 -8.22510221 -6.13524273 -5.16014254 -4.32853802 -3.57784520 
2.78255940e-05 -8.22510221 -6.13524273 -5.16014254 -4.32853802 -3.57784520 
2.15443469e-05 -8.22510221 -6.13524273 -5.16014254 -4.32853802 -3.57784520 
1.66810054e-05 -8.22510221 -6.13524273 -5.16014254 -4.32853802 -3.57784520 
1.29154967e-05 -8.22510221 -6.13524273 -5.16014254 -4.32853802 -3.57784520 
1.00000000e-05 -8.22510221 -6.13524273 -5.16014254 -4.32853802 -3.57784520 
7.74263683e-06 -8.22510221 -6.13524273 -5.16014254 -4.32853802 -3.57784520 
5.99484250e-06 -8.22510221 -6.13524273 -5.16014254 -4.32853802 -3.57784520 
4.64158883e-06 -8.22510221 -6.13524273 -5.16014254 -4.32853802 -3.57784520 
3.59381366e-06 -8.22510221 -6.13524273 -5.16014254 -4.32853802 -3.57784520 
2.78255940e-06 -8.22510221 -6.13524273 -5.16014254 -4.32853802 -3.57784520 
2.15443469e-06 -8.22510221 -6.13524273 -5.16014254 -4.32853802 -3.57784520 
1.66810054e-06 -8.22510221 -6.13524273 -5.16014254 -4.32853802 -3.57784520 
1.29154967e-06 -8.22510221 -6.13524273 -5.16014254 -4.32853802 -3.57784520 
1.00000000e-06 -8.22510221 -6.13524273 -5.16014254 -4.32853802 -3.57784520 
7.74263683e-07 -8.22510221 -6.13524273 -5.16014254 -4.32853802 -3.57784520 
5.99484250e-07 -8.22510221 -6.13524273 -5.16014254 -4.32853802 -3.57784520 
4.64158883e-07 -8.22510221 -6.13524273 -5.16014254 -4.32853802 -3.57784520 
3.59381366e-07 -8.22510221 -6.13524273 -5.16014254 -4.32853802 -3.57784520 
2.78255940e-07 -8.22510221 -6.13524273 -5.16014254 -4.32853802 -3.57784520 
2.15443469e-07 -8.22510221 -6.13524273 -5.16014254 -4.32853802 -3.57784520 
1.66810054e-07 -8.22510221 -6.13524273 -5.16014254 -4.32853802 -3.57784520 
1.29154967e-07 -8.22510221 -6.13524273 -5.16014254 -4.32853802 -3.57784520 
1.00000000e-07 -8.22510221 -6.13524273 -5.16014254 -4.32853802 -3.57784520 
7.74263683e-08 -8.22510221 -6.13524273 -5.16014254 -4.32853802 -3.57784520 
5.99484250e-08 -8.22510221 -6.13524273 -5.16014254 -4.32853802 -3.57784520 
4.64158883e-08 -8.22510221 -6.13524273 -5.16014254 -4.32853802 -3.57784520 
3.59381366e-08 -8.22510221 -6.13524273 -5.16014254 -4.32853802 -3.57784520 
2.78255940e-08 -8.22510221 -6.13524273 -5.16014254 -4.32853802 -3.57784520 
2.15443469e-08 -8.22510221 -6.13524273 -5.16014254 -4.32853802 -3.57784520 
1.66810054e-08 -8.22510221 -6.13524273 -5.16014254 -4.32853802 -3.57784520 
1.29154967e-08 -8.22510221 -6.13524273 -5.16014254 -4.32853802 -3.57784520 
1.00000000e-08 -8.22510221 -6.13524273 -5.16014254 -4.32853802 -3.57784520 
7.74263683e-09 -8.22510221 -6.13524273 -5.16014254 -4.32853802 -3.57784520 
5.99484250e-09 -8.22510221 -6.13524273 -5.16014254 -4.32853802 -3.57784520 
4.64158883e-09 -8.22510221 -6.13524273 -5.16014254 -4.32853802 -3.57784520 
3.59381366e-09 -8.22510221 -6.13524273 -5.16014254 -4.32853802 -3.57784520 
2.78255940e-09 -8.22510221 -6.13524273 -5.16014254 -4.32853802 -3.57784520 
2.15443469e-09 -8.22510221 -6.13524273 -5.16014254 -4.32853802 -3.57784520 
1.66810054e-09 -8.22510221 -6.13524273 -5.16014254 -4.32853802 -3.57784520 
1.29154967e-09 -8.22510221 -6.13524273 -5.16014254 -4.32853802 -3.57784520 
1.00000000e-09 -8.22510221 -6.13524273 -5.16014254 -4.32853802 -3.57784520 
7.74263683e-10 -8.22510221 -6.13524273 -5.16014254 -4.32853802 -3.57784520 
5.99484250e-10 -8.22510221 -6.13524273 -5.16014254 -4.32853802 -3.57784520 
4.64158883e-10 -8.22510221 -6.13524273 -5.16014254 -4.32853802 -3.57784520 
3.59381366e-10 -8.22510221 -6.13524273 -5.16014254 -4.32853802 -3.57784520 
2.78255940e-10 -8.22510221 -6.13524273 -5.16014254 -4.32853802 -3.57784520 
2.15443469e-10 -8.22510221 -6.13524273 -5.16014254 -4.32853802 -3.57784520 
1.66810054e-10 -8.22510221 -6.13524273 -5.16014254 -4.32853802 -3.57784520 
1.29154967e-10 -8.22510221 -6.13524273 -5.16014254 -4.32853802 -3.57784520 
1.00000000e-10 -8.22510221 -6.13524273 -5.16014254 -4.32853802 -3.57784520 
P (bar) | log_CH4: -2σ | log_CH4: -1σ | log_CH4: median | log_CH4: +1σ | log_CH4: +2σ 
1.00000000e+01 -4.96147791 -4.61993137 -4.29079568 -3.91327842 -3.45299022 
7.74263683e+00 -4.96147791 -4.61993137 -4.29079568 -3.91327842 -3.45299022 
5.99484250e+00 -4.96147791 -4.61993137 -4.29079568 -3.91327842 -3.45299022 
4.64158883e+00 -4.96147791 -4.61993137 -4.29079568 -3.91327842 -3.45299022 
3.59381366e+00 -4.96147791 -4.61993137 -4.29079568 -3.91327842 -3.45299022 
2.78255940e+00 -4.96147791 -4.61993137 -4.29079568 -3.91327842 -3.45299022 
2.15443469e+00 -4.96147791 -4.61993137 -4.29079568 -3.91327842 -3.45299022 
1.66810054e+00 -4.96147791 -4.61993137 -4.29079568 -3.91327842 -3.45299022 
1.29154967e+00 -4.96147791 -4.61993137 -4.29079568 -3.91327842 -3.45299022 
1.00000000e+00 -4.96147791 -4.61993137 -4.29079568 -3.91327842 -3.45299022 
7.74263683e-01 -4.96147791 -4.61993137 -4.29079568 -3.91327842 -3.45299022 
5.99484250e-01 -4.96147791 -4.61993137 -4.29079568 -3.91327842 -3.45299022 
4.64158883e-01 -4.96147791 -4.61993137 -4.29079568 -3.91327842 -3.45299022 
3.59381366e-01 -4.96147791 -4.61993137 -4.29079568 -3.91327842 -3.45299022 
2.78255940e-01 -4.96147791 -4.61993137 -4.29079568 -3.91327842 -3.45299022 
2.15443469e-01 -4.96147791 -4.61993137 -4.29079568 -3.91327842 -3.45299022 
1.66810054e-01 -4.96147791 -4.61993137 -4.29079568 -3.91327842 -3.45299022 
1.29154967e-01 -4.96147791 -4.61993137 -4.29079568 -3.91327842 -3.45299022 
1.00000000e-01 -4.96147791 -4.61993137 -4.29079568 -3.91327842 -3.45299022 
7.74263683e-02 -4.96147791 -4.61993137 -4.29079568 -3.91327842 -3.45299022 
5.99484250e-02 -4.96147791 -4.61993137 -4.29079568 -3.91327842 -3.45299022 
4.64158883e-02 -4.96147791 -4.61993137 -4.29079568 -3.91327842 -3.45299022 
3.59381366e-02 -4.96147791 -4.61993137 -4.29079568 -3.91327842 -3.45299022 
2.78255940e-02 -4.96147791 -4.61993137 -4.29079568 -3.91327842 -3.45299022 
2.15443469e-02 -4.96147791 -4.61993137 -4.29079568 -3.91327842 -3.45299022 
1.66810054e-02 -4.96147791 -4.61993137 -4.29079568 -3.91327842 -3.45299022 
1.29154967e-02 -4.96147791 -4.61993137 -4.29079568 -3.91327842 -3.45299022 
1.00000000e-02 -4.96147791 -4.61993137 -4.29079568 -3.91327842 -3.45299022 
7.74263683e-03 -4.96147791 -4.61993137 -4.29079568 -3.91327842 -3.45299022 
5.99484250e-03 -4.96147791 -4.61993137 -4.29079568 -3.91327842 -3.45299022 
4.64158883e-03 -4.96147791 -4.61993137 -4.29079568 -3.91327842 -3.45299022 
3.59381366e-03 -4.96147791 -4.61993137 -4.29079568 -3.91327842 -3.45299022 
2.78255940e-03 -4.96147791 -4.61993137 -4.29079568 -3.91327842 -3.45299022 
2.15443469e-03 -4.96147791 -4.61993137 -4.29079568 -3.91327842 -3.45299022 
1.66810054e-03 -4.96147791 -4.61993137 -4.29079568 -3.91327842 -3.45299022 
1.29154967e-03 -4.96147791 -4.61993137 -4.29079568 -3.91327842 -3.45299022 
1.00000000e-03 -4.96147791 -4.61993137 -4.29079568 -3.91327842 -3.45299022 
7.74263683e-04 -4.96147791 -4.61993137 -4.29079568 -3.91327842 -3.45299022 
5.99484250e-04 -4.96147791 -4.61993137 -4.29079568 -3.91327842 -3.45299022 
4.64158883e-04 -4.96147791 -4.61993137 -4.29079568 -3.91327842 -3.45299022 
3.59381366e-04 -4.96147791 -4.61993137 -4.29079568 -3.91327842 -3.45299022 
2.78255940e-04 -4.96147791 -4.61993137 -4.29079568 -3.91327842 -3.45299022 
2.15443469e-04 -4.96147791 -4.61993137 -4.29079568 -3.91327842 -3.45299022 
1.66810054e-04 -4.96147791 -4.61993137 -4.29079568 -3.91327842 -3.45299022 
1.29154967e-04 -4.96147791 -4.61993137 -4.29079568 -3.91327842 -3.45299022 
1.00000000e-04 -4.96147791 -4.61993137 -4.29079568 -3.91327842 -3.45299022 
7.74263683e-05 -4.96147791 -4.61993137 -4.29079568 -3.91327842 -3.45299022 
5.99484250e-05 -4.96147791 -4.61993137 -4.29079568 -3.91327842 -3.45299022 
4.64158883e-05 -4.96147791 -4.61993137 -4.29079568 -3.91327842 -3.45299022 
3.59381366e-05 -4.96147791 -4.61993137 -4.29079568 -3.91327842 -3.45299022 
2.78255940e-05 -4.96147791 -4.61993137 -4.29079568 -3.91327842 -3.45299022 
2.15443469e-05 -4.96147791 -4.61993137 -4.29079568 -3.91327842 -3.45299022 
1.66810054e-05 -4.96147791 -4.61993137 -4.29079568 -3.91327842 -3.45299022 
1.29154967e-05 -4.96147791 -4.61993137 -4.29079568 -3.91327842 -3.45299022 
1.00000000e-05 -4.96147791 -4.61993137 -4.29079568 -3.91327842 -3.45299022 
7.74263683e-06 -4.96147791 -4.61993137 -4.29079568 -3.91327842 -3.45299022 
5.99484250e-06 -4.96147791 -4.61993137 -4.29079568 -3.91327842 -3.45299022 
4.64158883e-06 -4.96147791 -4.61993137 -4.29079568 -3.91327842 -3.45299022 
3.59381366e-06 -4.96147791 -4.61993137 -4.29079568 -3.91327842 -3.45299022 
2.78255940e-06 -4.96147791 -4.61993137 -4.29079568 -3.91327842 -3.45299022 
2.15443469e-06 -4.96147791 -4.61993137 -4.29079568 -3.91327842 -3.45299022 
1.66810054e-06 -4.96147791 -4.61993137 -4.29079568 -3.91327842 -3.45299022 
1.29154967e-06 -4.96147791 -4.61993137 -4.29079568 -3.91327842 -3.45299022 
1.00000000e-06 -4.96147791 -4.61993137 -4.29079568 -3.91327842 -3.45299022 
7.74263683e-07 -4.96147791 -4.61993137 -4.29079568 -3.91327842 -3.45299022 
5.99484250e-07 -4.96147791 -4.61993137 -4.29079568 -3.91327842 -3.45299022 
4.64158883e-07 -4.96147791 -4.61993137 -4.29079568 -3.91327842 -3.45299022 
3.59381366e-07 -4.96147791 -4.61993137 -4.29079568 -3.91327842 -3.45299022 
2.78255940e-07 -4.96147791 -4.61993137 -4.29079568 -3.91327842 -3.45299022 
2.15443469e-07 -4.96147791 -4.61993137 -4.29079568 -3.91327842 -3.45299022 
1.66810054e-07 -4.96147791 -4.61993137 -4.29079568 -3.91327842 -3.45299022 
1.29154967e-07 -4.96147791 -4.61993137 -4.29079568 -3.91327842 -3.45299022 
1.00000000e-07 -4.96147791 -4.61993137 -4.29079568 -3.91327842 -3.45299022 
7.74263683e-08 -4.96147791 -4.61993137 -4.29079568 -3.91327842 -3.45299022 
5.99484250e-08 -4.96147791 -4.61993137 -4.29079568 -3.91327842 -3.45299022 
4.64158883e-08 -4.96147791 -4.61993137 -4.29079568 -3.91327842 -3.45299022 
3.59381366e-08 -4.96147791 -4.61993137 -4.29079568 -3.91327842 -3.45299022 
2.78255940e-08 -4.96147791 -4.61993137 -4.29079568 -3.91327842 -3.45299022 
2.15443469e-08 -4.96147791 -4.61993137 -4.29079568 -3.91327842 -3.45299022 
1.66810054e-08 -4.96147791 -4.61993137 -4.29079568 -3.91327842 -3.45299022 
1.29154967e-08 -4.96147791 -4.61993137 -4.29079568 -3.91327842 -3.45299022 
1.00000000e-08 -4.96147791 -4.61993137 -4.29079568 -3.91327842 -3.45299022 
7.74263683e-09 -4.96147791 -4.61993137 -4.29079568 -3.91327842 -3.45299022 
5.99484250e-09 -4.96147791 -4.61993137 -4.29079568 -3.91327842 -3.45299022 
4.64158883e-09 -4.96147791 -4.61993137 -4.29079568 -3.91327842 -3.45299022 
3.59381366e-09 -4.96147791 -4.61993137 -4.29079568 -3.91327842 -3.45299022 
2.78255940e-09 -4.96147791 -4.61993137 -4.29079568 -3.91327842 -3.45299022 
2.15443469e-09 -4.96147791 -4.61993137 -4.29079568 -3.91327842 -3.45299022 
1.66810054e-09 -4.96147791 -4.61993137 -4.29079568 -3.91327842 -3.45299022 
1.29154967e-09 -4.96147791 -4.61993137 -4.29079568 -3.91327842 -3.45299022 
1.00000000e-09 -4.96147791 -4.61993137 -4.29079568 -3.91327842 -3.45299022 
7.74263683e-10 -4.96147791 -4.61993137 -4.29079568 -3.91327842 -3.45299022 
5.99484250e-10 -4.96147791 -4.61993137 -4.29079568 -3.91327842 -3.45299022 
4.64158883e-10 -4.96147791 -4.61993137 -4.29079568 -3.91327842 -3.45299022 
3.59381366e-10 -4.96147791 -4.61993137 -4.29079568 -3.91327842 -3.45299022 
2.78255940e-10 -4.96147791 -4.61993137 -4.29079568 -3.91327842 -3.45299022 
2.15443469e-10 -4.96147791 -4.61993137 -4.29079568 -3.91327842 -3.45299022 
1.66810054e-10 -4.96147791 -4.61993137 -4.29079568 -3.91327842 -3.45299022 
1.29154967e-10 -4.96147791 -4.61993137 -4.29079568 -3.91327842 -3.45299022 
1.00000000e-10 -4.96147791 -4.61993137 -4.29079568 -3.91327842 -3.45299022 
P (bar) | log_O2: -2σ | log_O2: -1σ | log_O2: median | log_O2: +1σ | log_O2: +2σ 
1.00000000e+01 -9.67111911 -8.41413389 -5.14491294 -2.32138807 -1.27406377 
7.74263683e+00 -9.67111911 -8.41413389 -5.14491294 -2.32138807 -1.27406377 
5.99484250e+00 -9.67111911 -8.41413389 -5.14491294 -2.32138807 -1.27406377 
4.64158883e+00 -9.67111911 -8.41413389 -5.14491294 -2.32138807 -1.27406377 
3.59381366e+00 -9.67111911 -8.41413389 -5.14491294 -2.32138807 -1.27406377 
2.78255940e+00 -9.67111911 -8.41413389 -5.14491294 -2.32138807 -1.27406377 
2.15443469e+00 -9.67111911 -8.41413389 -5.14491294 -2.32138807 -1.27406377 
1.66810054e+00 -9.67111911 -8.41413389 -5.14491294 -2.32138807 -1.27406377 
1.29154967e+00 -9.67111911 -8.41413389 -5.14491294 -2.32138807 -1.27406377 
1.00000000e+00 -9.67111911 -8.41413389 -5.14491294 -2.32138807 -1.27406377 
7.74263683e-01 -9.67111911 -8.41413389 -5.14491294 -2.32138807 -1.27406377 
5.99484250e-01 -9.67111911 -8.41413389 -5.14491294 -2.32138807 -1.27406377 
4.64158883e-01 -9.67111911 -8.41413389 -5.14491294 -2.32138807 -1.27406377 
3.59381366e-01 -9.67111911 -8.41413389 -5.14491294 -2.32138807 -1.27406377 
2.78255940e-01 -9.67111911 -8.41413389 -5.14491294 -2.32138807 -1.27406377 
2.15443469e-01 -9.67111911 -8.41413389 -5.14491294 -2.32138807 -1.27406377 
1.66810054e-01 -9.67111911 -8.41413389 -5.14491294 -2.32138807 -1.27406377 
1.29154967e-01 -9.67111911 -8.41413389 -5.14491294 -2.32138807 -1.27406377 
1.00000000e-01 -9.67111911 -8.41413389 -5.14491294 -2.32138807 -1.27406377 
7.74263683e-02 -9.67111911 -8.41413389 -5.14491294 -2.32138807 -1.27406377 
5.99484250e-02 -9.67111911 -8.41413389 -5.14491294 -2.32138807 -1.27406377 
4.64158883e-02 -9.67111911 -8.41413389 -5.14491294 -2.32138807 -1.27406377 
3.59381366e-02 -9.67111911 -8.41413389 -5.14491294 -2.32138807 -1.27406377 
2.78255940e-02 -9.67111911 -8.41413389 -5.14491294 -2.32138807 -1.27406377 
2.15443469e-02 -9.67111911 -8.41413389 -5.14491294 -2.32138807 -1.27406377 
1.66810054e-02 -9.67111911 -8.41413389 -5.14491294 -2.32138807 -1.27406377 
1.29154967e-02 -9.67111911 -8.41413389 -5.14491294 -2.32138807 -1.27406377 
1.00000000e-02 -9.67111911 -8.41413389 -5.14491294 -2.32138807 -1.27406377 
7.74263683e-03 -9.67111911 -8.41413389 -5.14491294 -2.32138807 -1.27406377 
5.99484250e-03 -9.67111911 -8.41413389 -5.14491294 -2.32138807 -1.27406377 
4.64158883e-03 -9.67111911 -8.41413389 -5.14491294 -2.32138807 -1.27406377 
3.59381366e-03 -9.67111911 -8.41413389 -5.14491294 -2.32138807 -1.27406377 
2.78255940e-03 -9.67111911 -8.41413389 -5.14491294 -2.32138807 -1.27406377 
2.15443469e-03 -9.67111911 -8.41413389 -5.14491294 -2.32138807 -1.27406377 
1.66810054e-03 -9.67111911 -8.41413389 -5.14491294 -2.32138807 -1.27406377 
1.29154967e-03 -9.67111911 -8.41413389 -5.14491294 -2.32138807 -1.27406377 
1.00000000e-03 -9.67111911 -8.41413389 -5.14491294 -2.32138807 -1.27406377 
7.74263683e-04 -9.67111911 -8.41413389 -5.14491294 -2.32138807 -1.27406377 
5.99484250e-04 -9.67111911 -8.41413389 -5.14491294 -2.32138807 -1.27406377 
4.64158883e-04 -9.67111911 -8.41413389 -5.14491294 -2.32138807 -1.27406377 
3.59381366e-04 -9.67111911 -8.41413389 -5.14491294 -2.32138807 -1.27406377 
2.78255940e-04 -9.67111911 -8.41413389 -5.14491294 -2.32138807 -1.27406377 
2.15443469e-04 -9.67111911 -8.41413389 -5.14491294 -2.32138807 -1.27406377 
1.66810054e-04 -9.67111911 -8.41413389 -5.14491294 -2.32138807 -1.27406377 
1.29154967e-04 -9.67111911 -8.41413389 -5.14491294 -2.32138807 -1.27406377 
1.00000000e-04 -9.67111911 -8.41413389 -5.14491294 -2.32138807 -1.27406377 
7.74263683e-05 -9.67111911 -8.41413389 -5.14491294 -2.32138807 -1.27406377 
5.99484250e-05 -9.67111911 -8.41413389 -5.14491294 -2.32138807 -1.27406377 
4.64158883e-05 -9.67111911 -8.41413389 -5.14491294 -2.32138807 -1.27406377 
3.59381366e-05 -9.67111911 -8.41413389 -5.14491294 -2.32138807 -1.27406377 
2.78255940e-05 -9.67111911 -8.41413389 -5.14491294 -2.32138807 -1.27406377 
2.15443469e-05 -9.67111911 -8.41413389 -5.14491294 -2.32138807 -1.27406377 
1.66810054e-05 -9.67111911 -8.41413389 -5.14491294 -2.32138807 -1.27406377 
1.29154967e-05 -9.67111911 -8.41413389 -5.14491294 -2.32138807 -1.27406377 
1.00000000e-05 -9.67111911 -8.41413389 -5.14491294 -2.32138807 -1.27406377 
7.74263683e-06 -9.67111911 -8.41413389 -5.14491294 -2.32138807 -1.27406377 
5.99484250e-06 -9.67111911 -8.41413389 -5.14491294 -2.32138807 -1.27406377 
4.64158883e-06 -9.67111911 -8.41413389 -5.14491294 -2.32138807 -1.27406377 
3.59381366e-06 -9.67111911 -8.41413389 -5.14491294 -2.32138807 -1.27406377 
2.78255940e-06 -9.67111911 -8.41413389 -5.14491294 -2.32138807 -1.27406377 
2.15443469e-06 -9.67111911 -8.41413389 -5.14491294 -2.32138807 -1.27406377 
1.66810054e-06 -9.67111911 -8.41413389 -5.14491294 -2.32138807 -1.27406377 
1.29154967e-06 -9.67111911 -8.41413389 -5.14491294 -2.32138807 -1.27406377 
1.00000000e-06 -9.67111911 -8.41413389 -5.14491294 -2.32138807 -1.27406377 
7.74263683e-07 -9.67111911 -8.41413389 -5.14491294 -2.32138807 -1.27406377 
5.99484250e-07 -9.67111911 -8.41413389 -5.14491294 -2.32138807 -1.27406377 
4.64158883e-07 -9.67111911 -8.41413389 -5.14491294 -2.32138807 -1.27406377 
3.59381366e-07 -9.67111911 -8.41413389 -5.14491294 -2.32138807 -1.27406377 
2.78255940e-07 -9.67111911 -8.41413389 -5.14491294 -2.32138807 -1.27406377 
2.15443469e-07 -9.67111911 -8.41413389 -5.14491294 -2.32138807 -1.27406377 
1.66810054e-07 -9.67111911 -8.41413389 -5.14491294 -2.32138807 -1.27406377 
1.29154967e-07 -9.67111911 -8.41413389 -5.14491294 -2.32138807 -1.27406377 
1.00000000e-07 -9.67111911 -8.41413389 -5.14491294 -2.32138807 -1.27406377 
7.74263683e-08 -9.67111911 -8.41413389 -5.14491294 -2.32138807 -1.27406377 
5.99484250e-08 -9.67111911 -8.41413389 -5.14491294 -2.32138807 -1.27406377 
4.64158883e-08 -9.67111911 -8.41413389 -5.14491294 -2.32138807 -1.27406377 
3.59381366e-08 -9.67111911 -8.41413389 -5.14491294 -2.32138807 -1.27406377 
2.78255940e-08 -9.67111911 -8.41413389 -5.14491294 -2.32138807 -1.27406377 
2.15443469e-08 -9.67111911 -8.41413389 -5.14491294 -2.32138807 -1.27406377 
1.66810054e-08 -9.67111911 -8.41413389 -5.14491294 -2.32138807 -1.27406377 
1.29154967e-08 -9.67111911 -8.41413389 -5.14491294 -2.32138807 -1.27406377 
1.00000000e-08 -9.67111911 -8.41413389 -5.14491294 -2.32138807 -1.27406377 
7.74263683e-09 -9.67111911 -8.41413389 -5.14491294 -2.32138807 -1.27406377 
5.99484250e-09 -9.67111911 -8.41413389 -5.14491294 -2.32138807 -1.27406377 
4.64158883e-09 -9.67111911 -8.41413389 -5.14491294 -2.32138807 -1.27406377 
3.59381366e-09 -9.67111911 -8.41413389 -5.14491294 -2.32138807 -1.27406377 
2.78255940e-09 -9.67111911 -8.41413389 -5.14491294 -2.32138807 -1.27406377 
2.15443469e-09 -9.67111911 -8.41413389 -5.14491294 -2.32138807 -1.27406377 
1.66810054e-09 -9.67111911 -8.41413389 -5.14491294 -2.32138807 -1.27406377 
1.29154967e-09 -9.67111911 -8.41413389 -5.14491294 -2.32138807 -1.27406377 
1.00000000e-09 -9.67111911 -8.41413389 -5.14491294 -2.32138807 -1.27406377 
7.74263683e-10 -9.67111911 -8.41413389 -5.14491294 -2.32138807 -1.27406377 
5.99484250e-10 -9.67111911 -8.41413389 -5.14491294 -2.32138807 -1.27406377 
4.64158883e-10 -9.67111911 -8.41413389 -5.14491294 -2.32138807 -1.27406377 
3.59381366e-10 -9.67111911 -8.41413389 -5.14491294 -2.32138807 -1.27406377 
2.78255940e-10 -9.67111911 -8.41413389 -5.14491294 -2.32138807 -1.27406377 
2.15443469e-10 -9.67111911 -8.41413389 -5.14491294 -2.32138807 -1.27406377 
1.66810054e-10 -9.67111911 -8.41413389 -5.14491294 -2.32138807 -1.27406377 
1.29154967e-10 -9.67111911 -8.41413389 -5.14491294 -2.32138807 -1.27406377 
1.00000000e-10 -9.67111911 -8.41413389 -5.14491294 -2.32138807 -1.27406377 
P (bar) | log_O3: -2σ | log_O3: -1σ | log_O3: median | log_O3: +1σ | log_O3: +2σ 
1.00000000e+01 -9.95162132 -9.59712105 -8.71877729 -7.39748381 -6.18118907 
7.74263683e+00 -9.95162132 -9.59712105 -8.71877729 -7.39748381 -6.18118907 
5.99484250e+00 -9.95162132 -9.59712105 -8.71877729 -7.39748381 -6.18118907 
4.64158883e+00 -9.95162132 -9.59712105 -8.71877729 -7.39748381 -6.18118907 
3.59381366e+00 -9.95162132 -9.59712105 -8.71877729 -7.39748381 -6.18118907 
2.78255940e+00 -9.95162132 -9.59712105 -8.71877729 -7.39748381 -6.18118907 
2.15443469e+00 -9.95162132 -9.59712105 -8.71877729 -7.39748381 -6.18118907 
1.66810054e+00 -9.95162132 -9.59712105 -8.71877729 -7.39748381 -6.18118907 
1.29154967e+00 -9.95162132 -9.59712105 -8.71877729 -7.39748381 -6.18118907 
1.00000000e+00 -9.95162132 -9.59712105 -8.71877729 -7.39748381 -6.18118907 
7.74263683e-01 -9.95162132 -9.59712105 -8.71877729 -7.39748381 -6.18118907 
5.99484250e-01 -9.95162132 -9.59712105 -8.71877729 -7.39748381 -6.18118907 
4.64158883e-01 -9.95162132 -9.59712105 -8.71877729 -7.39748381 -6.18118907 
3.59381366e-01 -9.95162132 -9.59712105 -8.71877729 -7.39748381 -6.18118907 
2.78255940e-01 -9.95162132 -9.59712105 -8.71877729 -7.39748381 -6.18118907 
2.15443469e-01 -9.95162132 -9.59712105 -8.71877729 -7.39748381 -6.18118907 
1.66810054e-01 -9.95162132 -9.59712105 -8.71877729 -7.39748381 -6.18118907 
1.29154967e-01 -9.95162132 -9.59712105 -8.71877729 -7.39748381 -6.18118907 
1.00000000e-01 -9.95162132 -9.59712105 -8.71877729 -7.39748381 -6.18118907 
7.74263683e-02 -9.95162132 -9.59712105 -8.71877729 -7.39748381 -6.18118907 
5.99484250e-02 -9.95162132 -9.59712105 -8.71877729 -7.39748381 -6.18118907 
4.64158883e-02 -9.95162132 -9.59712105 -8.71877729 -7.39748381 -6.18118907 
3.59381366e-02 -9.95162132 -9.59712105 -8.71877729 -7.39748381 -6.18118907 
2.78255940e-02 -9.95162132 -9.59712105 -8.71877729 -7.39748381 -6.18118907 
2.15443469e-02 -9.95162132 -9.59712105 -8.71877729 -7.39748381 -6.18118907 
1.66810054e-02 -9.95162132 -9.59712105 -8.71877729 -7.39748381 -6.18118907 
1.29154967e-02 -9.95162132 -9.59712105 -8.71877729 -7.39748381 -6.18118907 
1.00000000e-02 -9.95162132 -9.59712105 -8.71877729 -7.39748381 -6.18118907 
7.74263683e-03 -9.95162132 -9.59712105 -8.71877729 -7.39748381 -6.18118907 
5.99484250e-03 -9.95162132 -9.59712105 -8.71877729 -7.39748381 -6.18118907 
4.64158883e-03 -9.95162132 -9.59712105 -8.71877729 -7.39748381 -6.18118907 
3.59381366e-03 -9.95162132 -9.59712105 -8.71877729 -7.39748381 -6.18118907 
2.78255940e-03 -9.95162132 -9.59712105 -8.71877729 -7.39748381 -6.18118907 
2.15443469e-03 -9.95162132 -9.59712105 -8.71877729 -7.39748381 -6.18118907 
1.66810054e-03 -9.95162132 -9.59712105 -8.71877729 -7.39748381 -6.18118907 
1.29154967e-03 -9.95162132 -9.59712105 -8.71877729 -7.39748381 -6.18118907 
1.00000000e-03 -9.95162132 -9.59712105 -8.71877729 -7.39748381 -6.18118907 
7.74263683e-04 -9.95162132 -9.59712105 -8.71877729 -7.39748381 -6.18118907 
5.99484250e-04 -9.95162132 -9.59712105 -8.71877729 -7.39748381 -6.18118907 
4.64158883e-04 -9.95162132 -9.59712105 -8.71877729 -7.39748381 -6.18118907 
3.59381366e-04 -9.95162132 -9.59712105 -8.71877729 -7.39748381 -6.18118907 
2.78255940e-04 -9.95162132 -9.59712105 -8.71877729 -7.39748381 -6.18118907 
2.15443469e-04 -9.95162132 -9.59712105 -8.71877729 -7.39748381 -6.18118907 
1.66810054e-04 -9.95162132 -9.59712105 -8.71877729 -7.39748381 -6.18118907 
1.29154967e-04 -9.95162132 -9.59712105 -8.71877729 -7.39748381 -6.18118907 
1.00000000e-04 -9.95162132 -9.59712105 -8.71877729 -7.39748381 -6.18118907 
7.74263683e-05 -9.95162132 -9.59712105 -8.71877729 -7.39748381 -6.18118907 
5.99484250e-05 -9.95162132 -9.59712105 -8.71877729 -7.39748381 -6.18118907 
4.64158883e-05 -9.95162132 -9.59712105 -8.71877729 -7.39748381 -6.18118907 
3.59381366e-05 -9.95162132 -9.59712105 -8.71877729 -7.39748381 -6.18118907 
2.78255940e-05 -9.95162132 -9.59712105 -8.71877729 -7.39748381 -6.18118907 
2.15443469e-05 -9.95162132 -9.59712105 -8.71877729 -7.39748381 -6.18118907 
1.66810054e-05 -9.95162132 -9.59712105 -8.71877729 -7.39748381 -6.18118907 
1.29154967e-05 -9.95162132 -9.59712105 -8.71877729 -7.39748381 -6.18118907 
1.00000000e-05 -9.95162132 -9.59712105 -8.71877729 -7.39748381 -6.18118907 
7.74263683e-06 -9.95162132 -9.59712105 -8.71877729 -7.39748381 -6.18118907 
5.99484250e-06 -9.95162132 -9.59712105 -8.71877729 -7.39748381 -6.18118907 
4.64158883e-06 -9.95162132 -9.59712105 -8.71877729 -7.39748381 -6.18118907 
3.59381366e-06 -9.95162132 -9.59712105 -8.71877729 -7.39748381 -6.18118907 
2.78255940e-06 -9.95162132 -9.59712105 -8.71877729 -7.39748381 -6.18118907 
2.15443469e-06 -9.95162132 -9.59712105 -8.71877729 -7.39748381 -6.18118907 
1.66810054e-06 -9.95162132 -9.59712105 -8.71877729 -7.39748381 -6.18118907 
1.29154967e-06 -9.95162132 -9.59712105 -8.71877729 -7.39748381 -6.18118907 
1.00000000e-06 -9.95162132 -9.59712105 -8.71877729 -7.39748381 -6.18118907 
7.74263683e-07 -9.95162132 -9.59712105 -8.71877729 -7.39748381 -6.18118907 
5.99484250e-07 -9.95162132 -9.59712105 -8.71877729 -7.39748381 -6.18118907 
4.64158883e-07 -9.95162132 -9.59712105 -8.71877729 -7.39748381 -6.18118907 
3.59381366e-07 -9.95162132 -9.59712105 -8.71877729 -7.39748381 -6.18118907 
2.78255940e-07 -9.95162132 -9.59712105 -8.71877729 -7.39748381 -6.18118907 
2.15443469e-07 -9.95162132 -9.59712105 -8.71877729 -7.39748381 -6.18118907 
1.66810054e-07 -9.95162132 -9.59712105 -8.71877729 -7.39748381 -6.18118907 
1.29154967e-07 -9.95162132 -9.59712105 -8.71877729 -7.39748381 -6.18118907 
1.00000000e-07 -9.95162132 -9.59712105 -8.71877729 -7.39748381 -6.18118907 
7.74263683e-08 -9.95162132 -9.59712105 -8.71877729 -7.39748381 -6.18118907 
5.99484250e-08 -9.95162132 -9.59712105 -8.71877729 -7.39748381 -6.18118907 
4.64158883e-08 -9.95162132 -9.59712105 -8.71877729 -7.39748381 -6.18118907 
3.59381366e-08 -9.95162132 -9.59712105 -8.71877729 -7.39748381 -6.18118907 
2.78255940e-08 -9.95162132 -9.59712105 -8.71877729 -7.39748381 -6.18118907 
2.15443469e-08 -9.95162132 -9.59712105 -8.71877729 -7.39748381 -6.18118907 
1.66810054e-08 -9.95162132 -9.59712105 -8.71877729 -7.39748381 -6.18118907 
1.29154967e-08 -9.95162132 -9.59712105 -8.71877729 -7.39748381 -6.18118907 
1.00000000e-08 -9.95162132 -9.59712105 -8.71877729 -7.39748381 -6.18118907 
7.74263683e-09 -9.95162132 -9.59712105 -8.71877729 -7.39748381 -6.18118907 
5.99484250e-09 -9.95162132 -9.59712105 -8.71877729 -7.39748381 -6.18118907 
4.64158883e-09 -9.95162132 -9.59712105 -8.71877729 -7.39748381 -6.18118907 
3.59381366e-09 -9.95162132 -9.59712105 -8.71877729 -7.39748381 -6.18118907 
2.78255940e-09 -9.95162132 -9.59712105 -8.71877729 -7.39748381 -6.18118907 
2.15443469e-09 -9.95162132 -9.59712105 -8.71877729 -7.39748381 -6.18118907 
1.66810054e-09 -9.95162132 -9.59712105 -8.71877729 -7.39748381 -6.18118907 
1.29154967e-09 -9.95162132 -9.59712105 -8.71877729 -7.39748381 -6.18118907 
1.00000000e-09 -9.95162132 -9.59712105 -8.71877729 -7.39748381 -6.18118907 
7.74263683e-10 -9.95162132 -9.59712105 -8.71877729 -7.39748381 -6.18118907 
5.99484250e-10 -9.95162132 -9.59712105 -8.71877729 -7.39748381 -6.18118907 
4.64158883e-10 -9.95162132 -9.59712105 -8.71877729 -7.39748381 -6.18118907 
3.59381366e-10 -9.95162132 -9.59712105 -8.71877729 -7.39748381 -6.18118907 
2.78255940e-10 -9.95162132 -9.59712105 -8.71877729 -7.39748381 -6.18118907 
2.15443469e-10 -9.95162132 -9.59712105 -8.71877729 -7.39748381 -6.18118907 
1.66810054e-10 -9.95162132 -9.59712105 -8.71877729 -7.39748381 -6.18118907 
1.29154967e-10 -9.95162132 -9.59712105 -8.71877729 -7.39748381 -6.18118907 
1.00000000e-10 -9.95162132 -9.59712105 -8.71877729 -7.39748381 -6.18118907 
P (bar) | log_N2O: -2σ | log_N2O: -1σ | log_N2O: median | log_N2O: +1σ | log_N2O: +2σ 
1.00000000e+01 -9.65665159 -8.01361270 -6.21618496 -4.93643933 -3.85745639 
7.74263683e+00 -9.65665159 -8.01361270 -6.21618496 -4.93643933 -3.85745639 
5.99484250e+00 -9.65665159 -8.01361270 -6.21618496 -4.93643933 -3.85745639 
4.64158883e+00 -9.65665159 -8.01361270 -6.21618496 -4.93643933 -3.85745639 
3.59381366e+00 -9.65665159 -8.01361270 -6.21618496 -4.93643933 -3.85745639 
2.78255940e+00 -9.65665159 -8.01361270 -6.21618496 -4.93643933 -3.85745639 
2.15443469e+00 -9.65665159 -8.01361270 -6.21618496 -4.93643933 -3.85745639 
1.66810054e+00 -9.65665159 -8.01361270 -6.21618496 -4.93643933 -3.85745639 
1.29154967e+00 -9.65665159 -8.01361270 -6.21618496 -4.93643933 -3.85745639 
1.00000000e+00 -9.65665159 -8.01361270 -6.21618496 -4.93643933 -3.85745639 
7.74263683e-01 -9.65665159 -8.01361270 -6.21618496 -4.93643933 -3.85745639 
5.99484250e-01 -9.65665159 -8.01361270 -6.21618496 -4.93643933 -3.85745639 
4.64158883e-01 -9.65665159 -8.01361270 -6.21618496 -4.93643933 -3.85745639 
3.59381366e-01 -9.65665159 -8.01361270 -6.21618496 -4.93643933 -3.85745639 
2.78255940e-01 -9.65665159 -8.01361270 -6.21618496 -4.93643933 -3.85745639 
2.15443469e-01 -9.65665159 -8.01361270 -6.21618496 -4.93643933 -3.85745639 
1.66810054e-01 -9.65665159 -8.01361270 -6.21618496 -4.93643933 -3.85745639 
1.29154967e-01 -9.65665159 -8.01361270 -6.21618496 -4.93643933 -3.85745639 
1.00000000e-01 -9.65665159 -8.01361270 -6.21618496 -4.93643933 -3.85745639 
7.74263683e-02 -9.65665159 -8.01361270 -6.21618496 -4.93643933 -3.85745639 
5.99484250e-02 -9.65665159 -8.01361270 -6.21618496 -4.93643933 -3.85745639 
4.64158883e-02 -9.65665159 -8.01361270 -6.21618496 -4.93643933 -3.85745639 
3.59381366e-02 -9.65665159 -8.01361270 -6.21618496 -4.93643933 -3.85745639 
2.78255940e-02 -9.65665159 -8.01361270 -6.21618496 -4.93643933 -3.85745639 
2.15443469e-02 -9.65665159 -8.01361270 -6.21618496 -4.93643933 -3.85745639 
1.66810054e-02 -9.65665159 -8.01361270 -6.21618496 -4.93643933 -3.85745639 
1.29154967e-02 -9.65665159 -8.01361270 -6.21618496 -4.93643933 -3.85745639 
1.00000000e-02 -9.65665159 -8.01361270 -6.21618496 -4.93643933 -3.85745639 
7.74263683e-03 -9.65665159 -8.01361270 -6.21618496 -4.93643933 -3.85745639 
5.99484250e-03 -9.65665159 -8.01361270 -6.21618496 -4.93643933 -3.85745639 
4.64158883e-03 -9.65665159 -8.01361270 -6.21618496 -4.93643933 -3.85745639 
3.59381366e-03 -9.65665159 -8.01361270 -6.21618496 -4.93643933 -3.85745639 
2.78255940e-03 -9.65665159 -8.01361270 -6.21618496 -4.93643933 -3.85745639 
2.15443469e-03 -9.65665159 -8.01361270 -6.21618496 -4.93643933 -3.85745639 
1.66810054e-03 -9.65665159 -8.01361270 -6.21618496 -4.93643933 -3.85745639 
1.29154967e-03 -9.65665159 -8.01361270 -6.21618496 -4.93643933 -3.85745639 
1.00000000e-03 -9.65665159 -8.01361270 -6.21618496 -4.93643933 -3.85745639 
7.74263683e-04 -9.65665159 -8.01361270 -6.21618496 -4.93643933 -3.85745639 
5.99484250e-04 -9.65665159 -8.01361270 -6.21618496 -4.93643933 -3.85745639 
4.64158883e-04 -9.65665159 -8.01361270 -6.21618496 -4.93643933 -3.85745639 
3.59381366e-04 -9.65665159 -8.01361270 -6.21618496 -4.93643933 -3.85745639 
2.78255940e-04 -9.65665159 -8.01361270 -6.21618496 -4.93643933 -3.85745639 
2.15443469e-04 -9.65665159 -8.01361270 -6.21618496 -4.93643933 -3.85745639 
1.66810054e-04 -9.65665159 -8.01361270 -6.21618496 -4.93643933 -3.85745639 
1.29154967e-04 -9.65665159 -8.01361270 -6.21618496 -4.93643933 -3.85745639 
1.00000000e-04 -9.65665159 -8.01361270 -6.21618496 -4.93643933 -3.85745639 
7.74263683e-05 -9.65665159 -8.01361270 -6.21618496 -4.93643933 -3.85745639 
5.99484250e-05 -9.65665159 -8.01361270 -6.21618496 -4.93643933 -3.85745639 
4.64158883e-05 -9.65665159 -8.01361270 -6.21618496 -4.93643933 -3.85745639 
3.59381366e-05 -9.65665159 -8.01361270 -6.21618496 -4.93643933 -3.85745639 
2.78255940e-05 -9.65665159 -8.01361270 -6.21618496 -4.93643933 -3.85745639 
2.15443469e-05 -9.65665159 -8.01361270 -6.21618496 -4.93643933 -3.85745639 
1.66810054e-05 -9.65665159 -8.01361270 -6.21618496 -4.93643933 -3.85745639 
1.29154967e-05 -9.65665159 -8.01361270 -6.21618496 -4.93643933 -3.85745639 
1.00000000e-05 -9.65665159 -8.01361270 -6.21618496 -4.93643933 -3.85745639 
7.74263683e-06 -9.65665159 -8.01361270 -6.21618496 -4.93643933 -3.85745639 
5.99484250e-06 -9.65665159 -8.01361270 -6.21618496 -4.93643933 -3.85745639 
4.64158883e-06 -9.65665159 -8.01361270 -6.21618496 -4.93643933 -3.85745639 
3.59381366e-06 -9.65665159 -8.01361270 -6.21618496 -4.93643933 -3.85745639 
2.78255940e-06 -9.65665159 -8.01361270 -6.21618496 -4.93643933 -3.85745639 
2.15443469e-06 -9.65665159 -8.01361270 -6.21618496 -4.93643933 -3.85745639 
1.66810054e-06 -9.65665159 -8.01361270 -6.21618496 -4.93643933 -3.85745639 
1.29154967e-06 -9.65665159 -8.01361270 -6.21618496 -4.93643933 -3.85745639 
1.00000000e-06 -9.65665159 -8.01361270 -6.21618496 -4.93643933 -3.85745639 
7.74263683e-07 -9.65665159 -8.01361270 -6.21618496 -4.93643933 -3.85745639 
5.99484250e-07 -9.65665159 -8.01361270 -6.21618496 -4.93643933 -3.85745639 
4.64158883e-07 -9.65665159 -8.01361270 -6.21618496 -4.93643933 -3.85745639 
3.59381366e-07 -9.65665159 -8.01361270 -6.21618496 -4.93643933 -3.85745639 
2.78255940e-07 -9.65665159 -8.01361270 -6.21618496 -4.93643933 -3.85745639 
2.15443469e-07 -9.65665159 -8.01361270 -6.21618496 -4.93643933 -3.85745639 
1.66810054e-07 -9.65665159 -8.01361270 -6.21618496 -4.93643933 -3.85745639 
1.29154967e-07 -9.65665159 -8.01361270 -6.21618496 -4.93643933 -3.85745639 
1.00000000e-07 -9.65665159 -8.01361270 -6.21618496 -4.93643933 -3.85745639 
7.74263683e-08 -9.65665159 -8.01361270 -6.21618496 -4.93643933 -3.85745639 
5.99484250e-08 -9.65665159 -8.01361270 -6.21618496 -4.93643933 -3.85745639 
4.64158883e-08 -9.65665159 -8.01361270 -6.21618496 -4.93643933 -3.85745639 
3.59381366e-08 -9.65665159 -8.01361270 -6.21618496 -4.93643933 -3.85745639 
2.78255940e-08 -9.65665159 -8.01361270 -6.21618496 -4.93643933 -3.85745639 
2.15443469e-08 -9.65665159 -8.01361270 -6.21618496 -4.93643933 -3.85745639 
1.66810054e-08 -9.65665159 -8.01361270 -6.21618496 -4.93643933 -3.85745639 
1.29154967e-08 -9.65665159 -8.01361270 -6.21618496 -4.93643933 -3.85745639 
1.00000000e-08 -9.65665159 -8.01361270 -6.21618496 -4.93643933 -3.85745639 
7.74263683e-09 -9.65665159 -8.01361270 -6.21618496 -4.93643933 -3.85745639 
5.99484250e-09 -9.65665159 -8.01361270 -6.21618496 -4.93643933 -3.85745639 
4.64158883e-09 -9.65665159 -8.01361270 -6.21618496 -4.93643933 -3.85745639 
3.59381366e-09 -9.65665159 -8.01361270 -6.21618496 -4.93643933 -3.85745639 
2.78255940e-09 -9.65665159 -8.01361270 -6.21618496 -4.93643933 -3.85745639 
2.15443469e-09 -9.65665159 -8.01361270 -6.21618496 -4.93643933 -3.85745639 
1.66810054e-09 -9.65665159 -8.01361270 -6.21618496 -4.93643933 -3.85745639 
1.29154967e-09 -9.65665159 -8.01361270 -6.21618496 -4.93643933 -3.85745639 
1.00000000e-09 -9.65665159 -8.01361270 -6.21618496 -4.93643933 -3.85745639 
7.74263683e-10 -9.65665159 -8.01361270 -6.21618496 -4.93643933 -3.85745639 
5.99484250e-10 -9.65665159 -8.01361270 -6.21618496 -4.93643933 -3.85745639 
4.64158883e-10 -9.65665159 -8.01361270 -6.21618496 -4.93643933 -3.85745639 
3.59381366e-10 -9.65665159 -8.01361270 -6.21618496 -4.93643933 -3.85745639 
2.78255940e-10 -9.65665159 -8.01361270 -6.21618496 -4.93643933 -3.85745639 
2.15443469e-10 -9.65665159 -8.01361270 -6.21618496 -4.93643933 -3.85745639 
1.66810054e-10 -9.65665159 -8.01361270 -6.21618496 -4.93643933 -3.85745639 
1.29154967e-10 -9.65665159 -8.01361270 -6.21618496 -4.93643933 -3.85745639 
1.00000000e-10 -9.65665159 -8.01361270 -6.21618496 -4.93643933 -3.85745639 
P (bar) | log_NH3: -2σ | log_NH3: -1σ | log_NH3: median | log_NH3: +1σ | log_NH3: +2σ 
1.00000000e+01 -8.36587111 -6.68499162 -5.96689742 -5.39336457 -4.70990366 
7.74263683e+00 -8.36587111 -6.68499162 -5.96689742 -5.39336457 -4.70990366 
5.99484250e+00 -8.36587111 -6.68499162 -5.96689742 -5.39336457 -4.70990366 
4.64158883e+00 -8.36587111 -6.68499162 -5.96689742 -5.39336457 -4.70990366 
3.59381366e+00 -8.36587111 -6.68499162 -5.96689742 -5.39336457 -4.70990366 
2.78255940e+00 -8.36587111 -6.68499162 -5.96689742 -5.39336457 -4.70990366 
2.15443469e+00 -8.36587111 -6.68499162 -5.96689742 -5.39336457 -4.70990366 
1.66810054e+00 -8.36587111 -6.68499162 -5.96689742 -5.39336457 -4.70990366 
1.29154967e+00 -8.36587111 -6.68499162 -5.96689742 -5.39336457 -4.70990366 
1.00000000e+00 -8.36587111 -6.68499162 -5.96689742 -5.39336457 -4.70990366 
7.74263683e-01 -8.36587111 -6.68499162 -5.96689742 -5.39336457 -4.70990366 
5.99484250e-01 -8.36587111 -6.68499162 -5.96689742 -5.39336457 -4.70990366 
4.64158883e-01 -8.36587111 -6.68499162 -5.96689742 -5.39336457 -4.70990366 
3.59381366e-01 -8.36587111 -6.68499162 -5.96689742 -5.39336457 -4.70990366 
2.78255940e-01 -8.36587111 -6.68499162 -5.96689742 -5.39336457 -4.70990366 
2.15443469e-01 -8.36587111 -6.68499162 -5.96689742 -5.39336457 -4.70990366 
1.66810054e-01 -8.36587111 -6.68499162 -5.96689742 -5.39336457 -4.70990366 
1.29154967e-01 -8.36587111 -6.68499162 -5.96689742 -5.39336457 -4.70990366 
1.00000000e-01 -8.36587111 -6.68499162 -5.96689742 -5.39336457 -4.70990366 
7.74263683e-02 -8.36587111 -6.68499162 -5.96689742 -5.39336457 -4.70990366 
5.99484250e-02 -8.36587111 -6.68499162 -5.96689742 -5.39336457 -4.70990366 
4.64158883e-02 -8.36587111 -6.68499162 -5.96689742 -5.39336457 -4.70990366 
3.59381366e-02 -8.36587111 -6.68499162 -5.96689742 -5.39336457 -4.70990366 
2.78255940e-02 -8.36587111 -6.68499162 -5.96689742 -5.39336457 -4.70990366 
2.15443469e-02 -8.36587111 -6.68499162 -5.96689742 -5.39336457 -4.70990366 
1.66810054e-02 -8.36587111 -6.68499162 -5.96689742 -5.39336457 -4.70990366 
1.29154967e-02 -8.36587111 -6.68499162 -5.96689742 -5.39336457 -4.70990366 
1.00000000e-02 -8.36587111 -6.68499162 -5.96689742 -5.39336457 -4.70990366 
7.74263683e-03 -8.36587111 -6.68499162 -5.96689742 -5.39336457 -4.70990366 
5.99484250e-03 -8.36587111 -6.68499162 -5.96689742 -5.39336457 -4.70990366 
4.64158883e-03 -8.36587111 -6.68499162 -5.96689742 -5.39336457 -4.70990366 
3.59381366e-03 -8.36587111 -6.68499162 -5.96689742 -5.39336457 -4.70990366 
2.78255940e-03 -8.36587111 -6.68499162 -5.96689742 -5.39336457 -4.70990366 
2.15443469e-03 -8.36587111 -6.68499162 -5.96689742 -5.39336457 -4.70990366 
1.66810054e-03 -8.36587111 -6.68499162 -5.96689742 -5.39336457 -4.70990366 
1.29154967e-03 -8.36587111 -6.68499162 -5.96689742 -5.39336457 -4.70990366 
1.00000000e-03 -8.36587111 -6.68499162 -5.96689742 -5.39336457 -4.70990366 
7.74263683e-04 -8.36587111 -6.68499162 -5.96689742 -5.39336457 -4.70990366 
5.99484250e-04 -8.36587111 -6.68499162 -5.96689742 -5.39336457 -4.70990366 
4.64158883e-04 -8.36587111 -6.68499162 -5.96689742 -5.39336457 -4.70990366 
3.59381366e-04 -8.36587111 -6.68499162 -5.96689742 -5.39336457 -4.70990366 
2.78255940e-04 -8.36587111 -6.68499162 -5.96689742 -5.39336457 -4.70990366 
2.15443469e-04 -8.36587111 -6.68499162 -5.96689742 -5.39336457 -4.70990366 
1.66810054e-04 -8.36587111 -6.68499162 -5.96689742 -5.39336457 -4.70990366 
1.29154967e-04 -8.36587111 -6.68499162 -5.96689742 -5.39336457 -4.70990366 
1.00000000e-04 -8.36587111 -6.68499162 -5.96689742 -5.39336457 -4.70990366 
7.74263683e-05 -8.36587111 -6.68499162 -5.96689742 -5.39336457 -4.70990366 
5.99484250e-05 -8.36587111 -6.68499162 -5.96689742 -5.39336457 -4.70990366 
4.64158883e-05 -8.36587111 -6.68499162 -5.96689742 -5.39336457 -4.70990366 
3.59381366e-05 -8.36587111 -6.68499162 -5.96689742 -5.39336457 -4.70990366 
2.78255940e-05 -8.36587111 -6.68499162 -5.96689742 -5.39336457 -4.70990366 
2.15443469e-05 -8.36587111 -6.68499162 -5.96689742 -5.39336457 -4.70990366 
1.66810054e-05 -8.36587111 -6.68499162 -5.96689742 -5.39336457 -4.70990366 
1.29154967e-05 -8.36587111 -6.68499162 -5.96689742 -5.39336457 -4.70990366 
1.00000000e-05 -8.36587111 -6.68499162 -5.96689742 -5.39336457 -4.70990366 
7.74263683e-06 -8.36587111 -6.68499162 -5.96689742 -5.39336457 -4.70990366 
5.99484250e-06 -8.36587111 -6.68499162 -5.96689742 -5.39336457 -4.70990366 
4.64158883e-06 -8.36587111 -6.68499162 -5.96689742 -5.39336457 -4.70990366 
3.59381366e-06 -8.36587111 -6.68499162 -5.96689742 -5.39336457 -4.70990366 
2.78255940e-06 -8.36587111 -6.68499162 -5.96689742 -5.39336457 -4.70990366 
2.15443469e-06 -8.36587111 -6.68499162 -5.96689742 -5.39336457 -4.70990366 
1.66810054e-06 -8.36587111 -6.68499162 -5.96689742 -5.39336457 -4.70990366 
1.29154967e-06 -8.36587111 -6.68499162 -5.96689742 -5.39336457 -4.70990366 
1.00000000e-06 -8.36587111 -6.68499162 -5.96689742 -5.39336457 -4.70990366 
7.74263683e-07 -8.36587111 -6.68499162 -5.96689742 -5.39336457 -4.70990366 
5.99484250e-07 -8.36587111 -6.68499162 -5.96689742 -5.39336457 -4.70990366 
4.64158883e-07 -8.36587111 -6.68499162 -5.96689742 -5.39336457 -4.70990366 
3.59381366e-07 -8.36587111 -6.68499162 -5.96689742 -5.39336457 -4.70990366 
2.78255940e-07 -8.36587111 -6.68499162 -5.96689742 -5.39336457 -4.70990366 
2.15443469e-07 -8.36587111 -6.68499162 -5.96689742 -5.39336457 -4.70990366 
1.66810054e-07 -8.36587111 -6.68499162 -5.96689742 -5.39336457 -4.70990366 
1.29154967e-07 -8.36587111 -6.68499162 -5.96689742 -5.39336457 -4.70990366 
1.00000000e-07 -8.36587111 -6.68499162 -5.96689742 -5.39336457 -4.70990366 
7.74263683e-08 -8.36587111 -6.68499162 -5.96689742 -5.39336457 -4.70990366 
5.99484250e-08 -8.36587111 -6.68499162 -5.96689742 -5.39336457 -4.70990366 
4.64158883e-08 -8.36587111 -6.68499162 -5.96689742 -5.39336457 -4.70990366 
3.59381366e-08 -8.36587111 -6.68499162 -5.96689742 -5.39336457 -4.70990366 
2.78255940e-08 -8.36587111 -6.68499162 -5.96689742 -5.39336457 -4.70990366 
2.15443469e-08 -8.36587111 -6.68499162 -5.96689742 -5.39336457 -4.70990366 
1.66810054e-08 -8.36587111 -6.68499162 -5.96689742 -5.39336457 -4.70990366 
1.29154967e-08 -8.36587111 -6.68499162 -5.96689742 -5.39336457 -4.70990366 
1.00000000e-08 -8.36587111 -6.68499162 -5.96689742 -5.39336457 -4.70990366 
7.74263683e-09 -8.36587111 -6.68499162 -5.96689742 -5.39336457 -4.70990366 
5.99484250e-09 -8.36587111 -6.68499162 -5.96689742 -5.39336457 -4.70990366 
4.64158883e-09 -8.36587111 -6.68499162 -5.96689742 -5.39336457 -4.70990366 
3.59381366e-09 -8.36587111 -6.68499162 -5.96689742 -5.39336457 -4.70990366 
2.78255940e-09 -8.36587111 -6.68499162 -5.96689742 -5.39336457 -4.70990366 
2.15443469e-09 -8.36587111 -6.68499162 -5.96689742 -5.39336457 -4.70990366 
1.66810054e-09 -8.36587111 -6.68499162 -5.96689742 -5.39336457 -4.70990366 
1.29154967e-09 -8.36587111 -6.68499162 -5.96689742 -5.39336457 -4.70990366 
1.00000000e-09 -8.36587111 -6.68499162 -5.96689742 -5.39336457 -4.70990366 
7.74263683e-10 -8.36587111 -6.68499162 -5.96689742 -5.39336457 -4.70990366 
5.99484250e-10 -8.36587111 -6.68499162 -5.96689742 -5.39336457 -4.70990366 
4.64158883e-10 -8.36587111 -6.68499162 -5.96689742 -5.39336457 -4.70990366 
3.59381366e-10 -8.36587111 -6.68499162 -5.96689742 -5.39336457 -4.70990366 
2.78255940e-10 -8.36587111 -6.68499162 -5.96689742 -5.39336457 -4.70990366 
2.15443469e-10 -8.36587111 -6.68499162 -5.96689742 -5.39336457 -4.70990366 
1.66810054e-10 -8.36587111 -6.68499162 -5.96689742 -5.39336457 -4.70990366 
1.29154967e-10 -8.36587111 -6.68499162 -5.96689742 -5.39336457 -4.70990366 
1.00000000e-10 -8.36587111 -6.68499162 -5.96689742 -5.39336457 -4.70990366 
