Chemical species: N2 H2O CO2 CH4 O2 O3 N2O NH3
P (bar) | log_N2: -2σ | log_N2: -1σ | log_N2: median | log_N2: +1σ | log_N2: +2σ 
1.00000000e+01 -0.03061573 -0.00271004 -0.00012023 -0.00003794 -0.00001592 
7.74263683e+00 -0.03061573 -0.00271004 -0.00012023 -0.00003794 -0.00001592 
5.99484250e+00 -0.03061573 -0.00271004 -0.00012023 -0.00003794 -0.00001592 
4.64158883e+00 -0.03061573 -0.00271004 -0.00012023 -0.00003794 -0.00001592 
3.59381366e+00 -0.03061573 -0.00271004 -0.00012023 -0.00003794 -0.00001592 
2.78255940e+00 -0.03061573 -0.00271004 -0.00012023 -0.00003794 -0.00001592 
2.15443469e+00 -0.03061573 -0.00271004 -0.00012023 -0.00003794 -0.00001592 
1.66810054e+00 -0.03061573 -0.00271004 -0.00012023 -0.00003794 -0.00001592 
1.29154967e+00 -0.03061573 -0.00271004 -0.00012023 -0.00003794 -0.00001592 
1.00000000e+00 -0.03061573 -0.00271004 -0.00012023 -0.00003794 -0.00001592 
7.74263683e-01 -0.03061573 -0.00271004 -0.00012023 -0.00003794 -0.00001592 
5.99484250e-01 -0.03061573 -0.00271004 -0.00012023 -0.00003794 -0.00001592 
4.64158883e-01 -0.03061573 -0.00271004 -0.00012023 -0.00003794 -0.00001592 
3.59381366e-01 -0.03061573 -0.00271004 -0.00012023 -0.00003794 -0.00001592 
2.78255940e-01 -0.03061573 -0.00271004 -0.00012023 -0.00003794 -0.00001592 
2.15443469e-01 -0.03061573 -0.00271004 -0.00012023 -0.00003794 -0.00001592 
1.66810054e-01 -0.03061573 -0.00271004 -0.00012023 -0.00003794 -0.00001592 
1.29154967e-01 -0.03061573 -0.00271004 -0.00012023 -0.00003794 -0.00001592 
1.00000000e-01 -0.03061573 -0.00271004 -0.00012023 -0.00003794 -0.00001592 
7.74263683e-02 -0.03061573 -0.00271004 -0.00012023 -0.00003794 -0.00001592 
5.99484250e-02 -0.03061573 -0.00271004 -0.00012023 -0.00003794 -0.00001592 
4.64158883e-02 -0.03061573 -0.00271004 -0.00012023 -0.00003794 -0.00001592 
3.59381366e-02 -0.03061573 -0.00271004 -0.00012023 -0.00003794 -0.00001592 
2.78255940e-02 -0.03061573 -0.00271004 -0.00012023 -0.00003794 -0.00001592 
2.15443469e-02 -0.03061573 -0.00271004 -0.00012023 -0.00003794 -0.00001592 
1.66810054e-02 -0.03061573 -0.00271004 -0.00012023 -0.00003794 -0.00001592 
1.29154967e-02 -0.03061573 -0.00271004 -0.00012023 -0.00003794 -0.00001592 
1.00000000e-02 -0.03061573 -0.00271004 -0.00012023 -0.00003794 -0.00001592 
7.74263683e-03 -0.03061573 -0.00271004 -0.00012023 -0.00003794 -0.00001592 
5.99484250e-03 -0.03061573 -0.00271004 -0.00012023 -0.00003794 -0.00001592 
4.64158883e-03 -0.03061573 -0.00271004 -0.00012023 -0.00003794 -0.00001592 
3.59381366e-03 -0.03061573 -0.00271004 -0.00012023 -0.00003794 -0.00001592 
2.78255940e-03 -0.03061573 -0.00271004 -0.00012023 -0.00003794 -0.00001592 
2.15443469e-03 -0.03061573 -0.00271004 -0.00012023 -0.00003794 -0.00001592 
1.66810054e-03 -0.03061573 -0.00271004 -0.00012023 -0.00003794 -0.00001592 
1.29154967e-03 -0.03061573 -0.00271004 -0.00012023 -0.00003794 -0.00001592 
1.00000000e-03 -0.03061573 -0.00271004 -0.00012023 -0.00003794 -0.00001592 
7.74263683e-04 -0.03061573 -0.00271004 -0.00012023 -0.00003794 -0.00001592 
5.99484250e-04 -0.03061573 -0.00271004 -0.00012023 -0.00003794 -0.00001592 
4.64158883e-04 -0.03061573 -0.00271004 -0.00012023 -0.00003794 -0.00001592 
3.59381366e-04 -0.03061573 -0.00271004 -0.00012023 -0.00003794 -0.00001592 
2.78255940e-04 -0.03061573 -0.00271004 -0.00012023 -0.00003794 -0.00001592 
2.15443469e-04 -0.03061573 -0.00271004 -0.00012023 -0.00003794 -0.00001592 
1.66810054e-04 -0.03061573 -0.00271004 -0.00012023 -0.00003794 -0.00001592 
1.29154967e-04 -0.03061573 -0.00271004 -0.00012023 -0.00003794 -0.00001592 
1.00000000e-04 -0.03061573 -0.00271004 -0.00012023 -0.00003794 -0.00001592 
7.74263683e-05 -0.03061573 -0.00271004 -0.00012023 -0.00003794 -0.00001592 
5.99484250e-05 -0.03061573 -0.00271004 -0.00012023 -0.00003794 -0.00001592 
4.64158883e-05 -0.03061573 -0.00271004 -0.00012023 -0.00003794 -0.00001592 
3.59381366e-05 -0.03061573 -0.00271004 -0.00012023 -0.00003794 -0.00001592 
2.78255940e-05 -0.03061573 -0.00271004 -0.00012023 -0.00003794 -0.00001592 
2.15443469e-05 -0.03061573 -0.00271004 -0.00012023 -0.00003794 -0.00001592 
1.66810054e-05 -0.03061573 -0.00271004 -0.00012023 -0.00003794 -0.00001592 
1.29154967e-05 -0.03061573 -0.00271004 -0.00012023 -0.00003794 -0.00001592 
1.00000000e-05 -0.03061573 -0.00271004 -0.00012023 -0.00003794 -0.00001592 
7.74263683e-06 -0.03061573 -0.00271004 -0.00012023 -0.00003794 -0.00001592 
5.99484250e-06 -0.03061573 -0.00271004 -0.00012023 -0.00003794 -0.00001592 
4.64158883e-06 -0.03061573 -0.00271004 -0.00012023 -0.00003794 -0.00001592 
3.59381366e-06 -0.03061573 -0.00271004 -0.00012023 -0.00003794 -0.00001592 
2.78255940e-06 -0.03061573 -0.00271004 -0.00012023 -0.00003794 -0.00001592 
2.15443469e-06 -0.03061573 -0.00271004 -0.00012023 -0.00003794 -0.00001592 
1.66810054e-06 -0.03061573 -0.00271004 -0.00012023 -0.00003794 -0.00001592 
1.29154967e-06 -0.03061573 -0.00271004 -0.00012023 -0.00003794 -0.00001592 
1.00000000e-06 -0.03061573 -0.00271004 -0.00012023 -0.00003794 -0.00001592 
7.74263683e-07 -0.03061573 -0.00271004 -0.00012023 -0.00003794 -0.00001592 
5.99484250e-07 -0.03061573 -0.00271004 -0.00012023 -0.00003794 -0.00001592 
4.64158883e-07 -0.03061573 -0.00271004 -0.00012023 -0.00003794 -0.00001592 
3.59381366e-07 -0.03061573 -0.00271004 -0.00012023 -0.00003794 -0.00001592 
2.78255940e-07 -0.03061573 -0.00271004 -0.00012023 -0.00003794 -0.00001592 
2.15443469e-07 -0.03061573 -0.00271004 -0.00012023 -0.00003794 -0.00001592 
1.66810054e-07 -0.03061573 -0.00271004 -0.00012023 -0.00003794 -0.00001592 
1.29154967e-07 -0.03061573 -0.00271004 -0.00012023 -0.00003794 -0.00001592 
1.00000000e-07 -0.03061573 -0.00271004 -0.00012023 -0.00003794 -0.00001592 
7.74263683e-08 -0.03061573 -0.00271004 -0.00012023 -0.00003794 -0.00001592 
5.99484250e-08 -0.03061573 -0.00271004 -0.00012023 -0.00003794 -0.00001592 
4.64158883e-08 -0.03061573 -0.00271004 -0.00012023 -0.00003794 -0.00001592 
3.59381366e-08 -0.03061573 -0.00271004 -0.00012023 -0.00003794 -0.00001592 
2.78255940e-08 -0.03061573 -0.00271004 -0.00012023 -0.00003794 -0.00001592 
2.15443469e-08 -0.03061573 -0.00271004 -0.00012023 -0.00003794 -0.00001592 
1.66810054e-08 -0.03061573 -0.00271004 -0.00012023 -0.00003794 -0.00001592 
1.29154967e-08 -0.03061573 -0.00271004 -0.00012023 -0.00003794 -0.00001592 
1.00000000e-08 -0.03061573 -0.00271004 -0.00012023 -0.00003794 -0.00001592 
7.74263683e-09 -0.03061573 -0.00271004 -0.00012023 -0.00003794 -0.00001592 
5.99484250e-09 -0.03061573 -0.00271004 -0.00012023 -0.00003794 -0.00001592 
4.64158883e-09 -0.03061573 -0.00271004 -0.00012023 -0.00003794 -0.00001592 
3.59381366e-09 -0.03061573 -0.00271004 -0.00012023 -0.00003794 -0.00001592 
2.78255940e-09 -0.03061573 -0.00271004 -0.00012023 -0.00003794 -0.00001592 
2.15443469e-09 -0.03061573 -0.00271004 -0.00012023 -0.00003794 -0.00001592 
1.66810054e-09 -0.03061573 -0.00271004 -0.00012023 -0.00003794 -0.00001592 
1.29154967e-09 -0.03061573 -0.00271004 -0.00012023 -0.00003794 -0.00001592 
1.00000000e-09 -0.03061573 -0.00271004 -0.00012023 -0.00003794 -0.00001592 
7.74263683e-10 -0.03061573 -0.00271004 -0.00012023 -0.00003794 -0.00001592 
5.99484250e-10 -0.03061573 -0.00271004 -0.00012023 -0.00003794 -0.00001592 
4.64158883e-10 -0.03061573 -0.00271004 -0.00012023 -0.00003794 -0.00001592 
3.59381366e-10 -0.03061573 -0.00271004 -0.00012023 -0.00003794 -0.00001592 
2.78255940e-10 -0.03061573 -0.00271004 -0.00012023 -0.00003794 -0.00001592 
2.15443469e-10 -0.03061573 -0.00271004 -0.00012023 -0.00003794 -0.00001592 
1.66810054e-10 -0.03061573 -0.00271004 -0.00012023 -0.00003794 -0.00001592 
1.29154967e-10 -0.03061573 -0.00271004 -0.00012023 -0.00003794 -0.00001592 
1.00000000e-10 -0.03061573 -0.00271004 -0.00012023 -0.00003794 -0.00001592 
P (bar) | log_H2O: -2σ | log_H2O: -1σ | log_H2O: median | log_H2O: +1σ | log_H2O: +2σ 
1.00000000e+01 -6.56217266 -5.78938243 -5.28734712 -4.80754218 -4.30507786 
7.74263683e+00 -6.56217266 -5.78938243 -5.28734712 -4.80754218 -4.30507786 
5.99484250e+00 -6.56217266 -5.78938243 -5.28734712 -4.80754218 -4.30507786 
4.64158883e+00 -6.56217266 -5.78938243 -5.28734712 -4.80754218 -4.30507786 
3.59381366e+00 -6.56217266 -5.78938243 -5.28734712 -4.80754218 -4.30507786 
2.78255940e+00 -6.56217266 -5.78938243 -5.28734712 -4.80754218 -4.30507786 
2.15443469e+00 -6.56217266 -5.78938243 -5.28734712 -4.80754218 -4.30507786 
1.66810054e+00 -6.56217266 -5.78938243 -5.28734712 -4.80754218 -4.30507786 
1.29154967e+00 -6.56217266 -5.78938243 -5.28734712 -4.80754218 -4.30507786 
1.00000000e+00 -6.56217266 -5.78938243 -5.28734712 -4.80754218 -4.30507786 
7.74263683e-01 -6.56217266 -5.78938243 -5.28734712 -4.80754218 -4.30507786 
5.99484250e-01 -6.56217266 -5.78938243 -5.28734712 -4.80754218 -4.30507786 
4.64158883e-01 -6.56217266 -5.78938243 -5.28734712 -4.80754218 -4.30507786 
3.59381366e-01 -6.56217266 -5.78938243 -5.28734712 -4.80754218 -4.30507786 
2.78255940e-01 -6.56217266 -5.78938243 -5.28734712 -4.80754218 -4.30507786 
2.15443469e-01 -6.56217266 -5.78938243 -5.28734712 -4.80754218 -4.30507786 
1.66810054e-01 -6.56217266 -5.78938243 -5.28734712 -4.80754218 -4.30507786 
1.29154967e-01 -6.56217266 -5.78938243 -5.28734712 -4.80754218 -4.30507786 
1.00000000e-01 -6.56217266 -5.78938243 -5.28734712 -4.80754218 -4.30507786 
7.74263683e-02 -6.56217266 -5.78938243 -5.28734712 -4.80754218 -4.30507786 
5.99484250e-02 -6.56217266 -5.78938243 -5.28734712 -4.80754218 -4.30507786 
4.64158883e-02 -6.56217266 -5.78938243 -5.28734712 -4.80754218 -4.30507786 
3.59381366e-02 -6.56217266 -5.78938243 -5.28734712 -4.80754218 -4.30507786 
2.78255940e-02 -6.56217266 -5.78938243 -5.28734712 -4.80754218 -4.30507786 
2.15443469e-02 -6.56217266 -5.78938243 -5.28734712 -4.80754218 -4.30507786 
1.66810054e-02 -6.56217266 -5.78938243 -5.28734712 -4.80754218 -4.30507786 
1.29154967e-02 -6.56217266 -5.78938243 -5.28734712 -4.80754218 -4.30507786 
1.00000000e-02 -6.56217266 -5.78938243 -5.28734712 -4.80754218 -4.30507786 
7.74263683e-03 -6.56217266 -5.78938243 -5.28734712 -4.80754218 -4.30507786 
5.99484250e-03 -6.56217266 -5.78938243 -5.28734712 -4.80754218 -4.30507786 
4.64158883e-03 -6.56217266 -5.78938243 -5.28734712 -4.80754218 -4.30507786 
3.59381366e-03 -6.56217266 -5.78938243 -5.28734712 -4.80754218 -4.30507786 
2.78255940e-03 -6.56217266 -5.78938243 -5.28734712 -4.80754218 -4.30507786 
2.15443469e-03 -6.56217266 -5.78938243 -5.28734712 -4.80754218 -4.30507786 
1.66810054e-03 -6.56217266 -5.78938243 -5.28734712 -4.80754218 -4.30507786 
1.29154967e-03 -6.56217266 -5.78938243 -5.28734712 -4.80754218 -4.30507786 
1.00000000e-03 -6.56217266 -5.78938243 -5.28734712 -4.80754218 -4.30507786 
7.74263683e-04 -6.56217266 -5.78938243 -5.28734712 -4.80754218 -4.30507786 
5.99484250e-04 -6.56217266 -5.78938243 -5.28734712 -4.80754218 -4.30507786 
4.64158883e-04 -6.56217266 -5.78938243 -5.28734712 -4.80754218 -4.30507786 
3.59381366e-04 -6.56217266 -5.78938243 -5.28734712 -4.80754218 -4.30507786 
2.78255940e-04 -6.56217266 -5.78938243 -5.28734712 -4.80754218 -4.30507786 
2.15443469e-04 -6.56217266 -5.78938243 -5.28734712 -4.80754218 -4.30507786 
1.66810054e-04 -6.56217266 -5.78938243 -5.28734712 -4.80754218 -4.30507786 
1.29154967e-04 -6.56217266 -5.78938243 -5.28734712 -4.80754218 -4.30507786 
1.00000000e-04 -6.56217266 -5.78938243 -5.28734712 -4.80754218 -4.30507786 
7.74263683e-05 -6.56217266 -5.78938243 -5.28734712 -4.80754218 -4.30507786 
5.99484250e-05 -6.56217266 -5.78938243 -5.28734712 -4.80754218 -4.30507786 
4.64158883e-05 -6.56217266 -5.78938243 -5.28734712 -4.80754218 -4.30507786 
3.59381366e-05 -6.56217266 -5.78938243 -5.28734712 -4.80754218 -4.30507786 
2.78255940e-05 -6.56217266 -5.78938243 -5.28734712 -4.80754218 -4.30507786 
2.15443469e-05 -6.56217266 -5.78938243 -5.28734712 -4.80754218 -4.30507786 
1.66810054e-05 -6.56217266 -5.78938243 -5.28734712 -4.80754218 -4.30507786 
1.29154967e-05 -6.56217266 -5.78938243 -5.28734712 -4.80754218 -4.30507786 
1.00000000e-05 -6.56217266 -5.78938243 -5.28734712 -4.80754218 -4.30507786 
7.74263683e-06 -6.56217266 -5.78938243 -5.28734712 -4.80754218 -4.30507786 
5.99484250e-06 -6.56217266 -5.78938243 -5.28734712 -4.80754218 -4.30507786 
4.64158883e-06 -6.56217266 -5.78938243 -5.28734712 -4.80754218 -4.30507786 
3.59381366e-06 -6.56217266 -5.78938243 -5.28734712 -4.80754218 -4.30507786 
2.78255940e-06 -6.56217266 -5.78938243 -5.28734712 -4.80754218 -4.30507786 
2.15443469e-06 -6.56217266 -5.78938243 -5.28734712 -4.80754218 -4.30507786 
1.66810054e-06 -6.56217266 -5.78938243 -5.28734712 -4.80754218 -4.30507786 
1.29154967e-06 -6.56217266 -5.78938243 -5.28734712 -4.80754218 -4.30507786 
1.00000000e-06 -6.56217266 -5.78938243 -5.28734712 -4.80754218 -4.30507786 
7.74263683e-07 -6.56217266 -5.78938243 -5.28734712 -4.80754218 -4.30507786 
5.99484250e-07 -6.56217266 -5.78938243 -5.28734712 -4.80754218 -4.30507786 
4.64158883e-07 -6.56217266 -5.78938243 -5.28734712 -4.80754218 -4.30507786 
3.59381366e-07 -6.56217266 -5.78938243 -5.28734712 -4.80754218 -4.30507786 
2.78255940e-07 -6.56217266 -5.78938243 -5.28734712 -4.80754218 -4.30507786 
2.15443469e-07 -6.56217266 -5.78938243 -5.28734712 -4.80754218 -4.30507786 
1.66810054e-07 -6.56217266 -5.78938243 -5.28734712 -4.80754218 -4.30507786 
1.29154967e-07 -6.56217266 -5.78938243 -5.28734712 -4.80754218 -4.30507786 
1.00000000e-07 -6.56217266 -5.78938243 -5.28734712 -4.80754218 -4.30507786 
7.74263683e-08 -6.56217266 -5.78938243 -5.28734712 -4.80754218 -4.30507786 
5.99484250e-08 -6.56217266 -5.78938243 -5.28734712 -4.80754218 -4.30507786 
4.64158883e-08 -6.56217266 -5.78938243 -5.28734712 -4.80754218 -4.30507786 
3.59381366e-08 -6.56217266 -5.78938243 -5.28734712 -4.80754218 -4.30507786 
2.78255940e-08 -6.56217266 -5.78938243 -5.28734712 -4.80754218 -4.30507786 
2.15443469e-08 -6.56217266 -5.78938243 -5.28734712 -4.80754218 -4.30507786 
1.66810054e-08 -6.56217266 -5.78938243 -5.28734712 -4.80754218 -4.30507786 
1.29154967e-08 -6.56217266 -5.78938243 -5.28734712 -4.80754218 -4.30507786 
1.00000000e-08 -6.56217266 -5.78938243 -5.28734712 -4.80754218 -4.30507786 
7.74263683e-09 -6.56217266 -5.78938243 -5.28734712 -4.80754218 -4.30507786 
5.99484250e-09 -6.56217266 -5.78938243 -5.28734712 -4.80754218 -4.30507786 
4.64158883e-09 -6.56217266 -5.78938243 -5.28734712 -4.80754218 -4.30507786 
3.59381366e-09 -6.56217266 -5.78938243 -5.28734712 -4.80754218 -4.30507786 
2.78255940e-09 -6.56217266 -5.78938243 -5.28734712 -4.80754218 -4.30507786 
2.15443469e-09 -6.56217266 -5.78938243 -5.28734712 -4.80754218 -4.30507786 
1.66810054e-09 -6.56217266 -5.78938243 -5.28734712 -4.80754218 -4.30507786 
1.29154967e-09 -6.56217266 -5.78938243 -5.28734712 -4.80754218 -4.30507786 
1.00000000e-09 -6.56217266 -5.78938243 -5.28734712 -4.80754218 -4.30507786 
7.74263683e-10 -6.56217266 -5.78938243 -5.28734712 -4.80754218 -4.30507786 
5.99484250e-10 -6.56217266 -5.78938243 -5.28734712 -4.80754218 -4.30507786 
4.64158883e-10 -6.56217266 -5.78938243 -5.28734712 -4.80754218 -4.30507786 
3.59381366e-10 -6.56217266 -5.78938243 -5.28734712 -4.80754218 -4.30507786 
2.78255940e-10 -6.56217266 -5.78938243 -5.28734712 -4.80754218 -4.30507786 
2.15443469e-10 -6.56217266 -5.78938243 -5.28734712 -4.80754218 -4.30507786 
1.66810054e-10 -6.56217266 -5.78938243 -5.28734712 -4.80754218 -4.30507786 
1.29154967e-10 -6.56217266 -5.78938243 -5.28734712 -4.80754218 -4.30507786 
1.00000000e-10 -6.56217266 -5.78938243 -5.28734712 -4.80754218 -4.30507786 
P (bar) | log_CO2: -2σ | log_CO2: -1σ | log_CO2: median | log_CO2: +1σ | log_CO2: +2σ 
1.00000000e+01 -5.36022997 -4.69859854 -4.19255681 -3.67652732 -3.18642199 
7.74263683e+00 -5.36022997 -4.69859854 -4.19255681 -3.67652732 -3.18642199 
5.99484250e+00 -5.36022997 -4.69859854 -4.19255681 -3.67652732 -3.18642199 
4.64158883e+00 -5.36022997 -4.69859854 -4.19255681 -3.67652732 -3.18642199 
3.59381366e+00 -5.36022997 -4.69859854 -4.19255681 -3.67652732 -3.18642199 
2.78255940e+00 -5.36022997 -4.69859854 -4.19255681 -3.67652732 -3.18642199 
2.15443469e+00 -5.36022997 -4.69859854 -4.19255681 -3.67652732 -3.18642199 
1.66810054e+00 -5.36022997 -4.69859854 -4.19255681 -3.67652732 -3.18642199 
1.29154967e+00 -5.36022997 -4.69859854 -4.19255681 -3.67652732 -3.18642199 
1.00000000e+00 -5.36022997 -4.69859854 -4.19255681 -3.67652732 -3.18642199 
7.74263683e-01 -5.36022997 -4.69859854 -4.19255681 -3.67652732 -3.18642199 
5.99484250e-01 -5.36022997 -4.69859854 -4.19255681 -3.67652732 -3.18642199 
4.64158883e-01 -5.36022997 -4.69859854 -4.19255681 -3.67652732 -3.18642199 
3.59381366e-01 -5.36022997 -4.69859854 -4.19255681 -3.67652732 -3.18642199 
2.78255940e-01 -5.36022997 -4.69859854 -4.19255681 -3.67652732 -3.18642199 
2.15443469e-01 -5.36022997 -4.69859854 -4.19255681 -3.67652732 -3.18642199 
1.66810054e-01 -5.36022997 -4.69859854 -4.19255681 -3.67652732 -3.18642199 
1.29154967e-01 -5.36022997 -4.69859854 -4.19255681 -3.67652732 -3.18642199 
1.00000000e-01 -5.36022997 -4.69859854 -4.19255681 -3.67652732 -3.18642199 
7.74263683e-02 -5.36022997 -4.69859854 -4.19255681 -3.67652732 -3.18642199 
5.99484250e-02 -5.36022997 -4.69859854 -4.19255681 -3.67652732 -3.18642199 
4.64158883e-02 -5.36022997 -4.69859854 -4.19255681 -3.67652732 -3.18642199 
3.59381366e-02 -5.36022997 -4.69859854 -4.19255681 -3.67652732 -3.18642199 
2.78255940e-02 -5.36022997 -4.69859854 -4.19255681 -3.67652732 -3.18642199 
2.15443469e-02 -5.36022997 -4.69859854 -4.19255681 -3.67652732 -3.18642199 
1.66810054e-02 -5.36022997 -4.69859854 -4.19255681 -3.67652732 -3.18642199 
1.29154967e-02 -5.36022997 -4.69859854 -4.19255681 -3.67652732 -3.18642199 
1.00000000e-02 -5.36022997 -4.69859854 -4.19255681 -3.67652732 -3.18642199 
7.74263683e-03 -5.36022997 -4.69859854 -4.19255681 -3.67652732 -3.18642199 
5.99484250e-03 -5.36022997 -4.69859854 -4.19255681 -3.67652732 -3.18642199 
4.64158883e-03 -5.36022997 -4.69859854 -4.19255681 -3.67652732 -3.18642199 
3.59381366e-03 -5.36022997 -4.69859854 -4.19255681 -3.67652732 -3.18642199 
2.78255940e-03 -5.36022997 -4.69859854 -4.19255681 -3.67652732 -3.18642199 
2.15443469e-03 -5.36022997 -4.69859854 -4.19255681 -3.67652732 -3.18642199 
1.66810054e-03 -5.36022997 -4.69859854 -4.19255681 -3.67652732 -3.18642199 
1.29154967e-03 -5.36022997 -4.69859854 -4.19255681 -3.67652732 -3.18642199 
1.00000000e-03 -5.36022997 -4.69859854 -4.19255681 -3.67652732 -3.18642199 
7.74263683e-04 -5.36022997 -4.69859854 -4.19255681 -3.67652732 -3.18642199 
5.99484250e-04 -5.36022997 -4.69859854 -4.19255681 -3.67652732 -3.18642199 
4.64158883e-04 -5.36022997 -4.69859854 -4.19255681 -3.67652732 -3.18642199 
3.59381366e-04 -5.36022997 -4.69859854 -4.19255681 -3.67652732 -3.18642199 
2.78255940e-04 -5.36022997 -4.69859854 -4.19255681 -3.67652732 -3.18642199 
2.15443469e-04 -5.36022997 -4.69859854 -4.19255681 -3.67652732 -3.18642199 
1.66810054e-04 -5.36022997 -4.69859854 -4.19255681 -3.67652732 -3.18642199 
1.29154967e-04 -5.36022997 -4.69859854 -4.19255681 -3.67652732 -3.18642199 
1.00000000e-04 -5.36022997 -4.69859854 -4.19255681 -3.67652732 -3.18642199 
7.74263683e-05 -5.36022997 -4.69859854 -4.19255681 -3.67652732 -3.18642199 
5.99484250e-05 -5.36022997 -4.69859854 -4.19255681 -3.67652732 -3.18642199 
4.64158883e-05 -5.36022997 -4.69859854 -4.19255681 -3.67652732 -3.18642199 
3.59381366e-05 -5.36022997 -4.69859854 -4.19255681 -3.67652732 -3.18642199 
2.78255940e-05 -5.36022997 -4.69859854 -4.19255681 -3.67652732 -3.18642199 
2.15443469e-05 -5.36022997 -4.69859854 -4.19255681 -3.67652732 -3.18642199 
1.66810054e-05 -5.36022997 -4.69859854 -4.19255681 -3.67652732 -3.18642199 
1.29154967e-05 -5.36022997 -4.69859854 -4.19255681 -3.67652732 -3.18642199 
1.00000000e-05 -5.36022997 -4.69859854 -4.19255681 -3.67652732 -3.18642199 
7.74263683e-06 -5.36022997 -4.69859854 -4.19255681 -3.67652732 -3.18642199 
5.99484250e-06 -5.36022997 -4.69859854 -4.19255681 -3.67652732 -3.18642199 
4.64158883e-06 -5.36022997 -4.69859854 -4.19255681 -3.67652732 -3.18642199 
3.59381366e-06 -5.36022997 -4.69859854 -4.19255681 -3.67652732 -3.18642199 
2.78255940e-06 -5.36022997 -4.69859854 -4.19255681 -3.67652732 -3.18642199 
2.15443469e-06 -5.36022997 -4.69859854 -4.19255681 -3.67652732 -3.18642199 
1.66810054e-06 -5.36022997 -4.69859854 -4.19255681 -3.67652732 -3.18642199 
1.29154967e-06 -5.36022997 -4.69859854 -4.19255681 -3.67652732 -3.18642199 
1.00000000e-06 -5.36022997 -4.69859854 -4.19255681 -3.67652732 -3.18642199 
7.74263683e-07 -5.36022997 -4.69859854 -4.19255681 -3.67652732 -3.18642199 
5.99484250e-07 -5.36022997 -4.69859854 -4.19255681 -3.67652732 -3.18642199 
4.64158883e-07 -5.36022997 -4.69859854 -4.19255681 -3.67652732 -3.18642199 
3.59381366e-07 -5.36022997 -4.69859854 -4.19255681 -3.67652732 -3.18642199 
2.78255940e-07 -5.36022997 -4.69859854 -4.19255681 -3.67652732 -3.18642199 
2.15443469e-07 -5.36022997 -4.69859854 -4.19255681 -3.67652732 -3.18642199 
1.66810054e-07 -5.36022997 -4.69859854 -4.19255681 -3.67652732 -3.18642199 
1.29154967e-07 -5.36022997 -4.69859854 -4.19255681 -3.67652732 -3.18642199 
1.00000000e-07 -5.36022997 -4.69859854 -4.19255681 -3.67652732 -3.18642199 
7.74263683e-08 -5.36022997 -4.69859854 -4.19255681 -3.67652732 -3.18642199 
5.99484250e-08 -5.36022997 -4.69859854 -4.19255681 -3.67652732 -3.18642199 
4.64158883e-08 -5.36022997 -4.69859854 -4.19255681 -3.67652732 -3.18642199 
3.59381366e-08 -5.36022997 -4.69859854 -4.19255681 -3.67652732 -3.18642199 
2.78255940e-08 -5.36022997 -4.69859854 -4.19255681 -3.67652732 -3.18642199 
2.15443469e-08 -5.36022997 -4.69859854 -4.19255681 -3.67652732 -3.18642199 
1.66810054e-08 -5.36022997 -4.69859854 -4.19255681 -3.67652732 -3.18642199 
1.29154967e-08 -5.36022997 -4.69859854 -4.19255681 -3.67652732 -3.18642199 
1.00000000e-08 -5.36022997 -4.69859854 -4.19255681 -3.67652732 -3.18642199 
7.74263683e-09 -5.36022997 -4.69859854 -4.19255681 -3.67652732 -3.18642199 
5.99484250e-09 -5.36022997 -4.69859854 -4.19255681 -3.67652732 -3.18642199 
4.64158883e-09 -5.36022997 -4.69859854 -4.19255681 -3.67652732 -3.18642199 
3.59381366e-09 -5.36022997 -4.69859854 -4.19255681 -3.67652732 -3.18642199 
2.78255940e-09 -5.36022997 -4.69859854 -4.19255681 -3.67652732 -3.18642199 
2.15443469e-09 -5.36022997 -4.69859854 -4.19255681 -3.67652732 -3.18642199 
1.66810054e-09 -5.36022997 -4.69859854 -4.19255681 -3.67652732 -3.18642199 
1.29154967e-09 -5.36022997 -4.69859854 -4.19255681 -3.67652732 -3.18642199 
1.00000000e-09 -5.36022997 -4.69859854 -4.19255681 -3.67652732 -3.18642199 
7.74263683e-10 -5.36022997 -4.69859854 -4.19255681 -3.67652732 -3.18642199 
5.99484250e-10 -5.36022997 -4.69859854 -4.19255681 -3.67652732 -3.18642199 
4.64158883e-10 -5.36022997 -4.69859854 -4.19255681 -3.67652732 -3.18642199 
3.59381366e-10 -5.36022997 -4.69859854 -4.19255681 -3.67652732 -3.18642199 
2.78255940e-10 -5.36022997 -4.69859854 -4.19255681 -3.67652732 -3.18642199 
2.15443469e-10 -5.36022997 -4.69859854 -4.19255681 -3.67652732 -3.18642199 
1.66810054e-10 -5.36022997 -4.69859854 -4.19255681 -3.67652732 -3.18642199 
1.29154967e-10 -5.36022997 -4.69859854 -4.19255681 -3.67652732 -3.18642199 
1.00000000e-10 -5.36022997 -4.69859854 -4.19255681 -3.67652732 -3.18642199 
P (bar) | log_CH4: -2σ | log_CH4: -1σ | log_CH4: median | log_CH4: +1σ | log_CH4: +2σ 
1.00000000e+01 -4.92348659 -4.70142337 -4.41787359 -4.13747741 -3.85322580 
7.74263683e+00 -4.92348659 -4.70142337 -4.41787359 -4.13747741 -3.85322580 
5.99484250e+00 -4.92348659 -4.70142337 -4.41787359 -4.13747741 -3.85322580 
4.64158883e+00 -4.92348659 -4.70142337 -4.41787359 -4.13747741 -3.85322580 
3.59381366e+00 -4.92348659 -4.70142337 -4.41787359 -4.13747741 -3.85322580 
2.78255940e+00 -4.92348659 -4.70142337 -4.41787359 -4.13747741 -3.85322580 
2.15443469e+00 -4.92348659 -4.70142337 -4.41787359 -4.13747741 -3.85322580 
1.66810054e+00 -4.92348659 -4.70142337 -4.41787359 -4.13747741 -3.85322580 
1.29154967e+00 -4.92348659 -4.70142337 -4.41787359 -4.13747741 -3.85322580 
1.00000000e+00 -4.92348659 -4.70142337 -4.41787359 -4.13747741 -3.85322580 
7.74263683e-01 -4.92348659 -4.70142337 -4.41787359 -4.13747741 -3.85322580 
5.99484250e-01 -4.92348659 -4.70142337 -4.41787359 -4.13747741 -3.85322580 
4.64158883e-01 -4.92348659 -4.70142337 -4.41787359 -4.13747741 -3.85322580 
3.59381366e-01 -4.92348659 -4.70142337 -4.41787359 -4.13747741 -3.85322580 
2.78255940e-01 -4.92348659 -4.70142337 -4.41787359 -4.13747741 -3.85322580 
2.15443469e-01 -4.92348659 -4.70142337 -4.41787359 -4.13747741 -3.85322580 
1.66810054e-01 -4.92348659 -4.70142337 -4.41787359 -4.13747741 -3.85322580 
1.29154967e-01 -4.92348659 -4.70142337 -4.41787359 -4.13747741 -3.85322580 
1.00000000e-01 -4.92348659 -4.70142337 -4.41787359 -4.13747741 -3.85322580 
7.74263683e-02 -4.92348659 -4.70142337 -4.41787359 -4.13747741 -3.85322580 
5.99484250e-02 -4.92348659 -4.70142337 -4.41787359 -4.13747741 -3.85322580 
4.64158883e-02 -4.92348659 -4.70142337 -4.41787359 -4.13747741 -3.85322580 
3.59381366e-02 -4.92348659 -4.70142337 -4.41787359 -4.13747741 -3.85322580 
2.78255940e-02 -4.92348659 -4.70142337 -4.41787359 -4.13747741 -3.85322580 
2.15443469e-02 -4.92348659 -4.70142337 -4.41787359 -4.13747741 -3.85322580 
1.66810054e-02 -4.92348659 -4.70142337 -4.41787359 -4.13747741 -3.85322580 
1.29154967e-02 -4.92348659 -4.70142337 -4.41787359 -4.13747741 -3.85322580 
1.00000000e-02 -4.92348659 -4.70142337 -4.41787359 -4.13747741 -3.85322580 
7.74263683e-03 -4.92348659 -4.70142337 -4.41787359 -4.13747741 -3.85322580 
5.99484250e-03 -4.92348659 -4.70142337 -4.41787359 -4.13747741 -3.85322580 
4.64158883e-03 -4.92348659 -4.70142337 -4.41787359 -4.13747741 -3.85322580 
3.59381366e-03 -4.92348659 -4.70142337 -4.41787359 -4.13747741 -3.85322580 
2.78255940e-03 -4.92348659 -4.70142337 -4.41787359 -4.13747741 -3.85322580 
2.15443469e-03 -4.92348659 -4.70142337 -4.41787359 -4.13747741 -3.85322580 
1.66810054e-03 -4.92348659 -4.70142337 -4.41787359 -4.13747741 -3.85322580 
1.29154967e-03 -4.92348659 -4.70142337 -4.41787359 -4.13747741 -3.85322580 
1.00000000e-03 -4.92348659 -4.70142337 -4.41787359 -4.13747741 -3.85322580 
7.74263683e-04 -4.92348659 -4.70142337 -4.41787359 -4.13747741 -3.85322580 
5.99484250e-04 -4.92348659 -4.70142337 -4.41787359 -4.13747741 -3.85322580 
4.64158883e-04 -4.92348659 -4.70142337 -4.41787359 -4.13747741 -3.85322580 
3.59381366e-04 -4.92348659 -4.70142337 -4.41787359 -4.13747741 -3.85322580 
2.78255940e-04 -4.92348659 -4.70142337 -4.41787359 -4.13747741 -3.85322580 
2.15443469e-04 -4.92348659 -4.70142337 -4.41787359 -4.13747741 -3.85322580 
1.66810054e-04 -4.92348659 -4.70142337 -4.41787359 -4.13747741 -3.85322580 
1.29154967e-04 -4.92348659 -4.70142337 -4.41787359 -4.13747741 -3.85322580 
1.00000000e-04 -4.92348659 -4.70142337 -4.41787359 -4.13747741 -3.85322580 
7.74263683e-05 -4.92348659 -4.70142337 -4.41787359 -4.13747741 -3.85322580 
5.99484250e-05 -4.92348659 -4.70142337 -4.41787359 -4.13747741 -3.85322580 
4.64158883e-05 -4.92348659 -4.70142337 -4.41787359 -4.13747741 -3.85322580 
3.59381366e-05 -4.92348659 -4.70142337 -4.41787359 -4.13747741 -3.85322580 
2.78255940e-05 -4.92348659 -4.70142337 -4.41787359 -4.13747741 -3.85322580 
2.15443469e-05 -4.92348659 -4.70142337 -4.41787359 -4.13747741 -3.85322580 
1.66810054e-05 -4.92348659 -4.70142337 -4.41787359 -4.13747741 -3.85322580 
1.29154967e-05 -4.92348659 -4.70142337 -4.41787359 -4.13747741 -3.85322580 
1.00000000e-05 -4.92348659 -4.70142337 -4.41787359 -4.13747741 -3.85322580 
7.74263683e-06 -4.92348659 -4.70142337 -4.41787359 -4.13747741 -3.85322580 
5.99484250e-06 -4.92348659 -4.70142337 -4.41787359 -4.13747741 -3.85322580 
4.64158883e-06 -4.92348659 -4.70142337 -4.41787359 -4.13747741 -3.85322580 
3.59381366e-06 -4.92348659 -4.70142337 -4.41787359 -4.13747741 -3.85322580 
2.78255940e-06 -4.92348659 -4.70142337 -4.41787359 -4.13747741 -3.85322580 
2.15443469e-06 -4.92348659 -4.70142337 -4.41787359 -4.13747741 -3.85322580 
1.66810054e-06 -4.92348659 -4.70142337 -4.41787359 -4.13747741 -3.85322580 
1.29154967e-06 -4.92348659 -4.70142337 -4.41787359 -4.13747741 -3.85322580 
1.00000000e-06 -4.92348659 -4.70142337 -4.41787359 -4.13747741 -3.85322580 
7.74263683e-07 -4.92348659 -4.70142337 -4.41787359 -4.13747741 -3.85322580 
5.99484250e-07 -4.92348659 -4.70142337 -4.41787359 -4.13747741 -3.85322580 
4.64158883e-07 -4.92348659 -4.70142337 -4.41787359 -4.13747741 -3.85322580 
3.59381366e-07 -4.92348659 -4.70142337 -4.41787359 -4.13747741 -3.85322580 
2.78255940e-07 -4.92348659 -4.70142337 -4.41787359 -4.13747741 -3.85322580 
2.15443469e-07 -4.92348659 -4.70142337 -4.41787359 -4.13747741 -3.85322580 
1.66810054e-07 -4.92348659 -4.70142337 -4.41787359 -4.13747741 -3.85322580 
1.29154967e-07 -4.92348659 -4.70142337 -4.41787359 -4.13747741 -3.85322580 
1.00000000e-07 -4.92348659 -4.70142337 -4.41787359 -4.13747741 -3.85322580 
7.74263683e-08 -4.92348659 -4.70142337 -4.41787359 -4.13747741 -3.85322580 
5.99484250e-08 -4.92348659 -4.70142337 -4.41787359 -4.13747741 -3.85322580 
4.64158883e-08 -4.92348659 -4.70142337 -4.41787359 -4.13747741 -3.85322580 
3.59381366e-08 -4.92348659 -4.70142337 -4.41787359 -4.13747741 -3.85322580 
2.78255940e-08 -4.92348659 -4.70142337 -4.41787359 -4.13747741 -3.85322580 
2.15443469e-08 -4.92348659 -4.70142337 -4.41787359 -4.13747741 -3.85322580 
1.66810054e-08 -4.92348659 -4.70142337 -4.41787359 -4.13747741 -3.85322580 
1.29154967e-08 -4.92348659 -4.70142337 -4.41787359 -4.13747741 -3.85322580 
1.00000000e-08 -4.92348659 -4.70142337 -4.41787359 -4.13747741 -3.85322580 
7.74263683e-09 -4.92348659 -4.70142337 -4.41787359 -4.13747741 -3.85322580 
5.99484250e-09 -4.92348659 -4.70142337 -4.41787359 -4.13747741 -3.85322580 
4.64158883e-09 -4.92348659 -4.70142337 -4.41787359 -4.13747741 -3.85322580 
3.59381366e-09 -4.92348659 -4.70142337 -4.41787359 -4.13747741 -3.85322580 
2.78255940e-09 -4.92348659 -4.70142337 -4.41787359 -4.13747741 -3.85322580 
2.15443469e-09 -4.92348659 -4.70142337 -4.41787359 -4.13747741 -3.85322580 
1.66810054e-09 -4.92348659 -4.70142337 -4.41787359 -4.13747741 -3.85322580 
1.29154967e-09 -4.92348659 -4.70142337 -4.41787359 -4.13747741 -3.85322580 
1.00000000e-09 -4.92348659 -4.70142337 -4.41787359 -4.13747741 -3.85322580 
7.74263683e-10 -4.92348659 -4.70142337 -4.41787359 -4.13747741 -3.85322580 
5.99484250e-10 -4.92348659 -4.70142337 -4.41787359 -4.13747741 -3.85322580 
4.64158883e-10 -4.92348659 -4.70142337 -4.41787359 -4.13747741 -3.85322580 
3.59381366e-10 -4.92348659 -4.70142337 -4.41787359 -4.13747741 -3.85322580 
2.78255940e-10 -4.92348659 -4.70142337 -4.41787359 -4.13747741 -3.85322580 
2.15443469e-10 -4.92348659 -4.70142337 -4.41787359 -4.13747741 -3.85322580 
1.66810054e-10 -4.92348659 -4.70142337 -4.41787359 -4.13747741 -3.85322580 
1.29154967e-10 -4.92348659 -4.70142337 -4.41787359 -4.13747741 -3.85322580 
1.00000000e-10 -4.92348659 -4.70142337 -4.41787359 -4.13747741 -3.85322580 
P (bar) | log_O2: -2σ | log_O2: -1σ | log_O2: median | log_O2: +1σ | log_O2: +2σ 
1.00000000e+01 -9.73308128 -8.34750294 -5.11491725 -2.24811478 -1.17335665 
7.74263683e+00 -9.73308128 -8.34750294 -5.11491725 -2.24811478 -1.17335665 
5.99484250e+00 -9.73308128 -8.34750294 -5.11491725 -2.24811478 -1.17335665 
4.64158883e+00 -9.73308128 -8.34750294 -5.11491725 -2.24811478 -1.17335665 
3.59381366e+00 -9.73308128 -8.34750294 -5.11491725 -2.24811478 -1.17335665 
2.78255940e+00 -9.73308128 -8.34750294 -5.11491725 -2.24811478 -1.17335665 
2.15443469e+00 -9.73308128 -8.34750294 -5.11491725 -2.24811478 -1.17335665 
1.66810054e+00 -9.73308128 -8.34750294 -5.11491725 -2.24811478 -1.17335665 
1.29154967e+00 -9.73308128 -8.34750294 -5.11491725 -2.24811478 -1.17335665 
1.00000000e+00 -9.73308128 -8.34750294 -5.11491725 -2.24811478 -1.17335665 
7.74263683e-01 -9.73308128 -8.34750294 -5.11491725 -2.24811478 -1.17335665 
5.99484250e-01 -9.73308128 -8.34750294 -5.11491725 -2.24811478 -1.17335665 
4.64158883e-01 -9.73308128 -8.34750294 -5.11491725 -2.24811478 -1.17335665 
3.59381366e-01 -9.73308128 -8.34750294 -5.11491725 -2.24811478 -1.17335665 
2.78255940e-01 -9.73308128 -8.34750294 -5.11491725 -2.24811478 -1.17335665 
2.15443469e-01 -9.73308128 -8.34750294 -5.11491725 -2.24811478 -1.17335665 
1.66810054e-01 -9.73308128 -8.34750294 -5.11491725 -2.24811478 -1.17335665 
1.29154967e-01 -9.73308128 -8.34750294 -5.11491725 -2.24811478 -1.17335665 
1.00000000e-01 -9.73308128 -8.34750294 -5.11491725 -2.24811478 -1.17335665 
7.74263683e-02 -9.73308128 -8.34750294 -5.11491725 -2.24811478 -1.17335665 
5.99484250e-02 -9.73308128 -8.34750294 -5.11491725 -2.24811478 -1.17335665 
4.64158883e-02 -9.73308128 -8.34750294 -5.11491725 -2.24811478 -1.17335665 
3.59381366e-02 -9.73308128 -8.34750294 -5.11491725 -2.24811478 -1.17335665 
2.78255940e-02 -9.73308128 -8.34750294 -5.11491725 -2.24811478 -1.17335665 
2.15443469e-02 -9.73308128 -8.34750294 -5.11491725 -2.24811478 -1.17335665 
1.66810054e-02 -9.73308128 -8.34750294 -5.11491725 -2.24811478 -1.17335665 
1.29154967e-02 -9.73308128 -8.34750294 -5.11491725 -2.24811478 -1.17335665 
1.00000000e-02 -9.73308128 -8.34750294 -5.11491725 -2.24811478 -1.17335665 
7.74263683e-03 -9.73308128 -8.34750294 -5.11491725 -2.24811478 -1.17335665 
5.99484250e-03 -9.73308128 -8.34750294 -5.11491725 -2.24811478 -1.17335665 
4.64158883e-03 -9.73308128 -8.34750294 -5.11491725 -2.24811478 -1.17335665 
3.59381366e-03 -9.73308128 -8.34750294 -5.11491725 -2.24811478 -1.17335665 
2.78255940e-03 -9.73308128 -8.34750294 -5.11491725 -2.24811478 -1.17335665 
2.15443469e-03 -9.73308128 -8.34750294 -5.11491725 -2.24811478 -1.17335665 
1.66810054e-03 -9.73308128 -8.34750294 -5.11491725 -2.24811478 -1.17335665 
1.29154967e-03 -9.73308128 -8.34750294 -5.11491725 -2.24811478 -1.17335665 
1.00000000e-03 -9.73308128 -8.34750294 -5.11491725 -2.24811478 -1.17335665 
7.74263683e-04 -9.73308128 -8.34750294 -5.11491725 -2.24811478 -1.17335665 
5.99484250e-04 -9.73308128 -8.34750294 -5.11491725 -2.24811478 -1.17335665 
4.64158883e-04 -9.73308128 -8.34750294 -5.11491725 -2.24811478 -1.17335665 
3.59381366e-04 -9.73308128 -8.34750294 -5.11491725 -2.24811478 -1.17335665 
2.78255940e-04 -9.73308128 -8.34750294 -5.11491725 -2.24811478 -1.17335665 
2.15443469e-04 -9.73308128 -8.34750294 -5.11491725 -2.24811478 -1.17335665 
1.66810054e-04 -9.73308128 -8.34750294 -5.11491725 -2.24811478 -1.17335665 
1.29154967e-04 -9.73308128 -8.34750294 -5.11491725 -2.24811478 -1.17335665 
1.00000000e-04 -9.73308128 -8.34750294 -5.11491725 -2.24811478 -1.17335665 
7.74263683e-05 -9.73308128 -8.34750294 -5.11491725 -2.24811478 -1.17335665 
5.99484250e-05 -9.73308128 -8.34750294 -5.11491725 -2.24811478 -1.17335665 
4.64158883e-05 -9.73308128 -8.34750294 -5.11491725 -2.24811478 -1.17335665 
3.59381366e-05 -9.73308128 -8.34750294 -5.11491725 -2.24811478 -1.17335665 
2.78255940e-05 -9.73308128 -8.34750294 -5.11491725 -2.24811478 -1.17335665 
2.15443469e-05 -9.73308128 -8.34750294 -5.11491725 -2.24811478 -1.17335665 
1.66810054e-05 -9.73308128 -8.34750294 -5.11491725 -2.24811478 -1.17335665 
1.29154967e-05 -9.73308128 -8.34750294 -5.11491725 -2.24811478 -1.17335665 
1.00000000e-05 -9.73308128 -8.34750294 -5.11491725 -2.24811478 -1.17335665 
7.74263683e-06 -9.73308128 -8.34750294 -5.11491725 -2.24811478 -1.17335665 
5.99484250e-06 -9.73308128 -8.34750294 -5.11491725 -2.24811478 -1.17335665 
4.64158883e-06 -9.73308128 -8.34750294 -5.11491725 -2.24811478 -1.17335665 
3.59381366e-06 -9.73308128 -8.34750294 -5.11491725 -2.24811478 -1.17335665 
2.78255940e-06 -9.73308128 -8.34750294 -5.11491725 -2.24811478 -1.17335665 
2.15443469e-06 -9.73308128 -8.34750294 -5.11491725 -2.24811478 -1.17335665 
1.66810054e-06 -9.73308128 -8.34750294 -5.11491725 -2.24811478 -1.17335665 
1.29154967e-06 -9.73308128 -8.34750294 -5.11491725 -2.24811478 -1.17335665 
1.00000000e-06 -9.73308128 -8.34750294 -5.11491725 -2.24811478 -1.17335665 
7.74263683e-07 -9.73308128 -8.34750294 -5.11491725 -2.24811478 -1.17335665 
5.99484250e-07 -9.73308128 -8.34750294 -5.11491725 -2.24811478 -1.17335665 
4.64158883e-07 -9.73308128 -8.34750294 -5.11491725 -2.24811478 -1.17335665 
3.59381366e-07 -9.73308128 -8.34750294 -5.11491725 -2.24811478 -1.17335665 
2.78255940e-07 -9.73308128 -8.34750294 -5.11491725 -2.24811478 -1.17335665 
2.15443469e-07 -9.73308128 -8.34750294 -5.11491725 -2.24811478 -1.17335665 
1.66810054e-07 -9.73308128 -8.34750294 -5.11491725 -2.24811478 -1.17335665 
1.29154967e-07 -9.73308128 -8.34750294 -5.11491725 -2.24811478 -1.17335665 
1.00000000e-07 -9.73308128 -8.34750294 -5.11491725 -2.24811478 -1.17335665 
7.74263683e-08 -9.73308128 -8.34750294 -5.11491725 -2.24811478 -1.17335665 
5.99484250e-08 -9.73308128 -8.34750294 -5.11491725 -2.24811478 -1.17335665 
4.64158883e-08 -9.73308128 -8.34750294 -5.11491725 -2.24811478 -1.17335665 
3.59381366e-08 -9.73308128 -8.34750294 -5.11491725 -2.24811478 -1.17335665 
2.78255940e-08 -9.73308128 -8.34750294 -5.11491725 -2.24811478 -1.17335665 
2.15443469e-08 -9.73308128 -8.34750294 -5.11491725 -2.24811478 -1.17335665 
1.66810054e-08 -9.73308128 -8.34750294 -5.11491725 -2.24811478 -1.17335665 
1.29154967e-08 -9.73308128 -8.34750294 -5.11491725 -2.24811478 -1.17335665 
1.00000000e-08 -9.73308128 -8.34750294 -5.11491725 -2.24811478 -1.17335665 
7.74263683e-09 -9.73308128 -8.34750294 -5.11491725 -2.24811478 -1.17335665 
5.99484250e-09 -9.73308128 -8.34750294 -5.11491725 -2.24811478 -1.17335665 
4.64158883e-09 -9.73308128 -8.34750294 -5.11491725 -2.24811478 -1.17335665 
3.59381366e-09 -9.73308128 -8.34750294 -5.11491725 -2.24811478 -1.17335665 
2.78255940e-09 -9.73308128 -8.34750294 -5.11491725 -2.24811478 -1.17335665 
2.15443469e-09 -9.73308128 -8.34750294 -5.11491725 -2.24811478 -1.17335665 
1.66810054e-09 -9.73308128 -8.34750294 -5.11491725 -2.24811478 -1.17335665 
1.29154967e-09 -9.73308128 -8.34750294 -5.11491725 -2.24811478 -1.17335665 
1.00000000e-09 -9.73308128 -8.34750294 -5.11491725 -2.24811478 -1.17335665 
7.74263683e-10 -9.73308128 -8.34750294 -5.11491725 -2.24811478 -1.17335665 
5.99484250e-10 -9.73308128 -8.34750294 -5.11491725 -2.24811478 -1.17335665 
4.64158883e-10 -9.73308128 -8.34750294 -5.11491725 -2.24811478 -1.17335665 
3.59381366e-10 -9.73308128 -8.34750294 -5.11491725 -2.24811478 -1.17335665 
2.78255940e-10 -9.73308128 -8.34750294 -5.11491725 -2.24811478 -1.17335665 
2.15443469e-10 -9.73308128 -8.34750294 -5.11491725 -2.24811478 -1.17335665 
1.66810054e-10 -9.73308128 -8.34750294 -5.11491725 -2.24811478 -1.17335665 
1.29154967e-10 -9.73308128 -8.34750294 -5.11491725 -2.24811478 -1.17335665 
1.00000000e-10 -9.73308128 -8.34750294 -5.11491725 -2.24811478 -1.17335665 
P (bar) | log_O3: -2σ | log_O3: -1σ | log_O3: median | log_O3: +1σ | log_O3: +2σ 
1.00000000e+01 -9.95157984 -9.69595493 -8.95858691 -7.85246733 -6.96420417 
7.74263683e+00 -9.95157984 -9.69595493 -8.95858691 -7.85246733 -6.96420417 
5.99484250e+00 -9.95157984 -9.69595493 -8.95858691 -7.85246733 -6.96420417 
4.64158883e+00 -9.95157984 -9.69595493 -8.95858691 -7.85246733 -6.96420417 
3.59381366e+00 -9.95157984 -9.69595493 -8.95858691 -7.85246733 -6.96420417 
2.78255940e+00 -9.95157984 -9.69595493 -8.95858691 -7.85246733 -6.96420417 
2.15443469e+00 -9.95157984 -9.69595493 -8.95858691 -7.85246733 -6.96420417 
1.66810054e+00 -9.95157984 -9.69595493 -8.95858691 -7.85246733 -6.96420417 
1.29154967e+00 -9.95157984 -9.69595493 -8.95858691 -7.85246733 -6.96420417 
1.00000000e+00 -9.95157984 -9.69595493 -8.95858691 -7.85246733 -6.96420417 
7.74263683e-01 -9.95157984 -9.69595493 -8.95858691 -7.85246733 -6.96420417 
5.99484250e-01 -9.95157984 -9.69595493 -8.95858691 -7.85246733 -6.96420417 
4.64158883e-01 -9.95157984 -9.69595493 -8.95858691 -7.85246733 -6.96420417 
3.59381366e-01 -9.95157984 -9.69595493 -8.95858691 -7.85246733 -6.96420417 
2.78255940e-01 -9.95157984 -9.69595493 -8.95858691 -7.85246733 -6.96420417 
2.15443469e-01 -9.95157984 -9.69595493 -8.95858691 -7.85246733 -6.96420417 
1.66810054e-01 -9.95157984 -9.69595493 -8.95858691 -7.85246733 -6.96420417 
1.29154967e-01 -9.95157984 -9.69595493 -8.95858691 -7.85246733 -6.96420417 
1.00000000e-01 -9.95157984 -9.69595493 -8.95858691 -7.85246733 -6.96420417 
7.74263683e-02 -9.95157984 -9.69595493 -8.95858691 -7.85246733 -6.96420417 
5.99484250e-02 -9.95157984 -9.69595493 -8.95858691 -7.85246733 -6.96420417 
4.64158883e-02 -9.95157984 -9.69595493 -8.95858691 -7.85246733 -6.96420417 
3.59381366e-02 -9.95157984 -9.69595493 -8.95858691 -7.85246733 -6.96420417 
2.78255940e-02 -9.95157984 -9.69595493 -8.95858691 -7.85246733 -6.96420417 
2.15443469e-02 -9.95157984 -9.69595493 -8.95858691 -7.85246733 -6.96420417 
1.66810054e-02 -9.95157984 -9.69595493 -8.95858691 -7.85246733 -6.96420417 
1.29154967e-02 -9.95157984 -9.69595493 -8.95858691 -7.85246733 -6.96420417 
1.00000000e-02 -9.95157984 -9.69595493 -8.95858691 -7.85246733 -6.96420417 
7.74263683e-03 -9.95157984 -9.69595493 -8.95858691 -7.85246733 -6.96420417 
5.99484250e-03 -9.95157984 -9.69595493 -8.95858691 -7.85246733 -6.96420417 
4.64158883e-03 -9.95157984 -9.69595493 -8.95858691 -7.85246733 -6.96420417 
3.59381366e-03 -9.95157984 -9.69595493 -8.95858691 -7.85246733 -6.96420417 
2.78255940e-03 -9.95157984 -9.69595493 -8.95858691 -7.85246733 -6.96420417 
2.15443469e-03 -9.95157984 -9.69595493 -8.95858691 -7.85246733 -6.96420417 
1.66810054e-03 -9.95157984 -9.69595493 -8.95858691 -7.85246733 -6.96420417 
1.29154967e-03 -9.95157984 -9.69595493 -8.95858691 -7.85246733 -6.96420417 
1.00000000e-03 -9.95157984 -9.69595493 -8.95858691 -7.85246733 -6.96420417 
7.74263683e-04 -9.95157984 -9.69595493 -8.95858691 -7.85246733 -6.96420417 
5.99484250e-04 -9.95157984 -9.69595493 -8.95858691 -7.85246733 -6.96420417 
4.64158883e-04 -9.95157984 -9.69595493 -8.95858691 -7.85246733 -6.96420417 
3.59381366e-04 -9.95157984 -9.69595493 -8.95858691 -7.85246733 -6.96420417 
2.78255940e-04 -9.95157984 -9.69595493 -8.95858691 -7.85246733 -6.96420417 
2.15443469e-04 -9.95157984 -9.69595493 -8.95858691 -7.85246733 -6.96420417 
1.66810054e-04 -9.95157984 -9.69595493 -8.95858691 -7.85246733 -6.96420417 
1.29154967e-04 -9.95157984 -9.69595493 -8.95858691 -7.85246733 -6.96420417 
1.00000000e-04 -9.95157984 -9.69595493 -8.95858691 -7.85246733 -6.96420417 
7.74263683e-05 -9.95157984 -9.69595493 -8.95858691 -7.85246733 -6.96420417 
5.99484250e-05 -9.95157984 -9.69595493 -8.95858691 -7.85246733 -6.96420417 
4.64158883e-05 -9.95157984 -9.69595493 -8.95858691 -7.85246733 -6.96420417 
3.59381366e-05 -9.95157984 -9.69595493 -8.95858691 -7.85246733 -6.96420417 
2.78255940e-05 -9.95157984 -9.69595493 -8.95858691 -7.85246733 -6.96420417 
2.15443469e-05 -9.95157984 -9.69595493 -8.95858691 -7.85246733 -6.96420417 
1.66810054e-05 -9.95157984 -9.69595493 -8.95858691 -7.85246733 -6.96420417 
1.29154967e-05 -9.95157984 -9.69595493 -8.95858691 -7.85246733 -6.96420417 
1.00000000e-05 -9.95157984 -9.69595493 -8.95858691 -7.85246733 -6.96420417 
7.74263683e-06 -9.95157984 -9.69595493 -8.95858691 -7.85246733 -6.96420417 
5.99484250e-06 -9.95157984 -9.69595493 -8.95858691 -7.85246733 -6.96420417 
4.64158883e-06 -9.95157984 -9.69595493 -8.95858691 -7.85246733 -6.96420417 
3.59381366e-06 -9.95157984 -9.69595493 -8.95858691 -7.85246733 -6.96420417 
2.78255940e-06 -9.95157984 -9.69595493 -8.95858691 -7.85246733 -6.96420417 
2.15443469e-06 -9.95157984 -9.69595493 -8.95858691 -7.85246733 -6.96420417 
1.66810054e-06 -9.95157984 -9.69595493 -8.95858691 -7.85246733 -6.96420417 
1.29154967e-06 -9.95157984 -9.69595493 -8.95858691 -7.85246733 -6.96420417 
1.00000000e-06 -9.95157984 -9.69595493 -8.95858691 -7.85246733 -6.96420417 
7.74263683e-07 -9.95157984 -9.69595493 -8.95858691 -7.85246733 -6.96420417 
5.99484250e-07 -9.95157984 -9.69595493 -8.95858691 -7.85246733 -6.96420417 
4.64158883e-07 -9.95157984 -9.69595493 -8.95858691 -7.85246733 -6.96420417 
3.59381366e-07 -9.95157984 -9.69595493 -8.95858691 -7.85246733 -6.96420417 
2.78255940e-07 -9.95157984 -9.69595493 -8.95858691 -7.85246733 -6.96420417 
2.15443469e-07 -9.95157984 -9.69595493 -8.95858691 -7.85246733 -6.96420417 
1.66810054e-07 -9.95157984 -9.69595493 -8.95858691 -7.85246733 -6.96420417 
1.29154967e-07 -9.95157984 -9.69595493 -8.95858691 -7.85246733 -6.96420417 
1.00000000e-07 -9.95157984 -9.69595493 -8.95858691 -7.85246733 -6.96420417 
7.74263683e-08 -9.95157984 -9.69595493 -8.95858691 -7.85246733 -6.96420417 
5.99484250e-08 -9.95157984 -9.69595493 -8.95858691 -7.85246733 -6.96420417 
4.64158883e-08 -9.95157984 -9.69595493 -8.95858691 -7.85246733 -6.96420417 
3.59381366e-08 -9.95157984 -9.69595493 -8.95858691 -7.85246733 -6.96420417 
2.78255940e-08 -9.95157984 -9.69595493 -8.95858691 -7.85246733 -6.96420417 
2.15443469e-08 -9.95157984 -9.69595493 -8.95858691 -7.85246733 -6.96420417 
1.66810054e-08 -9.95157984 -9.69595493 -8.95858691 -7.85246733 -6.96420417 
1.29154967e-08 -9.95157984 -9.69595493 -8.95858691 -7.85246733 -6.96420417 
1.00000000e-08 -9.95157984 -9.69595493 -8.95858691 -7.85246733 -6.96420417 
7.74263683e-09 -9.95157984 -9.69595493 -8.95858691 -7.85246733 -6.96420417 
5.99484250e-09 -9.95157984 -9.69595493 -8.95858691 -7.85246733 -6.96420417 
4.64158883e-09 -9.95157984 -9.69595493 -8.95858691 -7.85246733 -6.96420417 
3.59381366e-09 -9.95157984 -9.69595493 -8.95858691 -7.85246733 -6.96420417 
2.78255940e-09 -9.95157984 -9.69595493 -8.95858691 -7.85246733 -6.96420417 
2.15443469e-09 -9.95157984 -9.69595493 -8.95858691 -7.85246733 -6.96420417 
1.66810054e-09 -9.95157984 -9.69595493 -8.95858691 -7.85246733 -6.96420417 
1.29154967e-09 -9.95157984 -9.69595493 -8.95858691 -7.85246733 -6.96420417 
1.00000000e-09 -9.95157984 -9.69595493 -8.95858691 -7.85246733 -6.96420417 
7.74263683e-10 -9.95157984 -9.69595493 -8.95858691 -7.85246733 -6.96420417 
5.99484250e-10 -9.95157984 -9.69595493 -8.95858691 -7.85246733 -6.96420417 
4.64158883e-10 -9.95157984 -9.69595493 -8.95858691 -7.85246733 -6.96420417 
3.59381366e-10 -9.95157984 -9.69595493 -8.95858691 -7.85246733 -6.96420417 
2.78255940e-10 -9.95157984 -9.69595493 -8.95858691 -7.85246733 -6.96420417 
2.15443469e-10 -9.95157984 -9.69595493 -8.95858691 -7.85246733 -6.96420417 
1.66810054e-10 -9.95157984 -9.69595493 -8.95858691 -7.85246733 -6.96420417 
1.29154967e-10 -9.95157984 -9.69595493 -8.95858691 -7.85246733 -6.96420417 
1.00000000e-10 -9.95157984 -9.69595493 -8.95858691 -7.85246733 -6.96420417 
P (bar) | log_N2O: -2σ | log_N2O: -1σ | log_N2O: median | log_N2O: +1σ | log_N2O: +2σ 
1.00000000e+01 -6.45200814 -5.59128852 -4.92596422 -4.38683174 -3.83370836 
7.74263683e+00 -6.45200814 -5.59128852 -4.92596422 -4.38683174 -3.83370836 
5.99484250e+00 -6.45200814 -5.59128852 -4.92596422 -4.38683174 -3.83370836 
4.64158883e+00 -6.45200814 -5.59128852 -4.92596422 -4.38683174 -3.83370836 
3.59381366e+00 -6.45200814 -5.59128852 -4.92596422 -4.38683174 -3.83370836 
2.78255940e+00 -6.45200814 -5.59128852 -4.92596422 -4.38683174 -3.83370836 
2.15443469e+00 -6.45200814 -5.59128852 -4.92596422 -4.38683174 -3.83370836 
1.66810054e+00 -6.45200814 -5.59128852 -4.92596422 -4.38683174 -3.83370836 
1.29154967e+00 -6.45200814 -5.59128852 -4.92596422 -4.38683174 -3.83370836 
1.00000000e+00 -6.45200814 -5.59128852 -4.92596422 -4.38683174 -3.83370836 
7.74263683e-01 -6.45200814 -5.59128852 -4.92596422 -4.38683174 -3.83370836 
5.99484250e-01 -6.45200814 -5.59128852 -4.92596422 -4.38683174 -3.83370836 
4.64158883e-01 -6.45200814 -5.59128852 -4.92596422 -4.38683174 -3.83370836 
3.59381366e-01 -6.45200814 -5.59128852 -4.92596422 -4.38683174 -3.83370836 
2.78255940e-01 -6.45200814 -5.59128852 -4.92596422 -4.38683174 -3.83370836 
2.15443469e-01 -6.45200814 -5.59128852 -4.92596422 -4.38683174 -3.83370836 
1.66810054e-01 -6.45200814 -5.59128852 -4.92596422 -4.38683174 -3.83370836 
1.29154967e-01 -6.45200814 -5.59128852 -4.92596422 -4.38683174 -3.83370836 
1.00000000e-01 -6.45200814 -5.59128852 -4.92596422 -4.38683174 -3.83370836 
7.74263683e-02 -6.45200814 -5.59128852 -4.92596422 -4.38683174 -3.83370836 
5.99484250e-02 -6.45200814 -5.59128852 -4.92596422 -4.38683174 -3.83370836 
4.64158883e-02 -6.45200814 -5.59128852 -4.92596422 -4.38683174 -3.83370836 
3.59381366e-02 -6.45200814 -5.59128852 -4.92596422 -4.38683174 -3.83370836 
2.78255940e-02 -6.45200814 -5.59128852 -4.92596422 -4.38683174 -3.83370836 
2.15443469e-02 -6.45200814 -5.59128852 -4.92596422 -4.38683174 -3.83370836 
1.66810054e-02 -6.45200814 -5.59128852 -4.92596422 -4.38683174 -3.83370836 
1.29154967e-02 -6.45200814 -5.59128852 -4.92596422 -4.38683174 -3.83370836 
1.00000000e-02 -6.45200814 -5.59128852 -4.92596422 -4.38683174 -3.83370836 
7.74263683e-03 -6.45200814 -5.59128852 -4.92596422 -4.38683174 -3.83370836 
5.99484250e-03 -6.45200814 -5.59128852 -4.92596422 -4.38683174 -3.83370836 
4.64158883e-03 -6.45200814 -5.59128852 -4.92596422 -4.38683174 -3.83370836 
3.59381366e-03 -6.45200814 -5.59128852 -4.92596422 -4.38683174 -3.83370836 
2.78255940e-03 -6.45200814 -5.59128852 -4.92596422 -4.38683174 -3.83370836 
2.15443469e-03 -6.45200814 -5.59128852 -4.92596422 -4.38683174 -3.83370836 
1.66810054e-03 -6.45200814 -5.59128852 -4.92596422 -4.38683174 -3.83370836 
1.29154967e-03 -6.45200814 -5.59128852 -4.92596422 -4.38683174 -3.83370836 
1.00000000e-03 -6.45200814 -5.59128852 -4.92596422 -4.38683174 -3.83370836 
7.74263683e-04 -6.45200814 -5.59128852 -4.92596422 -4.38683174 -3.83370836 
5.99484250e-04 -6.45200814 -5.59128852 -4.92596422 -4.38683174 -3.83370836 
4.64158883e-04 -6.45200814 -5.59128852 -4.92596422 -4.38683174 -3.83370836 
3.59381366e-04 -6.45200814 -5.59128852 -4.92596422 -4.38683174 -3.83370836 
2.78255940e-04 -6.45200814 -5.59128852 -4.92596422 -4.38683174 -3.83370836 
2.15443469e-04 -6.45200814 -5.59128852 -4.92596422 -4.38683174 -3.83370836 
1.66810054e-04 -6.45200814 -5.59128852 -4.92596422 -4.38683174 -3.83370836 
1.29154967e-04 -6.45200814 -5.59128852 -4.92596422 -4.38683174 -3.83370836 
1.00000000e-04 -6.45200814 -5.59128852 -4.92596422 -4.38683174 -3.83370836 
7.74263683e-05 -6.45200814 -5.59128852 -4.92596422 -4.38683174 -3.83370836 
5.99484250e-05 -6.45200814 -5.59128852 -4.92596422 -4.38683174 -3.83370836 
4.64158883e-05 -6.45200814 -5.59128852 -4.92596422 -4.38683174 -3.83370836 
3.59381366e-05 -6.45200814 -5.59128852 -4.92596422 -4.38683174 -3.83370836 
2.78255940e-05 -6.45200814 -5.59128852 -4.92596422 -4.38683174 -3.83370836 
2.15443469e-05 -6.45200814 -5.59128852 -4.92596422 -4.38683174 -3.83370836 
1.66810054e-05 -6.45200814 -5.59128852 -4.92596422 -4.38683174 -3.83370836 
1.29154967e-05 -6.45200814 -5.59128852 -4.92596422 -4.38683174 -3.83370836 
1.00000000e-05 -6.45200814 -5.59128852 -4.92596422 -4.38683174 -3.83370836 
7.74263683e-06 -6.45200814 -5.59128852 -4.92596422 -4.38683174 -3.83370836 
5.99484250e-06 -6.45200814 -5.59128852 -4.92596422 -4.38683174 -3.83370836 
4.64158883e-06 -6.45200814 -5.59128852 -4.92596422 -4.38683174 -3.83370836 
3.59381366e-06 -6.45200814 -5.59128852 -4.92596422 -4.38683174 -3.83370836 
2.78255940e-06 -6.45200814 -5.59128852 -4.92596422 -4.38683174 -3.83370836 
2.15443469e-06 -6.45200814 -5.59128852 -4.92596422 -4.38683174 -3.83370836 
1.66810054e-06 -6.45200814 -5.59128852 -4.92596422 -4.38683174 -3.83370836 
1.29154967e-06 -6.45200814 -5.59128852 -4.92596422 -4.38683174 -3.83370836 
1.00000000e-06 -6.45200814 -5.59128852 -4.92596422 -4.38683174 -3.83370836 
7.74263683e-07 -6.45200814 -5.59128852 -4.92596422 -4.38683174 -3.83370836 
5.99484250e-07 -6.45200814 -5.59128852 -4.92596422 -4.38683174 -3.83370836 
4.64158883e-07 -6.45200814 -5.59128852 -4.92596422 -4.38683174 -3.83370836 
3.59381366e-07 -6.45200814 -5.59128852 -4.92596422 -4.38683174 -3.83370836 
2.78255940e-07 -6.45200814 -5.59128852 -4.92596422 -4.38683174 -3.83370836 
2.15443469e-07 -6.45200814 -5.59128852 -4.92596422 -4.38683174 -3.83370836 
1.66810054e-07 -6.45200814 -5.59128852 -4.92596422 -4.38683174 -3.83370836 
1.29154967e-07 -6.45200814 -5.59128852 -4.92596422 -4.38683174 -3.83370836 
1.00000000e-07 -6.45200814 -5.59128852 -4.92596422 -4.38683174 -3.83370836 
7.74263683e-08 -6.45200814 -5.59128852 -4.92596422 -4.38683174 -3.83370836 
5.99484250e-08 -6.45200814 -5.59128852 -4.92596422 -4.38683174 -3.83370836 
4.64158883e-08 -6.45200814 -5.59128852 -4.92596422 -4.38683174 -3.83370836 
3.59381366e-08 -6.45200814 -5.59128852 -4.92596422 -4.38683174 -3.83370836 
2.78255940e-08 -6.45200814 -5.59128852 -4.92596422 -4.38683174 -3.83370836 
2.15443469e-08 -6.45200814 -5.59128852 -4.92596422 -4.38683174 -3.83370836 
1.66810054e-08 -6.45200814 -5.59128852 -4.92596422 -4.38683174 -3.83370836 
1.29154967e-08 -6.45200814 -5.59128852 -4.92596422 -4.38683174 -3.83370836 
1.00000000e-08 -6.45200814 -5.59128852 -4.92596422 -4.38683174 -3.83370836 
7.74263683e-09 -6.45200814 -5.59128852 -4.92596422 -4.38683174 -3.83370836 
5.99484250e-09 -6.45200814 -5.59128852 -4.92596422 -4.38683174 -3.83370836 
4.64158883e-09 -6.45200814 -5.59128852 -4.92596422 -4.38683174 -3.83370836 
3.59381366e-09 -6.45200814 -5.59128852 -4.92596422 -4.38683174 -3.83370836 
2.78255940e-09 -6.45200814 -5.59128852 -4.92596422 -4.38683174 -3.83370836 
2.15443469e-09 -6.45200814 -5.59128852 -4.92596422 -4.38683174 -3.83370836 
1.66810054e-09 -6.45200814 -5.59128852 -4.92596422 -4.38683174 -3.83370836 
1.29154967e-09 -6.45200814 -5.59128852 -4.92596422 -4.38683174 -3.83370836 
1.00000000e-09 -6.45200814 -5.59128852 -4.92596422 -4.38683174 -3.83370836 
7.74263683e-10 -6.45200814 -5.59128852 -4.92596422 -4.38683174 -3.83370836 
5.99484250e-10 -6.45200814 -5.59128852 -4.92596422 -4.38683174 -3.83370836 
4.64158883e-10 -6.45200814 -5.59128852 -4.92596422 -4.38683174 -3.83370836 
3.59381366e-10 -6.45200814 -5.59128852 -4.92596422 -4.38683174 -3.83370836 
2.78255940e-10 -6.45200814 -5.59128852 -4.92596422 -4.38683174 -3.83370836 
2.15443469e-10 -6.45200814 -5.59128852 -4.92596422 -4.38683174 -3.83370836 
1.66810054e-10 -6.45200814 -5.59128852 -4.92596422 -4.38683174 -3.83370836 
1.29154967e-10 -6.45200814 -5.59128852 -4.92596422 -4.38683174 -3.83370836 
1.00000000e-10 -6.45200814 -5.59128852 -4.92596422 -4.38683174 -3.83370836 
P (bar) | log_NH3: -2σ | log_NH3: -1σ | log_NH3: median | log_NH3: +1σ | log_NH3: +2σ 
1.00000000e+01 -9.87215648 -9.29567762 -7.78886659 -6.59104119 -5.93531100 
7.74263683e+00 -9.87215648 -9.29567762 -7.78886659 -6.59104119 -5.93531100 
5.99484250e+00 -9.87215648 -9.29567762 -7.78886659 -6.59104119 -5.93531100 
4.64158883e+00 -9.87215648 -9.29567762 -7.78886659 -6.59104119 -5.93531100 
3.59381366e+00 -9.87215648 -9.29567762 -7.78886659 -6.59104119 -5.93531100 
2.78255940e+00 -9.87215648 -9.29567762 -7.78886659 -6.59104119 -5.93531100 
2.15443469e+00 -9.87215648 -9.29567762 -7.78886659 -6.59104119 -5.93531100 
1.66810054e+00 -9.87215648 -9.29567762 -7.78886659 -6.59104119 -5.93531100 
1.29154967e+00 -9.87215648 -9.29567762 -7.78886659 -6.59104119 -5.93531100 
1.00000000e+00 -9.87215648 -9.29567762 -7.78886659 -6.59104119 -5.93531100 
7.74263683e-01 -9.87215648 -9.29567762 -7.78886659 -6.59104119 -5.93531100 
5.99484250e-01 -9.87215648 -9.29567762 -7.78886659 -6.59104119 -5.93531100 
4.64158883e-01 -9.87215648 -9.29567762 -7.78886659 -6.59104119 -5.93531100 
3.59381366e-01 -9.87215648 -9.29567762 -7.78886659 -6.59104119 -5.93531100 
2.78255940e-01 -9.87215648 -9.29567762 -7.78886659 -6.59104119 -5.93531100 
2.15443469e-01 -9.87215648 -9.29567762 -7.78886659 -6.59104119 -5.93531100 
1.66810054e-01 -9.87215648 -9.29567762 -7.78886659 -6.59104119 -5.93531100 
1.29154967e-01 -9.87215648 -9.29567762 -7.78886659 -6.59104119 -5.93531100 
1.00000000e-01 -9.87215648 -9.29567762 -7.78886659 -6.59104119 -5.93531100 
7.74263683e-02 -9.87215648 -9.29567762 -7.78886659 -6.59104119 -5.93531100 
5.99484250e-02 -9.87215648 -9.29567762 -7.78886659 -6.59104119 -5.93531100 
4.64158883e-02 -9.87215648 -9.29567762 -7.78886659 -6.59104119 -5.93531100 
3.59381366e-02 -9.87215648 -9.29567762 -7.78886659 -6.59104119 -5.93531100 
2.78255940e-02 -9.87215648 -9.29567762 -7.78886659 -6.59104119 -5.93531100 
2.15443469e-02 -9.87215648 -9.29567762 -7.78886659 -6.59104119 -5.93531100 
1.66810054e-02 -9.87215648 -9.29567762 -7.78886659 -6.59104119 -5.93531100 
1.29154967e-02 -9.87215648 -9.29567762 -7.78886659 -6.59104119 -5.93531100 
1.00000000e-02 -9.87215648 -9.29567762 -7.78886659 -6.59104119 -5.93531100 
7.74263683e-03 -9.87215648 -9.29567762 -7.78886659 -6.59104119 -5.93531100 
5.99484250e-03 -9.87215648 -9.29567762 -7.78886659 -6.59104119 -5.93531100 
4.64158883e-03 -9.87215648 -9.29567762 -7.78886659 -6.59104119 -5.93531100 
3.59381366e-03 -9.87215648 -9.29567762 -7.78886659 -6.59104119 -5.93531100 
2.78255940e-03 -9.87215648 -9.29567762 -7.78886659 -6.59104119 -5.93531100 
2.15443469e-03 -9.87215648 -9.29567762 -7.78886659 -6.59104119 -5.93531100 
1.66810054e-03 -9.87215648 -9.29567762 -7.78886659 -6.59104119 -5.93531100 
1.29154967e-03 -9.87215648 -9.29567762 -7.78886659 -6.59104119 -5.93531100 
1.00000000e-03 -9.87215648 -9.29567762 -7.78886659 -6.59104119 -5.93531100 
7.74263683e-04 -9.87215648 -9.29567762 -7.78886659 -6.59104119 -5.93531100 
5.99484250e-04 -9.87215648 -9.29567762 -7.78886659 -6.59104119 -5.93531100 
4.64158883e-04 -9.87215648 -9.29567762 -7.78886659 -6.59104119 -5.93531100 
3.59381366e-04 -9.87215648 -9.29567762 -7.78886659 -6.59104119 -5.93531100 
2.78255940e-04 -9.87215648 -9.29567762 -7.78886659 -6.59104119 -5.93531100 
2.15443469e-04 -9.87215648 -9.29567762 -7.78886659 -6.59104119 -5.93531100 
1.66810054e-04 -9.87215648 -9.29567762 -7.78886659 -6.59104119 -5.93531100 
1.29154967e-04 -9.87215648 -9.29567762 -7.78886659 -6.59104119 -5.93531100 
1.00000000e-04 -9.87215648 -9.29567762 -7.78886659 -6.59104119 -5.93531100 
7.74263683e-05 -9.87215648 -9.29567762 -7.78886659 -6.59104119 -5.93531100 
5.99484250e-05 -9.87215648 -9.29567762 -7.78886659 -6.59104119 -5.93531100 
4.64158883e-05 -9.87215648 -9.29567762 -7.78886659 -6.59104119 -5.93531100 
3.59381366e-05 -9.87215648 -9.29567762 -7.78886659 -6.59104119 -5.93531100 
2.78255940e-05 -9.87215648 -9.29567762 -7.78886659 -6.59104119 -5.93531100 
2.15443469e-05 -9.87215648 -9.29567762 -7.78886659 -6.59104119 -5.93531100 
1.66810054e-05 -9.87215648 -9.29567762 -7.78886659 -6.59104119 -5.93531100 
1.29154967e-05 -9.87215648 -9.29567762 -7.78886659 -6.59104119 -5.93531100 
1.00000000e-05 -9.87215648 -9.29567762 -7.78886659 -6.59104119 -5.93531100 
7.74263683e-06 -9.87215648 -9.29567762 -7.78886659 -6.59104119 -5.93531100 
5.99484250e-06 -9.87215648 -9.29567762 -7.78886659 -6.59104119 -5.93531100 
4.64158883e-06 -9.87215648 -9.29567762 -7.78886659 -6.59104119 -5.93531100 
3.59381366e-06 -9.87215648 -9.29567762 -7.78886659 -6.59104119 -5.93531100 
2.78255940e-06 -9.87215648 -9.29567762 -7.78886659 -6.59104119 -5.93531100 
2.15443469e-06 -9.87215648 -9.29567762 -7.78886659 -6.59104119 -5.93531100 
1.66810054e-06 -9.87215648 -9.29567762 -7.78886659 -6.59104119 -5.93531100 
1.29154967e-06 -9.87215648 -9.29567762 -7.78886659 -6.59104119 -5.93531100 
1.00000000e-06 -9.87215648 -9.29567762 -7.78886659 -6.59104119 -5.93531100 
7.74263683e-07 -9.87215648 -9.29567762 -7.78886659 -6.59104119 -5.93531100 
5.99484250e-07 -9.87215648 -9.29567762 -7.78886659 -6.59104119 -5.93531100 
4.64158883e-07 -9.87215648 -9.29567762 -7.78886659 -6.59104119 -5.93531100 
3.59381366e-07 -9.87215648 -9.29567762 -7.78886659 -6.59104119 -5.93531100 
2.78255940e-07 -9.87215648 -9.29567762 -7.78886659 -6.59104119 -5.93531100 
2.15443469e-07 -9.87215648 -9.29567762 -7.78886659 -6.59104119 -5.93531100 
1.66810054e-07 -9.87215648 -9.29567762 -7.78886659 -6.59104119 -5.93531100 
1.29154967e-07 -9.87215648 -9.29567762 -7.78886659 -6.59104119 -5.93531100 
1.00000000e-07 -9.87215648 -9.29567762 -7.78886659 -6.59104119 -5.93531100 
7.74263683e-08 -9.87215648 -9.29567762 -7.78886659 -6.59104119 -5.93531100 
5.99484250e-08 -9.87215648 -9.29567762 -7.78886659 -6.59104119 -5.93531100 
4.64158883e-08 -9.87215648 -9.29567762 -7.78886659 -6.59104119 -5.93531100 
3.59381366e-08 -9.87215648 -9.29567762 -7.78886659 -6.59104119 -5.93531100 
2.78255940e-08 -9.87215648 -9.29567762 -7.78886659 -6.59104119 -5.93531100 
2.15443469e-08 -9.87215648 -9.29567762 -7.78886659 -6.59104119 -5.93531100 
1.66810054e-08 -9.87215648 -9.29567762 -7.78886659 -6.59104119 -5.93531100 
1.29154967e-08 -9.87215648 -9.29567762 -7.78886659 -6.59104119 -5.93531100 
1.00000000e-08 -9.87215648 -9.29567762 -7.78886659 -6.59104119 -5.93531100 
7.74263683e-09 -9.87215648 -9.29567762 -7.78886659 -6.59104119 -5.93531100 
5.99484250e-09 -9.87215648 -9.29567762 -7.78886659 -6.59104119 -5.93531100 
4.64158883e-09 -9.87215648 -9.29567762 -7.78886659 -6.59104119 -5.93531100 
3.59381366e-09 -9.87215648 -9.29567762 -7.78886659 -6.59104119 -5.93531100 
2.78255940e-09 -9.87215648 -9.29567762 -7.78886659 -6.59104119 -5.93531100 
2.15443469e-09 -9.87215648 -9.29567762 -7.78886659 -6.59104119 -5.93531100 
1.66810054e-09 -9.87215648 -9.29567762 -7.78886659 -6.59104119 -5.93531100 
1.29154967e-09 -9.87215648 -9.29567762 -7.78886659 -6.59104119 -5.93531100 
1.00000000e-09 -9.87215648 -9.29567762 -7.78886659 -6.59104119 -5.93531100 
7.74263683e-10 -9.87215648 -9.29567762 -7.78886659 -6.59104119 -5.93531100 
5.99484250e-10 -9.87215648 -9.29567762 -7.78886659 -6.59104119 -5.93531100 
4.64158883e-10 -9.87215648 -9.29567762 -7.78886659 -6.59104119 -5.93531100 
3.59381366e-10 -9.87215648 -9.29567762 -7.78886659 -6.59104119 -5.93531100 
2.78255940e-10 -9.87215648 -9.29567762 -7.78886659 -6.59104119 -5.93531100 
2.15443469e-10 -9.87215648 -9.29567762 -7.78886659 -6.59104119 -5.93531100 
1.66810054e-10 -9.87215648 -9.29567762 -7.78886659 -6.59104119 -5.93531100 
1.29154967e-10 -9.87215648 -9.29567762 -7.78886659 -6.59104119 -5.93531100 
1.00000000e-10 -9.87215648 -9.29567762 -7.78886659 -6.59104119 -5.93531100 
