Chemical species: N2 H2O CO2 CH4 O2 O3 N2O NH3
P (bar) | log_N2: -2σ | log_N2: -1σ | log_N2: median | log_N2: +1σ | log_N2: +2σ 
1.00000000e+01 -0.04407376 -0.03149797 -0.00983263 -0.00013629 -0.00004153 
7.74263683e+00 -0.04407376 -0.03149797 -0.00983263 -0.00013629 -0.00004153 
5.99484250e+00 -0.04407376 -0.03149797 -0.00983263 -0.00013629 -0.00004153 
4.64158883e+00 -0.04407376 -0.03149797 -0.00983263 -0.00013629 -0.00004153 
3.59381366e+00 -0.04407376 -0.03149797 -0.00983263 -0.00013629 -0.00004153 
2.78255940e+00 -0.04407376 -0.03149797 -0.00983263 -0.00013629 -0.00004153 
2.15443469e+00 -0.04407376 -0.03149797 -0.00983263 -0.00013629 -0.00004153 
1.66810054e+00 -0.04407376 -0.03149797 -0.00983263 -0.00013629 -0.00004153 
1.29154967e+00 -0.04407376 -0.03149797 -0.00983263 -0.00013629 -0.00004153 
1.00000000e+00 -0.04407376 -0.03149797 -0.00983263 -0.00013629 -0.00004153 
7.74263683e-01 -0.04407376 -0.03149797 -0.00983263 -0.00013629 -0.00004153 
5.99484250e-01 -0.04407376 -0.03149797 -0.00983263 -0.00013629 -0.00004153 
4.64158883e-01 -0.04407376 -0.03149797 -0.00983263 -0.00013629 -0.00004153 
3.59381366e-01 -0.04407376 -0.03149797 -0.00983263 -0.00013629 -0.00004153 
2.78255940e-01 -0.04407376 -0.03149797 -0.00983263 -0.00013629 -0.00004153 
2.15443469e-01 -0.04407376 -0.03149797 -0.00983263 -0.00013629 -0.00004153 
1.66810054e-01 -0.04407376 -0.03149797 -0.00983263 -0.00013629 -0.00004153 
1.29154967e-01 -0.04407376 -0.03149797 -0.00983263 -0.00013629 -0.00004153 
1.00000000e-01 -0.04407376 -0.03149797 -0.00983263 -0.00013629 -0.00004153 
7.74263683e-02 -0.04407376 -0.03149797 -0.00983263 -0.00013629 -0.00004153 
5.99484250e-02 -0.04407376 -0.03149797 -0.00983263 -0.00013629 -0.00004153 
4.64158883e-02 -0.04407376 -0.03149797 -0.00983263 -0.00013629 -0.00004153 
3.59381366e-02 -0.04407376 -0.03149797 -0.00983263 -0.00013629 -0.00004153 
2.78255940e-02 -0.04407376 -0.03149797 -0.00983263 -0.00013629 -0.00004153 
2.15443469e-02 -0.04407376 -0.03149797 -0.00983263 -0.00013629 -0.00004153 
1.66810054e-02 -0.04407376 -0.03149797 -0.00983263 -0.00013629 -0.00004153 
1.29154967e-02 -0.04407376 -0.03149797 -0.00983263 -0.00013629 -0.00004153 
1.00000000e-02 -0.04407376 -0.03149797 -0.00983263 -0.00013629 -0.00004153 
7.74263683e-03 -0.04407376 -0.03149797 -0.00983263 -0.00013629 -0.00004153 
5.99484250e-03 -0.04407376 -0.03149797 -0.00983263 -0.00013629 -0.00004153 
4.64158883e-03 -0.04407376 -0.03149797 -0.00983263 -0.00013629 -0.00004153 
3.59381366e-03 -0.04407376 -0.03149797 -0.00983263 -0.00013629 -0.00004153 
2.78255940e-03 -0.04407376 -0.03149797 -0.00983263 -0.00013629 -0.00004153 
2.15443469e-03 -0.04407376 -0.03149797 -0.00983263 -0.00013629 -0.00004153 
1.66810054e-03 -0.04407376 -0.03149797 -0.00983263 -0.00013629 -0.00004153 
1.29154967e-03 -0.04407376 -0.03149797 -0.00983263 -0.00013629 -0.00004153 
1.00000000e-03 -0.04407376 -0.03149797 -0.00983263 -0.00013629 -0.00004153 
7.74263683e-04 -0.04407376 -0.03149797 -0.00983263 -0.00013629 -0.00004153 
5.99484250e-04 -0.04407376 -0.03149797 -0.00983263 -0.00013629 -0.00004153 
4.64158883e-04 -0.04407376 -0.03149797 -0.00983263 -0.00013629 -0.00004153 
3.59381366e-04 -0.04407376 -0.03149797 -0.00983263 -0.00013629 -0.00004153 
2.78255940e-04 -0.04407376 -0.03149797 -0.00983263 -0.00013629 -0.00004153 
2.15443469e-04 -0.04407376 -0.03149797 -0.00983263 -0.00013629 -0.00004153 
1.66810054e-04 -0.04407376 -0.03149797 -0.00983263 -0.00013629 -0.00004153 
1.29154967e-04 -0.04407376 -0.03149797 -0.00983263 -0.00013629 -0.00004153 
1.00000000e-04 -0.04407376 -0.03149797 -0.00983263 -0.00013629 -0.00004153 
7.74263683e-05 -0.04407376 -0.03149797 -0.00983263 -0.00013629 -0.00004153 
5.99484250e-05 -0.04407376 -0.03149797 -0.00983263 -0.00013629 -0.00004153 
4.64158883e-05 -0.04407376 -0.03149797 -0.00983263 -0.00013629 -0.00004153 
3.59381366e-05 -0.04407376 -0.03149797 -0.00983263 -0.00013629 -0.00004153 
2.78255940e-05 -0.04407376 -0.03149797 -0.00983263 -0.00013629 -0.00004153 
2.15443469e-05 -0.04407376 -0.03149797 -0.00983263 -0.00013629 -0.00004153 
1.66810054e-05 -0.04407376 -0.03149797 -0.00983263 -0.00013629 -0.00004153 
1.29154967e-05 -0.04407376 -0.03149797 -0.00983263 -0.00013629 -0.00004153 
1.00000000e-05 -0.04407376 -0.03149797 -0.00983263 -0.00013629 -0.00004153 
7.74263683e-06 -0.04407376 -0.03149797 -0.00983263 -0.00013629 -0.00004153 
5.99484250e-06 -0.04407376 -0.03149797 -0.00983263 -0.00013629 -0.00004153 
4.64158883e-06 -0.04407376 -0.03149797 -0.00983263 -0.00013629 -0.00004153 
3.59381366e-06 -0.04407376 -0.03149797 -0.00983263 -0.00013629 -0.00004153 
2.78255940e-06 -0.04407376 -0.03149797 -0.00983263 -0.00013629 -0.00004153 
2.15443469e-06 -0.04407376 -0.03149797 -0.00983263 -0.00013629 -0.00004153 
1.66810054e-06 -0.04407376 -0.03149797 -0.00983263 -0.00013629 -0.00004153 
1.29154967e-06 -0.04407376 -0.03149797 -0.00983263 -0.00013629 -0.00004153 
1.00000000e-06 -0.04407376 -0.03149797 -0.00983263 -0.00013629 -0.00004153 
7.74263683e-07 -0.04407376 -0.03149797 -0.00983263 -0.00013629 -0.00004153 
5.99484250e-07 -0.04407376 -0.03149797 -0.00983263 -0.00013629 -0.00004153 
4.64158883e-07 -0.04407376 -0.03149797 -0.00983263 -0.00013629 -0.00004153 
3.59381366e-07 -0.04407376 -0.03149797 -0.00983263 -0.00013629 -0.00004153 
2.78255940e-07 -0.04407376 -0.03149797 -0.00983263 -0.00013629 -0.00004153 
2.15443469e-07 -0.04407376 -0.03149797 -0.00983263 -0.00013629 -0.00004153 
1.66810054e-07 -0.04407376 -0.03149797 -0.00983263 -0.00013629 -0.00004153 
1.29154967e-07 -0.04407376 -0.03149797 -0.00983263 -0.00013629 -0.00004153 
1.00000000e-07 -0.04407376 -0.03149797 -0.00983263 -0.00013629 -0.00004153 
7.74263683e-08 -0.04407376 -0.03149797 -0.00983263 -0.00013629 -0.00004153 
5.99484250e-08 -0.04407376 -0.03149797 -0.00983263 -0.00013629 -0.00004153 
4.64158883e-08 -0.04407376 -0.03149797 -0.00983263 -0.00013629 -0.00004153 
3.59381366e-08 -0.04407376 -0.03149797 -0.00983263 -0.00013629 -0.00004153 
2.78255940e-08 -0.04407376 -0.03149797 -0.00983263 -0.00013629 -0.00004153 
2.15443469e-08 -0.04407376 -0.03149797 -0.00983263 -0.00013629 -0.00004153 
1.66810054e-08 -0.04407376 -0.03149797 -0.00983263 -0.00013629 -0.00004153 
1.29154967e-08 -0.04407376 -0.03149797 -0.00983263 -0.00013629 -0.00004153 
1.00000000e-08 -0.04407376 -0.03149797 -0.00983263 -0.00013629 -0.00004153 
7.74263683e-09 -0.04407376 -0.03149797 -0.00983263 -0.00013629 -0.00004153 
5.99484250e-09 -0.04407376 -0.03149797 -0.00983263 -0.00013629 -0.00004153 
4.64158883e-09 -0.04407376 -0.03149797 -0.00983263 -0.00013629 -0.00004153 
3.59381366e-09 -0.04407376 -0.03149797 -0.00983263 -0.00013629 -0.00004153 
2.78255940e-09 -0.04407376 -0.03149797 -0.00983263 -0.00013629 -0.00004153 
2.15443469e-09 -0.04407376 -0.03149797 -0.00983263 -0.00013629 -0.00004153 
1.66810054e-09 -0.04407376 -0.03149797 -0.00983263 -0.00013629 -0.00004153 
1.29154967e-09 -0.04407376 -0.03149797 -0.00983263 -0.00013629 -0.00004153 
1.00000000e-09 -0.04407376 -0.03149797 -0.00983263 -0.00013629 -0.00004153 
7.74263683e-10 -0.04407376 -0.03149797 -0.00983263 -0.00013629 -0.00004153 
5.99484250e-10 -0.04407376 -0.03149797 -0.00983263 -0.00013629 -0.00004153 
4.64158883e-10 -0.04407376 -0.03149797 -0.00983263 -0.00013629 -0.00004153 
3.59381366e-10 -0.04407376 -0.03149797 -0.00983263 -0.00013629 -0.00004153 
2.78255940e-10 -0.04407376 -0.03149797 -0.00983263 -0.00013629 -0.00004153 
2.15443469e-10 -0.04407376 -0.03149797 -0.00983263 -0.00013629 -0.00004153 
1.66810054e-10 -0.04407376 -0.03149797 -0.00983263 -0.00013629 -0.00004153 
1.29154967e-10 -0.04407376 -0.03149797 -0.00983263 -0.00013629 -0.00004153 
1.00000000e-10 -0.04407376 -0.03149797 -0.00983263 -0.00013629 -0.00004153 
P (bar) | log_H2O: -2σ | log_H2O: -1σ | log_H2O: median | log_H2O: +1σ | log_H2O: +2σ 
1.00000000e+01 -4.87495987 -4.58597616 -4.26933475 -3.98676007 -3.66970054 
7.74263683e+00 -4.87495987 -4.58597616 -4.26933475 -3.98676007 -3.66970054 
5.99484250e+00 -4.87495987 -4.58597616 -4.26933475 -3.98676007 -3.66970054 
4.64158883e+00 -4.87495987 -4.58597616 -4.26933475 -3.98676007 -3.66970054 
3.59381366e+00 -4.87495987 -4.58597616 -4.26933475 -3.98676007 -3.66970054 
2.78255940e+00 -4.87495987 -4.58597616 -4.26933475 -3.98676007 -3.66970054 
2.15443469e+00 -4.87495987 -4.58597616 -4.26933475 -3.98676007 -3.66970054 
1.66810054e+00 -4.87495987 -4.58597616 -4.26933475 -3.98676007 -3.66970054 
1.29154967e+00 -4.87495987 -4.58597616 -4.26933475 -3.98676007 -3.66970054 
1.00000000e+00 -4.87495987 -4.58597616 -4.26933475 -3.98676007 -3.66970054 
7.74263683e-01 -4.87495987 -4.58597616 -4.26933475 -3.98676007 -3.66970054 
5.99484250e-01 -4.87495987 -4.58597616 -4.26933475 -3.98676007 -3.66970054 
4.64158883e-01 -4.87495987 -4.58597616 -4.26933475 -3.98676007 -3.66970054 
3.59381366e-01 -4.87495987 -4.58597616 -4.26933475 -3.98676007 -3.66970054 
2.78255940e-01 -4.87495987 -4.58597616 -4.26933475 -3.98676007 -3.66970054 
2.15443469e-01 -4.87495987 -4.58597616 -4.26933475 -3.98676007 -3.66970054 
1.66810054e-01 -4.87495987 -4.58597616 -4.26933475 -3.98676007 -3.66970054 
1.29154967e-01 -4.87495987 -4.58597616 -4.26933475 -3.98676007 -3.66970054 
1.00000000e-01 -4.87495987 -4.58597616 -4.26933475 -3.98676007 -3.66970054 
7.74263683e-02 -4.87495987 -4.58597616 -4.26933475 -3.98676007 -3.66970054 
5.99484250e-02 -4.87495987 -4.58597616 -4.26933475 -3.98676007 -3.66970054 
4.64158883e-02 -4.87495987 -4.58597616 -4.26933475 -3.98676007 -3.66970054 
3.59381366e-02 -4.87495987 -4.58597616 -4.26933475 -3.98676007 -3.66970054 
2.78255940e-02 -4.87495987 -4.58597616 -4.26933475 -3.98676007 -3.66970054 
2.15443469e-02 -4.87495987 -4.58597616 -4.26933475 -3.98676007 -3.66970054 
1.66810054e-02 -4.87495987 -4.58597616 -4.26933475 -3.98676007 -3.66970054 
1.29154967e-02 -4.87495987 -4.58597616 -4.26933475 -3.98676007 -3.66970054 
1.00000000e-02 -4.87495987 -4.58597616 -4.26933475 -3.98676007 -3.66970054 
7.74263683e-03 -4.87495987 -4.58597616 -4.26933475 -3.98676007 -3.66970054 
5.99484250e-03 -4.87495987 -4.58597616 -4.26933475 -3.98676007 -3.66970054 
4.64158883e-03 -4.87495987 -4.58597616 -4.26933475 -3.98676007 -3.66970054 
3.59381366e-03 -4.87495987 -4.58597616 -4.26933475 -3.98676007 -3.66970054 
2.78255940e-03 -4.87495987 -4.58597616 -4.26933475 -3.98676007 -3.66970054 
2.15443469e-03 -4.87495987 -4.58597616 -4.26933475 -3.98676007 -3.66970054 
1.66810054e-03 -4.87495987 -4.58597616 -4.26933475 -3.98676007 -3.66970054 
1.29154967e-03 -4.87495987 -4.58597616 -4.26933475 -3.98676007 -3.66970054 
1.00000000e-03 -4.87495987 -4.58597616 -4.26933475 -3.98676007 -3.66970054 
7.74263683e-04 -4.87495987 -4.58597616 -4.26933475 -3.98676007 -3.66970054 
5.99484250e-04 -4.87495987 -4.58597616 -4.26933475 -3.98676007 -3.66970054 
4.64158883e-04 -4.87495987 -4.58597616 -4.26933475 -3.98676007 -3.66970054 
3.59381366e-04 -4.87495987 -4.58597616 -4.26933475 -3.98676007 -3.66970054 
2.78255940e-04 -4.87495987 -4.58597616 -4.26933475 -3.98676007 -3.66970054 
2.15443469e-04 -4.87495987 -4.58597616 -4.26933475 -3.98676007 -3.66970054 
1.66810054e-04 -4.87495987 -4.58597616 -4.26933475 -3.98676007 -3.66970054 
1.29154967e-04 -4.87495987 -4.58597616 -4.26933475 -3.98676007 -3.66970054 
1.00000000e-04 -4.87495987 -4.58597616 -4.26933475 -3.98676007 -3.66970054 
7.74263683e-05 -4.87495987 -4.58597616 -4.26933475 -3.98676007 -3.66970054 
5.99484250e-05 -4.87495987 -4.58597616 -4.26933475 -3.98676007 -3.66970054 
4.64158883e-05 -4.87495987 -4.58597616 -4.26933475 -3.98676007 -3.66970054 
3.59381366e-05 -4.87495987 -4.58597616 -4.26933475 -3.98676007 -3.66970054 
2.78255940e-05 -4.87495987 -4.58597616 -4.26933475 -3.98676007 -3.66970054 
2.15443469e-05 -4.87495987 -4.58597616 -4.26933475 -3.98676007 -3.66970054 
1.66810054e-05 -4.87495987 -4.58597616 -4.26933475 -3.98676007 -3.66970054 
1.29154967e-05 -4.87495987 -4.58597616 -4.26933475 -3.98676007 -3.66970054 
1.00000000e-05 -4.87495987 -4.58597616 -4.26933475 -3.98676007 -3.66970054 
7.74263683e-06 -4.87495987 -4.58597616 -4.26933475 -3.98676007 -3.66970054 
5.99484250e-06 -4.87495987 -4.58597616 -4.26933475 -3.98676007 -3.66970054 
4.64158883e-06 -4.87495987 -4.58597616 -4.26933475 -3.98676007 -3.66970054 
3.59381366e-06 -4.87495987 -4.58597616 -4.26933475 -3.98676007 -3.66970054 
2.78255940e-06 -4.87495987 -4.58597616 -4.26933475 -3.98676007 -3.66970054 
2.15443469e-06 -4.87495987 -4.58597616 -4.26933475 -3.98676007 -3.66970054 
1.66810054e-06 -4.87495987 -4.58597616 -4.26933475 -3.98676007 -3.66970054 
1.29154967e-06 -4.87495987 -4.58597616 -4.26933475 -3.98676007 -3.66970054 
1.00000000e-06 -4.87495987 -4.58597616 -4.26933475 -3.98676007 -3.66970054 
7.74263683e-07 -4.87495987 -4.58597616 -4.26933475 -3.98676007 -3.66970054 
5.99484250e-07 -4.87495987 -4.58597616 -4.26933475 -3.98676007 -3.66970054 
4.64158883e-07 -4.87495987 -4.58597616 -4.26933475 -3.98676007 -3.66970054 
3.59381366e-07 -4.87495987 -4.58597616 -4.26933475 -3.98676007 -3.66970054 
2.78255940e-07 -4.87495987 -4.58597616 -4.26933475 -3.98676007 -3.66970054 
2.15443469e-07 -4.87495987 -4.58597616 -4.26933475 -3.98676007 -3.66970054 
1.66810054e-07 -4.87495987 -4.58597616 -4.26933475 -3.98676007 -3.66970054 
1.29154967e-07 -4.87495987 -4.58597616 -4.26933475 -3.98676007 -3.66970054 
1.00000000e-07 -4.87495987 -4.58597616 -4.26933475 -3.98676007 -3.66970054 
7.74263683e-08 -4.87495987 -4.58597616 -4.26933475 -3.98676007 -3.66970054 
5.99484250e-08 -4.87495987 -4.58597616 -4.26933475 -3.98676007 -3.66970054 
4.64158883e-08 -4.87495987 -4.58597616 -4.26933475 -3.98676007 -3.66970054 
3.59381366e-08 -4.87495987 -4.58597616 -4.26933475 -3.98676007 -3.66970054 
2.78255940e-08 -4.87495987 -4.58597616 -4.26933475 -3.98676007 -3.66970054 
2.15443469e-08 -4.87495987 -4.58597616 -4.26933475 -3.98676007 -3.66970054 
1.66810054e-08 -4.87495987 -4.58597616 -4.26933475 -3.98676007 -3.66970054 
1.29154967e-08 -4.87495987 -4.58597616 -4.26933475 -3.98676007 -3.66970054 
1.00000000e-08 -4.87495987 -4.58597616 -4.26933475 -3.98676007 -3.66970054 
7.74263683e-09 -4.87495987 -4.58597616 -4.26933475 -3.98676007 -3.66970054 
5.99484250e-09 -4.87495987 -4.58597616 -4.26933475 -3.98676007 -3.66970054 
4.64158883e-09 -4.87495987 -4.58597616 -4.26933475 -3.98676007 -3.66970054 
3.59381366e-09 -4.87495987 -4.58597616 -4.26933475 -3.98676007 -3.66970054 
2.78255940e-09 -4.87495987 -4.58597616 -4.26933475 -3.98676007 -3.66970054 
2.15443469e-09 -4.87495987 -4.58597616 -4.26933475 -3.98676007 -3.66970054 
1.66810054e-09 -4.87495987 -4.58597616 -4.26933475 -3.98676007 -3.66970054 
1.29154967e-09 -4.87495987 -4.58597616 -4.26933475 -3.98676007 -3.66970054 
1.00000000e-09 -4.87495987 -4.58597616 -4.26933475 -3.98676007 -3.66970054 
7.74263683e-10 -4.87495987 -4.58597616 -4.26933475 -3.98676007 -3.66970054 
5.99484250e-10 -4.87495987 -4.58597616 -4.26933475 -3.98676007 -3.66970054 
4.64158883e-10 -4.87495987 -4.58597616 -4.26933475 -3.98676007 -3.66970054 
3.59381366e-10 -4.87495987 -4.58597616 -4.26933475 -3.98676007 -3.66970054 
2.78255940e-10 -4.87495987 -4.58597616 -4.26933475 -3.98676007 -3.66970054 
2.15443469e-10 -4.87495987 -4.58597616 -4.26933475 -3.98676007 -3.66970054 
1.66810054e-10 -4.87495987 -4.58597616 -4.26933475 -3.98676007 -3.66970054 
1.29154967e-10 -4.87495987 -4.58597616 -4.26933475 -3.98676007 -3.66970054 
1.00000000e-10 -4.87495987 -4.58597616 -4.26933475 -3.98676007 -3.66970054 
P (bar) | log_CO2: -2σ | log_CO2: -1σ | log_CO2: median | log_CO2: +1σ | log_CO2: +2σ 
1.00000000e+01 -4.52592928 -4.15490146 -3.77184276 -3.39742760 -3.10141661 
7.74263683e+00 -4.52592928 -4.15490146 -3.77184276 -3.39742760 -3.10141661 
5.99484250e+00 -4.52592928 -4.15490146 -3.77184276 -3.39742760 -3.10141661 
4.64158883e+00 -4.52592928 -4.15490146 -3.77184276 -3.39742760 -3.10141661 
3.59381366e+00 -4.52592928 -4.15490146 -3.77184276 -3.39742760 -3.10141661 
2.78255940e+00 -4.52592928 -4.15490146 -3.77184276 -3.39742760 -3.10141661 
2.15443469e+00 -4.52592928 -4.15490146 -3.77184276 -3.39742760 -3.10141661 
1.66810054e+00 -4.52592928 -4.15490146 -3.77184276 -3.39742760 -3.10141661 
1.29154967e+00 -4.52592928 -4.15490146 -3.77184276 -3.39742760 -3.10141661 
1.00000000e+00 -4.52592928 -4.15490146 -3.77184276 -3.39742760 -3.10141661 
7.74263683e-01 -4.52592928 -4.15490146 -3.77184276 -3.39742760 -3.10141661 
5.99484250e-01 -4.52592928 -4.15490146 -3.77184276 -3.39742760 -3.10141661 
4.64158883e-01 -4.52592928 -4.15490146 -3.77184276 -3.39742760 -3.10141661 
3.59381366e-01 -4.52592928 -4.15490146 -3.77184276 -3.39742760 -3.10141661 
2.78255940e-01 -4.52592928 -4.15490146 -3.77184276 -3.39742760 -3.10141661 
2.15443469e-01 -4.52592928 -4.15490146 -3.77184276 -3.39742760 -3.10141661 
1.66810054e-01 -4.52592928 -4.15490146 -3.77184276 -3.39742760 -3.10141661 
1.29154967e-01 -4.52592928 -4.15490146 -3.77184276 -3.39742760 -3.10141661 
1.00000000e-01 -4.52592928 -4.15490146 -3.77184276 -3.39742760 -3.10141661 
7.74263683e-02 -4.52592928 -4.15490146 -3.77184276 -3.39742760 -3.10141661 
5.99484250e-02 -4.52592928 -4.15490146 -3.77184276 -3.39742760 -3.10141661 
4.64158883e-02 -4.52592928 -4.15490146 -3.77184276 -3.39742760 -3.10141661 
3.59381366e-02 -4.52592928 -4.15490146 -3.77184276 -3.39742760 -3.10141661 
2.78255940e-02 -4.52592928 -4.15490146 -3.77184276 -3.39742760 -3.10141661 
2.15443469e-02 -4.52592928 -4.15490146 -3.77184276 -3.39742760 -3.10141661 
1.66810054e-02 -4.52592928 -4.15490146 -3.77184276 -3.39742760 -3.10141661 
1.29154967e-02 -4.52592928 -4.15490146 -3.77184276 -3.39742760 -3.10141661 
1.00000000e-02 -4.52592928 -4.15490146 -3.77184276 -3.39742760 -3.10141661 
7.74263683e-03 -4.52592928 -4.15490146 -3.77184276 -3.39742760 -3.10141661 
5.99484250e-03 -4.52592928 -4.15490146 -3.77184276 -3.39742760 -3.10141661 
4.64158883e-03 -4.52592928 -4.15490146 -3.77184276 -3.39742760 -3.10141661 
3.59381366e-03 -4.52592928 -4.15490146 -3.77184276 -3.39742760 -3.10141661 
2.78255940e-03 -4.52592928 -4.15490146 -3.77184276 -3.39742760 -3.10141661 
2.15443469e-03 -4.52592928 -4.15490146 -3.77184276 -3.39742760 -3.10141661 
1.66810054e-03 -4.52592928 -4.15490146 -3.77184276 -3.39742760 -3.10141661 
1.29154967e-03 -4.52592928 -4.15490146 -3.77184276 -3.39742760 -3.10141661 
1.00000000e-03 -4.52592928 -4.15490146 -3.77184276 -3.39742760 -3.10141661 
7.74263683e-04 -4.52592928 -4.15490146 -3.77184276 -3.39742760 -3.10141661 
5.99484250e-04 -4.52592928 -4.15490146 -3.77184276 -3.39742760 -3.10141661 
4.64158883e-04 -4.52592928 -4.15490146 -3.77184276 -3.39742760 -3.10141661 
3.59381366e-04 -4.52592928 -4.15490146 -3.77184276 -3.39742760 -3.10141661 
2.78255940e-04 -4.52592928 -4.15490146 -3.77184276 -3.39742760 -3.10141661 
2.15443469e-04 -4.52592928 -4.15490146 -3.77184276 -3.39742760 -3.10141661 
1.66810054e-04 -4.52592928 -4.15490146 -3.77184276 -3.39742760 -3.10141661 
1.29154967e-04 -4.52592928 -4.15490146 -3.77184276 -3.39742760 -3.10141661 
1.00000000e-04 -4.52592928 -4.15490146 -3.77184276 -3.39742760 -3.10141661 
7.74263683e-05 -4.52592928 -4.15490146 -3.77184276 -3.39742760 -3.10141661 
5.99484250e-05 -4.52592928 -4.15490146 -3.77184276 -3.39742760 -3.10141661 
4.64158883e-05 -4.52592928 -4.15490146 -3.77184276 -3.39742760 -3.10141661 
3.59381366e-05 -4.52592928 -4.15490146 -3.77184276 -3.39742760 -3.10141661 
2.78255940e-05 -4.52592928 -4.15490146 -3.77184276 -3.39742760 -3.10141661 
2.15443469e-05 -4.52592928 -4.15490146 -3.77184276 -3.39742760 -3.10141661 
1.66810054e-05 -4.52592928 -4.15490146 -3.77184276 -3.39742760 -3.10141661 
1.29154967e-05 -4.52592928 -4.15490146 -3.77184276 -3.39742760 -3.10141661 
1.00000000e-05 -4.52592928 -4.15490146 -3.77184276 -3.39742760 -3.10141661 
7.74263683e-06 -4.52592928 -4.15490146 -3.77184276 -3.39742760 -3.10141661 
5.99484250e-06 -4.52592928 -4.15490146 -3.77184276 -3.39742760 -3.10141661 
4.64158883e-06 -4.52592928 -4.15490146 -3.77184276 -3.39742760 -3.10141661 
3.59381366e-06 -4.52592928 -4.15490146 -3.77184276 -3.39742760 -3.10141661 
2.78255940e-06 -4.52592928 -4.15490146 -3.77184276 -3.39742760 -3.10141661 
2.15443469e-06 -4.52592928 -4.15490146 -3.77184276 -3.39742760 -3.10141661 
1.66810054e-06 -4.52592928 -4.15490146 -3.77184276 -3.39742760 -3.10141661 
1.29154967e-06 -4.52592928 -4.15490146 -3.77184276 -3.39742760 -3.10141661 
1.00000000e-06 -4.52592928 -4.15490146 -3.77184276 -3.39742760 -3.10141661 
7.74263683e-07 -4.52592928 -4.15490146 -3.77184276 -3.39742760 -3.10141661 
5.99484250e-07 -4.52592928 -4.15490146 -3.77184276 -3.39742760 -3.10141661 
4.64158883e-07 -4.52592928 -4.15490146 -3.77184276 -3.39742760 -3.10141661 
3.59381366e-07 -4.52592928 -4.15490146 -3.77184276 -3.39742760 -3.10141661 
2.78255940e-07 -4.52592928 -4.15490146 -3.77184276 -3.39742760 -3.10141661 
2.15443469e-07 -4.52592928 -4.15490146 -3.77184276 -3.39742760 -3.10141661 
1.66810054e-07 -4.52592928 -4.15490146 -3.77184276 -3.39742760 -3.10141661 
1.29154967e-07 -4.52592928 -4.15490146 -3.77184276 -3.39742760 -3.10141661 
1.00000000e-07 -4.52592928 -4.15490146 -3.77184276 -3.39742760 -3.10141661 
7.74263683e-08 -4.52592928 -4.15490146 -3.77184276 -3.39742760 -3.10141661 
5.99484250e-08 -4.52592928 -4.15490146 -3.77184276 -3.39742760 -3.10141661 
4.64158883e-08 -4.52592928 -4.15490146 -3.77184276 -3.39742760 -3.10141661 
3.59381366e-08 -4.52592928 -4.15490146 -3.77184276 -3.39742760 -3.10141661 
2.78255940e-08 -4.52592928 -4.15490146 -3.77184276 -3.39742760 -3.10141661 
2.15443469e-08 -4.52592928 -4.15490146 -3.77184276 -3.39742760 -3.10141661 
1.66810054e-08 -4.52592928 -4.15490146 -3.77184276 -3.39742760 -3.10141661 
1.29154967e-08 -4.52592928 -4.15490146 -3.77184276 -3.39742760 -3.10141661 
1.00000000e-08 -4.52592928 -4.15490146 -3.77184276 -3.39742760 -3.10141661 
7.74263683e-09 -4.52592928 -4.15490146 -3.77184276 -3.39742760 -3.10141661 
5.99484250e-09 -4.52592928 -4.15490146 -3.77184276 -3.39742760 -3.10141661 
4.64158883e-09 -4.52592928 -4.15490146 -3.77184276 -3.39742760 -3.10141661 
3.59381366e-09 -4.52592928 -4.15490146 -3.77184276 -3.39742760 -3.10141661 
2.78255940e-09 -4.52592928 -4.15490146 -3.77184276 -3.39742760 -3.10141661 
2.15443469e-09 -4.52592928 -4.15490146 -3.77184276 -3.39742760 -3.10141661 
1.66810054e-09 -4.52592928 -4.15490146 -3.77184276 -3.39742760 -3.10141661 
1.29154967e-09 -4.52592928 -4.15490146 -3.77184276 -3.39742760 -3.10141661 
1.00000000e-09 -4.52592928 -4.15490146 -3.77184276 -3.39742760 -3.10141661 
7.74263683e-10 -4.52592928 -4.15490146 -3.77184276 -3.39742760 -3.10141661 
5.99484250e-10 -4.52592928 -4.15490146 -3.77184276 -3.39742760 -3.10141661 
4.64158883e-10 -4.52592928 -4.15490146 -3.77184276 -3.39742760 -3.10141661 
3.59381366e-10 -4.52592928 -4.15490146 -3.77184276 -3.39742760 -3.10141661 
2.78255940e-10 -4.52592928 -4.15490146 -3.77184276 -3.39742760 -3.10141661 
2.15443469e-10 -4.52592928 -4.15490146 -3.77184276 -3.39742760 -3.10141661 
1.66810054e-10 -4.52592928 -4.15490146 -3.77184276 -3.39742760 -3.10141661 
1.29154967e-10 -4.52592928 -4.15490146 -3.77184276 -3.39742760 -3.10141661 
1.00000000e-10 -4.52592928 -4.15490146 -3.77184276 -3.39742760 -3.10141661 
P (bar) | log_CH4: -2σ | log_CH4: -1σ | log_CH4: median | log_CH4: +1σ | log_CH4: +2σ 
1.00000000e+01 -5.08101385 -4.90522891 -4.69209794 -4.49042024 -4.26162411 
7.74263683e+00 -5.08101385 -4.90522891 -4.69209794 -4.49042024 -4.26162411 
5.99484250e+00 -5.08101385 -4.90522891 -4.69209794 -4.49042024 -4.26162411 
4.64158883e+00 -5.08101385 -4.90522891 -4.69209794 -4.49042024 -4.26162411 
3.59381366e+00 -5.08101385 -4.90522891 -4.69209794 -4.49042024 -4.26162411 
2.78255940e+00 -5.08101385 -4.90522891 -4.69209794 -4.49042024 -4.26162411 
2.15443469e+00 -5.08101385 -4.90522891 -4.69209794 -4.49042024 -4.26162411 
1.66810054e+00 -5.08101385 -4.90522891 -4.69209794 -4.49042024 -4.26162411 
1.29154967e+00 -5.08101385 -4.90522891 -4.69209794 -4.49042024 -4.26162411 
1.00000000e+00 -5.08101385 -4.90522891 -4.69209794 -4.49042024 -4.26162411 
7.74263683e-01 -5.08101385 -4.90522891 -4.69209794 -4.49042024 -4.26162411 
5.99484250e-01 -5.08101385 -4.90522891 -4.69209794 -4.49042024 -4.26162411 
4.64158883e-01 -5.08101385 -4.90522891 -4.69209794 -4.49042024 -4.26162411 
3.59381366e-01 -5.08101385 -4.90522891 -4.69209794 -4.49042024 -4.26162411 
2.78255940e-01 -5.08101385 -4.90522891 -4.69209794 -4.49042024 -4.26162411 
2.15443469e-01 -5.08101385 -4.90522891 -4.69209794 -4.49042024 -4.26162411 
1.66810054e-01 -5.08101385 -4.90522891 -4.69209794 -4.49042024 -4.26162411 
1.29154967e-01 -5.08101385 -4.90522891 -4.69209794 -4.49042024 -4.26162411 
1.00000000e-01 -5.08101385 -4.90522891 -4.69209794 -4.49042024 -4.26162411 
7.74263683e-02 -5.08101385 -4.90522891 -4.69209794 -4.49042024 -4.26162411 
5.99484250e-02 -5.08101385 -4.90522891 -4.69209794 -4.49042024 -4.26162411 
4.64158883e-02 -5.08101385 -4.90522891 -4.69209794 -4.49042024 -4.26162411 
3.59381366e-02 -5.08101385 -4.90522891 -4.69209794 -4.49042024 -4.26162411 
2.78255940e-02 -5.08101385 -4.90522891 -4.69209794 -4.49042024 -4.26162411 
2.15443469e-02 -5.08101385 -4.90522891 -4.69209794 -4.49042024 -4.26162411 
1.66810054e-02 -5.08101385 -4.90522891 -4.69209794 -4.49042024 -4.26162411 
1.29154967e-02 -5.08101385 -4.90522891 -4.69209794 -4.49042024 -4.26162411 
1.00000000e-02 -5.08101385 -4.90522891 -4.69209794 -4.49042024 -4.26162411 
7.74263683e-03 -5.08101385 -4.90522891 -4.69209794 -4.49042024 -4.26162411 
5.99484250e-03 -5.08101385 -4.90522891 -4.69209794 -4.49042024 -4.26162411 
4.64158883e-03 -5.08101385 -4.90522891 -4.69209794 -4.49042024 -4.26162411 
3.59381366e-03 -5.08101385 -4.90522891 -4.69209794 -4.49042024 -4.26162411 
2.78255940e-03 -5.08101385 -4.90522891 -4.69209794 -4.49042024 -4.26162411 
2.15443469e-03 -5.08101385 -4.90522891 -4.69209794 -4.49042024 -4.26162411 
1.66810054e-03 -5.08101385 -4.90522891 -4.69209794 -4.49042024 -4.26162411 
1.29154967e-03 -5.08101385 -4.90522891 -4.69209794 -4.49042024 -4.26162411 
1.00000000e-03 -5.08101385 -4.90522891 -4.69209794 -4.49042024 -4.26162411 
7.74263683e-04 -5.08101385 -4.90522891 -4.69209794 -4.49042024 -4.26162411 
5.99484250e-04 -5.08101385 -4.90522891 -4.69209794 -4.49042024 -4.26162411 
4.64158883e-04 -5.08101385 -4.90522891 -4.69209794 -4.49042024 -4.26162411 
3.59381366e-04 -5.08101385 -4.90522891 -4.69209794 -4.49042024 -4.26162411 
2.78255940e-04 -5.08101385 -4.90522891 -4.69209794 -4.49042024 -4.26162411 
2.15443469e-04 -5.08101385 -4.90522891 -4.69209794 -4.49042024 -4.26162411 
1.66810054e-04 -5.08101385 -4.90522891 -4.69209794 -4.49042024 -4.26162411 
1.29154967e-04 -5.08101385 -4.90522891 -4.69209794 -4.49042024 -4.26162411 
1.00000000e-04 -5.08101385 -4.90522891 -4.69209794 -4.49042024 -4.26162411 
7.74263683e-05 -5.08101385 -4.90522891 -4.69209794 -4.49042024 -4.26162411 
5.99484250e-05 -5.08101385 -4.90522891 -4.69209794 -4.49042024 -4.26162411 
4.64158883e-05 -5.08101385 -4.90522891 -4.69209794 -4.49042024 -4.26162411 
3.59381366e-05 -5.08101385 -4.90522891 -4.69209794 -4.49042024 -4.26162411 
2.78255940e-05 -5.08101385 -4.90522891 -4.69209794 -4.49042024 -4.26162411 
2.15443469e-05 -5.08101385 -4.90522891 -4.69209794 -4.49042024 -4.26162411 
1.66810054e-05 -5.08101385 -4.90522891 -4.69209794 -4.49042024 -4.26162411 
1.29154967e-05 -5.08101385 -4.90522891 -4.69209794 -4.49042024 -4.26162411 
1.00000000e-05 -5.08101385 -4.90522891 -4.69209794 -4.49042024 -4.26162411 
7.74263683e-06 -5.08101385 -4.90522891 -4.69209794 -4.49042024 -4.26162411 
5.99484250e-06 -5.08101385 -4.90522891 -4.69209794 -4.49042024 -4.26162411 
4.64158883e-06 -5.08101385 -4.90522891 -4.69209794 -4.49042024 -4.26162411 
3.59381366e-06 -5.08101385 -4.90522891 -4.69209794 -4.49042024 -4.26162411 
2.78255940e-06 -5.08101385 -4.90522891 -4.69209794 -4.49042024 -4.26162411 
2.15443469e-06 -5.08101385 -4.90522891 -4.69209794 -4.49042024 -4.26162411 
1.66810054e-06 -5.08101385 -4.90522891 -4.69209794 -4.49042024 -4.26162411 
1.29154967e-06 -5.08101385 -4.90522891 -4.69209794 -4.49042024 -4.26162411 
1.00000000e-06 -5.08101385 -4.90522891 -4.69209794 -4.49042024 -4.26162411 
7.74263683e-07 -5.08101385 -4.90522891 -4.69209794 -4.49042024 -4.26162411 
5.99484250e-07 -5.08101385 -4.90522891 -4.69209794 -4.49042024 -4.26162411 
4.64158883e-07 -5.08101385 -4.90522891 -4.69209794 -4.49042024 -4.26162411 
3.59381366e-07 -5.08101385 -4.90522891 -4.69209794 -4.49042024 -4.26162411 
2.78255940e-07 -5.08101385 -4.90522891 -4.69209794 -4.49042024 -4.26162411 
2.15443469e-07 -5.08101385 -4.90522891 -4.69209794 -4.49042024 -4.26162411 
1.66810054e-07 -5.08101385 -4.90522891 -4.69209794 -4.49042024 -4.26162411 
1.29154967e-07 -5.08101385 -4.90522891 -4.69209794 -4.49042024 -4.26162411 
1.00000000e-07 -5.08101385 -4.90522891 -4.69209794 -4.49042024 -4.26162411 
7.74263683e-08 -5.08101385 -4.90522891 -4.69209794 -4.49042024 -4.26162411 
5.99484250e-08 -5.08101385 -4.90522891 -4.69209794 -4.49042024 -4.26162411 
4.64158883e-08 -5.08101385 -4.90522891 -4.69209794 -4.49042024 -4.26162411 
3.59381366e-08 -5.08101385 -4.90522891 -4.69209794 -4.49042024 -4.26162411 
2.78255940e-08 -5.08101385 -4.90522891 -4.69209794 -4.49042024 -4.26162411 
2.15443469e-08 -5.08101385 -4.90522891 -4.69209794 -4.49042024 -4.26162411 
1.66810054e-08 -5.08101385 -4.90522891 -4.69209794 -4.49042024 -4.26162411 
1.29154967e-08 -5.08101385 -4.90522891 -4.69209794 -4.49042024 -4.26162411 
1.00000000e-08 -5.08101385 -4.90522891 -4.69209794 -4.49042024 -4.26162411 
7.74263683e-09 -5.08101385 -4.90522891 -4.69209794 -4.49042024 -4.26162411 
5.99484250e-09 -5.08101385 -4.90522891 -4.69209794 -4.49042024 -4.26162411 
4.64158883e-09 -5.08101385 -4.90522891 -4.69209794 -4.49042024 -4.26162411 
3.59381366e-09 -5.08101385 -4.90522891 -4.69209794 -4.49042024 -4.26162411 
2.78255940e-09 -5.08101385 -4.90522891 -4.69209794 -4.49042024 -4.26162411 
2.15443469e-09 -5.08101385 -4.90522891 -4.69209794 -4.49042024 -4.26162411 
1.66810054e-09 -5.08101385 -4.90522891 -4.69209794 -4.49042024 -4.26162411 
1.29154967e-09 -5.08101385 -4.90522891 -4.69209794 -4.49042024 -4.26162411 
1.00000000e-09 -5.08101385 -4.90522891 -4.69209794 -4.49042024 -4.26162411 
7.74263683e-10 -5.08101385 -4.90522891 -4.69209794 -4.49042024 -4.26162411 
5.99484250e-10 -5.08101385 -4.90522891 -4.69209794 -4.49042024 -4.26162411 
4.64158883e-10 -5.08101385 -4.90522891 -4.69209794 -4.49042024 -4.26162411 
3.59381366e-10 -5.08101385 -4.90522891 -4.69209794 -4.49042024 -4.26162411 
2.78255940e-10 -5.08101385 -4.90522891 -4.69209794 -4.49042024 -4.26162411 
2.15443469e-10 -5.08101385 -4.90522891 -4.69209794 -4.49042024 -4.26162411 
1.66810054e-10 -5.08101385 -4.90522891 -4.69209794 -4.49042024 -4.26162411 
1.29154967e-10 -5.08101385 -4.90522891 -4.69209794 -4.49042024 -4.26162411 
1.00000000e-10 -5.08101385 -4.90522891 -4.69209794 -4.49042024 -4.26162411 
P (bar) | log_O2: -2σ | log_O2: -1σ | log_O2: median | log_O2: +1σ | log_O2: +2σ 
1.00000000e+01 -9.23263053 -5.60473721 -1.65690347 -1.15865482 -1.01736673 
7.74263683e+00 -9.23263053 -5.60473721 -1.65690347 -1.15865482 -1.01736673 
5.99484250e+00 -9.23263053 -5.60473721 -1.65690347 -1.15865482 -1.01736673 
4.64158883e+00 -9.23263053 -5.60473721 -1.65690347 -1.15865482 -1.01736673 
3.59381366e+00 -9.23263053 -5.60473721 -1.65690347 -1.15865482 -1.01736673 
2.78255940e+00 -9.23263053 -5.60473721 -1.65690347 -1.15865482 -1.01736673 
2.15443469e+00 -9.23263053 -5.60473721 -1.65690347 -1.15865482 -1.01736673 
1.66810054e+00 -9.23263053 -5.60473721 -1.65690347 -1.15865482 -1.01736673 
1.29154967e+00 -9.23263053 -5.60473721 -1.65690347 -1.15865482 -1.01736673 
1.00000000e+00 -9.23263053 -5.60473721 -1.65690347 -1.15865482 -1.01736673 
7.74263683e-01 -9.23263053 -5.60473721 -1.65690347 -1.15865482 -1.01736673 
5.99484250e-01 -9.23263053 -5.60473721 -1.65690347 -1.15865482 -1.01736673 
4.64158883e-01 -9.23263053 -5.60473721 -1.65690347 -1.15865482 -1.01736673 
3.59381366e-01 -9.23263053 -5.60473721 -1.65690347 -1.15865482 -1.01736673 
2.78255940e-01 -9.23263053 -5.60473721 -1.65690347 -1.15865482 -1.01736673 
2.15443469e-01 -9.23263053 -5.60473721 -1.65690347 -1.15865482 -1.01736673 
1.66810054e-01 -9.23263053 -5.60473721 -1.65690347 -1.15865482 -1.01736673 
1.29154967e-01 -9.23263053 -5.60473721 -1.65690347 -1.15865482 -1.01736673 
1.00000000e-01 -9.23263053 -5.60473721 -1.65690347 -1.15865482 -1.01736673 
7.74263683e-02 -9.23263053 -5.60473721 -1.65690347 -1.15865482 -1.01736673 
5.99484250e-02 -9.23263053 -5.60473721 -1.65690347 -1.15865482 -1.01736673 
4.64158883e-02 -9.23263053 -5.60473721 -1.65690347 -1.15865482 -1.01736673 
3.59381366e-02 -9.23263053 -5.60473721 -1.65690347 -1.15865482 -1.01736673 
2.78255940e-02 -9.23263053 -5.60473721 -1.65690347 -1.15865482 -1.01736673 
2.15443469e-02 -9.23263053 -5.60473721 -1.65690347 -1.15865482 -1.01736673 
1.66810054e-02 -9.23263053 -5.60473721 -1.65690347 -1.15865482 -1.01736673 
1.29154967e-02 -9.23263053 -5.60473721 -1.65690347 -1.15865482 -1.01736673 
1.00000000e-02 -9.23263053 -5.60473721 -1.65690347 -1.15865482 -1.01736673 
7.74263683e-03 -9.23263053 -5.60473721 -1.65690347 -1.15865482 -1.01736673 
5.99484250e-03 -9.23263053 -5.60473721 -1.65690347 -1.15865482 -1.01736673 
4.64158883e-03 -9.23263053 -5.60473721 -1.65690347 -1.15865482 -1.01736673 
3.59381366e-03 -9.23263053 -5.60473721 -1.65690347 -1.15865482 -1.01736673 
2.78255940e-03 -9.23263053 -5.60473721 -1.65690347 -1.15865482 -1.01736673 
2.15443469e-03 -9.23263053 -5.60473721 -1.65690347 -1.15865482 -1.01736673 
1.66810054e-03 -9.23263053 -5.60473721 -1.65690347 -1.15865482 -1.01736673 
1.29154967e-03 -9.23263053 -5.60473721 -1.65690347 -1.15865482 -1.01736673 
1.00000000e-03 -9.23263053 -5.60473721 -1.65690347 -1.15865482 -1.01736673 
7.74263683e-04 -9.23263053 -5.60473721 -1.65690347 -1.15865482 -1.01736673 
5.99484250e-04 -9.23263053 -5.60473721 -1.65690347 -1.15865482 -1.01736673 
4.64158883e-04 -9.23263053 -5.60473721 -1.65690347 -1.15865482 -1.01736673 
3.59381366e-04 -9.23263053 -5.60473721 -1.65690347 -1.15865482 -1.01736673 
2.78255940e-04 -9.23263053 -5.60473721 -1.65690347 -1.15865482 -1.01736673 
2.15443469e-04 -9.23263053 -5.60473721 -1.65690347 -1.15865482 -1.01736673 
1.66810054e-04 -9.23263053 -5.60473721 -1.65690347 -1.15865482 -1.01736673 
1.29154967e-04 -9.23263053 -5.60473721 -1.65690347 -1.15865482 -1.01736673 
1.00000000e-04 -9.23263053 -5.60473721 -1.65690347 -1.15865482 -1.01736673 
7.74263683e-05 -9.23263053 -5.60473721 -1.65690347 -1.15865482 -1.01736673 
5.99484250e-05 -9.23263053 -5.60473721 -1.65690347 -1.15865482 -1.01736673 
4.64158883e-05 -9.23263053 -5.60473721 -1.65690347 -1.15865482 -1.01736673 
3.59381366e-05 -9.23263053 -5.60473721 -1.65690347 -1.15865482 -1.01736673 
2.78255940e-05 -9.23263053 -5.60473721 -1.65690347 -1.15865482 -1.01736673 
2.15443469e-05 -9.23263053 -5.60473721 -1.65690347 -1.15865482 -1.01736673 
1.66810054e-05 -9.23263053 -5.60473721 -1.65690347 -1.15865482 -1.01736673 
1.29154967e-05 -9.23263053 -5.60473721 -1.65690347 -1.15865482 -1.01736673 
1.00000000e-05 -9.23263053 -5.60473721 -1.65690347 -1.15865482 -1.01736673 
7.74263683e-06 -9.23263053 -5.60473721 -1.65690347 -1.15865482 -1.01736673 
5.99484250e-06 -9.23263053 -5.60473721 -1.65690347 -1.15865482 -1.01736673 
4.64158883e-06 -9.23263053 -5.60473721 -1.65690347 -1.15865482 -1.01736673 
3.59381366e-06 -9.23263053 -5.60473721 -1.65690347 -1.15865482 -1.01736673 
2.78255940e-06 -9.23263053 -5.60473721 -1.65690347 -1.15865482 -1.01736673 
2.15443469e-06 -9.23263053 -5.60473721 -1.65690347 -1.15865482 -1.01736673 
1.66810054e-06 -9.23263053 -5.60473721 -1.65690347 -1.15865482 -1.01736673 
1.29154967e-06 -9.23263053 -5.60473721 -1.65690347 -1.15865482 -1.01736673 
1.00000000e-06 -9.23263053 -5.60473721 -1.65690347 -1.15865482 -1.01736673 
7.74263683e-07 -9.23263053 -5.60473721 -1.65690347 -1.15865482 -1.01736673 
5.99484250e-07 -9.23263053 -5.60473721 -1.65690347 -1.15865482 -1.01736673 
4.64158883e-07 -9.23263053 -5.60473721 -1.65690347 -1.15865482 -1.01736673 
3.59381366e-07 -9.23263053 -5.60473721 -1.65690347 -1.15865482 -1.01736673 
2.78255940e-07 -9.23263053 -5.60473721 -1.65690347 -1.15865482 -1.01736673 
2.15443469e-07 -9.23263053 -5.60473721 -1.65690347 -1.15865482 -1.01736673 
1.66810054e-07 -9.23263053 -5.60473721 -1.65690347 -1.15865482 -1.01736673 
1.29154967e-07 -9.23263053 -5.60473721 -1.65690347 -1.15865482 -1.01736673 
1.00000000e-07 -9.23263053 -5.60473721 -1.65690347 -1.15865482 -1.01736673 
7.74263683e-08 -9.23263053 -5.60473721 -1.65690347 -1.15865482 -1.01736673 
5.99484250e-08 -9.23263053 -5.60473721 -1.65690347 -1.15865482 -1.01736673 
4.64158883e-08 -9.23263053 -5.60473721 -1.65690347 -1.15865482 -1.01736673 
3.59381366e-08 -9.23263053 -5.60473721 -1.65690347 -1.15865482 -1.01736673 
2.78255940e-08 -9.23263053 -5.60473721 -1.65690347 -1.15865482 -1.01736673 
2.15443469e-08 -9.23263053 -5.60473721 -1.65690347 -1.15865482 -1.01736673 
1.66810054e-08 -9.23263053 -5.60473721 -1.65690347 -1.15865482 -1.01736673 
1.29154967e-08 -9.23263053 -5.60473721 -1.65690347 -1.15865482 -1.01736673 
1.00000000e-08 -9.23263053 -5.60473721 -1.65690347 -1.15865482 -1.01736673 
7.74263683e-09 -9.23263053 -5.60473721 -1.65690347 -1.15865482 -1.01736673 
5.99484250e-09 -9.23263053 -5.60473721 -1.65690347 -1.15865482 -1.01736673 
4.64158883e-09 -9.23263053 -5.60473721 -1.65690347 -1.15865482 -1.01736673 
3.59381366e-09 -9.23263053 -5.60473721 -1.65690347 -1.15865482 -1.01736673 
2.78255940e-09 -9.23263053 -5.60473721 -1.65690347 -1.15865482 -1.01736673 
2.15443469e-09 -9.23263053 -5.60473721 -1.65690347 -1.15865482 -1.01736673 
1.66810054e-09 -9.23263053 -5.60473721 -1.65690347 -1.15865482 -1.01736673 
1.29154967e-09 -9.23263053 -5.60473721 -1.65690347 -1.15865482 -1.01736673 
1.00000000e-09 -9.23263053 -5.60473721 -1.65690347 -1.15865482 -1.01736673 
7.74263683e-10 -9.23263053 -5.60473721 -1.65690347 -1.15865482 -1.01736673 
5.99484250e-10 -9.23263053 -5.60473721 -1.65690347 -1.15865482 -1.01736673 
4.64158883e-10 -9.23263053 -5.60473721 -1.65690347 -1.15865482 -1.01736673 
3.59381366e-10 -9.23263053 -5.60473721 -1.65690347 -1.15865482 -1.01736673 
2.78255940e-10 -9.23263053 -5.60473721 -1.65690347 -1.15865482 -1.01736673 
2.15443469e-10 -9.23263053 -5.60473721 -1.65690347 -1.15865482 -1.01736673 
1.66810054e-10 -9.23263053 -5.60473721 -1.65690347 -1.15865482 -1.01736673 
1.29154967e-10 -9.23263053 -5.60473721 -1.65690347 -1.15865482 -1.01736673 
1.00000000e-10 -9.23263053 -5.60473721 -1.65690347 -1.15865482 -1.01736673 
P (bar) | log_O3: -2σ | log_O3: -1σ | log_O3: median | log_O3: +1σ | log_O3: +2σ 
1.00000000e+01 -9.83982990 -8.73090886 -6.87641367 -5.90441338 -5.32982870 
7.74263683e+00 -9.83982990 -8.73090886 -6.87641367 -5.90441338 -5.32982870 
5.99484250e+00 -9.83982990 -8.73090886 -6.87641367 -5.90441338 -5.32982870 
4.64158883e+00 -9.83982990 -8.73090886 -6.87641367 -5.90441338 -5.32982870 
3.59381366e+00 -9.83982990 -8.73090886 -6.87641367 -5.90441338 -5.32982870 
2.78255940e+00 -9.83982990 -8.73090886 -6.87641367 -5.90441338 -5.32982870 
2.15443469e+00 -9.83982990 -8.73090886 -6.87641367 -5.90441338 -5.32982870 
1.66810054e+00 -9.83982990 -8.73090886 -6.87641367 -5.90441338 -5.32982870 
1.29154967e+00 -9.83982990 -8.73090886 -6.87641367 -5.90441338 -5.32982870 
1.00000000e+00 -9.83982990 -8.73090886 -6.87641367 -5.90441338 -5.32982870 
7.74263683e-01 -9.83982990 -8.73090886 -6.87641367 -5.90441338 -5.32982870 
5.99484250e-01 -9.83982990 -8.73090886 -6.87641367 -5.90441338 -5.32982870 
4.64158883e-01 -9.83982990 -8.73090886 -6.87641367 -5.90441338 -5.32982870 
3.59381366e-01 -9.83982990 -8.73090886 -6.87641367 -5.90441338 -5.32982870 
2.78255940e-01 -9.83982990 -8.73090886 -6.87641367 -5.90441338 -5.32982870 
2.15443469e-01 -9.83982990 -8.73090886 -6.87641367 -5.90441338 -5.32982870 
1.66810054e-01 -9.83982990 -8.73090886 -6.87641367 -5.90441338 -5.32982870 
1.29154967e-01 -9.83982990 -8.73090886 -6.87641367 -5.90441338 -5.32982870 
1.00000000e-01 -9.83982990 -8.73090886 -6.87641367 -5.90441338 -5.32982870 
7.74263683e-02 -9.83982990 -8.73090886 -6.87641367 -5.90441338 -5.32982870 
5.99484250e-02 -9.83982990 -8.73090886 -6.87641367 -5.90441338 -5.32982870 
4.64158883e-02 -9.83982990 -8.73090886 -6.87641367 -5.90441338 -5.32982870 
3.59381366e-02 -9.83982990 -8.73090886 -6.87641367 -5.90441338 -5.32982870 
2.78255940e-02 -9.83982990 -8.73090886 -6.87641367 -5.90441338 -5.32982870 
2.15443469e-02 -9.83982990 -8.73090886 -6.87641367 -5.90441338 -5.32982870 
1.66810054e-02 -9.83982990 -8.73090886 -6.87641367 -5.90441338 -5.32982870 
1.29154967e-02 -9.83982990 -8.73090886 -6.87641367 -5.90441338 -5.32982870 
1.00000000e-02 -9.83982990 -8.73090886 -6.87641367 -5.90441338 -5.32982870 
7.74263683e-03 -9.83982990 -8.73090886 -6.87641367 -5.90441338 -5.32982870 
5.99484250e-03 -9.83982990 -8.73090886 -6.87641367 -5.90441338 -5.32982870 
4.64158883e-03 -9.83982990 -8.73090886 -6.87641367 -5.90441338 -5.32982870 
3.59381366e-03 -9.83982990 -8.73090886 -6.87641367 -5.90441338 -5.32982870 
2.78255940e-03 -9.83982990 -8.73090886 -6.87641367 -5.90441338 -5.32982870 
2.15443469e-03 -9.83982990 -8.73090886 -6.87641367 -5.90441338 -5.32982870 
1.66810054e-03 -9.83982990 -8.73090886 -6.87641367 -5.90441338 -5.32982870 
1.29154967e-03 -9.83982990 -8.73090886 -6.87641367 -5.90441338 -5.32982870 
1.00000000e-03 -9.83982990 -8.73090886 -6.87641367 -5.90441338 -5.32982870 
7.74263683e-04 -9.83982990 -8.73090886 -6.87641367 -5.90441338 -5.32982870 
5.99484250e-04 -9.83982990 -8.73090886 -6.87641367 -5.90441338 -5.32982870 
4.64158883e-04 -9.83982990 -8.73090886 -6.87641367 -5.90441338 -5.32982870 
3.59381366e-04 -9.83982990 -8.73090886 -6.87641367 -5.90441338 -5.32982870 
2.78255940e-04 -9.83982990 -8.73090886 -6.87641367 -5.90441338 -5.32982870 
2.15443469e-04 -9.83982990 -8.73090886 -6.87641367 -5.90441338 -5.32982870 
1.66810054e-04 -9.83982990 -8.73090886 -6.87641367 -5.90441338 -5.32982870 
1.29154967e-04 -9.83982990 -8.73090886 -6.87641367 -5.90441338 -5.32982870 
1.00000000e-04 -9.83982990 -8.73090886 -6.87641367 -5.90441338 -5.32982870 
7.74263683e-05 -9.83982990 -8.73090886 -6.87641367 -5.90441338 -5.32982870 
5.99484250e-05 -9.83982990 -8.73090886 -6.87641367 -5.90441338 -5.32982870 
4.64158883e-05 -9.83982990 -8.73090886 -6.87641367 -5.90441338 -5.32982870 
3.59381366e-05 -9.83982990 -8.73090886 -6.87641367 -5.90441338 -5.32982870 
2.78255940e-05 -9.83982990 -8.73090886 -6.87641367 -5.90441338 -5.32982870 
2.15443469e-05 -9.83982990 -8.73090886 -6.87641367 -5.90441338 -5.32982870 
1.66810054e-05 -9.83982990 -8.73090886 -6.87641367 -5.90441338 -5.32982870 
1.29154967e-05 -9.83982990 -8.73090886 -6.87641367 -5.90441338 -5.32982870 
1.00000000e-05 -9.83982990 -8.73090886 -6.87641367 -5.90441338 -5.32982870 
7.74263683e-06 -9.83982990 -8.73090886 -6.87641367 -5.90441338 -5.32982870 
5.99484250e-06 -9.83982990 -8.73090886 -6.87641367 -5.90441338 -5.32982870 
4.64158883e-06 -9.83982990 -8.73090886 -6.87641367 -5.90441338 -5.32982870 
3.59381366e-06 -9.83982990 -8.73090886 -6.87641367 -5.90441338 -5.32982870 
2.78255940e-06 -9.83982990 -8.73090886 -6.87641367 -5.90441338 -5.32982870 
2.15443469e-06 -9.83982990 -8.73090886 -6.87641367 -5.90441338 -5.32982870 
1.66810054e-06 -9.83982990 -8.73090886 -6.87641367 -5.90441338 -5.32982870 
1.29154967e-06 -9.83982990 -8.73090886 -6.87641367 -5.90441338 -5.32982870 
1.00000000e-06 -9.83982990 -8.73090886 -6.87641367 -5.90441338 -5.32982870 
7.74263683e-07 -9.83982990 -8.73090886 -6.87641367 -5.90441338 -5.32982870 
5.99484250e-07 -9.83982990 -8.73090886 -6.87641367 -5.90441338 -5.32982870 
4.64158883e-07 -9.83982990 -8.73090886 -6.87641367 -5.90441338 -5.32982870 
3.59381366e-07 -9.83982990 -8.73090886 -6.87641367 -5.90441338 -5.32982870 
2.78255940e-07 -9.83982990 -8.73090886 -6.87641367 -5.90441338 -5.32982870 
2.15443469e-07 -9.83982990 -8.73090886 -6.87641367 -5.90441338 -5.32982870 
1.66810054e-07 -9.83982990 -8.73090886 -6.87641367 -5.90441338 -5.32982870 
1.29154967e-07 -9.83982990 -8.73090886 -6.87641367 -5.90441338 -5.32982870 
1.00000000e-07 -9.83982990 -8.73090886 -6.87641367 -5.90441338 -5.32982870 
7.74263683e-08 -9.83982990 -8.73090886 -6.87641367 -5.90441338 -5.32982870 
5.99484250e-08 -9.83982990 -8.73090886 -6.87641367 -5.90441338 -5.32982870 
4.64158883e-08 -9.83982990 -8.73090886 -6.87641367 -5.90441338 -5.32982870 
3.59381366e-08 -9.83982990 -8.73090886 -6.87641367 -5.90441338 -5.32982870 
2.78255940e-08 -9.83982990 -8.73090886 -6.87641367 -5.90441338 -5.32982870 
2.15443469e-08 -9.83982990 -8.73090886 -6.87641367 -5.90441338 -5.32982870 
1.66810054e-08 -9.83982990 -8.73090886 -6.87641367 -5.90441338 -5.32982870 
1.29154967e-08 -9.83982990 -8.73090886 -6.87641367 -5.90441338 -5.32982870 
1.00000000e-08 -9.83982990 -8.73090886 -6.87641367 -5.90441338 -5.32982870 
7.74263683e-09 -9.83982990 -8.73090886 -6.87641367 -5.90441338 -5.32982870 
5.99484250e-09 -9.83982990 -8.73090886 -6.87641367 -5.90441338 -5.32982870 
4.64158883e-09 -9.83982990 -8.73090886 -6.87641367 -5.90441338 -5.32982870 
3.59381366e-09 -9.83982990 -8.73090886 -6.87641367 -5.90441338 -5.32982870 
2.78255940e-09 -9.83982990 -8.73090886 -6.87641367 -5.90441338 -5.32982870 
2.15443469e-09 -9.83982990 -8.73090886 -6.87641367 -5.90441338 -5.32982870 
1.66810054e-09 -9.83982990 -8.73090886 -6.87641367 -5.90441338 -5.32982870 
1.29154967e-09 -9.83982990 -8.73090886 -6.87641367 -5.90441338 -5.32982870 
1.00000000e-09 -9.83982990 -8.73090886 -6.87641367 -5.90441338 -5.32982870 
7.74263683e-10 -9.83982990 -8.73090886 -6.87641367 -5.90441338 -5.32982870 
5.99484250e-10 -9.83982990 -8.73090886 -6.87641367 -5.90441338 -5.32982870 
4.64158883e-10 -9.83982990 -8.73090886 -6.87641367 -5.90441338 -5.32982870 
3.59381366e-10 -9.83982990 -8.73090886 -6.87641367 -5.90441338 -5.32982870 
2.78255940e-10 -9.83982990 -8.73090886 -6.87641367 -5.90441338 -5.32982870 
2.15443469e-10 -9.83982990 -8.73090886 -6.87641367 -5.90441338 -5.32982870 
1.66810054e-10 -9.83982990 -8.73090886 -6.87641367 -5.90441338 -5.32982870 
1.29154967e-10 -9.83982990 -8.73090886 -6.87641367 -5.90441338 -5.32982870 
1.00000000e-10 -9.83982990 -8.73090886 -6.87641367 -5.90441338 -5.32982870 
P (bar) | log_N2O: -2σ | log_N2O: -1σ | log_N2O: median | log_N2O: +1σ | log_N2O: +2σ 
1.00000000e+01 -9.77503725 -8.52758675 -6.76819261 -5.98885259 -5.44120227 
7.74263683e+00 -9.77503725 -8.52758675 -6.76819261 -5.98885259 -5.44120227 
5.99484250e+00 -9.77503725 -8.52758675 -6.76819261 -5.98885259 -5.44120227 
4.64158883e+00 -9.77503725 -8.52758675 -6.76819261 -5.98885259 -5.44120227 
3.59381366e+00 -9.77503725 -8.52758675 -6.76819261 -5.98885259 -5.44120227 
2.78255940e+00 -9.77503725 -8.52758675 -6.76819261 -5.98885259 -5.44120227 
2.15443469e+00 -9.77503725 -8.52758675 -6.76819261 -5.98885259 -5.44120227 
1.66810054e+00 -9.77503725 -8.52758675 -6.76819261 -5.98885259 -5.44120227 
1.29154967e+00 -9.77503725 -8.52758675 -6.76819261 -5.98885259 -5.44120227 
1.00000000e+00 -9.77503725 -8.52758675 -6.76819261 -5.98885259 -5.44120227 
7.74263683e-01 -9.77503725 -8.52758675 -6.76819261 -5.98885259 -5.44120227 
5.99484250e-01 -9.77503725 -8.52758675 -6.76819261 -5.98885259 -5.44120227 
4.64158883e-01 -9.77503725 -8.52758675 -6.76819261 -5.98885259 -5.44120227 
3.59381366e-01 -9.77503725 -8.52758675 -6.76819261 -5.98885259 -5.44120227 
2.78255940e-01 -9.77503725 -8.52758675 -6.76819261 -5.98885259 -5.44120227 
2.15443469e-01 -9.77503725 -8.52758675 -6.76819261 -5.98885259 -5.44120227 
1.66810054e-01 -9.77503725 -8.52758675 -6.76819261 -5.98885259 -5.44120227 
1.29154967e-01 -9.77503725 -8.52758675 -6.76819261 -5.98885259 -5.44120227 
1.00000000e-01 -9.77503725 -8.52758675 -6.76819261 -5.98885259 -5.44120227 
7.74263683e-02 -9.77503725 -8.52758675 -6.76819261 -5.98885259 -5.44120227 
5.99484250e-02 -9.77503725 -8.52758675 -6.76819261 -5.98885259 -5.44120227 
4.64158883e-02 -9.77503725 -8.52758675 -6.76819261 -5.98885259 -5.44120227 
3.59381366e-02 -9.77503725 -8.52758675 -6.76819261 -5.98885259 -5.44120227 
2.78255940e-02 -9.77503725 -8.52758675 -6.76819261 -5.98885259 -5.44120227 
2.15443469e-02 -9.77503725 -8.52758675 -6.76819261 -5.98885259 -5.44120227 
1.66810054e-02 -9.77503725 -8.52758675 -6.76819261 -5.98885259 -5.44120227 
1.29154967e-02 -9.77503725 -8.52758675 -6.76819261 -5.98885259 -5.44120227 
1.00000000e-02 -9.77503725 -8.52758675 -6.76819261 -5.98885259 -5.44120227 
7.74263683e-03 -9.77503725 -8.52758675 -6.76819261 -5.98885259 -5.44120227 
5.99484250e-03 -9.77503725 -8.52758675 -6.76819261 -5.98885259 -5.44120227 
4.64158883e-03 -9.77503725 -8.52758675 -6.76819261 -5.98885259 -5.44120227 
3.59381366e-03 -9.77503725 -8.52758675 -6.76819261 -5.98885259 -5.44120227 
2.78255940e-03 -9.77503725 -8.52758675 -6.76819261 -5.98885259 -5.44120227 
2.15443469e-03 -9.77503725 -8.52758675 -6.76819261 -5.98885259 -5.44120227 
1.66810054e-03 -9.77503725 -8.52758675 -6.76819261 -5.98885259 -5.44120227 
1.29154967e-03 -9.77503725 -8.52758675 -6.76819261 -5.98885259 -5.44120227 
1.00000000e-03 -9.77503725 -8.52758675 -6.76819261 -5.98885259 -5.44120227 
7.74263683e-04 -9.77503725 -8.52758675 -6.76819261 -5.98885259 -5.44120227 
5.99484250e-04 -9.77503725 -8.52758675 -6.76819261 -5.98885259 -5.44120227 
4.64158883e-04 -9.77503725 -8.52758675 -6.76819261 -5.98885259 -5.44120227 
3.59381366e-04 -9.77503725 -8.52758675 -6.76819261 -5.98885259 -5.44120227 
2.78255940e-04 -9.77503725 -8.52758675 -6.76819261 -5.98885259 -5.44120227 
2.15443469e-04 -9.77503725 -8.52758675 -6.76819261 -5.98885259 -5.44120227 
1.66810054e-04 -9.77503725 -8.52758675 -6.76819261 -5.98885259 -5.44120227 
1.29154967e-04 -9.77503725 -8.52758675 -6.76819261 -5.98885259 -5.44120227 
1.00000000e-04 -9.77503725 -8.52758675 -6.76819261 -5.98885259 -5.44120227 
7.74263683e-05 -9.77503725 -8.52758675 -6.76819261 -5.98885259 -5.44120227 
5.99484250e-05 -9.77503725 -8.52758675 -6.76819261 -5.98885259 -5.44120227 
4.64158883e-05 -9.77503725 -8.52758675 -6.76819261 -5.98885259 -5.44120227 
3.59381366e-05 -9.77503725 -8.52758675 -6.76819261 -5.98885259 -5.44120227 
2.78255940e-05 -9.77503725 -8.52758675 -6.76819261 -5.98885259 -5.44120227 
2.15443469e-05 -9.77503725 -8.52758675 -6.76819261 -5.98885259 -5.44120227 
1.66810054e-05 -9.77503725 -8.52758675 -6.76819261 -5.98885259 -5.44120227 
1.29154967e-05 -9.77503725 -8.52758675 -6.76819261 -5.98885259 -5.44120227 
1.00000000e-05 -9.77503725 -8.52758675 -6.76819261 -5.98885259 -5.44120227 
7.74263683e-06 -9.77503725 -8.52758675 -6.76819261 -5.98885259 -5.44120227 
5.99484250e-06 -9.77503725 -8.52758675 -6.76819261 -5.98885259 -5.44120227 
4.64158883e-06 -9.77503725 -8.52758675 -6.76819261 -5.98885259 -5.44120227 
3.59381366e-06 -9.77503725 -8.52758675 -6.76819261 -5.98885259 -5.44120227 
2.78255940e-06 -9.77503725 -8.52758675 -6.76819261 -5.98885259 -5.44120227 
2.15443469e-06 -9.77503725 -8.52758675 -6.76819261 -5.98885259 -5.44120227 
1.66810054e-06 -9.77503725 -8.52758675 -6.76819261 -5.98885259 -5.44120227 
1.29154967e-06 -9.77503725 -8.52758675 -6.76819261 -5.98885259 -5.44120227 
1.00000000e-06 -9.77503725 -8.52758675 -6.76819261 -5.98885259 -5.44120227 
7.74263683e-07 -9.77503725 -8.52758675 -6.76819261 -5.98885259 -5.44120227 
5.99484250e-07 -9.77503725 -8.52758675 -6.76819261 -5.98885259 -5.44120227 
4.64158883e-07 -9.77503725 -8.52758675 -6.76819261 -5.98885259 -5.44120227 
3.59381366e-07 -9.77503725 -8.52758675 -6.76819261 -5.98885259 -5.44120227 
2.78255940e-07 -9.77503725 -8.52758675 -6.76819261 -5.98885259 -5.44120227 
2.15443469e-07 -9.77503725 -8.52758675 -6.76819261 -5.98885259 -5.44120227 
1.66810054e-07 -9.77503725 -8.52758675 -6.76819261 -5.98885259 -5.44120227 
1.29154967e-07 -9.77503725 -8.52758675 -6.76819261 -5.98885259 -5.44120227 
1.00000000e-07 -9.77503725 -8.52758675 -6.76819261 -5.98885259 -5.44120227 
7.74263683e-08 -9.77503725 -8.52758675 -6.76819261 -5.98885259 -5.44120227 
5.99484250e-08 -9.77503725 -8.52758675 -6.76819261 -5.98885259 -5.44120227 
4.64158883e-08 -9.77503725 -8.52758675 -6.76819261 -5.98885259 -5.44120227 
3.59381366e-08 -9.77503725 -8.52758675 -6.76819261 -5.98885259 -5.44120227 
2.78255940e-08 -9.77503725 -8.52758675 -6.76819261 -5.98885259 -5.44120227 
2.15443469e-08 -9.77503725 -8.52758675 -6.76819261 -5.98885259 -5.44120227 
1.66810054e-08 -9.77503725 -8.52758675 -6.76819261 -5.98885259 -5.44120227 
1.29154967e-08 -9.77503725 -8.52758675 -6.76819261 -5.98885259 -5.44120227 
1.00000000e-08 -9.77503725 -8.52758675 -6.76819261 -5.98885259 -5.44120227 
7.74263683e-09 -9.77503725 -8.52758675 -6.76819261 -5.98885259 -5.44120227 
5.99484250e-09 -9.77503725 -8.52758675 -6.76819261 -5.98885259 -5.44120227 
4.64158883e-09 -9.77503725 -8.52758675 -6.76819261 -5.98885259 -5.44120227 
3.59381366e-09 -9.77503725 -8.52758675 -6.76819261 -5.98885259 -5.44120227 
2.78255940e-09 -9.77503725 -8.52758675 -6.76819261 -5.98885259 -5.44120227 
2.15443469e-09 -9.77503725 -8.52758675 -6.76819261 -5.98885259 -5.44120227 
1.66810054e-09 -9.77503725 -8.52758675 -6.76819261 -5.98885259 -5.44120227 
1.29154967e-09 -9.77503725 -8.52758675 -6.76819261 -5.98885259 -5.44120227 
1.00000000e-09 -9.77503725 -8.52758675 -6.76819261 -5.98885259 -5.44120227 
7.74263683e-10 -9.77503725 -8.52758675 -6.76819261 -5.98885259 -5.44120227 
5.99484250e-10 -9.77503725 -8.52758675 -6.76819261 -5.98885259 -5.44120227 
4.64158883e-10 -9.77503725 -8.52758675 -6.76819261 -5.98885259 -5.44120227 
3.59381366e-10 -9.77503725 -8.52758675 -6.76819261 -5.98885259 -5.44120227 
2.78255940e-10 -9.77503725 -8.52758675 -6.76819261 -5.98885259 -5.44120227 
2.15443469e-10 -9.77503725 -8.52758675 -6.76819261 -5.98885259 -5.44120227 
1.66810054e-10 -9.77503725 -8.52758675 -6.76819261 -5.98885259 -5.44120227 
1.29154967e-10 -9.77503725 -8.52758675 -6.76819261 -5.98885259 -5.44120227 
1.00000000e-10 -9.77503725 -8.52758675 -6.76819261 -5.98885259 -5.44120227 
P (bar) | log_NH3: -2σ | log_NH3: -1σ | log_NH3: median | log_NH3: +1σ | log_NH3: +2σ 
1.00000000e+01 -9.92016316 -9.38832854 -8.10590706 -6.97288986 -6.30259996 
7.74263683e+00 -9.92016316 -9.38832854 -8.10590706 -6.97288986 -6.30259996 
5.99484250e+00 -9.92016316 -9.38832854 -8.10590706 -6.97288986 -6.30259996 
4.64158883e+00 -9.92016316 -9.38832854 -8.10590706 -6.97288986 -6.30259996 
3.59381366e+00 -9.92016316 -9.38832854 -8.10590706 -6.97288986 -6.30259996 
2.78255940e+00 -9.92016316 -9.38832854 -8.10590706 -6.97288986 -6.30259996 
2.15443469e+00 -9.92016316 -9.38832854 -8.10590706 -6.97288986 -6.30259996 
1.66810054e+00 -9.92016316 -9.38832854 -8.10590706 -6.97288986 -6.30259996 
1.29154967e+00 -9.92016316 -9.38832854 -8.10590706 -6.97288986 -6.30259996 
1.00000000e+00 -9.92016316 -9.38832854 -8.10590706 -6.97288986 -6.30259996 
7.74263683e-01 -9.92016316 -9.38832854 -8.10590706 -6.97288986 -6.30259996 
5.99484250e-01 -9.92016316 -9.38832854 -8.10590706 -6.97288986 -6.30259996 
4.64158883e-01 -9.92016316 -9.38832854 -8.10590706 -6.97288986 -6.30259996 
3.59381366e-01 -9.92016316 -9.38832854 -8.10590706 -6.97288986 -6.30259996 
2.78255940e-01 -9.92016316 -9.38832854 -8.10590706 -6.97288986 -6.30259996 
2.15443469e-01 -9.92016316 -9.38832854 -8.10590706 -6.97288986 -6.30259996 
1.66810054e-01 -9.92016316 -9.38832854 -8.10590706 -6.97288986 -6.30259996 
1.29154967e-01 -9.92016316 -9.38832854 -8.10590706 -6.97288986 -6.30259996 
1.00000000e-01 -9.92016316 -9.38832854 -8.10590706 -6.97288986 -6.30259996 
7.74263683e-02 -9.92016316 -9.38832854 -8.10590706 -6.97288986 -6.30259996 
5.99484250e-02 -9.92016316 -9.38832854 -8.10590706 -6.97288986 -6.30259996 
4.64158883e-02 -9.92016316 -9.38832854 -8.10590706 -6.97288986 -6.30259996 
3.59381366e-02 -9.92016316 -9.38832854 -8.10590706 -6.97288986 -6.30259996 
2.78255940e-02 -9.92016316 -9.38832854 -8.10590706 -6.97288986 -6.30259996 
2.15443469e-02 -9.92016316 -9.38832854 -8.10590706 -6.97288986 -6.30259996 
1.66810054e-02 -9.92016316 -9.38832854 -8.10590706 -6.97288986 -6.30259996 
1.29154967e-02 -9.92016316 -9.38832854 -8.10590706 -6.97288986 -6.30259996 
1.00000000e-02 -9.92016316 -9.38832854 -8.10590706 -6.97288986 -6.30259996 
7.74263683e-03 -9.92016316 -9.38832854 -8.10590706 -6.97288986 -6.30259996 
5.99484250e-03 -9.92016316 -9.38832854 -8.10590706 -6.97288986 -6.30259996 
4.64158883e-03 -9.92016316 -9.38832854 -8.10590706 -6.97288986 -6.30259996 
3.59381366e-03 -9.92016316 -9.38832854 -8.10590706 -6.97288986 -6.30259996 
2.78255940e-03 -9.92016316 -9.38832854 -8.10590706 -6.97288986 -6.30259996 
2.15443469e-03 -9.92016316 -9.38832854 -8.10590706 -6.97288986 -6.30259996 
1.66810054e-03 -9.92016316 -9.38832854 -8.10590706 -6.97288986 -6.30259996 
1.29154967e-03 -9.92016316 -9.38832854 -8.10590706 -6.97288986 -6.30259996 
1.00000000e-03 -9.92016316 -9.38832854 -8.10590706 -6.97288986 -6.30259996 
7.74263683e-04 -9.92016316 -9.38832854 -8.10590706 -6.97288986 -6.30259996 
5.99484250e-04 -9.92016316 -9.38832854 -8.10590706 -6.97288986 -6.30259996 
4.64158883e-04 -9.92016316 -9.38832854 -8.10590706 -6.97288986 -6.30259996 
3.59381366e-04 -9.92016316 -9.38832854 -8.10590706 -6.97288986 -6.30259996 
2.78255940e-04 -9.92016316 -9.38832854 -8.10590706 -6.97288986 -6.30259996 
2.15443469e-04 -9.92016316 -9.38832854 -8.10590706 -6.97288986 -6.30259996 
1.66810054e-04 -9.92016316 -9.38832854 -8.10590706 -6.97288986 -6.30259996 
1.29154967e-04 -9.92016316 -9.38832854 -8.10590706 -6.97288986 -6.30259996 
1.00000000e-04 -9.92016316 -9.38832854 -8.10590706 -6.97288986 -6.30259996 
7.74263683e-05 -9.92016316 -9.38832854 -8.10590706 -6.97288986 -6.30259996 
5.99484250e-05 -9.92016316 -9.38832854 -8.10590706 -6.97288986 -6.30259996 
4.64158883e-05 -9.92016316 -9.38832854 -8.10590706 -6.97288986 -6.30259996 
3.59381366e-05 -9.92016316 -9.38832854 -8.10590706 -6.97288986 -6.30259996 
2.78255940e-05 -9.92016316 -9.38832854 -8.10590706 -6.97288986 -6.30259996 
2.15443469e-05 -9.92016316 -9.38832854 -8.10590706 -6.97288986 -6.30259996 
1.66810054e-05 -9.92016316 -9.38832854 -8.10590706 -6.97288986 -6.30259996 
1.29154967e-05 -9.92016316 -9.38832854 -8.10590706 -6.97288986 -6.30259996 
1.00000000e-05 -9.92016316 -9.38832854 -8.10590706 -6.97288986 -6.30259996 
7.74263683e-06 -9.92016316 -9.38832854 -8.10590706 -6.97288986 -6.30259996 
5.99484250e-06 -9.92016316 -9.38832854 -8.10590706 -6.97288986 -6.30259996 
4.64158883e-06 -9.92016316 -9.38832854 -8.10590706 -6.97288986 -6.30259996 
3.59381366e-06 -9.92016316 -9.38832854 -8.10590706 -6.97288986 -6.30259996 
2.78255940e-06 -9.92016316 -9.38832854 -8.10590706 -6.97288986 -6.30259996 
2.15443469e-06 -9.92016316 -9.38832854 -8.10590706 -6.97288986 -6.30259996 
1.66810054e-06 -9.92016316 -9.38832854 -8.10590706 -6.97288986 -6.30259996 
1.29154967e-06 -9.92016316 -9.38832854 -8.10590706 -6.97288986 -6.30259996 
1.00000000e-06 -9.92016316 -9.38832854 -8.10590706 -6.97288986 -6.30259996 
7.74263683e-07 -9.92016316 -9.38832854 -8.10590706 -6.97288986 -6.30259996 
5.99484250e-07 -9.92016316 -9.38832854 -8.10590706 -6.97288986 -6.30259996 
4.64158883e-07 -9.92016316 -9.38832854 -8.10590706 -6.97288986 -6.30259996 
3.59381366e-07 -9.92016316 -9.38832854 -8.10590706 -6.97288986 -6.30259996 
2.78255940e-07 -9.92016316 -9.38832854 -8.10590706 -6.97288986 -6.30259996 
2.15443469e-07 -9.92016316 -9.38832854 -8.10590706 -6.97288986 -6.30259996 
1.66810054e-07 -9.92016316 -9.38832854 -8.10590706 -6.97288986 -6.30259996 
1.29154967e-07 -9.92016316 -9.38832854 -8.10590706 -6.97288986 -6.30259996 
1.00000000e-07 -9.92016316 -9.38832854 -8.10590706 -6.97288986 -6.30259996 
7.74263683e-08 -9.92016316 -9.38832854 -8.10590706 -6.97288986 -6.30259996 
5.99484250e-08 -9.92016316 -9.38832854 -8.10590706 -6.97288986 -6.30259996 
4.64158883e-08 -9.92016316 -9.38832854 -8.10590706 -6.97288986 -6.30259996 
3.59381366e-08 -9.92016316 -9.38832854 -8.10590706 -6.97288986 -6.30259996 
2.78255940e-08 -9.92016316 -9.38832854 -8.10590706 -6.97288986 -6.30259996 
2.15443469e-08 -9.92016316 -9.38832854 -8.10590706 -6.97288986 -6.30259996 
1.66810054e-08 -9.92016316 -9.38832854 -8.10590706 -6.97288986 -6.30259996 
1.29154967e-08 -9.92016316 -9.38832854 -8.10590706 -6.97288986 -6.30259996 
1.00000000e-08 -9.92016316 -9.38832854 -8.10590706 -6.97288986 -6.30259996 
7.74263683e-09 -9.92016316 -9.38832854 -8.10590706 -6.97288986 -6.30259996 
5.99484250e-09 -9.92016316 -9.38832854 -8.10590706 -6.97288986 -6.30259996 
4.64158883e-09 -9.92016316 -9.38832854 -8.10590706 -6.97288986 -6.30259996 
3.59381366e-09 -9.92016316 -9.38832854 -8.10590706 -6.97288986 -6.30259996 
2.78255940e-09 -9.92016316 -9.38832854 -8.10590706 -6.97288986 -6.30259996 
2.15443469e-09 -9.92016316 -9.38832854 -8.10590706 -6.97288986 -6.30259996 
1.66810054e-09 -9.92016316 -9.38832854 -8.10590706 -6.97288986 -6.30259996 
1.29154967e-09 -9.92016316 -9.38832854 -8.10590706 -6.97288986 -6.30259996 
1.00000000e-09 -9.92016316 -9.38832854 -8.10590706 -6.97288986 -6.30259996 
7.74263683e-10 -9.92016316 -9.38832854 -8.10590706 -6.97288986 -6.30259996 
5.99484250e-10 -9.92016316 -9.38832854 -8.10590706 -6.97288986 -6.30259996 
4.64158883e-10 -9.92016316 -9.38832854 -8.10590706 -6.97288986 -6.30259996 
3.59381366e-10 -9.92016316 -9.38832854 -8.10590706 -6.97288986 -6.30259996 
2.78255940e-10 -9.92016316 -9.38832854 -8.10590706 -6.97288986 -6.30259996 
2.15443469e-10 -9.92016316 -9.38832854 -8.10590706 -6.97288986 -6.30259996 
1.66810054e-10 -9.92016316 -9.38832854 -8.10590706 -6.97288986 -6.30259996 
1.29154967e-10 -9.92016316 -9.38832854 -8.10590706 -6.97288986 -6.30259996 
1.00000000e-10 -9.92016316 -9.38832854 -8.10590706 -6.97288986 -6.30259996 
