Chemical species: N2 H2O CO2 CH4 O2 O3 N2O NH3
P (bar) | log_N2: -2σ | log_N2: -1σ | log_N2: median | log_N2: +1σ | log_N2: +2σ 
1.00000000e+01 -0.04977794 -0.02474225 -0.00560624 -0.00086375 -0.00018721 
7.74263683e+00 -0.04977794 -0.02474225 -0.00560624 -0.00086375 -0.00018721 
5.99484250e+00 -0.04977794 -0.02474225 -0.00560624 -0.00086375 -0.00018721 
4.64158883e+00 -0.04977794 -0.02474225 -0.00560624 -0.00086375 -0.00018721 
3.59381366e+00 -0.04977794 -0.02474225 -0.00560624 -0.00086375 -0.00018721 
2.78255940e+00 -0.04977794 -0.02474225 -0.00560624 -0.00086375 -0.00018721 
2.15443469e+00 -0.04977794 -0.02474225 -0.00560624 -0.00086375 -0.00018721 
1.66810054e+00 -0.04977794 -0.02474225 -0.00560624 -0.00086375 -0.00018721 
1.29154967e+00 -0.04977794 -0.02474225 -0.00560624 -0.00086375 -0.00018721 
1.00000000e+00 -0.04977794 -0.02474225 -0.00560624 -0.00086375 -0.00018721 
7.74263683e-01 -0.04977794 -0.02474225 -0.00560624 -0.00086375 -0.00018721 
5.99484250e-01 -0.04977794 -0.02474225 -0.00560624 -0.00086375 -0.00018721 
4.64158883e-01 -0.04977794 -0.02474225 -0.00560624 -0.00086375 -0.00018721 
3.59381366e-01 -0.04977794 -0.02474225 -0.00560624 -0.00086375 -0.00018721 
2.78255940e-01 -0.04977794 -0.02474225 -0.00560624 -0.00086375 -0.00018721 
2.15443469e-01 -0.04977794 -0.02474225 -0.00560624 -0.00086375 -0.00018721 
1.66810054e-01 -0.04977794 -0.02474225 -0.00560624 -0.00086375 -0.00018721 
1.29154967e-01 -0.04977794 -0.02474225 -0.00560624 -0.00086375 -0.00018721 
1.00000000e-01 -0.04977794 -0.02474225 -0.00560624 -0.00086375 -0.00018721 
7.74263683e-02 -0.04977794 -0.02474225 -0.00560624 -0.00086375 -0.00018721 
5.99484250e-02 -0.04977794 -0.02474225 -0.00560624 -0.00086375 -0.00018721 
4.64158883e-02 -0.04977794 -0.02474225 -0.00560624 -0.00086375 -0.00018721 
3.59381366e-02 -0.04977794 -0.02474225 -0.00560624 -0.00086375 -0.00018721 
2.78255940e-02 -0.04977794 -0.02474225 -0.00560624 -0.00086375 -0.00018721 
2.15443469e-02 -0.04977794 -0.02474225 -0.00560624 -0.00086375 -0.00018721 
1.66810054e-02 -0.04977794 -0.02474225 -0.00560624 -0.00086375 -0.00018721 
1.29154967e-02 -0.04977794 -0.02474225 -0.00560624 -0.00086375 -0.00018721 
1.00000000e-02 -0.04977794 -0.02474225 -0.00560624 -0.00086375 -0.00018721 
7.74263683e-03 -0.04977794 -0.02474225 -0.00560624 -0.00086375 -0.00018721 
5.99484250e-03 -0.04977794 -0.02474225 -0.00560624 -0.00086375 -0.00018721 
4.64158883e-03 -0.04977794 -0.02474225 -0.00560624 -0.00086375 -0.00018721 
3.59381366e-03 -0.04977794 -0.02474225 -0.00560624 -0.00086375 -0.00018721 
2.78255940e-03 -0.04977794 -0.02474225 -0.00560624 -0.00086375 -0.00018721 
2.15443469e-03 -0.04977794 -0.02474225 -0.00560624 -0.00086375 -0.00018721 
1.66810054e-03 -0.04977794 -0.02474225 -0.00560624 -0.00086375 -0.00018721 
1.29154967e-03 -0.04977794 -0.02474225 -0.00560624 -0.00086375 -0.00018721 
1.00000000e-03 -0.04977794 -0.02474225 -0.00560624 -0.00086375 -0.00018721 
7.74263683e-04 -0.04977794 -0.02474225 -0.00560624 -0.00086375 -0.00018721 
5.99484250e-04 -0.04977794 -0.02474225 -0.00560624 -0.00086375 -0.00018721 
4.64158883e-04 -0.04977794 -0.02474225 -0.00560624 -0.00086375 -0.00018721 
3.59381366e-04 -0.04977794 -0.02474225 -0.00560624 -0.00086375 -0.00018721 
2.78255940e-04 -0.04977794 -0.02474225 -0.00560624 -0.00086375 -0.00018721 
2.15443469e-04 -0.04977794 -0.02474225 -0.00560624 -0.00086375 -0.00018721 
1.66810054e-04 -0.04977794 -0.02474225 -0.00560624 -0.00086375 -0.00018721 
1.29154967e-04 -0.04977794 -0.02474225 -0.00560624 -0.00086375 -0.00018721 
1.00000000e-04 -0.04977794 -0.02474225 -0.00560624 -0.00086375 -0.00018721 
7.74263683e-05 -0.04977794 -0.02474225 -0.00560624 -0.00086375 -0.00018721 
5.99484250e-05 -0.04977794 -0.02474225 -0.00560624 -0.00086375 -0.00018721 
4.64158883e-05 -0.04977794 -0.02474225 -0.00560624 -0.00086375 -0.00018721 
3.59381366e-05 -0.04977794 -0.02474225 -0.00560624 -0.00086375 -0.00018721 
2.78255940e-05 -0.04977794 -0.02474225 -0.00560624 -0.00086375 -0.00018721 
2.15443469e-05 -0.04977794 -0.02474225 -0.00560624 -0.00086375 -0.00018721 
1.66810054e-05 -0.04977794 -0.02474225 -0.00560624 -0.00086375 -0.00018721 
1.29154967e-05 -0.04977794 -0.02474225 -0.00560624 -0.00086375 -0.00018721 
1.00000000e-05 -0.04977794 -0.02474225 -0.00560624 -0.00086375 -0.00018721 
7.74263683e-06 -0.04977794 -0.02474225 -0.00560624 -0.00086375 -0.00018721 
5.99484250e-06 -0.04977794 -0.02474225 -0.00560624 -0.00086375 -0.00018721 
4.64158883e-06 -0.04977794 -0.02474225 -0.00560624 -0.00086375 -0.00018721 
3.59381366e-06 -0.04977794 -0.02474225 -0.00560624 -0.00086375 -0.00018721 
2.78255940e-06 -0.04977794 -0.02474225 -0.00560624 -0.00086375 -0.00018721 
2.15443469e-06 -0.04977794 -0.02474225 -0.00560624 -0.00086375 -0.00018721 
1.66810054e-06 -0.04977794 -0.02474225 -0.00560624 -0.00086375 -0.00018721 
1.29154967e-06 -0.04977794 -0.02474225 -0.00560624 -0.00086375 -0.00018721 
1.00000000e-06 -0.04977794 -0.02474225 -0.00560624 -0.00086375 -0.00018721 
7.74263683e-07 -0.04977794 -0.02474225 -0.00560624 -0.00086375 -0.00018721 
5.99484250e-07 -0.04977794 -0.02474225 -0.00560624 -0.00086375 -0.00018721 
4.64158883e-07 -0.04977794 -0.02474225 -0.00560624 -0.00086375 -0.00018721 
3.59381366e-07 -0.04977794 -0.02474225 -0.00560624 -0.00086375 -0.00018721 
2.78255940e-07 -0.04977794 -0.02474225 -0.00560624 -0.00086375 -0.00018721 
2.15443469e-07 -0.04977794 -0.02474225 -0.00560624 -0.00086375 -0.00018721 
1.66810054e-07 -0.04977794 -0.02474225 -0.00560624 -0.00086375 -0.00018721 
1.29154967e-07 -0.04977794 -0.02474225 -0.00560624 -0.00086375 -0.00018721 
1.00000000e-07 -0.04977794 -0.02474225 -0.00560624 -0.00086375 -0.00018721 
7.74263683e-08 -0.04977794 -0.02474225 -0.00560624 -0.00086375 -0.00018721 
5.99484250e-08 -0.04977794 -0.02474225 -0.00560624 -0.00086375 -0.00018721 
4.64158883e-08 -0.04977794 -0.02474225 -0.00560624 -0.00086375 -0.00018721 
3.59381366e-08 -0.04977794 -0.02474225 -0.00560624 -0.00086375 -0.00018721 
2.78255940e-08 -0.04977794 -0.02474225 -0.00560624 -0.00086375 -0.00018721 
2.15443469e-08 -0.04977794 -0.02474225 -0.00560624 -0.00086375 -0.00018721 
1.66810054e-08 -0.04977794 -0.02474225 -0.00560624 -0.00086375 -0.00018721 
1.29154967e-08 -0.04977794 -0.02474225 -0.00560624 -0.00086375 -0.00018721 
1.00000000e-08 -0.04977794 -0.02474225 -0.00560624 -0.00086375 -0.00018721 
7.74263683e-09 -0.04977794 -0.02474225 -0.00560624 -0.00086375 -0.00018721 
5.99484250e-09 -0.04977794 -0.02474225 -0.00560624 -0.00086375 -0.00018721 
4.64158883e-09 -0.04977794 -0.02474225 -0.00560624 -0.00086375 -0.00018721 
3.59381366e-09 -0.04977794 -0.02474225 -0.00560624 -0.00086375 -0.00018721 
2.78255940e-09 -0.04977794 -0.02474225 -0.00560624 -0.00086375 -0.00018721 
2.15443469e-09 -0.04977794 -0.02474225 -0.00560624 -0.00086375 -0.00018721 
1.66810054e-09 -0.04977794 -0.02474225 -0.00560624 -0.00086375 -0.00018721 
1.29154967e-09 -0.04977794 -0.02474225 -0.00560624 -0.00086375 -0.00018721 
1.00000000e-09 -0.04977794 -0.02474225 -0.00560624 -0.00086375 -0.00018721 
7.74263683e-10 -0.04977794 -0.02474225 -0.00560624 -0.00086375 -0.00018721 
5.99484250e-10 -0.04977794 -0.02474225 -0.00560624 -0.00086375 -0.00018721 
4.64158883e-10 -0.04977794 -0.02474225 -0.00560624 -0.00086375 -0.00018721 
3.59381366e-10 -0.04977794 -0.02474225 -0.00560624 -0.00086375 -0.00018721 
2.78255940e-10 -0.04977794 -0.02474225 -0.00560624 -0.00086375 -0.00018721 
2.15443469e-10 -0.04977794 -0.02474225 -0.00560624 -0.00086375 -0.00018721 
1.66810054e-10 -0.04977794 -0.02474225 -0.00560624 -0.00086375 -0.00018721 
1.29154967e-10 -0.04977794 -0.02474225 -0.00560624 -0.00086375 -0.00018721 
1.00000000e-10 -0.04977794 -0.02474225 -0.00560624 -0.00086375 -0.00018721 
P (bar) | log_H2O: -2σ | log_H2O: -1σ | log_H2O: median | log_H2O: +1σ | log_H2O: +2σ 
1.00000000e+01 -5.80932788 -4.56980215 -3.90527326 -3.24867903 -2.68317161 
7.74263683e+00 -5.80932788 -4.56980215 -3.90527326 -3.24867903 -2.68317161 
5.99484250e+00 -5.80932788 -4.56980215 -3.90527326 -3.24867903 -2.68317161 
4.64158883e+00 -5.80932788 -4.56980215 -3.90527326 -3.24867903 -2.68317161 
3.59381366e+00 -5.80932788 -4.56980215 -3.90527326 -3.24867903 -2.68317161 
2.78255940e+00 -5.80932788 -4.56980215 -3.90527326 -3.24867903 -2.68317161 
2.15443469e+00 -5.80932788 -4.56980215 -3.90527326 -3.24867903 -2.68317161 
1.66810054e+00 -5.80932788 -4.56980215 -3.90527326 -3.24867903 -2.68317161 
1.29154967e+00 -5.80932788 -4.56980215 -3.90527326 -3.24867903 -2.68317161 
1.00000000e+00 -5.80932788 -4.56980215 -3.90527326 -3.24867903 -2.68317161 
7.74263683e-01 -5.80932788 -4.56980215 -3.90527326 -3.24867903 -2.68317161 
5.99484250e-01 -5.80932788 -4.56980215 -3.90527326 -3.24867903 -2.68317161 
4.64158883e-01 -5.80932788 -4.56980215 -3.90527326 -3.24867903 -2.68317161 
3.59381366e-01 -5.80932788 -4.56980215 -3.90527326 -3.24867903 -2.68317161 
2.78255940e-01 -5.80932788 -4.56980215 -3.90527326 -3.24867903 -2.68317161 
2.15443469e-01 -5.80932788 -4.56980215 -3.90527326 -3.24867903 -2.68317161 
1.66810054e-01 -5.80932788 -4.56980215 -3.90527326 -3.24867903 -2.68317161 
1.29154967e-01 -5.80932788 -4.56980215 -3.90527326 -3.24867903 -2.68317161 
1.00000000e-01 -5.80932788 -4.56980215 -3.90527326 -3.24867903 -2.68317161 
7.74263683e-02 -5.80932788 -4.56980215 -3.90527326 -3.24867903 -2.68317161 
5.99484250e-02 -5.80932788 -4.56980215 -3.90527326 -3.24867903 -2.68317161 
4.64158883e-02 -5.80932788 -4.56980215 -3.90527326 -3.24867903 -2.68317161 
3.59381366e-02 -5.80932788 -4.56980215 -3.90527326 -3.24867903 -2.68317161 
2.78255940e-02 -5.80932788 -4.56980215 -3.90527326 -3.24867903 -2.68317161 
2.15443469e-02 -5.80932788 -4.56980215 -3.90527326 -3.24867903 -2.68317161 
1.66810054e-02 -5.80932788 -4.56980215 -3.90527326 -3.24867903 -2.68317161 
1.29154967e-02 -5.80932788 -4.56980215 -3.90527326 -3.24867903 -2.68317161 
1.00000000e-02 -5.80932788 -4.56980215 -3.90527326 -3.24867903 -2.68317161 
7.74263683e-03 -5.80932788 -4.56980215 -3.90527326 -3.24867903 -2.68317161 
5.99484250e-03 -5.80932788 -4.56980215 -3.90527326 -3.24867903 -2.68317161 
4.64158883e-03 -5.80932788 -4.56980215 -3.90527326 -3.24867903 -2.68317161 
3.59381366e-03 -5.80932788 -4.56980215 -3.90527326 -3.24867903 -2.68317161 
2.78255940e-03 -5.80932788 -4.56980215 -3.90527326 -3.24867903 -2.68317161 
2.15443469e-03 -5.80932788 -4.56980215 -3.90527326 -3.24867903 -2.68317161 
1.66810054e-03 -5.80932788 -4.56980215 -3.90527326 -3.24867903 -2.68317161 
1.29154967e-03 -5.80932788 -4.56980215 -3.90527326 -3.24867903 -2.68317161 
1.00000000e-03 -5.80932788 -4.56980215 -3.90527326 -3.24867903 -2.68317161 
7.74263683e-04 -5.80932788 -4.56980215 -3.90527326 -3.24867903 -2.68317161 
5.99484250e-04 -5.80932788 -4.56980215 -3.90527326 -3.24867903 -2.68317161 
4.64158883e-04 -5.80932788 -4.56980215 -3.90527326 -3.24867903 -2.68317161 
3.59381366e-04 -5.80932788 -4.56980215 -3.90527326 -3.24867903 -2.68317161 
2.78255940e-04 -5.80932788 -4.56980215 -3.90527326 -3.24867903 -2.68317161 
2.15443469e-04 -5.80932788 -4.56980215 -3.90527326 -3.24867903 -2.68317161 
1.66810054e-04 -5.80932788 -4.56980215 -3.90527326 -3.24867903 -2.68317161 
1.29154967e-04 -5.80932788 -4.56980215 -3.90527326 -3.24867903 -2.68317161 
1.00000000e-04 -5.80932788 -4.56980215 -3.90527326 -3.24867903 -2.68317161 
7.74263683e-05 -5.80932788 -4.56980215 -3.90527326 -3.24867903 -2.68317161 
5.99484250e-05 -5.80932788 -4.56980215 -3.90527326 -3.24867903 -2.68317161 
4.64158883e-05 -5.80932788 -4.56980215 -3.90527326 -3.24867903 -2.68317161 
3.59381366e-05 -5.80932788 -4.56980215 -3.90527326 -3.24867903 -2.68317161 
2.78255940e-05 -5.80932788 -4.56980215 -3.90527326 -3.24867903 -2.68317161 
2.15443469e-05 -5.80932788 -4.56980215 -3.90527326 -3.24867903 -2.68317161 
1.66810054e-05 -5.80932788 -4.56980215 -3.90527326 -3.24867903 -2.68317161 
1.29154967e-05 -5.80932788 -4.56980215 -3.90527326 -3.24867903 -2.68317161 
1.00000000e-05 -5.80932788 -4.56980215 -3.90527326 -3.24867903 -2.68317161 
7.74263683e-06 -5.80932788 -4.56980215 -3.90527326 -3.24867903 -2.68317161 
5.99484250e-06 -5.80932788 -4.56980215 -3.90527326 -3.24867903 -2.68317161 
4.64158883e-06 -5.80932788 -4.56980215 -3.90527326 -3.24867903 -2.68317161 
3.59381366e-06 -5.80932788 -4.56980215 -3.90527326 -3.24867903 -2.68317161 
2.78255940e-06 -5.80932788 -4.56980215 -3.90527326 -3.24867903 -2.68317161 
2.15443469e-06 -5.80932788 -4.56980215 -3.90527326 -3.24867903 -2.68317161 
1.66810054e-06 -5.80932788 -4.56980215 -3.90527326 -3.24867903 -2.68317161 
1.29154967e-06 -5.80932788 -4.56980215 -3.90527326 -3.24867903 -2.68317161 
1.00000000e-06 -5.80932788 -4.56980215 -3.90527326 -3.24867903 -2.68317161 
7.74263683e-07 -5.80932788 -4.56980215 -3.90527326 -3.24867903 -2.68317161 
5.99484250e-07 -5.80932788 -4.56980215 -3.90527326 -3.24867903 -2.68317161 
4.64158883e-07 -5.80932788 -4.56980215 -3.90527326 -3.24867903 -2.68317161 
3.59381366e-07 -5.80932788 -4.56980215 -3.90527326 -3.24867903 -2.68317161 
2.78255940e-07 -5.80932788 -4.56980215 -3.90527326 -3.24867903 -2.68317161 
2.15443469e-07 -5.80932788 -4.56980215 -3.90527326 -3.24867903 -2.68317161 
1.66810054e-07 -5.80932788 -4.56980215 -3.90527326 -3.24867903 -2.68317161 
1.29154967e-07 -5.80932788 -4.56980215 -3.90527326 -3.24867903 -2.68317161 
1.00000000e-07 -5.80932788 -4.56980215 -3.90527326 -3.24867903 -2.68317161 
7.74263683e-08 -5.80932788 -4.56980215 -3.90527326 -3.24867903 -2.68317161 
5.99484250e-08 -5.80932788 -4.56980215 -3.90527326 -3.24867903 -2.68317161 
4.64158883e-08 -5.80932788 -4.56980215 -3.90527326 -3.24867903 -2.68317161 
3.59381366e-08 -5.80932788 -4.56980215 -3.90527326 -3.24867903 -2.68317161 
2.78255940e-08 -5.80932788 -4.56980215 -3.90527326 -3.24867903 -2.68317161 
2.15443469e-08 -5.80932788 -4.56980215 -3.90527326 -3.24867903 -2.68317161 
1.66810054e-08 -5.80932788 -4.56980215 -3.90527326 -3.24867903 -2.68317161 
1.29154967e-08 -5.80932788 -4.56980215 -3.90527326 -3.24867903 -2.68317161 
1.00000000e-08 -5.80932788 -4.56980215 -3.90527326 -3.24867903 -2.68317161 
7.74263683e-09 -5.80932788 -4.56980215 -3.90527326 -3.24867903 -2.68317161 
5.99484250e-09 -5.80932788 -4.56980215 -3.90527326 -3.24867903 -2.68317161 
4.64158883e-09 -5.80932788 -4.56980215 -3.90527326 -3.24867903 -2.68317161 
3.59381366e-09 -5.80932788 -4.56980215 -3.90527326 -3.24867903 -2.68317161 
2.78255940e-09 -5.80932788 -4.56980215 -3.90527326 -3.24867903 -2.68317161 
2.15443469e-09 -5.80932788 -4.56980215 -3.90527326 -3.24867903 -2.68317161 
1.66810054e-09 -5.80932788 -4.56980215 -3.90527326 -3.24867903 -2.68317161 
1.29154967e-09 -5.80932788 -4.56980215 -3.90527326 -3.24867903 -2.68317161 
1.00000000e-09 -5.80932788 -4.56980215 -3.90527326 -3.24867903 -2.68317161 
7.74263683e-10 -5.80932788 -4.56980215 -3.90527326 -3.24867903 -2.68317161 
5.99484250e-10 -5.80932788 -4.56980215 -3.90527326 -3.24867903 -2.68317161 
4.64158883e-10 -5.80932788 -4.56980215 -3.90527326 -3.24867903 -2.68317161 
3.59381366e-10 -5.80932788 -4.56980215 -3.90527326 -3.24867903 -2.68317161 
2.78255940e-10 -5.80932788 -4.56980215 -3.90527326 -3.24867903 -2.68317161 
2.15443469e-10 -5.80932788 -4.56980215 -3.90527326 -3.24867903 -2.68317161 
1.66810054e-10 -5.80932788 -4.56980215 -3.90527326 -3.24867903 -2.68317161 
1.29154967e-10 -5.80932788 -4.56980215 -3.90527326 -3.24867903 -2.68317161 
1.00000000e-10 -5.80932788 -4.56980215 -3.90527326 -3.24867903 -2.68317161 
P (bar) | log_CO2: -2σ | log_CO2: -1σ | log_CO2: median | log_CO2: +1σ | log_CO2: +2σ 
1.00000000e+01 -3.75946088 -3.02810398 -2.25130705 -1.54498852 -1.11951838 
7.74263683e+00 -3.75946088 -3.02810398 -2.25130705 -1.54498852 -1.11951838 
5.99484250e+00 -3.75946088 -3.02810398 -2.25130705 -1.54498852 -1.11951838 
4.64158883e+00 -3.75946088 -3.02810398 -2.25130705 -1.54498852 -1.11951838 
3.59381366e+00 -3.75946088 -3.02810398 -2.25130705 -1.54498852 -1.11951838 
2.78255940e+00 -3.75946088 -3.02810398 -2.25130705 -1.54498852 -1.11951838 
2.15443469e+00 -3.75946088 -3.02810398 -2.25130705 -1.54498852 -1.11951838 
1.66810054e+00 -3.75946088 -3.02810398 -2.25130705 -1.54498852 -1.11951838 
1.29154967e+00 -3.75946088 -3.02810398 -2.25130705 -1.54498852 -1.11951838 
1.00000000e+00 -3.75946088 -3.02810398 -2.25130705 -1.54498852 -1.11951838 
7.74263683e-01 -3.75946088 -3.02810398 -2.25130705 -1.54498852 -1.11951838 
5.99484250e-01 -3.75946088 -3.02810398 -2.25130705 -1.54498852 -1.11951838 
4.64158883e-01 -3.75946088 -3.02810398 -2.25130705 -1.54498852 -1.11951838 
3.59381366e-01 -3.75946088 -3.02810398 -2.25130705 -1.54498852 -1.11951838 
2.78255940e-01 -3.75946088 -3.02810398 -2.25130705 -1.54498852 -1.11951838 
2.15443469e-01 -3.75946088 -3.02810398 -2.25130705 -1.54498852 -1.11951838 
1.66810054e-01 -3.75946088 -3.02810398 -2.25130705 -1.54498852 -1.11951838 
1.29154967e-01 -3.75946088 -3.02810398 -2.25130705 -1.54498852 -1.11951838 
1.00000000e-01 -3.75946088 -3.02810398 -2.25130705 -1.54498852 -1.11951838 
7.74263683e-02 -3.75946088 -3.02810398 -2.25130705 -1.54498852 -1.11951838 
5.99484250e-02 -3.75946088 -3.02810398 -2.25130705 -1.54498852 -1.11951838 
4.64158883e-02 -3.75946088 -3.02810398 -2.25130705 -1.54498852 -1.11951838 
3.59381366e-02 -3.75946088 -3.02810398 -2.25130705 -1.54498852 -1.11951838 
2.78255940e-02 -3.75946088 -3.02810398 -2.25130705 -1.54498852 -1.11951838 
2.15443469e-02 -3.75946088 -3.02810398 -2.25130705 -1.54498852 -1.11951838 
1.66810054e-02 -3.75946088 -3.02810398 -2.25130705 -1.54498852 -1.11951838 
1.29154967e-02 -3.75946088 -3.02810398 -2.25130705 -1.54498852 -1.11951838 
1.00000000e-02 -3.75946088 -3.02810398 -2.25130705 -1.54498852 -1.11951838 
7.74263683e-03 -3.75946088 -3.02810398 -2.25130705 -1.54498852 -1.11951838 
5.99484250e-03 -3.75946088 -3.02810398 -2.25130705 -1.54498852 -1.11951838 
4.64158883e-03 -3.75946088 -3.02810398 -2.25130705 -1.54498852 -1.11951838 
3.59381366e-03 -3.75946088 -3.02810398 -2.25130705 -1.54498852 -1.11951838 
2.78255940e-03 -3.75946088 -3.02810398 -2.25130705 -1.54498852 -1.11951838 
2.15443469e-03 -3.75946088 -3.02810398 -2.25130705 -1.54498852 -1.11951838 
1.66810054e-03 -3.75946088 -3.02810398 -2.25130705 -1.54498852 -1.11951838 
1.29154967e-03 -3.75946088 -3.02810398 -2.25130705 -1.54498852 -1.11951838 
1.00000000e-03 -3.75946088 -3.02810398 -2.25130705 -1.54498852 -1.11951838 
7.74263683e-04 -3.75946088 -3.02810398 -2.25130705 -1.54498852 -1.11951838 
5.99484250e-04 -3.75946088 -3.02810398 -2.25130705 -1.54498852 -1.11951838 
4.64158883e-04 -3.75946088 -3.02810398 -2.25130705 -1.54498852 -1.11951838 
3.59381366e-04 -3.75946088 -3.02810398 -2.25130705 -1.54498852 -1.11951838 
2.78255940e-04 -3.75946088 -3.02810398 -2.25130705 -1.54498852 -1.11951838 
2.15443469e-04 -3.75946088 -3.02810398 -2.25130705 -1.54498852 -1.11951838 
1.66810054e-04 -3.75946088 -3.02810398 -2.25130705 -1.54498852 -1.11951838 
1.29154967e-04 -3.75946088 -3.02810398 -2.25130705 -1.54498852 -1.11951838 
1.00000000e-04 -3.75946088 -3.02810398 -2.25130705 -1.54498852 -1.11951838 
7.74263683e-05 -3.75946088 -3.02810398 -2.25130705 -1.54498852 -1.11951838 
5.99484250e-05 -3.75946088 -3.02810398 -2.25130705 -1.54498852 -1.11951838 
4.64158883e-05 -3.75946088 -3.02810398 -2.25130705 -1.54498852 -1.11951838 
3.59381366e-05 -3.75946088 -3.02810398 -2.25130705 -1.54498852 -1.11951838 
2.78255940e-05 -3.75946088 -3.02810398 -2.25130705 -1.54498852 -1.11951838 
2.15443469e-05 -3.75946088 -3.02810398 -2.25130705 -1.54498852 -1.11951838 
1.66810054e-05 -3.75946088 -3.02810398 -2.25130705 -1.54498852 -1.11951838 
1.29154967e-05 -3.75946088 -3.02810398 -2.25130705 -1.54498852 -1.11951838 
1.00000000e-05 -3.75946088 -3.02810398 -2.25130705 -1.54498852 -1.11951838 
7.74263683e-06 -3.75946088 -3.02810398 -2.25130705 -1.54498852 -1.11951838 
5.99484250e-06 -3.75946088 -3.02810398 -2.25130705 -1.54498852 -1.11951838 
4.64158883e-06 -3.75946088 -3.02810398 -2.25130705 -1.54498852 -1.11951838 
3.59381366e-06 -3.75946088 -3.02810398 -2.25130705 -1.54498852 -1.11951838 
2.78255940e-06 -3.75946088 -3.02810398 -2.25130705 -1.54498852 -1.11951838 
2.15443469e-06 -3.75946088 -3.02810398 -2.25130705 -1.54498852 -1.11951838 
1.66810054e-06 -3.75946088 -3.02810398 -2.25130705 -1.54498852 -1.11951838 
1.29154967e-06 -3.75946088 -3.02810398 -2.25130705 -1.54498852 -1.11951838 
1.00000000e-06 -3.75946088 -3.02810398 -2.25130705 -1.54498852 -1.11951838 
7.74263683e-07 -3.75946088 -3.02810398 -2.25130705 -1.54498852 -1.11951838 
5.99484250e-07 -3.75946088 -3.02810398 -2.25130705 -1.54498852 -1.11951838 
4.64158883e-07 -3.75946088 -3.02810398 -2.25130705 -1.54498852 -1.11951838 
3.59381366e-07 -3.75946088 -3.02810398 -2.25130705 -1.54498852 -1.11951838 
2.78255940e-07 -3.75946088 -3.02810398 -2.25130705 -1.54498852 -1.11951838 
2.15443469e-07 -3.75946088 -3.02810398 -2.25130705 -1.54498852 -1.11951838 
1.66810054e-07 -3.75946088 -3.02810398 -2.25130705 -1.54498852 -1.11951838 
1.29154967e-07 -3.75946088 -3.02810398 -2.25130705 -1.54498852 -1.11951838 
1.00000000e-07 -3.75946088 -3.02810398 -2.25130705 -1.54498852 -1.11951838 
7.74263683e-08 -3.75946088 -3.02810398 -2.25130705 -1.54498852 -1.11951838 
5.99484250e-08 -3.75946088 -3.02810398 -2.25130705 -1.54498852 -1.11951838 
4.64158883e-08 -3.75946088 -3.02810398 -2.25130705 -1.54498852 -1.11951838 
3.59381366e-08 -3.75946088 -3.02810398 -2.25130705 -1.54498852 -1.11951838 
2.78255940e-08 -3.75946088 -3.02810398 -2.25130705 -1.54498852 -1.11951838 
2.15443469e-08 -3.75946088 -3.02810398 -2.25130705 -1.54498852 -1.11951838 
1.66810054e-08 -3.75946088 -3.02810398 -2.25130705 -1.54498852 -1.11951838 
1.29154967e-08 -3.75946088 -3.02810398 -2.25130705 -1.54498852 -1.11951838 
1.00000000e-08 -3.75946088 -3.02810398 -2.25130705 -1.54498852 -1.11951838 
7.74263683e-09 -3.75946088 -3.02810398 -2.25130705 -1.54498852 -1.11951838 
5.99484250e-09 -3.75946088 -3.02810398 -2.25130705 -1.54498852 -1.11951838 
4.64158883e-09 -3.75946088 -3.02810398 -2.25130705 -1.54498852 -1.11951838 
3.59381366e-09 -3.75946088 -3.02810398 -2.25130705 -1.54498852 -1.11951838 
2.78255940e-09 -3.75946088 -3.02810398 -2.25130705 -1.54498852 -1.11951838 
2.15443469e-09 -3.75946088 -3.02810398 -2.25130705 -1.54498852 -1.11951838 
1.66810054e-09 -3.75946088 -3.02810398 -2.25130705 -1.54498852 -1.11951838 
1.29154967e-09 -3.75946088 -3.02810398 -2.25130705 -1.54498852 -1.11951838 
1.00000000e-09 -3.75946088 -3.02810398 -2.25130705 -1.54498852 -1.11951838 
7.74263683e-10 -3.75946088 -3.02810398 -2.25130705 -1.54498852 -1.11951838 
5.99484250e-10 -3.75946088 -3.02810398 -2.25130705 -1.54498852 -1.11951838 
4.64158883e-10 -3.75946088 -3.02810398 -2.25130705 -1.54498852 -1.11951838 
3.59381366e-10 -3.75946088 -3.02810398 -2.25130705 -1.54498852 -1.11951838 
2.78255940e-10 -3.75946088 -3.02810398 -2.25130705 -1.54498852 -1.11951838 
2.15443469e-10 -3.75946088 -3.02810398 -2.25130705 -1.54498852 -1.11951838 
1.66810054e-10 -3.75946088 -3.02810398 -2.25130705 -1.54498852 -1.11951838 
1.29154967e-10 -3.75946088 -3.02810398 -2.25130705 -1.54498852 -1.11951838 
1.00000000e-10 -3.75946088 -3.02810398 -2.25130705 -1.54498852 -1.11951838 
P (bar) | log_CH4: -2σ | log_CH4: -1σ | log_CH4: median | log_CH4: +1σ | log_CH4: +2σ 
1.00000000e+01 -4.53751094 -4.18678141 -3.80103211 -3.37642333 -2.98311568 
7.74263683e+00 -4.53751094 -4.18678141 -3.80103211 -3.37642333 -2.98311568 
5.99484250e+00 -4.53751094 -4.18678141 -3.80103211 -3.37642333 -2.98311568 
4.64158883e+00 -4.53751094 -4.18678141 -3.80103211 -3.37642333 -2.98311568 
3.59381366e+00 -4.53751094 -4.18678141 -3.80103211 -3.37642333 -2.98311568 
2.78255940e+00 -4.53751094 -4.18678141 -3.80103211 -3.37642333 -2.98311568 
2.15443469e+00 -4.53751094 -4.18678141 -3.80103211 -3.37642333 -2.98311568 
1.66810054e+00 -4.53751094 -4.18678141 -3.80103211 -3.37642333 -2.98311568 
1.29154967e+00 -4.53751094 -4.18678141 -3.80103211 -3.37642333 -2.98311568 
1.00000000e+00 -4.53751094 -4.18678141 -3.80103211 -3.37642333 -2.98311568 
7.74263683e-01 -4.53751094 -4.18678141 -3.80103211 -3.37642333 -2.98311568 
5.99484250e-01 -4.53751094 -4.18678141 -3.80103211 -3.37642333 -2.98311568 
4.64158883e-01 -4.53751094 -4.18678141 -3.80103211 -3.37642333 -2.98311568 
3.59381366e-01 -4.53751094 -4.18678141 -3.80103211 -3.37642333 -2.98311568 
2.78255940e-01 -4.53751094 -4.18678141 -3.80103211 -3.37642333 -2.98311568 
2.15443469e-01 -4.53751094 -4.18678141 -3.80103211 -3.37642333 -2.98311568 
1.66810054e-01 -4.53751094 -4.18678141 -3.80103211 -3.37642333 -2.98311568 
1.29154967e-01 -4.53751094 -4.18678141 -3.80103211 -3.37642333 -2.98311568 
1.00000000e-01 -4.53751094 -4.18678141 -3.80103211 -3.37642333 -2.98311568 
7.74263683e-02 -4.53751094 -4.18678141 -3.80103211 -3.37642333 -2.98311568 
5.99484250e-02 -4.53751094 -4.18678141 -3.80103211 -3.37642333 -2.98311568 
4.64158883e-02 -4.53751094 -4.18678141 -3.80103211 -3.37642333 -2.98311568 
3.59381366e-02 -4.53751094 -4.18678141 -3.80103211 -3.37642333 -2.98311568 
2.78255940e-02 -4.53751094 -4.18678141 -3.80103211 -3.37642333 -2.98311568 
2.15443469e-02 -4.53751094 -4.18678141 -3.80103211 -3.37642333 -2.98311568 
1.66810054e-02 -4.53751094 -4.18678141 -3.80103211 -3.37642333 -2.98311568 
1.29154967e-02 -4.53751094 -4.18678141 -3.80103211 -3.37642333 -2.98311568 
1.00000000e-02 -4.53751094 -4.18678141 -3.80103211 -3.37642333 -2.98311568 
7.74263683e-03 -4.53751094 -4.18678141 -3.80103211 -3.37642333 -2.98311568 
5.99484250e-03 -4.53751094 -4.18678141 -3.80103211 -3.37642333 -2.98311568 
4.64158883e-03 -4.53751094 -4.18678141 -3.80103211 -3.37642333 -2.98311568 
3.59381366e-03 -4.53751094 -4.18678141 -3.80103211 -3.37642333 -2.98311568 
2.78255940e-03 -4.53751094 -4.18678141 -3.80103211 -3.37642333 -2.98311568 
2.15443469e-03 -4.53751094 -4.18678141 -3.80103211 -3.37642333 -2.98311568 
1.66810054e-03 -4.53751094 -4.18678141 -3.80103211 -3.37642333 -2.98311568 
1.29154967e-03 -4.53751094 -4.18678141 -3.80103211 -3.37642333 -2.98311568 
1.00000000e-03 -4.53751094 -4.18678141 -3.80103211 -3.37642333 -2.98311568 
7.74263683e-04 -4.53751094 -4.18678141 -3.80103211 -3.37642333 -2.98311568 
5.99484250e-04 -4.53751094 -4.18678141 -3.80103211 -3.37642333 -2.98311568 
4.64158883e-04 -4.53751094 -4.18678141 -3.80103211 -3.37642333 -2.98311568 
3.59381366e-04 -4.53751094 -4.18678141 -3.80103211 -3.37642333 -2.98311568 
2.78255940e-04 -4.53751094 -4.18678141 -3.80103211 -3.37642333 -2.98311568 
2.15443469e-04 -4.53751094 -4.18678141 -3.80103211 -3.37642333 -2.98311568 
1.66810054e-04 -4.53751094 -4.18678141 -3.80103211 -3.37642333 -2.98311568 
1.29154967e-04 -4.53751094 -4.18678141 -3.80103211 -3.37642333 -2.98311568 
1.00000000e-04 -4.53751094 -4.18678141 -3.80103211 -3.37642333 -2.98311568 
7.74263683e-05 -4.53751094 -4.18678141 -3.80103211 -3.37642333 -2.98311568 
5.99484250e-05 -4.53751094 -4.18678141 -3.80103211 -3.37642333 -2.98311568 
4.64158883e-05 -4.53751094 -4.18678141 -3.80103211 -3.37642333 -2.98311568 
3.59381366e-05 -4.53751094 -4.18678141 -3.80103211 -3.37642333 -2.98311568 
2.78255940e-05 -4.53751094 -4.18678141 -3.80103211 -3.37642333 -2.98311568 
2.15443469e-05 -4.53751094 -4.18678141 -3.80103211 -3.37642333 -2.98311568 
1.66810054e-05 -4.53751094 -4.18678141 -3.80103211 -3.37642333 -2.98311568 
1.29154967e-05 -4.53751094 -4.18678141 -3.80103211 -3.37642333 -2.98311568 
1.00000000e-05 -4.53751094 -4.18678141 -3.80103211 -3.37642333 -2.98311568 
7.74263683e-06 -4.53751094 -4.18678141 -3.80103211 -3.37642333 -2.98311568 
5.99484250e-06 -4.53751094 -4.18678141 -3.80103211 -3.37642333 -2.98311568 
4.64158883e-06 -4.53751094 -4.18678141 -3.80103211 -3.37642333 -2.98311568 
3.59381366e-06 -4.53751094 -4.18678141 -3.80103211 -3.37642333 -2.98311568 
2.78255940e-06 -4.53751094 -4.18678141 -3.80103211 -3.37642333 -2.98311568 
2.15443469e-06 -4.53751094 -4.18678141 -3.80103211 -3.37642333 -2.98311568 
1.66810054e-06 -4.53751094 -4.18678141 -3.80103211 -3.37642333 -2.98311568 
1.29154967e-06 -4.53751094 -4.18678141 -3.80103211 -3.37642333 -2.98311568 
1.00000000e-06 -4.53751094 -4.18678141 -3.80103211 -3.37642333 -2.98311568 
7.74263683e-07 -4.53751094 -4.18678141 -3.80103211 -3.37642333 -2.98311568 
5.99484250e-07 -4.53751094 -4.18678141 -3.80103211 -3.37642333 -2.98311568 
4.64158883e-07 -4.53751094 -4.18678141 -3.80103211 -3.37642333 -2.98311568 
3.59381366e-07 -4.53751094 -4.18678141 -3.80103211 -3.37642333 -2.98311568 
2.78255940e-07 -4.53751094 -4.18678141 -3.80103211 -3.37642333 -2.98311568 
2.15443469e-07 -4.53751094 -4.18678141 -3.80103211 -3.37642333 -2.98311568 
1.66810054e-07 -4.53751094 -4.18678141 -3.80103211 -3.37642333 -2.98311568 
1.29154967e-07 -4.53751094 -4.18678141 -3.80103211 -3.37642333 -2.98311568 
1.00000000e-07 -4.53751094 -4.18678141 -3.80103211 -3.37642333 -2.98311568 
7.74263683e-08 -4.53751094 -4.18678141 -3.80103211 -3.37642333 -2.98311568 
5.99484250e-08 -4.53751094 -4.18678141 -3.80103211 -3.37642333 -2.98311568 
4.64158883e-08 -4.53751094 -4.18678141 -3.80103211 -3.37642333 -2.98311568 
3.59381366e-08 -4.53751094 -4.18678141 -3.80103211 -3.37642333 -2.98311568 
2.78255940e-08 -4.53751094 -4.18678141 -3.80103211 -3.37642333 -2.98311568 
2.15443469e-08 -4.53751094 -4.18678141 -3.80103211 -3.37642333 -2.98311568 
1.66810054e-08 -4.53751094 -4.18678141 -3.80103211 -3.37642333 -2.98311568 
1.29154967e-08 -4.53751094 -4.18678141 -3.80103211 -3.37642333 -2.98311568 
1.00000000e-08 -4.53751094 -4.18678141 -3.80103211 -3.37642333 -2.98311568 
7.74263683e-09 -4.53751094 -4.18678141 -3.80103211 -3.37642333 -2.98311568 
5.99484250e-09 -4.53751094 -4.18678141 -3.80103211 -3.37642333 -2.98311568 
4.64158883e-09 -4.53751094 -4.18678141 -3.80103211 -3.37642333 -2.98311568 
3.59381366e-09 -4.53751094 -4.18678141 -3.80103211 -3.37642333 -2.98311568 
2.78255940e-09 -4.53751094 -4.18678141 -3.80103211 -3.37642333 -2.98311568 
2.15443469e-09 -4.53751094 -4.18678141 -3.80103211 -3.37642333 -2.98311568 
1.66810054e-09 -4.53751094 -4.18678141 -3.80103211 -3.37642333 -2.98311568 
1.29154967e-09 -4.53751094 -4.18678141 -3.80103211 -3.37642333 -2.98311568 
1.00000000e-09 -4.53751094 -4.18678141 -3.80103211 -3.37642333 -2.98311568 
7.74263683e-10 -4.53751094 -4.18678141 -3.80103211 -3.37642333 -2.98311568 
5.99484250e-10 -4.53751094 -4.18678141 -3.80103211 -3.37642333 -2.98311568 
4.64158883e-10 -4.53751094 -4.18678141 -3.80103211 -3.37642333 -2.98311568 
3.59381366e-10 -4.53751094 -4.18678141 -3.80103211 -3.37642333 -2.98311568 
2.78255940e-10 -4.53751094 -4.18678141 -3.80103211 -3.37642333 -2.98311568 
2.15443469e-10 -4.53751094 -4.18678141 -3.80103211 -3.37642333 -2.98311568 
1.66810054e-10 -4.53751094 -4.18678141 -3.80103211 -3.37642333 -2.98311568 
1.29154967e-10 -4.53751094 -4.18678141 -3.80103211 -3.37642333 -2.98311568 
1.00000000e-10 -4.53751094 -4.18678141 -3.80103211 -3.37642333 -2.98311568 
P (bar) | log_O2: -2σ | log_O2: -1σ | log_O2: median | log_O2: +1σ | log_O2: +2σ 
1.00000000e+01 -9.73853628 -8.27804628 -4.24044019 -1.59118205 -1.08863600 
7.74263683e+00 -9.73853628 -8.27804628 -4.24044019 -1.59118205 -1.08863600 
5.99484250e+00 -9.73853628 -8.27804628 -4.24044019 -1.59118205 -1.08863600 
4.64158883e+00 -9.73853628 -8.27804628 -4.24044019 -1.59118205 -1.08863600 
3.59381366e+00 -9.73853628 -8.27804628 -4.24044019 -1.59118205 -1.08863600 
2.78255940e+00 -9.73853628 -8.27804628 -4.24044019 -1.59118205 -1.08863600 
2.15443469e+00 -9.73853628 -8.27804628 -4.24044019 -1.59118205 -1.08863600 
1.66810054e+00 -9.73853628 -8.27804628 -4.24044019 -1.59118205 -1.08863600 
1.29154967e+00 -9.73853628 -8.27804628 -4.24044019 -1.59118205 -1.08863600 
1.00000000e+00 -9.73853628 -8.27804628 -4.24044019 -1.59118205 -1.08863600 
7.74263683e-01 -9.73853628 -8.27804628 -4.24044019 -1.59118205 -1.08863600 
5.99484250e-01 -9.73853628 -8.27804628 -4.24044019 -1.59118205 -1.08863600 
4.64158883e-01 -9.73853628 -8.27804628 -4.24044019 -1.59118205 -1.08863600 
3.59381366e-01 -9.73853628 -8.27804628 -4.24044019 -1.59118205 -1.08863600 
2.78255940e-01 -9.73853628 -8.27804628 -4.24044019 -1.59118205 -1.08863600 
2.15443469e-01 -9.73853628 -8.27804628 -4.24044019 -1.59118205 -1.08863600 
1.66810054e-01 -9.73853628 -8.27804628 -4.24044019 -1.59118205 -1.08863600 
1.29154967e-01 -9.73853628 -8.27804628 -4.24044019 -1.59118205 -1.08863600 
1.00000000e-01 -9.73853628 -8.27804628 -4.24044019 -1.59118205 -1.08863600 
7.74263683e-02 -9.73853628 -8.27804628 -4.24044019 -1.59118205 -1.08863600 
5.99484250e-02 -9.73853628 -8.27804628 -4.24044019 -1.59118205 -1.08863600 
4.64158883e-02 -9.73853628 -8.27804628 -4.24044019 -1.59118205 -1.08863600 
3.59381366e-02 -9.73853628 -8.27804628 -4.24044019 -1.59118205 -1.08863600 
2.78255940e-02 -9.73853628 -8.27804628 -4.24044019 -1.59118205 -1.08863600 
2.15443469e-02 -9.73853628 -8.27804628 -4.24044019 -1.59118205 -1.08863600 
1.66810054e-02 -9.73853628 -8.27804628 -4.24044019 -1.59118205 -1.08863600 
1.29154967e-02 -9.73853628 -8.27804628 -4.24044019 -1.59118205 -1.08863600 
1.00000000e-02 -9.73853628 -8.27804628 -4.24044019 -1.59118205 -1.08863600 
7.74263683e-03 -9.73853628 -8.27804628 -4.24044019 -1.59118205 -1.08863600 
5.99484250e-03 -9.73853628 -8.27804628 -4.24044019 -1.59118205 -1.08863600 
4.64158883e-03 -9.73853628 -8.27804628 -4.24044019 -1.59118205 -1.08863600 
3.59381366e-03 -9.73853628 -8.27804628 -4.24044019 -1.59118205 -1.08863600 
2.78255940e-03 -9.73853628 -8.27804628 -4.24044019 -1.59118205 -1.08863600 
2.15443469e-03 -9.73853628 -8.27804628 -4.24044019 -1.59118205 -1.08863600 
1.66810054e-03 -9.73853628 -8.27804628 -4.24044019 -1.59118205 -1.08863600 
1.29154967e-03 -9.73853628 -8.27804628 -4.24044019 -1.59118205 -1.08863600 
1.00000000e-03 -9.73853628 -8.27804628 -4.24044019 -1.59118205 -1.08863600 
7.74263683e-04 -9.73853628 -8.27804628 -4.24044019 -1.59118205 -1.08863600 
5.99484250e-04 -9.73853628 -8.27804628 -4.24044019 -1.59118205 -1.08863600 
4.64158883e-04 -9.73853628 -8.27804628 -4.24044019 -1.59118205 -1.08863600 
3.59381366e-04 -9.73853628 -8.27804628 -4.24044019 -1.59118205 -1.08863600 
2.78255940e-04 -9.73853628 -8.27804628 -4.24044019 -1.59118205 -1.08863600 
2.15443469e-04 -9.73853628 -8.27804628 -4.24044019 -1.59118205 -1.08863600 
1.66810054e-04 -9.73853628 -8.27804628 -4.24044019 -1.59118205 -1.08863600 
1.29154967e-04 -9.73853628 -8.27804628 -4.24044019 -1.59118205 -1.08863600 
1.00000000e-04 -9.73853628 -8.27804628 -4.24044019 -1.59118205 -1.08863600 
7.74263683e-05 -9.73853628 -8.27804628 -4.24044019 -1.59118205 -1.08863600 
5.99484250e-05 -9.73853628 -8.27804628 -4.24044019 -1.59118205 -1.08863600 
4.64158883e-05 -9.73853628 -8.27804628 -4.24044019 -1.59118205 -1.08863600 
3.59381366e-05 -9.73853628 -8.27804628 -4.24044019 -1.59118205 -1.08863600 
2.78255940e-05 -9.73853628 -8.27804628 -4.24044019 -1.59118205 -1.08863600 
2.15443469e-05 -9.73853628 -8.27804628 -4.24044019 -1.59118205 -1.08863600 
1.66810054e-05 -9.73853628 -8.27804628 -4.24044019 -1.59118205 -1.08863600 
1.29154967e-05 -9.73853628 -8.27804628 -4.24044019 -1.59118205 -1.08863600 
1.00000000e-05 -9.73853628 -8.27804628 -4.24044019 -1.59118205 -1.08863600 
7.74263683e-06 -9.73853628 -8.27804628 -4.24044019 -1.59118205 -1.08863600 
5.99484250e-06 -9.73853628 -8.27804628 -4.24044019 -1.59118205 -1.08863600 
4.64158883e-06 -9.73853628 -8.27804628 -4.24044019 -1.59118205 -1.08863600 
3.59381366e-06 -9.73853628 -8.27804628 -4.24044019 -1.59118205 -1.08863600 
2.78255940e-06 -9.73853628 -8.27804628 -4.24044019 -1.59118205 -1.08863600 
2.15443469e-06 -9.73853628 -8.27804628 -4.24044019 -1.59118205 -1.08863600 
1.66810054e-06 -9.73853628 -8.27804628 -4.24044019 -1.59118205 -1.08863600 
1.29154967e-06 -9.73853628 -8.27804628 -4.24044019 -1.59118205 -1.08863600 
1.00000000e-06 -9.73853628 -8.27804628 -4.24044019 -1.59118205 -1.08863600 
7.74263683e-07 -9.73853628 -8.27804628 -4.24044019 -1.59118205 -1.08863600 
5.99484250e-07 -9.73853628 -8.27804628 -4.24044019 -1.59118205 -1.08863600 
4.64158883e-07 -9.73853628 -8.27804628 -4.24044019 -1.59118205 -1.08863600 
3.59381366e-07 -9.73853628 -8.27804628 -4.24044019 -1.59118205 -1.08863600 
2.78255940e-07 -9.73853628 -8.27804628 -4.24044019 -1.59118205 -1.08863600 
2.15443469e-07 -9.73853628 -8.27804628 -4.24044019 -1.59118205 -1.08863600 
1.66810054e-07 -9.73853628 -8.27804628 -4.24044019 -1.59118205 -1.08863600 
1.29154967e-07 -9.73853628 -8.27804628 -4.24044019 -1.59118205 -1.08863600 
1.00000000e-07 -9.73853628 -8.27804628 -4.24044019 -1.59118205 -1.08863600 
7.74263683e-08 -9.73853628 -8.27804628 -4.24044019 -1.59118205 -1.08863600 
5.99484250e-08 -9.73853628 -8.27804628 -4.24044019 -1.59118205 -1.08863600 
4.64158883e-08 -9.73853628 -8.27804628 -4.24044019 -1.59118205 -1.08863600 
3.59381366e-08 -9.73853628 -8.27804628 -4.24044019 -1.59118205 -1.08863600 
2.78255940e-08 -9.73853628 -8.27804628 -4.24044019 -1.59118205 -1.08863600 
2.15443469e-08 -9.73853628 -8.27804628 -4.24044019 -1.59118205 -1.08863600 
1.66810054e-08 -9.73853628 -8.27804628 -4.24044019 -1.59118205 -1.08863600 
1.29154967e-08 -9.73853628 -8.27804628 -4.24044019 -1.59118205 -1.08863600 
1.00000000e-08 -9.73853628 -8.27804628 -4.24044019 -1.59118205 -1.08863600 
7.74263683e-09 -9.73853628 -8.27804628 -4.24044019 -1.59118205 -1.08863600 
5.99484250e-09 -9.73853628 -8.27804628 -4.24044019 -1.59118205 -1.08863600 
4.64158883e-09 -9.73853628 -8.27804628 -4.24044019 -1.59118205 -1.08863600 
3.59381366e-09 -9.73853628 -8.27804628 -4.24044019 -1.59118205 -1.08863600 
2.78255940e-09 -9.73853628 -8.27804628 -4.24044019 -1.59118205 -1.08863600 
2.15443469e-09 -9.73853628 -8.27804628 -4.24044019 -1.59118205 -1.08863600 
1.66810054e-09 -9.73853628 -8.27804628 -4.24044019 -1.59118205 -1.08863600 
1.29154967e-09 -9.73853628 -8.27804628 -4.24044019 -1.59118205 -1.08863600 
1.00000000e-09 -9.73853628 -8.27804628 -4.24044019 -1.59118205 -1.08863600 
7.74263683e-10 -9.73853628 -8.27804628 -4.24044019 -1.59118205 -1.08863600 
5.99484250e-10 -9.73853628 -8.27804628 -4.24044019 -1.59118205 -1.08863600 
4.64158883e-10 -9.73853628 -8.27804628 -4.24044019 -1.59118205 -1.08863600 
3.59381366e-10 -9.73853628 -8.27804628 -4.24044019 -1.59118205 -1.08863600 
2.78255940e-10 -9.73853628 -8.27804628 -4.24044019 -1.59118205 -1.08863600 
2.15443469e-10 -9.73853628 -8.27804628 -4.24044019 -1.59118205 -1.08863600 
1.66810054e-10 -9.73853628 -8.27804628 -4.24044019 -1.59118205 -1.08863600 
1.29154967e-10 -9.73853628 -8.27804628 -4.24044019 -1.59118205 -1.08863600 
1.00000000e-10 -9.73853628 -8.27804628 -4.24044019 -1.59118205 -1.08863600 
P (bar) | log_O3: -2σ | log_O3: -1σ | log_O3: median | log_O3: +1σ | log_O3: +2σ 
1.00000000e+01 -9.92542319 -9.46581568 -8.32230349 -6.97847378 -5.77805036 
7.74263683e+00 -9.92542319 -9.46581568 -8.32230349 -6.97847378 -5.77805036 
5.99484250e+00 -9.92542319 -9.46581568 -8.32230349 -6.97847378 -5.77805036 
4.64158883e+00 -9.92542319 -9.46581568 -8.32230349 -6.97847378 -5.77805036 
3.59381366e+00 -9.92542319 -9.46581568 -8.32230349 -6.97847378 -5.77805036 
2.78255940e+00 -9.92542319 -9.46581568 -8.32230349 -6.97847378 -5.77805036 
2.15443469e+00 -9.92542319 -9.46581568 -8.32230349 -6.97847378 -5.77805036 
1.66810054e+00 -9.92542319 -9.46581568 -8.32230349 -6.97847378 -5.77805036 
1.29154967e+00 -9.92542319 -9.46581568 -8.32230349 -6.97847378 -5.77805036 
1.00000000e+00 -9.92542319 -9.46581568 -8.32230349 -6.97847378 -5.77805036 
7.74263683e-01 -9.92542319 -9.46581568 -8.32230349 -6.97847378 -5.77805036 
5.99484250e-01 -9.92542319 -9.46581568 -8.32230349 -6.97847378 -5.77805036 
4.64158883e-01 -9.92542319 -9.46581568 -8.32230349 -6.97847378 -5.77805036 
3.59381366e-01 -9.92542319 -9.46581568 -8.32230349 -6.97847378 -5.77805036 
2.78255940e-01 -9.92542319 -9.46581568 -8.32230349 -6.97847378 -5.77805036 
2.15443469e-01 -9.92542319 -9.46581568 -8.32230349 -6.97847378 -5.77805036 
1.66810054e-01 -9.92542319 -9.46581568 -8.32230349 -6.97847378 -5.77805036 
1.29154967e-01 -9.92542319 -9.46581568 -8.32230349 -6.97847378 -5.77805036 
1.00000000e-01 -9.92542319 -9.46581568 -8.32230349 -6.97847378 -5.77805036 
7.74263683e-02 -9.92542319 -9.46581568 -8.32230349 -6.97847378 -5.77805036 
5.99484250e-02 -9.92542319 -9.46581568 -8.32230349 -6.97847378 -5.77805036 
4.64158883e-02 -9.92542319 -9.46581568 -8.32230349 -6.97847378 -5.77805036 
3.59381366e-02 -9.92542319 -9.46581568 -8.32230349 -6.97847378 -5.77805036 
2.78255940e-02 -9.92542319 -9.46581568 -8.32230349 -6.97847378 -5.77805036 
2.15443469e-02 -9.92542319 -9.46581568 -8.32230349 -6.97847378 -5.77805036 
1.66810054e-02 -9.92542319 -9.46581568 -8.32230349 -6.97847378 -5.77805036 
1.29154967e-02 -9.92542319 -9.46581568 -8.32230349 -6.97847378 -5.77805036 
1.00000000e-02 -9.92542319 -9.46581568 -8.32230349 -6.97847378 -5.77805036 
7.74263683e-03 -9.92542319 -9.46581568 -8.32230349 -6.97847378 -5.77805036 
5.99484250e-03 -9.92542319 -9.46581568 -8.32230349 -6.97847378 -5.77805036 
4.64158883e-03 -9.92542319 -9.46581568 -8.32230349 -6.97847378 -5.77805036 
3.59381366e-03 -9.92542319 -9.46581568 -8.32230349 -6.97847378 -5.77805036 
2.78255940e-03 -9.92542319 -9.46581568 -8.32230349 -6.97847378 -5.77805036 
2.15443469e-03 -9.92542319 -9.46581568 -8.32230349 -6.97847378 -5.77805036 
1.66810054e-03 -9.92542319 -9.46581568 -8.32230349 -6.97847378 -5.77805036 
1.29154967e-03 -9.92542319 -9.46581568 -8.32230349 -6.97847378 -5.77805036 
1.00000000e-03 -9.92542319 -9.46581568 -8.32230349 -6.97847378 -5.77805036 
7.74263683e-04 -9.92542319 -9.46581568 -8.32230349 -6.97847378 -5.77805036 
5.99484250e-04 -9.92542319 -9.46581568 -8.32230349 -6.97847378 -5.77805036 
4.64158883e-04 -9.92542319 -9.46581568 -8.32230349 -6.97847378 -5.77805036 
3.59381366e-04 -9.92542319 -9.46581568 -8.32230349 -6.97847378 -5.77805036 
2.78255940e-04 -9.92542319 -9.46581568 -8.32230349 -6.97847378 -5.77805036 
2.15443469e-04 -9.92542319 -9.46581568 -8.32230349 -6.97847378 -5.77805036 
1.66810054e-04 -9.92542319 -9.46581568 -8.32230349 -6.97847378 -5.77805036 
1.29154967e-04 -9.92542319 -9.46581568 -8.32230349 -6.97847378 -5.77805036 
1.00000000e-04 -9.92542319 -9.46581568 -8.32230349 -6.97847378 -5.77805036 
7.74263683e-05 -9.92542319 -9.46581568 -8.32230349 -6.97847378 -5.77805036 
5.99484250e-05 -9.92542319 -9.46581568 -8.32230349 -6.97847378 -5.77805036 
4.64158883e-05 -9.92542319 -9.46581568 -8.32230349 -6.97847378 -5.77805036 
3.59381366e-05 -9.92542319 -9.46581568 -8.32230349 -6.97847378 -5.77805036 
2.78255940e-05 -9.92542319 -9.46581568 -8.32230349 -6.97847378 -5.77805036 
2.15443469e-05 -9.92542319 -9.46581568 -8.32230349 -6.97847378 -5.77805036 
1.66810054e-05 -9.92542319 -9.46581568 -8.32230349 -6.97847378 -5.77805036 
1.29154967e-05 -9.92542319 -9.46581568 -8.32230349 -6.97847378 -5.77805036 
1.00000000e-05 -9.92542319 -9.46581568 -8.32230349 -6.97847378 -5.77805036 
7.74263683e-06 -9.92542319 -9.46581568 -8.32230349 -6.97847378 -5.77805036 
5.99484250e-06 -9.92542319 -9.46581568 -8.32230349 -6.97847378 -5.77805036 
4.64158883e-06 -9.92542319 -9.46581568 -8.32230349 -6.97847378 -5.77805036 
3.59381366e-06 -9.92542319 -9.46581568 -8.32230349 -6.97847378 -5.77805036 
2.78255940e-06 -9.92542319 -9.46581568 -8.32230349 -6.97847378 -5.77805036 
2.15443469e-06 -9.92542319 -9.46581568 -8.32230349 -6.97847378 -5.77805036 
1.66810054e-06 -9.92542319 -9.46581568 -8.32230349 -6.97847378 -5.77805036 
1.29154967e-06 -9.92542319 -9.46581568 -8.32230349 -6.97847378 -5.77805036 
1.00000000e-06 -9.92542319 -9.46581568 -8.32230349 -6.97847378 -5.77805036 
7.74263683e-07 -9.92542319 -9.46581568 -8.32230349 -6.97847378 -5.77805036 
5.99484250e-07 -9.92542319 -9.46581568 -8.32230349 -6.97847378 -5.77805036 
4.64158883e-07 -9.92542319 -9.46581568 -8.32230349 -6.97847378 -5.77805036 
3.59381366e-07 -9.92542319 -9.46581568 -8.32230349 -6.97847378 -5.77805036 
2.78255940e-07 -9.92542319 -9.46581568 -8.32230349 -6.97847378 -5.77805036 
2.15443469e-07 -9.92542319 -9.46581568 -8.32230349 -6.97847378 -5.77805036 
1.66810054e-07 -9.92542319 -9.46581568 -8.32230349 -6.97847378 -5.77805036 
1.29154967e-07 -9.92542319 -9.46581568 -8.32230349 -6.97847378 -5.77805036 
1.00000000e-07 -9.92542319 -9.46581568 -8.32230349 -6.97847378 -5.77805036 
7.74263683e-08 -9.92542319 -9.46581568 -8.32230349 -6.97847378 -5.77805036 
5.99484250e-08 -9.92542319 -9.46581568 -8.32230349 -6.97847378 -5.77805036 
4.64158883e-08 -9.92542319 -9.46581568 -8.32230349 -6.97847378 -5.77805036 
3.59381366e-08 -9.92542319 -9.46581568 -8.32230349 -6.97847378 -5.77805036 
2.78255940e-08 -9.92542319 -9.46581568 -8.32230349 -6.97847378 -5.77805036 
2.15443469e-08 -9.92542319 -9.46581568 -8.32230349 -6.97847378 -5.77805036 
1.66810054e-08 -9.92542319 -9.46581568 -8.32230349 -6.97847378 -5.77805036 
1.29154967e-08 -9.92542319 -9.46581568 -8.32230349 -6.97847378 -5.77805036 
1.00000000e-08 -9.92542319 -9.46581568 -8.32230349 -6.97847378 -5.77805036 
7.74263683e-09 -9.92542319 -9.46581568 -8.32230349 -6.97847378 -5.77805036 
5.99484250e-09 -9.92542319 -9.46581568 -8.32230349 -6.97847378 -5.77805036 
4.64158883e-09 -9.92542319 -9.46581568 -8.32230349 -6.97847378 -5.77805036 
3.59381366e-09 -9.92542319 -9.46581568 -8.32230349 -6.97847378 -5.77805036 
2.78255940e-09 -9.92542319 -9.46581568 -8.32230349 -6.97847378 -5.77805036 
2.15443469e-09 -9.92542319 -9.46581568 -8.32230349 -6.97847378 -5.77805036 
1.66810054e-09 -9.92542319 -9.46581568 -8.32230349 -6.97847378 -5.77805036 
1.29154967e-09 -9.92542319 -9.46581568 -8.32230349 -6.97847378 -5.77805036 
1.00000000e-09 -9.92542319 -9.46581568 -8.32230349 -6.97847378 -5.77805036 
7.74263683e-10 -9.92542319 -9.46581568 -8.32230349 -6.97847378 -5.77805036 
5.99484250e-10 -9.92542319 -9.46581568 -8.32230349 -6.97847378 -5.77805036 
4.64158883e-10 -9.92542319 -9.46581568 -8.32230349 -6.97847378 -5.77805036 
3.59381366e-10 -9.92542319 -9.46581568 -8.32230349 -6.97847378 -5.77805036 
2.78255940e-10 -9.92542319 -9.46581568 -8.32230349 -6.97847378 -5.77805036 
2.15443469e-10 -9.92542319 -9.46581568 -8.32230349 -6.97847378 -5.77805036 
1.66810054e-10 -9.92542319 -9.46581568 -8.32230349 -6.97847378 -5.77805036 
1.29154967e-10 -9.92542319 -9.46581568 -8.32230349 -6.97847378 -5.77805036 
1.00000000e-10 -9.92542319 -9.46581568 -8.32230349 -6.97847378 -5.77805036 
P (bar) | log_N2O: -2σ | log_N2O: -1σ | log_N2O: median | log_N2O: +1σ | log_N2O: +2σ 
1.00000000e+01 -9.87322254 -9.15455279 -7.55257028 -5.94693881 -4.85937278 
7.74263683e+00 -9.87322254 -9.15455279 -7.55257028 -5.94693881 -4.85937278 
5.99484250e+00 -9.87322254 -9.15455279 -7.55257028 -5.94693881 -4.85937278 
4.64158883e+00 -9.87322254 -9.15455279 -7.55257028 -5.94693881 -4.85937278 
3.59381366e+00 -9.87322254 -9.15455279 -7.55257028 -5.94693881 -4.85937278 
2.78255940e+00 -9.87322254 -9.15455279 -7.55257028 -5.94693881 -4.85937278 
2.15443469e+00 -9.87322254 -9.15455279 -7.55257028 -5.94693881 -4.85937278 
1.66810054e+00 -9.87322254 -9.15455279 -7.55257028 -5.94693881 -4.85937278 
1.29154967e+00 -9.87322254 -9.15455279 -7.55257028 -5.94693881 -4.85937278 
1.00000000e+00 -9.87322254 -9.15455279 -7.55257028 -5.94693881 -4.85937278 
7.74263683e-01 -9.87322254 -9.15455279 -7.55257028 -5.94693881 -4.85937278 
5.99484250e-01 -9.87322254 -9.15455279 -7.55257028 -5.94693881 -4.85937278 
4.64158883e-01 -9.87322254 -9.15455279 -7.55257028 -5.94693881 -4.85937278 
3.59381366e-01 -9.87322254 -9.15455279 -7.55257028 -5.94693881 -4.85937278 
2.78255940e-01 -9.87322254 -9.15455279 -7.55257028 -5.94693881 -4.85937278 
2.15443469e-01 -9.87322254 -9.15455279 -7.55257028 -5.94693881 -4.85937278 
1.66810054e-01 -9.87322254 -9.15455279 -7.55257028 -5.94693881 -4.85937278 
1.29154967e-01 -9.87322254 -9.15455279 -7.55257028 -5.94693881 -4.85937278 
1.00000000e-01 -9.87322254 -9.15455279 -7.55257028 -5.94693881 -4.85937278 
7.74263683e-02 -9.87322254 -9.15455279 -7.55257028 -5.94693881 -4.85937278 
5.99484250e-02 -9.87322254 -9.15455279 -7.55257028 -5.94693881 -4.85937278 
4.64158883e-02 -9.87322254 -9.15455279 -7.55257028 -5.94693881 -4.85937278 
3.59381366e-02 -9.87322254 -9.15455279 -7.55257028 -5.94693881 -4.85937278 
2.78255940e-02 -9.87322254 -9.15455279 -7.55257028 -5.94693881 -4.85937278 
2.15443469e-02 -9.87322254 -9.15455279 -7.55257028 -5.94693881 -4.85937278 
1.66810054e-02 -9.87322254 -9.15455279 -7.55257028 -5.94693881 -4.85937278 
1.29154967e-02 -9.87322254 -9.15455279 -7.55257028 -5.94693881 -4.85937278 
1.00000000e-02 -9.87322254 -9.15455279 -7.55257028 -5.94693881 -4.85937278 
7.74263683e-03 -9.87322254 -9.15455279 -7.55257028 -5.94693881 -4.85937278 
5.99484250e-03 -9.87322254 -9.15455279 -7.55257028 -5.94693881 -4.85937278 
4.64158883e-03 -9.87322254 -9.15455279 -7.55257028 -5.94693881 -4.85937278 
3.59381366e-03 -9.87322254 -9.15455279 -7.55257028 -5.94693881 -4.85937278 
2.78255940e-03 -9.87322254 -9.15455279 -7.55257028 -5.94693881 -4.85937278 
2.15443469e-03 -9.87322254 -9.15455279 -7.55257028 -5.94693881 -4.85937278 
1.66810054e-03 -9.87322254 -9.15455279 -7.55257028 -5.94693881 -4.85937278 
1.29154967e-03 -9.87322254 -9.15455279 -7.55257028 -5.94693881 -4.85937278 
1.00000000e-03 -9.87322254 -9.15455279 -7.55257028 -5.94693881 -4.85937278 
7.74263683e-04 -9.87322254 -9.15455279 -7.55257028 -5.94693881 -4.85937278 
5.99484250e-04 -9.87322254 -9.15455279 -7.55257028 -5.94693881 -4.85937278 
4.64158883e-04 -9.87322254 -9.15455279 -7.55257028 -5.94693881 -4.85937278 
3.59381366e-04 -9.87322254 -9.15455279 -7.55257028 -5.94693881 -4.85937278 
2.78255940e-04 -9.87322254 -9.15455279 -7.55257028 -5.94693881 -4.85937278 
2.15443469e-04 -9.87322254 -9.15455279 -7.55257028 -5.94693881 -4.85937278 
1.66810054e-04 -9.87322254 -9.15455279 -7.55257028 -5.94693881 -4.85937278 
1.29154967e-04 -9.87322254 -9.15455279 -7.55257028 -5.94693881 -4.85937278 
1.00000000e-04 -9.87322254 -9.15455279 -7.55257028 -5.94693881 -4.85937278 
7.74263683e-05 -9.87322254 -9.15455279 -7.55257028 -5.94693881 -4.85937278 
5.99484250e-05 -9.87322254 -9.15455279 -7.55257028 -5.94693881 -4.85937278 
4.64158883e-05 -9.87322254 -9.15455279 -7.55257028 -5.94693881 -4.85937278 
3.59381366e-05 -9.87322254 -9.15455279 -7.55257028 -5.94693881 -4.85937278 
2.78255940e-05 -9.87322254 -9.15455279 -7.55257028 -5.94693881 -4.85937278 
2.15443469e-05 -9.87322254 -9.15455279 -7.55257028 -5.94693881 -4.85937278 
1.66810054e-05 -9.87322254 -9.15455279 -7.55257028 -5.94693881 -4.85937278 
1.29154967e-05 -9.87322254 -9.15455279 -7.55257028 -5.94693881 -4.85937278 
1.00000000e-05 -9.87322254 -9.15455279 -7.55257028 -5.94693881 -4.85937278 
7.74263683e-06 -9.87322254 -9.15455279 -7.55257028 -5.94693881 -4.85937278 
5.99484250e-06 -9.87322254 -9.15455279 -7.55257028 -5.94693881 -4.85937278 
4.64158883e-06 -9.87322254 -9.15455279 -7.55257028 -5.94693881 -4.85937278 
3.59381366e-06 -9.87322254 -9.15455279 -7.55257028 -5.94693881 -4.85937278 
2.78255940e-06 -9.87322254 -9.15455279 -7.55257028 -5.94693881 -4.85937278 
2.15443469e-06 -9.87322254 -9.15455279 -7.55257028 -5.94693881 -4.85937278 
1.66810054e-06 -9.87322254 -9.15455279 -7.55257028 -5.94693881 -4.85937278 
1.29154967e-06 -9.87322254 -9.15455279 -7.55257028 -5.94693881 -4.85937278 
1.00000000e-06 -9.87322254 -9.15455279 -7.55257028 -5.94693881 -4.85937278 
7.74263683e-07 -9.87322254 -9.15455279 -7.55257028 -5.94693881 -4.85937278 
5.99484250e-07 -9.87322254 -9.15455279 -7.55257028 -5.94693881 -4.85937278 
4.64158883e-07 -9.87322254 -9.15455279 -7.55257028 -5.94693881 -4.85937278 
3.59381366e-07 -9.87322254 -9.15455279 -7.55257028 -5.94693881 -4.85937278 
2.78255940e-07 -9.87322254 -9.15455279 -7.55257028 -5.94693881 -4.85937278 
2.15443469e-07 -9.87322254 -9.15455279 -7.55257028 -5.94693881 -4.85937278 
1.66810054e-07 -9.87322254 -9.15455279 -7.55257028 -5.94693881 -4.85937278 
1.29154967e-07 -9.87322254 -9.15455279 -7.55257028 -5.94693881 -4.85937278 
1.00000000e-07 -9.87322254 -9.15455279 -7.55257028 -5.94693881 -4.85937278 
7.74263683e-08 -9.87322254 -9.15455279 -7.55257028 -5.94693881 -4.85937278 
5.99484250e-08 -9.87322254 -9.15455279 -7.55257028 -5.94693881 -4.85937278 
4.64158883e-08 -9.87322254 -9.15455279 -7.55257028 -5.94693881 -4.85937278 
3.59381366e-08 -9.87322254 -9.15455279 -7.55257028 -5.94693881 -4.85937278 
2.78255940e-08 -9.87322254 -9.15455279 -7.55257028 -5.94693881 -4.85937278 
2.15443469e-08 -9.87322254 -9.15455279 -7.55257028 -5.94693881 -4.85937278 
1.66810054e-08 -9.87322254 -9.15455279 -7.55257028 -5.94693881 -4.85937278 
1.29154967e-08 -9.87322254 -9.15455279 -7.55257028 -5.94693881 -4.85937278 
1.00000000e-08 -9.87322254 -9.15455279 -7.55257028 -5.94693881 -4.85937278 
7.74263683e-09 -9.87322254 -9.15455279 -7.55257028 -5.94693881 -4.85937278 
5.99484250e-09 -9.87322254 -9.15455279 -7.55257028 -5.94693881 -4.85937278 
4.64158883e-09 -9.87322254 -9.15455279 -7.55257028 -5.94693881 -4.85937278 
3.59381366e-09 -9.87322254 -9.15455279 -7.55257028 -5.94693881 -4.85937278 
2.78255940e-09 -9.87322254 -9.15455279 -7.55257028 -5.94693881 -4.85937278 
2.15443469e-09 -9.87322254 -9.15455279 -7.55257028 -5.94693881 -4.85937278 
1.66810054e-09 -9.87322254 -9.15455279 -7.55257028 -5.94693881 -4.85937278 
1.29154967e-09 -9.87322254 -9.15455279 -7.55257028 -5.94693881 -4.85937278 
1.00000000e-09 -9.87322254 -9.15455279 -7.55257028 -5.94693881 -4.85937278 
7.74263683e-10 -9.87322254 -9.15455279 -7.55257028 -5.94693881 -4.85937278 
5.99484250e-10 -9.87322254 -9.15455279 -7.55257028 -5.94693881 -4.85937278 
4.64158883e-10 -9.87322254 -9.15455279 -7.55257028 -5.94693881 -4.85937278 
3.59381366e-10 -9.87322254 -9.15455279 -7.55257028 -5.94693881 -4.85937278 
2.78255940e-10 -9.87322254 -9.15455279 -7.55257028 -5.94693881 -4.85937278 
2.15443469e-10 -9.87322254 -9.15455279 -7.55257028 -5.94693881 -4.85937278 
1.66810054e-10 -9.87322254 -9.15455279 -7.55257028 -5.94693881 -4.85937278 
1.29154967e-10 -9.87322254 -9.15455279 -7.55257028 -5.94693881 -4.85937278 
1.00000000e-10 -9.87322254 -9.15455279 -7.55257028 -5.94693881 -4.85937278 
P (bar) | log_NH3: -2σ | log_NH3: -1σ | log_NH3: median | log_NH3: +1σ | log_NH3: +2σ 
1.00000000e+01 -9.84620081 -9.05847178 -7.44819148 -5.77697366 -4.56465570 
7.74263683e+00 -9.84620081 -9.05847178 -7.44819148 -5.77697366 -4.56465570 
5.99484250e+00 -9.84620081 -9.05847178 -7.44819148 -5.77697366 -4.56465570 
4.64158883e+00 -9.84620081 -9.05847178 -7.44819148 -5.77697366 -4.56465570 
3.59381366e+00 -9.84620081 -9.05847178 -7.44819148 -5.77697366 -4.56465570 
2.78255940e+00 -9.84620081 -9.05847178 -7.44819148 -5.77697366 -4.56465570 
2.15443469e+00 -9.84620081 -9.05847178 -7.44819148 -5.77697366 -4.56465570 
1.66810054e+00 -9.84620081 -9.05847178 -7.44819148 -5.77697366 -4.56465570 
1.29154967e+00 -9.84620081 -9.05847178 -7.44819148 -5.77697366 -4.56465570 
1.00000000e+00 -9.84620081 -9.05847178 -7.44819148 -5.77697366 -4.56465570 
7.74263683e-01 -9.84620081 -9.05847178 -7.44819148 -5.77697366 -4.56465570 
5.99484250e-01 -9.84620081 -9.05847178 -7.44819148 -5.77697366 -4.56465570 
4.64158883e-01 -9.84620081 -9.05847178 -7.44819148 -5.77697366 -4.56465570 
3.59381366e-01 -9.84620081 -9.05847178 -7.44819148 -5.77697366 -4.56465570 
2.78255940e-01 -9.84620081 -9.05847178 -7.44819148 -5.77697366 -4.56465570 
2.15443469e-01 -9.84620081 -9.05847178 -7.44819148 -5.77697366 -4.56465570 
1.66810054e-01 -9.84620081 -9.05847178 -7.44819148 -5.77697366 -4.56465570 
1.29154967e-01 -9.84620081 -9.05847178 -7.44819148 -5.77697366 -4.56465570 
1.00000000e-01 -9.84620081 -9.05847178 -7.44819148 -5.77697366 -4.56465570 
7.74263683e-02 -9.84620081 -9.05847178 -7.44819148 -5.77697366 -4.56465570 
5.99484250e-02 -9.84620081 -9.05847178 -7.44819148 -5.77697366 -4.56465570 
4.64158883e-02 -9.84620081 -9.05847178 -7.44819148 -5.77697366 -4.56465570 
3.59381366e-02 -9.84620081 -9.05847178 -7.44819148 -5.77697366 -4.56465570 
2.78255940e-02 -9.84620081 -9.05847178 -7.44819148 -5.77697366 -4.56465570 
2.15443469e-02 -9.84620081 -9.05847178 -7.44819148 -5.77697366 -4.56465570 
1.66810054e-02 -9.84620081 -9.05847178 -7.44819148 -5.77697366 -4.56465570 
1.29154967e-02 -9.84620081 -9.05847178 -7.44819148 -5.77697366 -4.56465570 
1.00000000e-02 -9.84620081 -9.05847178 -7.44819148 -5.77697366 -4.56465570 
7.74263683e-03 -9.84620081 -9.05847178 -7.44819148 -5.77697366 -4.56465570 
5.99484250e-03 -9.84620081 -9.05847178 -7.44819148 -5.77697366 -4.56465570 
4.64158883e-03 -9.84620081 -9.05847178 -7.44819148 -5.77697366 -4.56465570 
3.59381366e-03 -9.84620081 -9.05847178 -7.44819148 -5.77697366 -4.56465570 
2.78255940e-03 -9.84620081 -9.05847178 -7.44819148 -5.77697366 -4.56465570 
2.15443469e-03 -9.84620081 -9.05847178 -7.44819148 -5.77697366 -4.56465570 
1.66810054e-03 -9.84620081 -9.05847178 -7.44819148 -5.77697366 -4.56465570 
1.29154967e-03 -9.84620081 -9.05847178 -7.44819148 -5.77697366 -4.56465570 
1.00000000e-03 -9.84620081 -9.05847178 -7.44819148 -5.77697366 -4.56465570 
7.74263683e-04 -9.84620081 -9.05847178 -7.44819148 -5.77697366 -4.56465570 
5.99484250e-04 -9.84620081 -9.05847178 -7.44819148 -5.77697366 -4.56465570 
4.64158883e-04 -9.84620081 -9.05847178 -7.44819148 -5.77697366 -4.56465570 
3.59381366e-04 -9.84620081 -9.05847178 -7.44819148 -5.77697366 -4.56465570 
2.78255940e-04 -9.84620081 -9.05847178 -7.44819148 -5.77697366 -4.56465570 
2.15443469e-04 -9.84620081 -9.05847178 -7.44819148 -5.77697366 -4.56465570 
1.66810054e-04 -9.84620081 -9.05847178 -7.44819148 -5.77697366 -4.56465570 
1.29154967e-04 -9.84620081 -9.05847178 -7.44819148 -5.77697366 -4.56465570 
1.00000000e-04 -9.84620081 -9.05847178 -7.44819148 -5.77697366 -4.56465570 
7.74263683e-05 -9.84620081 -9.05847178 -7.44819148 -5.77697366 -4.56465570 
5.99484250e-05 -9.84620081 -9.05847178 -7.44819148 -5.77697366 -4.56465570 
4.64158883e-05 -9.84620081 -9.05847178 -7.44819148 -5.77697366 -4.56465570 
3.59381366e-05 -9.84620081 -9.05847178 -7.44819148 -5.77697366 -4.56465570 
2.78255940e-05 -9.84620081 -9.05847178 -7.44819148 -5.77697366 -4.56465570 
2.15443469e-05 -9.84620081 -9.05847178 -7.44819148 -5.77697366 -4.56465570 
1.66810054e-05 -9.84620081 -9.05847178 -7.44819148 -5.77697366 -4.56465570 
1.29154967e-05 -9.84620081 -9.05847178 -7.44819148 -5.77697366 -4.56465570 
1.00000000e-05 -9.84620081 -9.05847178 -7.44819148 -5.77697366 -4.56465570 
7.74263683e-06 -9.84620081 -9.05847178 -7.44819148 -5.77697366 -4.56465570 
5.99484250e-06 -9.84620081 -9.05847178 -7.44819148 -5.77697366 -4.56465570 
4.64158883e-06 -9.84620081 -9.05847178 -7.44819148 -5.77697366 -4.56465570 
3.59381366e-06 -9.84620081 -9.05847178 -7.44819148 -5.77697366 -4.56465570 
2.78255940e-06 -9.84620081 -9.05847178 -7.44819148 -5.77697366 -4.56465570 
2.15443469e-06 -9.84620081 -9.05847178 -7.44819148 -5.77697366 -4.56465570 
1.66810054e-06 -9.84620081 -9.05847178 -7.44819148 -5.77697366 -4.56465570 
1.29154967e-06 -9.84620081 -9.05847178 -7.44819148 -5.77697366 -4.56465570 
1.00000000e-06 -9.84620081 -9.05847178 -7.44819148 -5.77697366 -4.56465570 
7.74263683e-07 -9.84620081 -9.05847178 -7.44819148 -5.77697366 -4.56465570 
5.99484250e-07 -9.84620081 -9.05847178 -7.44819148 -5.77697366 -4.56465570 
4.64158883e-07 -9.84620081 -9.05847178 -7.44819148 -5.77697366 -4.56465570 
3.59381366e-07 -9.84620081 -9.05847178 -7.44819148 -5.77697366 -4.56465570 
2.78255940e-07 -9.84620081 -9.05847178 -7.44819148 -5.77697366 -4.56465570 
2.15443469e-07 -9.84620081 -9.05847178 -7.44819148 -5.77697366 -4.56465570 
1.66810054e-07 -9.84620081 -9.05847178 -7.44819148 -5.77697366 -4.56465570 
1.29154967e-07 -9.84620081 -9.05847178 -7.44819148 -5.77697366 -4.56465570 
1.00000000e-07 -9.84620081 -9.05847178 -7.44819148 -5.77697366 -4.56465570 
7.74263683e-08 -9.84620081 -9.05847178 -7.44819148 -5.77697366 -4.56465570 
5.99484250e-08 -9.84620081 -9.05847178 -7.44819148 -5.77697366 -4.56465570 
4.64158883e-08 -9.84620081 -9.05847178 -7.44819148 -5.77697366 -4.56465570 
3.59381366e-08 -9.84620081 -9.05847178 -7.44819148 -5.77697366 -4.56465570 
2.78255940e-08 -9.84620081 -9.05847178 -7.44819148 -5.77697366 -4.56465570 
2.15443469e-08 -9.84620081 -9.05847178 -7.44819148 -5.77697366 -4.56465570 
1.66810054e-08 -9.84620081 -9.05847178 -7.44819148 -5.77697366 -4.56465570 
1.29154967e-08 -9.84620081 -9.05847178 -7.44819148 -5.77697366 -4.56465570 
1.00000000e-08 -9.84620081 -9.05847178 -7.44819148 -5.77697366 -4.56465570 
7.74263683e-09 -9.84620081 -9.05847178 -7.44819148 -5.77697366 -4.56465570 
5.99484250e-09 -9.84620081 -9.05847178 -7.44819148 -5.77697366 -4.56465570 
4.64158883e-09 -9.84620081 -9.05847178 -7.44819148 -5.77697366 -4.56465570 
3.59381366e-09 -9.84620081 -9.05847178 -7.44819148 -5.77697366 -4.56465570 
2.78255940e-09 -9.84620081 -9.05847178 -7.44819148 -5.77697366 -4.56465570 
2.15443469e-09 -9.84620081 -9.05847178 -7.44819148 -5.77697366 -4.56465570 
1.66810054e-09 -9.84620081 -9.05847178 -7.44819148 -5.77697366 -4.56465570 
1.29154967e-09 -9.84620081 -9.05847178 -7.44819148 -5.77697366 -4.56465570 
1.00000000e-09 -9.84620081 -9.05847178 -7.44819148 -5.77697366 -4.56465570 
7.74263683e-10 -9.84620081 -9.05847178 -7.44819148 -5.77697366 -4.56465570 
5.99484250e-10 -9.84620081 -9.05847178 -7.44819148 -5.77697366 -4.56465570 
4.64158883e-10 -9.84620081 -9.05847178 -7.44819148 -5.77697366 -4.56465570 
3.59381366e-10 -9.84620081 -9.05847178 -7.44819148 -5.77697366 -4.56465570 
2.78255940e-10 -9.84620081 -9.05847178 -7.44819148 -5.77697366 -4.56465570 
2.15443469e-10 -9.84620081 -9.05847178 -7.44819148 -5.77697366 -4.56465570 
1.66810054e-10 -9.84620081 -9.05847178 -7.44819148 -5.77697366 -4.56465570 
1.29154967e-10 -9.84620081 -9.05847178 -7.44819148 -5.77697366 -4.56465570 
1.00000000e-10 -9.84620081 -9.05847178 -7.44819148 -5.77697366 -4.56465570 
