Chemical species: N2 H2O CO2 CH4 O2 O3 N2O NH3
P (bar) | log_N2: -2σ | log_N2: -1σ | log_N2: median | log_N2: +1σ | log_N2: +2σ 
1.00000000e+01 -0.06058726 -0.03229573 -0.00754340 -0.00067388 -0.00001206 
7.74263683e+00 -0.06058726 -0.03229573 -0.00754340 -0.00067388 -0.00001206 
5.99484250e+00 -0.06058726 -0.03229573 -0.00754340 -0.00067388 -0.00001206 
4.64158883e+00 -0.06058726 -0.03229573 -0.00754340 -0.00067388 -0.00001206 
3.59381366e+00 -0.06058726 -0.03229573 -0.00754340 -0.00067388 -0.00001206 
2.78255940e+00 -0.06058726 -0.03229573 -0.00754340 -0.00067388 -0.00001206 
2.15443469e+00 -0.06058726 -0.03229573 -0.00754340 -0.00067388 -0.00001206 
1.66810054e+00 -0.06058726 -0.03229573 -0.00754340 -0.00067388 -0.00001206 
1.29154967e+00 -0.06058726 -0.03229573 -0.00754340 -0.00067388 -0.00001206 
1.00000000e+00 -0.06058726 -0.03229573 -0.00754340 -0.00067388 -0.00001206 
7.74263683e-01 -0.06058726 -0.03229573 -0.00754340 -0.00067388 -0.00001206 
5.99484250e-01 -0.06058726 -0.03229573 -0.00754340 -0.00067388 -0.00001206 
4.64158883e-01 -0.06058726 -0.03229573 -0.00754340 -0.00067388 -0.00001206 
3.59381366e-01 -0.06058726 -0.03229573 -0.00754340 -0.00067388 -0.00001206 
2.78255940e-01 -0.06058726 -0.03229573 -0.00754340 -0.00067388 -0.00001206 
2.15443469e-01 -0.06058726 -0.03229573 -0.00754340 -0.00067388 -0.00001206 
1.66810054e-01 -0.06058726 -0.03229573 -0.00754340 -0.00067388 -0.00001206 
1.29154967e-01 -0.06058726 -0.03229573 -0.00754340 -0.00067388 -0.00001206 
1.00000000e-01 -0.06058726 -0.03229573 -0.00754340 -0.00067388 -0.00001206 
7.74263683e-02 -0.06058726 -0.03229573 -0.00754340 -0.00067388 -0.00001206 
5.99484250e-02 -0.06058726 -0.03229573 -0.00754340 -0.00067388 -0.00001206 
4.64158883e-02 -0.06058726 -0.03229573 -0.00754340 -0.00067388 -0.00001206 
3.59381366e-02 -0.06058726 -0.03229573 -0.00754340 -0.00067388 -0.00001206 
2.78255940e-02 -0.06058726 -0.03229573 -0.00754340 -0.00067388 -0.00001206 
2.15443469e-02 -0.06058726 -0.03229573 -0.00754340 -0.00067388 -0.00001206 
1.66810054e-02 -0.06058726 -0.03229573 -0.00754340 -0.00067388 -0.00001206 
1.29154967e-02 -0.06058726 -0.03229573 -0.00754340 -0.00067388 -0.00001206 
1.00000000e-02 -0.06058726 -0.03229573 -0.00754340 -0.00067388 -0.00001206 
7.74263683e-03 -0.06058726 -0.03229573 -0.00754340 -0.00067388 -0.00001206 
5.99484250e-03 -0.06058726 -0.03229573 -0.00754340 -0.00067388 -0.00001206 
4.64158883e-03 -0.06058726 -0.03229573 -0.00754340 -0.00067388 -0.00001206 
3.59381366e-03 -0.06058726 -0.03229573 -0.00754340 -0.00067388 -0.00001206 
2.78255940e-03 -0.06058726 -0.03229573 -0.00754340 -0.00067388 -0.00001206 
2.15443469e-03 -0.06058726 -0.03229573 -0.00754340 -0.00067388 -0.00001206 
1.66810054e-03 -0.06058726 -0.03229573 -0.00754340 -0.00067388 -0.00001206 
1.29154967e-03 -0.06058726 -0.03229573 -0.00754340 -0.00067388 -0.00001206 
1.00000000e-03 -0.06058726 -0.03229573 -0.00754340 -0.00067388 -0.00001206 
7.74263683e-04 -0.06058726 -0.03229573 -0.00754340 -0.00067388 -0.00001206 
5.99484250e-04 -0.06058726 -0.03229573 -0.00754340 -0.00067388 -0.00001206 
4.64158883e-04 -0.06058726 -0.03229573 -0.00754340 -0.00067388 -0.00001206 
3.59381366e-04 -0.06058726 -0.03229573 -0.00754340 -0.00067388 -0.00001206 
2.78255940e-04 -0.06058726 -0.03229573 -0.00754340 -0.00067388 -0.00001206 
2.15443469e-04 -0.06058726 -0.03229573 -0.00754340 -0.00067388 -0.00001206 
1.66810054e-04 -0.06058726 -0.03229573 -0.00754340 -0.00067388 -0.00001206 
1.29154967e-04 -0.06058726 -0.03229573 -0.00754340 -0.00067388 -0.00001206 
1.00000000e-04 -0.06058726 -0.03229573 -0.00754340 -0.00067388 -0.00001206 
7.74263683e-05 -0.06058726 -0.03229573 -0.00754340 -0.00067388 -0.00001206 
5.99484250e-05 -0.06058726 -0.03229573 -0.00754340 -0.00067388 -0.00001206 
4.64158883e-05 -0.06058726 -0.03229573 -0.00754340 -0.00067388 -0.00001206 
3.59381366e-05 -0.06058726 -0.03229573 -0.00754340 -0.00067388 -0.00001206 
2.78255940e-05 -0.06058726 -0.03229573 -0.00754340 -0.00067388 -0.00001206 
2.15443469e-05 -0.06058726 -0.03229573 -0.00754340 -0.00067388 -0.00001206 
1.66810054e-05 -0.06058726 -0.03229573 -0.00754340 -0.00067388 -0.00001206 
1.29154967e-05 -0.06058726 -0.03229573 -0.00754340 -0.00067388 -0.00001206 
1.00000000e-05 -0.06058726 -0.03229573 -0.00754340 -0.00067388 -0.00001206 
7.74263683e-06 -0.06058726 -0.03229573 -0.00754340 -0.00067388 -0.00001206 
5.99484250e-06 -0.06058726 -0.03229573 -0.00754340 -0.00067388 -0.00001206 
4.64158883e-06 -0.06058726 -0.03229573 -0.00754340 -0.00067388 -0.00001206 
3.59381366e-06 -0.06058726 -0.03229573 -0.00754340 -0.00067388 -0.00001206 
2.78255940e-06 -0.06058726 -0.03229573 -0.00754340 -0.00067388 -0.00001206 
2.15443469e-06 -0.06058726 -0.03229573 -0.00754340 -0.00067388 -0.00001206 
1.66810054e-06 -0.06058726 -0.03229573 -0.00754340 -0.00067388 -0.00001206 
1.29154967e-06 -0.06058726 -0.03229573 -0.00754340 -0.00067388 -0.00001206 
1.00000000e-06 -0.06058726 -0.03229573 -0.00754340 -0.00067388 -0.00001206 
7.74263683e-07 -0.06058726 -0.03229573 -0.00754340 -0.00067388 -0.00001206 
5.99484250e-07 -0.06058726 -0.03229573 -0.00754340 -0.00067388 -0.00001206 
4.64158883e-07 -0.06058726 -0.03229573 -0.00754340 -0.00067388 -0.00001206 
3.59381366e-07 -0.06058726 -0.03229573 -0.00754340 -0.00067388 -0.00001206 
2.78255940e-07 -0.06058726 -0.03229573 -0.00754340 -0.00067388 -0.00001206 
2.15443469e-07 -0.06058726 -0.03229573 -0.00754340 -0.00067388 -0.00001206 
1.66810054e-07 -0.06058726 -0.03229573 -0.00754340 -0.00067388 -0.00001206 
1.29154967e-07 -0.06058726 -0.03229573 -0.00754340 -0.00067388 -0.00001206 
1.00000000e-07 -0.06058726 -0.03229573 -0.00754340 -0.00067388 -0.00001206 
7.74263683e-08 -0.06058726 -0.03229573 -0.00754340 -0.00067388 -0.00001206 
5.99484250e-08 -0.06058726 -0.03229573 -0.00754340 -0.00067388 -0.00001206 
4.64158883e-08 -0.06058726 -0.03229573 -0.00754340 -0.00067388 -0.00001206 
3.59381366e-08 -0.06058726 -0.03229573 -0.00754340 -0.00067388 -0.00001206 
2.78255940e-08 -0.06058726 -0.03229573 -0.00754340 -0.00067388 -0.00001206 
2.15443469e-08 -0.06058726 -0.03229573 -0.00754340 -0.00067388 -0.00001206 
1.66810054e-08 -0.06058726 -0.03229573 -0.00754340 -0.00067388 -0.00001206 
1.29154967e-08 -0.06058726 -0.03229573 -0.00754340 -0.00067388 -0.00001206 
1.00000000e-08 -0.06058726 -0.03229573 -0.00754340 -0.00067388 -0.00001206 
7.74263683e-09 -0.06058726 -0.03229573 -0.00754340 -0.00067388 -0.00001206 
5.99484250e-09 -0.06058726 -0.03229573 -0.00754340 -0.00067388 -0.00001206 
4.64158883e-09 -0.06058726 -0.03229573 -0.00754340 -0.00067388 -0.00001206 
3.59381366e-09 -0.06058726 -0.03229573 -0.00754340 -0.00067388 -0.00001206 
2.78255940e-09 -0.06058726 -0.03229573 -0.00754340 -0.00067388 -0.00001206 
2.15443469e-09 -0.06058726 -0.03229573 -0.00754340 -0.00067388 -0.00001206 
1.66810054e-09 -0.06058726 -0.03229573 -0.00754340 -0.00067388 -0.00001206 
1.29154967e-09 -0.06058726 -0.03229573 -0.00754340 -0.00067388 -0.00001206 
1.00000000e-09 -0.06058726 -0.03229573 -0.00754340 -0.00067388 -0.00001206 
7.74263683e-10 -0.06058726 -0.03229573 -0.00754340 -0.00067388 -0.00001206 
5.99484250e-10 -0.06058726 -0.03229573 -0.00754340 -0.00067388 -0.00001206 
4.64158883e-10 -0.06058726 -0.03229573 -0.00754340 -0.00067388 -0.00001206 
3.59381366e-10 -0.06058726 -0.03229573 -0.00754340 -0.00067388 -0.00001206 
2.78255940e-10 -0.06058726 -0.03229573 -0.00754340 -0.00067388 -0.00001206 
2.15443469e-10 -0.06058726 -0.03229573 -0.00754340 -0.00067388 -0.00001206 
1.66810054e-10 -0.06058726 -0.03229573 -0.00754340 -0.00067388 -0.00001206 
1.29154967e-10 -0.06058726 -0.03229573 -0.00754340 -0.00067388 -0.00001206 
1.00000000e-10 -0.06058726 -0.03229573 -0.00754340 -0.00067388 -0.00001206 
P (bar) | log_H2O: -2σ | log_H2O: -1σ | log_H2O: median | log_H2O: +1σ | log_H2O: +2σ 
1.00000000e+01 -9.34493891 -7.41832033 -4.39323057 -2.41532145 -1.32874798 
7.74263683e+00 -9.34493891 -7.41832033 -4.39323057 -2.41532145 -1.32874798 
5.99484250e+00 -9.34493891 -7.41832033 -4.39323057 -2.41532145 -1.32874798 
4.64158883e+00 -9.34493891 -7.41832033 -4.39323057 -2.41532145 -1.32874798 
3.59381366e+00 -9.34493891 -7.41832033 -4.39323057 -2.41532145 -1.32874798 
2.78255940e+00 -9.34493891 -7.41832033 -4.39323057 -2.41532145 -1.32874798 
2.15443469e+00 -9.34493891 -7.41832033 -4.39323057 -2.41532145 -1.32874798 
1.66810054e+00 -9.34493891 -7.41832033 -4.39323057 -2.41532145 -1.32874798 
1.29154967e+00 -9.34493891 -7.41832033 -4.39323057 -2.41532145 -1.32874798 
1.00000000e+00 -9.34493891 -7.41832033 -4.39323057 -2.41532145 -1.32874798 
7.74263683e-01 -9.34493891 -7.41832033 -4.39323057 -2.41532145 -1.32874798 
5.99484250e-01 -9.34493891 -7.41832033 -4.39323057 -2.41532145 -1.32874798 
4.64158883e-01 -9.34493891 -7.41832033 -4.39323057 -2.41532145 -1.32874798 
3.59381366e-01 -9.34493891 -7.41832033 -4.39323057 -2.41532145 -1.32874798 
2.78255940e-01 -9.34493891 -7.41832033 -4.39323057 -2.41532145 -1.32874798 
2.15443469e-01 -9.34493891 -7.41832033 -4.39323057 -2.41532145 -1.32874798 
1.66810054e-01 -9.34493891 -7.41832033 -4.39323057 -2.41532145 -1.32874798 
1.29154967e-01 -9.34493891 -7.41832033 -4.39323057 -2.41532145 -1.32874798 
1.00000000e-01 -9.34493891 -7.41832033 -4.39323057 -2.41532145 -1.32874798 
7.74263683e-02 -9.34493891 -7.41832033 -4.39323057 -2.41532145 -1.32874798 
5.99484250e-02 -9.34493891 -7.41832033 -4.39323057 -2.41532145 -1.32874798 
4.64158883e-02 -9.34493891 -7.41832033 -4.39323057 -2.41532145 -1.32874798 
3.59381366e-02 -9.34493891 -7.41832033 -4.39323057 -2.41532145 -1.32874798 
2.78255940e-02 -9.34493891 -7.41832033 -4.39323057 -2.41532145 -1.32874798 
2.15443469e-02 -9.34493891 -7.41832033 -4.39323057 -2.41532145 -1.32874798 
1.66810054e-02 -9.34493891 -7.41832033 -4.39323057 -2.41532145 -1.32874798 
1.29154967e-02 -9.34493891 -7.41832033 -4.39323057 -2.41532145 -1.32874798 
1.00000000e-02 -9.34493891 -7.41832033 -4.39323057 -2.41532145 -1.32874798 
7.74263683e-03 -9.34493891 -7.41832033 -4.39323057 -2.41532145 -1.32874798 
5.99484250e-03 -9.34493891 -7.41832033 -4.39323057 -2.41532145 -1.32874798 
4.64158883e-03 -9.34493891 -7.41832033 -4.39323057 -2.41532145 -1.32874798 
3.59381366e-03 -9.34493891 -7.41832033 -4.39323057 -2.41532145 -1.32874798 
2.78255940e-03 -9.34493891 -7.41832033 -4.39323057 -2.41532145 -1.32874798 
2.15443469e-03 -9.34493891 -7.41832033 -4.39323057 -2.41532145 -1.32874798 
1.66810054e-03 -9.34493891 -7.41832033 -4.39323057 -2.41532145 -1.32874798 
1.29154967e-03 -9.34493891 -7.41832033 -4.39323057 -2.41532145 -1.32874798 
1.00000000e-03 -9.34493891 -7.41832033 -4.39323057 -2.41532145 -1.32874798 
7.74263683e-04 -9.34493891 -7.41832033 -4.39323057 -2.41532145 -1.32874798 
5.99484250e-04 -9.34493891 -7.41832033 -4.39323057 -2.41532145 -1.32874798 
4.64158883e-04 -9.34493891 -7.41832033 -4.39323057 -2.41532145 -1.32874798 
3.59381366e-04 -9.34493891 -7.41832033 -4.39323057 -2.41532145 -1.32874798 
2.78255940e-04 -9.34493891 -7.41832033 -4.39323057 -2.41532145 -1.32874798 
2.15443469e-04 -9.34493891 -7.41832033 -4.39323057 -2.41532145 -1.32874798 
1.66810054e-04 -9.34493891 -7.41832033 -4.39323057 -2.41532145 -1.32874798 
1.29154967e-04 -9.34493891 -7.41832033 -4.39323057 -2.41532145 -1.32874798 
1.00000000e-04 -9.34493891 -7.41832033 -4.39323057 -2.41532145 -1.32874798 
7.74263683e-05 -9.34493891 -7.41832033 -4.39323057 -2.41532145 -1.32874798 
5.99484250e-05 -9.34493891 -7.41832033 -4.39323057 -2.41532145 -1.32874798 
4.64158883e-05 -9.34493891 -7.41832033 -4.39323057 -2.41532145 -1.32874798 
3.59381366e-05 -9.34493891 -7.41832033 -4.39323057 -2.41532145 -1.32874798 
2.78255940e-05 -9.34493891 -7.41832033 -4.39323057 -2.41532145 -1.32874798 
2.15443469e-05 -9.34493891 -7.41832033 -4.39323057 -2.41532145 -1.32874798 
1.66810054e-05 -9.34493891 -7.41832033 -4.39323057 -2.41532145 -1.32874798 
1.29154967e-05 -9.34493891 -7.41832033 -4.39323057 -2.41532145 -1.32874798 
1.00000000e-05 -9.34493891 -7.41832033 -4.39323057 -2.41532145 -1.32874798 
7.74263683e-06 -9.34493891 -7.41832033 -4.39323057 -2.41532145 -1.32874798 
5.99484250e-06 -9.34493891 -7.41832033 -4.39323057 -2.41532145 -1.32874798 
4.64158883e-06 -9.34493891 -7.41832033 -4.39323057 -2.41532145 -1.32874798 
3.59381366e-06 -9.34493891 -7.41832033 -4.39323057 -2.41532145 -1.32874798 
2.78255940e-06 -9.34493891 -7.41832033 -4.39323057 -2.41532145 -1.32874798 
2.15443469e-06 -9.34493891 -7.41832033 -4.39323057 -2.41532145 -1.32874798 
1.66810054e-06 -9.34493891 -7.41832033 -4.39323057 -2.41532145 -1.32874798 
1.29154967e-06 -9.34493891 -7.41832033 -4.39323057 -2.41532145 -1.32874798 
1.00000000e-06 -9.34493891 -7.41832033 -4.39323057 -2.41532145 -1.32874798 
7.74263683e-07 -9.34493891 -7.41832033 -4.39323057 -2.41532145 -1.32874798 
5.99484250e-07 -9.34493891 -7.41832033 -4.39323057 -2.41532145 -1.32874798 
4.64158883e-07 -9.34493891 -7.41832033 -4.39323057 -2.41532145 -1.32874798 
3.59381366e-07 -9.34493891 -7.41832033 -4.39323057 -2.41532145 -1.32874798 
2.78255940e-07 -9.34493891 -7.41832033 -4.39323057 -2.41532145 -1.32874798 
2.15443469e-07 -9.34493891 -7.41832033 -4.39323057 -2.41532145 -1.32874798 
1.66810054e-07 -9.34493891 -7.41832033 -4.39323057 -2.41532145 -1.32874798 
1.29154967e-07 -9.34493891 -7.41832033 -4.39323057 -2.41532145 -1.32874798 
1.00000000e-07 -9.34493891 -7.41832033 -4.39323057 -2.41532145 -1.32874798 
7.74263683e-08 -9.34493891 -7.41832033 -4.39323057 -2.41532145 -1.32874798 
5.99484250e-08 -9.34493891 -7.41832033 -4.39323057 -2.41532145 -1.32874798 
4.64158883e-08 -9.34493891 -7.41832033 -4.39323057 -2.41532145 -1.32874798 
3.59381366e-08 -9.34493891 -7.41832033 -4.39323057 -2.41532145 -1.32874798 
2.78255940e-08 -9.34493891 -7.41832033 -4.39323057 -2.41532145 -1.32874798 
2.15443469e-08 -9.34493891 -7.41832033 -4.39323057 -2.41532145 -1.32874798 
1.66810054e-08 -9.34493891 -7.41832033 -4.39323057 -2.41532145 -1.32874798 
1.29154967e-08 -9.34493891 -7.41832033 -4.39323057 -2.41532145 -1.32874798 
1.00000000e-08 -9.34493891 -7.41832033 -4.39323057 -2.41532145 -1.32874798 
7.74263683e-09 -9.34493891 -7.41832033 -4.39323057 -2.41532145 -1.32874798 
5.99484250e-09 -9.34493891 -7.41832033 -4.39323057 -2.41532145 -1.32874798 
4.64158883e-09 -9.34493891 -7.41832033 -4.39323057 -2.41532145 -1.32874798 
3.59381366e-09 -9.34493891 -7.41832033 -4.39323057 -2.41532145 -1.32874798 
2.78255940e-09 -9.34493891 -7.41832033 -4.39323057 -2.41532145 -1.32874798 
2.15443469e-09 -9.34493891 -7.41832033 -4.39323057 -2.41532145 -1.32874798 
1.66810054e-09 -9.34493891 -7.41832033 -4.39323057 -2.41532145 -1.32874798 
1.29154967e-09 -9.34493891 -7.41832033 -4.39323057 -2.41532145 -1.32874798 
1.00000000e-09 -9.34493891 -7.41832033 -4.39323057 -2.41532145 -1.32874798 
7.74263683e-10 -9.34493891 -7.41832033 -4.39323057 -2.41532145 -1.32874798 
5.99484250e-10 -9.34493891 -7.41832033 -4.39323057 -2.41532145 -1.32874798 
4.64158883e-10 -9.34493891 -7.41832033 -4.39323057 -2.41532145 -1.32874798 
3.59381366e-10 -9.34493891 -7.41832033 -4.39323057 -2.41532145 -1.32874798 
2.78255940e-10 -9.34493891 -7.41832033 -4.39323057 -2.41532145 -1.32874798 
2.15443469e-10 -9.34493891 -7.41832033 -4.39323057 -2.41532145 -1.32874798 
1.66810054e-10 -9.34493891 -7.41832033 -4.39323057 -2.41532145 -1.32874798 
1.29154967e-10 -9.34493891 -7.41832033 -4.39323057 -2.41532145 -1.32874798 
1.00000000e-10 -9.34493891 -7.41832033 -4.39323057 -2.41532145 -1.32874798 
P (bar) | log_CO2: -2σ | log_CO2: -1σ | log_CO2: median | log_CO2: +1σ | log_CO2: +2σ 
1.00000000e+01 -9.65302235 -7.50318700 -3.45026907 -1.58009442 -1.09244234 
7.74263683e+00 -9.65302235 -7.50318700 -3.45026907 -1.58009442 -1.09244234 
5.99484250e+00 -9.65302235 -7.50318700 -3.45026907 -1.58009442 -1.09244234 
4.64158883e+00 -9.65302235 -7.50318700 -3.45026907 -1.58009442 -1.09244234 
3.59381366e+00 -9.65302235 -7.50318700 -3.45026907 -1.58009442 -1.09244234 
2.78255940e+00 -9.65302235 -7.50318700 -3.45026907 -1.58009442 -1.09244234 
2.15443469e+00 -9.65302235 -7.50318700 -3.45026907 -1.58009442 -1.09244234 
1.66810054e+00 -9.65302235 -7.50318700 -3.45026907 -1.58009442 -1.09244234 
1.29154967e+00 -9.65302235 -7.50318700 -3.45026907 -1.58009442 -1.09244234 
1.00000000e+00 -9.65302235 -7.50318700 -3.45026907 -1.58009442 -1.09244234 
7.74263683e-01 -9.65302235 -7.50318700 -3.45026907 -1.58009442 -1.09244234 
5.99484250e-01 -9.65302235 -7.50318700 -3.45026907 -1.58009442 -1.09244234 
4.64158883e-01 -9.65302235 -7.50318700 -3.45026907 -1.58009442 -1.09244234 
3.59381366e-01 -9.65302235 -7.50318700 -3.45026907 -1.58009442 -1.09244234 
2.78255940e-01 -9.65302235 -7.50318700 -3.45026907 -1.58009442 -1.09244234 
2.15443469e-01 -9.65302235 -7.50318700 -3.45026907 -1.58009442 -1.09244234 
1.66810054e-01 -9.65302235 -7.50318700 -3.45026907 -1.58009442 -1.09244234 
1.29154967e-01 -9.65302235 -7.50318700 -3.45026907 -1.58009442 -1.09244234 
1.00000000e-01 -9.65302235 -7.50318700 -3.45026907 -1.58009442 -1.09244234 
7.74263683e-02 -9.65302235 -7.50318700 -3.45026907 -1.58009442 -1.09244234 
5.99484250e-02 -9.65302235 -7.50318700 -3.45026907 -1.58009442 -1.09244234 
4.64158883e-02 -9.65302235 -7.50318700 -3.45026907 -1.58009442 -1.09244234 
3.59381366e-02 -9.65302235 -7.50318700 -3.45026907 -1.58009442 -1.09244234 
2.78255940e-02 -9.65302235 -7.50318700 -3.45026907 -1.58009442 -1.09244234 
2.15443469e-02 -9.65302235 -7.50318700 -3.45026907 -1.58009442 -1.09244234 
1.66810054e-02 -9.65302235 -7.50318700 -3.45026907 -1.58009442 -1.09244234 
1.29154967e-02 -9.65302235 -7.50318700 -3.45026907 -1.58009442 -1.09244234 
1.00000000e-02 -9.65302235 -7.50318700 -3.45026907 -1.58009442 -1.09244234 
7.74263683e-03 -9.65302235 -7.50318700 -3.45026907 -1.58009442 -1.09244234 
5.99484250e-03 -9.65302235 -7.50318700 -3.45026907 -1.58009442 -1.09244234 
4.64158883e-03 -9.65302235 -7.50318700 -3.45026907 -1.58009442 -1.09244234 
3.59381366e-03 -9.65302235 -7.50318700 -3.45026907 -1.58009442 -1.09244234 
2.78255940e-03 -9.65302235 -7.50318700 -3.45026907 -1.58009442 -1.09244234 
2.15443469e-03 -9.65302235 -7.50318700 -3.45026907 -1.58009442 -1.09244234 
1.66810054e-03 -9.65302235 -7.50318700 -3.45026907 -1.58009442 -1.09244234 
1.29154967e-03 -9.65302235 -7.50318700 -3.45026907 -1.58009442 -1.09244234 
1.00000000e-03 -9.65302235 -7.50318700 -3.45026907 -1.58009442 -1.09244234 
7.74263683e-04 -9.65302235 -7.50318700 -3.45026907 -1.58009442 -1.09244234 
5.99484250e-04 -9.65302235 -7.50318700 -3.45026907 -1.58009442 -1.09244234 
4.64158883e-04 -9.65302235 -7.50318700 -3.45026907 -1.58009442 -1.09244234 
3.59381366e-04 -9.65302235 -7.50318700 -3.45026907 -1.58009442 -1.09244234 
2.78255940e-04 -9.65302235 -7.50318700 -3.45026907 -1.58009442 -1.09244234 
2.15443469e-04 -9.65302235 -7.50318700 -3.45026907 -1.58009442 -1.09244234 
1.66810054e-04 -9.65302235 -7.50318700 -3.45026907 -1.58009442 -1.09244234 
1.29154967e-04 -9.65302235 -7.50318700 -3.45026907 -1.58009442 -1.09244234 
1.00000000e-04 -9.65302235 -7.50318700 -3.45026907 -1.58009442 -1.09244234 
7.74263683e-05 -9.65302235 -7.50318700 -3.45026907 -1.58009442 -1.09244234 
5.99484250e-05 -9.65302235 -7.50318700 -3.45026907 -1.58009442 -1.09244234 
4.64158883e-05 -9.65302235 -7.50318700 -3.45026907 -1.58009442 -1.09244234 
3.59381366e-05 -9.65302235 -7.50318700 -3.45026907 -1.58009442 -1.09244234 
2.78255940e-05 -9.65302235 -7.50318700 -3.45026907 -1.58009442 -1.09244234 
2.15443469e-05 -9.65302235 -7.50318700 -3.45026907 -1.58009442 -1.09244234 
1.66810054e-05 -9.65302235 -7.50318700 -3.45026907 -1.58009442 -1.09244234 
1.29154967e-05 -9.65302235 -7.50318700 -3.45026907 -1.58009442 -1.09244234 
1.00000000e-05 -9.65302235 -7.50318700 -3.45026907 -1.58009442 -1.09244234 
7.74263683e-06 -9.65302235 -7.50318700 -3.45026907 -1.58009442 -1.09244234 
5.99484250e-06 -9.65302235 -7.50318700 -3.45026907 -1.58009442 -1.09244234 
4.64158883e-06 -9.65302235 -7.50318700 -3.45026907 -1.58009442 -1.09244234 
3.59381366e-06 -9.65302235 -7.50318700 -3.45026907 -1.58009442 -1.09244234 
2.78255940e-06 -9.65302235 -7.50318700 -3.45026907 -1.58009442 -1.09244234 
2.15443469e-06 -9.65302235 -7.50318700 -3.45026907 -1.58009442 -1.09244234 
1.66810054e-06 -9.65302235 -7.50318700 -3.45026907 -1.58009442 -1.09244234 
1.29154967e-06 -9.65302235 -7.50318700 -3.45026907 -1.58009442 -1.09244234 
1.00000000e-06 -9.65302235 -7.50318700 -3.45026907 -1.58009442 -1.09244234 
7.74263683e-07 -9.65302235 -7.50318700 -3.45026907 -1.58009442 -1.09244234 
5.99484250e-07 -9.65302235 -7.50318700 -3.45026907 -1.58009442 -1.09244234 
4.64158883e-07 -9.65302235 -7.50318700 -3.45026907 -1.58009442 -1.09244234 
3.59381366e-07 -9.65302235 -7.50318700 -3.45026907 -1.58009442 -1.09244234 
2.78255940e-07 -9.65302235 -7.50318700 -3.45026907 -1.58009442 -1.09244234 
2.15443469e-07 -9.65302235 -7.50318700 -3.45026907 -1.58009442 -1.09244234 
1.66810054e-07 -9.65302235 -7.50318700 -3.45026907 -1.58009442 -1.09244234 
1.29154967e-07 -9.65302235 -7.50318700 -3.45026907 -1.58009442 -1.09244234 
1.00000000e-07 -9.65302235 -7.50318700 -3.45026907 -1.58009442 -1.09244234 
7.74263683e-08 -9.65302235 -7.50318700 -3.45026907 -1.58009442 -1.09244234 
5.99484250e-08 -9.65302235 -7.50318700 -3.45026907 -1.58009442 -1.09244234 
4.64158883e-08 -9.65302235 -7.50318700 -3.45026907 -1.58009442 -1.09244234 
3.59381366e-08 -9.65302235 -7.50318700 -3.45026907 -1.58009442 -1.09244234 
2.78255940e-08 -9.65302235 -7.50318700 -3.45026907 -1.58009442 -1.09244234 
2.15443469e-08 -9.65302235 -7.50318700 -3.45026907 -1.58009442 -1.09244234 
1.66810054e-08 -9.65302235 -7.50318700 -3.45026907 -1.58009442 -1.09244234 
1.29154967e-08 -9.65302235 -7.50318700 -3.45026907 -1.58009442 -1.09244234 
1.00000000e-08 -9.65302235 -7.50318700 -3.45026907 -1.58009442 -1.09244234 
7.74263683e-09 -9.65302235 -7.50318700 -3.45026907 -1.58009442 -1.09244234 
5.99484250e-09 -9.65302235 -7.50318700 -3.45026907 -1.58009442 -1.09244234 
4.64158883e-09 -9.65302235 -7.50318700 -3.45026907 -1.58009442 -1.09244234 
3.59381366e-09 -9.65302235 -7.50318700 -3.45026907 -1.58009442 -1.09244234 
2.78255940e-09 -9.65302235 -7.50318700 -3.45026907 -1.58009442 -1.09244234 
2.15443469e-09 -9.65302235 -7.50318700 -3.45026907 -1.58009442 -1.09244234 
1.66810054e-09 -9.65302235 -7.50318700 -3.45026907 -1.58009442 -1.09244234 
1.29154967e-09 -9.65302235 -7.50318700 -3.45026907 -1.58009442 -1.09244234 
1.00000000e-09 -9.65302235 -7.50318700 -3.45026907 -1.58009442 -1.09244234 
7.74263683e-10 -9.65302235 -7.50318700 -3.45026907 -1.58009442 -1.09244234 
5.99484250e-10 -9.65302235 -7.50318700 -3.45026907 -1.58009442 -1.09244234 
4.64158883e-10 -9.65302235 -7.50318700 -3.45026907 -1.58009442 -1.09244234 
3.59381366e-10 -9.65302235 -7.50318700 -3.45026907 -1.58009442 -1.09244234 
2.78255940e-10 -9.65302235 -7.50318700 -3.45026907 -1.58009442 -1.09244234 
2.15443469e-10 -9.65302235 -7.50318700 -3.45026907 -1.58009442 -1.09244234 
1.66810054e-10 -9.65302235 -7.50318700 -3.45026907 -1.58009442 -1.09244234 
1.29154967e-10 -9.65302235 -7.50318700 -3.45026907 -1.58009442 -1.09244234 
1.00000000e-10 -9.65302235 -7.50318700 -3.45026907 -1.58009442 -1.09244234 
P (bar) | log_CH4: -2σ | log_CH4: -1σ | log_CH4: median | log_CH4: +1σ | log_CH4: +2σ 
1.00000000e+01 -9.52672561 -8.01642938 -4.82882428 -2.84462072 -1.80405777 
7.74263683e+00 -9.52672561 -8.01642938 -4.82882428 -2.84462072 -1.80405777 
5.99484250e+00 -9.52672561 -8.01642938 -4.82882428 -2.84462072 -1.80405777 
4.64158883e+00 -9.52672561 -8.01642938 -4.82882428 -2.84462072 -1.80405777 
3.59381366e+00 -9.52672561 -8.01642938 -4.82882428 -2.84462072 -1.80405777 
2.78255940e+00 -9.52672561 -8.01642938 -4.82882428 -2.84462072 -1.80405777 
2.15443469e+00 -9.52672561 -8.01642938 -4.82882428 -2.84462072 -1.80405777 
1.66810054e+00 -9.52672561 -8.01642938 -4.82882428 -2.84462072 -1.80405777 
1.29154967e+00 -9.52672561 -8.01642938 -4.82882428 -2.84462072 -1.80405777 
1.00000000e+00 -9.52672561 -8.01642938 -4.82882428 -2.84462072 -1.80405777 
7.74263683e-01 -9.52672561 -8.01642938 -4.82882428 -2.84462072 -1.80405777 
5.99484250e-01 -9.52672561 -8.01642938 -4.82882428 -2.84462072 -1.80405777 
4.64158883e-01 -9.52672561 -8.01642938 -4.82882428 -2.84462072 -1.80405777 
3.59381366e-01 -9.52672561 -8.01642938 -4.82882428 -2.84462072 -1.80405777 
2.78255940e-01 -9.52672561 -8.01642938 -4.82882428 -2.84462072 -1.80405777 
2.15443469e-01 -9.52672561 -8.01642938 -4.82882428 -2.84462072 -1.80405777 
1.66810054e-01 -9.52672561 -8.01642938 -4.82882428 -2.84462072 -1.80405777 
1.29154967e-01 -9.52672561 -8.01642938 -4.82882428 -2.84462072 -1.80405777 
1.00000000e-01 -9.52672561 -8.01642938 -4.82882428 -2.84462072 -1.80405777 
7.74263683e-02 -9.52672561 -8.01642938 -4.82882428 -2.84462072 -1.80405777 
5.99484250e-02 -9.52672561 -8.01642938 -4.82882428 -2.84462072 -1.80405777 
4.64158883e-02 -9.52672561 -8.01642938 -4.82882428 -2.84462072 -1.80405777 
3.59381366e-02 -9.52672561 -8.01642938 -4.82882428 -2.84462072 -1.80405777 
2.78255940e-02 -9.52672561 -8.01642938 -4.82882428 -2.84462072 -1.80405777 
2.15443469e-02 -9.52672561 -8.01642938 -4.82882428 -2.84462072 -1.80405777 
1.66810054e-02 -9.52672561 -8.01642938 -4.82882428 -2.84462072 -1.80405777 
1.29154967e-02 -9.52672561 -8.01642938 -4.82882428 -2.84462072 -1.80405777 
1.00000000e-02 -9.52672561 -8.01642938 -4.82882428 -2.84462072 -1.80405777 
7.74263683e-03 -9.52672561 -8.01642938 -4.82882428 -2.84462072 -1.80405777 
5.99484250e-03 -9.52672561 -8.01642938 -4.82882428 -2.84462072 -1.80405777 
4.64158883e-03 -9.52672561 -8.01642938 -4.82882428 -2.84462072 -1.80405777 
3.59381366e-03 -9.52672561 -8.01642938 -4.82882428 -2.84462072 -1.80405777 
2.78255940e-03 -9.52672561 -8.01642938 -4.82882428 -2.84462072 -1.80405777 
2.15443469e-03 -9.52672561 -8.01642938 -4.82882428 -2.84462072 -1.80405777 
1.66810054e-03 -9.52672561 -8.01642938 -4.82882428 -2.84462072 -1.80405777 
1.29154967e-03 -9.52672561 -8.01642938 -4.82882428 -2.84462072 -1.80405777 
1.00000000e-03 -9.52672561 -8.01642938 -4.82882428 -2.84462072 -1.80405777 
7.74263683e-04 -9.52672561 -8.01642938 -4.82882428 -2.84462072 -1.80405777 
5.99484250e-04 -9.52672561 -8.01642938 -4.82882428 -2.84462072 -1.80405777 
4.64158883e-04 -9.52672561 -8.01642938 -4.82882428 -2.84462072 -1.80405777 
3.59381366e-04 -9.52672561 -8.01642938 -4.82882428 -2.84462072 -1.80405777 
2.78255940e-04 -9.52672561 -8.01642938 -4.82882428 -2.84462072 -1.80405777 
2.15443469e-04 -9.52672561 -8.01642938 -4.82882428 -2.84462072 -1.80405777 
1.66810054e-04 -9.52672561 -8.01642938 -4.82882428 -2.84462072 -1.80405777 
1.29154967e-04 -9.52672561 -8.01642938 -4.82882428 -2.84462072 -1.80405777 
1.00000000e-04 -9.52672561 -8.01642938 -4.82882428 -2.84462072 -1.80405777 
7.74263683e-05 -9.52672561 -8.01642938 -4.82882428 -2.84462072 -1.80405777 
5.99484250e-05 -9.52672561 -8.01642938 -4.82882428 -2.84462072 -1.80405777 
4.64158883e-05 -9.52672561 -8.01642938 -4.82882428 -2.84462072 -1.80405777 
3.59381366e-05 -9.52672561 -8.01642938 -4.82882428 -2.84462072 -1.80405777 
2.78255940e-05 -9.52672561 -8.01642938 -4.82882428 -2.84462072 -1.80405777 
2.15443469e-05 -9.52672561 -8.01642938 -4.82882428 -2.84462072 -1.80405777 
1.66810054e-05 -9.52672561 -8.01642938 -4.82882428 -2.84462072 -1.80405777 
1.29154967e-05 -9.52672561 -8.01642938 -4.82882428 -2.84462072 -1.80405777 
1.00000000e-05 -9.52672561 -8.01642938 -4.82882428 -2.84462072 -1.80405777 
7.74263683e-06 -9.52672561 -8.01642938 -4.82882428 -2.84462072 -1.80405777 
5.99484250e-06 -9.52672561 -8.01642938 -4.82882428 -2.84462072 -1.80405777 
4.64158883e-06 -9.52672561 -8.01642938 -4.82882428 -2.84462072 -1.80405777 
3.59381366e-06 -9.52672561 -8.01642938 -4.82882428 -2.84462072 -1.80405777 
2.78255940e-06 -9.52672561 -8.01642938 -4.82882428 -2.84462072 -1.80405777 
2.15443469e-06 -9.52672561 -8.01642938 -4.82882428 -2.84462072 -1.80405777 
1.66810054e-06 -9.52672561 -8.01642938 -4.82882428 -2.84462072 -1.80405777 
1.29154967e-06 -9.52672561 -8.01642938 -4.82882428 -2.84462072 -1.80405777 
1.00000000e-06 -9.52672561 -8.01642938 -4.82882428 -2.84462072 -1.80405777 
7.74263683e-07 -9.52672561 -8.01642938 -4.82882428 -2.84462072 -1.80405777 
5.99484250e-07 -9.52672561 -8.01642938 -4.82882428 -2.84462072 -1.80405777 
4.64158883e-07 -9.52672561 -8.01642938 -4.82882428 -2.84462072 -1.80405777 
3.59381366e-07 -9.52672561 -8.01642938 -4.82882428 -2.84462072 -1.80405777 
2.78255940e-07 -9.52672561 -8.01642938 -4.82882428 -2.84462072 -1.80405777 
2.15443469e-07 -9.52672561 -8.01642938 -4.82882428 -2.84462072 -1.80405777 
1.66810054e-07 -9.52672561 -8.01642938 -4.82882428 -2.84462072 -1.80405777 
1.29154967e-07 -9.52672561 -8.01642938 -4.82882428 -2.84462072 -1.80405777 
1.00000000e-07 -9.52672561 -8.01642938 -4.82882428 -2.84462072 -1.80405777 
7.74263683e-08 -9.52672561 -8.01642938 -4.82882428 -2.84462072 -1.80405777 
5.99484250e-08 -9.52672561 -8.01642938 -4.82882428 -2.84462072 -1.80405777 
4.64158883e-08 -9.52672561 -8.01642938 -4.82882428 -2.84462072 -1.80405777 
3.59381366e-08 -9.52672561 -8.01642938 -4.82882428 -2.84462072 -1.80405777 
2.78255940e-08 -9.52672561 -8.01642938 -4.82882428 -2.84462072 -1.80405777 
2.15443469e-08 -9.52672561 -8.01642938 -4.82882428 -2.84462072 -1.80405777 
1.66810054e-08 -9.52672561 -8.01642938 -4.82882428 -2.84462072 -1.80405777 
1.29154967e-08 -9.52672561 -8.01642938 -4.82882428 -2.84462072 -1.80405777 
1.00000000e-08 -9.52672561 -8.01642938 -4.82882428 -2.84462072 -1.80405777 
7.74263683e-09 -9.52672561 -8.01642938 -4.82882428 -2.84462072 -1.80405777 
5.99484250e-09 -9.52672561 -8.01642938 -4.82882428 -2.84462072 -1.80405777 
4.64158883e-09 -9.52672561 -8.01642938 -4.82882428 -2.84462072 -1.80405777 
3.59381366e-09 -9.52672561 -8.01642938 -4.82882428 -2.84462072 -1.80405777 
2.78255940e-09 -9.52672561 -8.01642938 -4.82882428 -2.84462072 -1.80405777 
2.15443469e-09 -9.52672561 -8.01642938 -4.82882428 -2.84462072 -1.80405777 
1.66810054e-09 -9.52672561 -8.01642938 -4.82882428 -2.84462072 -1.80405777 
1.29154967e-09 -9.52672561 -8.01642938 -4.82882428 -2.84462072 -1.80405777 
1.00000000e-09 -9.52672561 -8.01642938 -4.82882428 -2.84462072 -1.80405777 
7.74263683e-10 -9.52672561 -8.01642938 -4.82882428 -2.84462072 -1.80405777 
5.99484250e-10 -9.52672561 -8.01642938 -4.82882428 -2.84462072 -1.80405777 
4.64158883e-10 -9.52672561 -8.01642938 -4.82882428 -2.84462072 -1.80405777 
3.59381366e-10 -9.52672561 -8.01642938 -4.82882428 -2.84462072 -1.80405777 
2.78255940e-10 -9.52672561 -8.01642938 -4.82882428 -2.84462072 -1.80405777 
2.15443469e-10 -9.52672561 -8.01642938 -4.82882428 -2.84462072 -1.80405777 
1.66810054e-10 -9.52672561 -8.01642938 -4.82882428 -2.84462072 -1.80405777 
1.29154967e-10 -9.52672561 -8.01642938 -4.82882428 -2.84462072 -1.80405777 
1.00000000e-10 -9.52672561 -8.01642938 -4.82882428 -2.84462072 -1.80405777 
P (bar) | log_O2: -2σ | log_O2: -1σ | log_O2: median | log_O2: +1σ | log_O2: +2σ 
1.00000000e+01 -9.79702459 -8.49941498 -5.54340372 -2.60418052 -1.38279100 
7.74263683e+00 -9.79702459 -8.49941498 -5.54340372 -2.60418052 -1.38279100 
5.99484250e+00 -9.79702459 -8.49941498 -5.54340372 -2.60418052 -1.38279100 
4.64158883e+00 -9.79702459 -8.49941498 -5.54340372 -2.60418052 -1.38279100 
3.59381366e+00 -9.79702459 -8.49941498 -5.54340372 -2.60418052 -1.38279100 
2.78255940e+00 -9.79702459 -8.49941498 -5.54340372 -2.60418052 -1.38279100 
2.15443469e+00 -9.79702459 -8.49941498 -5.54340372 -2.60418052 -1.38279100 
1.66810054e+00 -9.79702459 -8.49941498 -5.54340372 -2.60418052 -1.38279100 
1.29154967e+00 -9.79702459 -8.49941498 -5.54340372 -2.60418052 -1.38279100 
1.00000000e+00 -9.79702459 -8.49941498 -5.54340372 -2.60418052 -1.38279100 
7.74263683e-01 -9.79702459 -8.49941498 -5.54340372 -2.60418052 -1.38279100 
5.99484250e-01 -9.79702459 -8.49941498 -5.54340372 -2.60418052 -1.38279100 
4.64158883e-01 -9.79702459 -8.49941498 -5.54340372 -2.60418052 -1.38279100 
3.59381366e-01 -9.79702459 -8.49941498 -5.54340372 -2.60418052 -1.38279100 
2.78255940e-01 -9.79702459 -8.49941498 -5.54340372 -2.60418052 -1.38279100 
2.15443469e-01 -9.79702459 -8.49941498 -5.54340372 -2.60418052 -1.38279100 
1.66810054e-01 -9.79702459 -8.49941498 -5.54340372 -2.60418052 -1.38279100 
1.29154967e-01 -9.79702459 -8.49941498 -5.54340372 -2.60418052 -1.38279100 
1.00000000e-01 -9.79702459 -8.49941498 -5.54340372 -2.60418052 -1.38279100 
7.74263683e-02 -9.79702459 -8.49941498 -5.54340372 -2.60418052 -1.38279100 
5.99484250e-02 -9.79702459 -8.49941498 -5.54340372 -2.60418052 -1.38279100 
4.64158883e-02 -9.79702459 -8.49941498 -5.54340372 -2.60418052 -1.38279100 
3.59381366e-02 -9.79702459 -8.49941498 -5.54340372 -2.60418052 -1.38279100 
2.78255940e-02 -9.79702459 -8.49941498 -5.54340372 -2.60418052 -1.38279100 
2.15443469e-02 -9.79702459 -8.49941498 -5.54340372 -2.60418052 -1.38279100 
1.66810054e-02 -9.79702459 -8.49941498 -5.54340372 -2.60418052 -1.38279100 
1.29154967e-02 -9.79702459 -8.49941498 -5.54340372 -2.60418052 -1.38279100 
1.00000000e-02 -9.79702459 -8.49941498 -5.54340372 -2.60418052 -1.38279100 
7.74263683e-03 -9.79702459 -8.49941498 -5.54340372 -2.60418052 -1.38279100 
5.99484250e-03 -9.79702459 -8.49941498 -5.54340372 -2.60418052 -1.38279100 
4.64158883e-03 -9.79702459 -8.49941498 -5.54340372 -2.60418052 -1.38279100 
3.59381366e-03 -9.79702459 -8.49941498 -5.54340372 -2.60418052 -1.38279100 
2.78255940e-03 -9.79702459 -8.49941498 -5.54340372 -2.60418052 -1.38279100 
2.15443469e-03 -9.79702459 -8.49941498 -5.54340372 -2.60418052 -1.38279100 
1.66810054e-03 -9.79702459 -8.49941498 -5.54340372 -2.60418052 -1.38279100 
1.29154967e-03 -9.79702459 -8.49941498 -5.54340372 -2.60418052 -1.38279100 
1.00000000e-03 -9.79702459 -8.49941498 -5.54340372 -2.60418052 -1.38279100 
7.74263683e-04 -9.79702459 -8.49941498 -5.54340372 -2.60418052 -1.38279100 
5.99484250e-04 -9.79702459 -8.49941498 -5.54340372 -2.60418052 -1.38279100 
4.64158883e-04 -9.79702459 -8.49941498 -5.54340372 -2.60418052 -1.38279100 
3.59381366e-04 -9.79702459 -8.49941498 -5.54340372 -2.60418052 -1.38279100 
2.78255940e-04 -9.79702459 -8.49941498 -5.54340372 -2.60418052 -1.38279100 
2.15443469e-04 -9.79702459 -8.49941498 -5.54340372 -2.60418052 -1.38279100 
1.66810054e-04 -9.79702459 -8.49941498 -5.54340372 -2.60418052 -1.38279100 
1.29154967e-04 -9.79702459 -8.49941498 -5.54340372 -2.60418052 -1.38279100 
1.00000000e-04 -9.79702459 -8.49941498 -5.54340372 -2.60418052 -1.38279100 
7.74263683e-05 -9.79702459 -8.49941498 -5.54340372 -2.60418052 -1.38279100 
5.99484250e-05 -9.79702459 -8.49941498 -5.54340372 -2.60418052 -1.38279100 
4.64158883e-05 -9.79702459 -8.49941498 -5.54340372 -2.60418052 -1.38279100 
3.59381366e-05 -9.79702459 -8.49941498 -5.54340372 -2.60418052 -1.38279100 
2.78255940e-05 -9.79702459 -8.49941498 -5.54340372 -2.60418052 -1.38279100 
2.15443469e-05 -9.79702459 -8.49941498 -5.54340372 -2.60418052 -1.38279100 
1.66810054e-05 -9.79702459 -8.49941498 -5.54340372 -2.60418052 -1.38279100 
1.29154967e-05 -9.79702459 -8.49941498 -5.54340372 -2.60418052 -1.38279100 
1.00000000e-05 -9.79702459 -8.49941498 -5.54340372 -2.60418052 -1.38279100 
7.74263683e-06 -9.79702459 -8.49941498 -5.54340372 -2.60418052 -1.38279100 
5.99484250e-06 -9.79702459 -8.49941498 -5.54340372 -2.60418052 -1.38279100 
4.64158883e-06 -9.79702459 -8.49941498 -5.54340372 -2.60418052 -1.38279100 
3.59381366e-06 -9.79702459 -8.49941498 -5.54340372 -2.60418052 -1.38279100 
2.78255940e-06 -9.79702459 -8.49941498 -5.54340372 -2.60418052 -1.38279100 
2.15443469e-06 -9.79702459 -8.49941498 -5.54340372 -2.60418052 -1.38279100 
1.66810054e-06 -9.79702459 -8.49941498 -5.54340372 -2.60418052 -1.38279100 
1.29154967e-06 -9.79702459 -8.49941498 -5.54340372 -2.60418052 -1.38279100 
1.00000000e-06 -9.79702459 -8.49941498 -5.54340372 -2.60418052 -1.38279100 
7.74263683e-07 -9.79702459 -8.49941498 -5.54340372 -2.60418052 -1.38279100 
5.99484250e-07 -9.79702459 -8.49941498 -5.54340372 -2.60418052 -1.38279100 
4.64158883e-07 -9.79702459 -8.49941498 -5.54340372 -2.60418052 -1.38279100 
3.59381366e-07 -9.79702459 -8.49941498 -5.54340372 -2.60418052 -1.38279100 
2.78255940e-07 -9.79702459 -8.49941498 -5.54340372 -2.60418052 -1.38279100 
2.15443469e-07 -9.79702459 -8.49941498 -5.54340372 -2.60418052 -1.38279100 
1.66810054e-07 -9.79702459 -8.49941498 -5.54340372 -2.60418052 -1.38279100 
1.29154967e-07 -9.79702459 -8.49941498 -5.54340372 -2.60418052 -1.38279100 
1.00000000e-07 -9.79702459 -8.49941498 -5.54340372 -2.60418052 -1.38279100 
7.74263683e-08 -9.79702459 -8.49941498 -5.54340372 -2.60418052 -1.38279100 
5.99484250e-08 -9.79702459 -8.49941498 -5.54340372 -2.60418052 -1.38279100 
4.64158883e-08 -9.79702459 -8.49941498 -5.54340372 -2.60418052 -1.38279100 
3.59381366e-08 -9.79702459 -8.49941498 -5.54340372 -2.60418052 -1.38279100 
2.78255940e-08 -9.79702459 -8.49941498 -5.54340372 -2.60418052 -1.38279100 
2.15443469e-08 -9.79702459 -8.49941498 -5.54340372 -2.60418052 -1.38279100 
1.66810054e-08 -9.79702459 -8.49941498 -5.54340372 -2.60418052 -1.38279100 
1.29154967e-08 -9.79702459 -8.49941498 -5.54340372 -2.60418052 -1.38279100 
1.00000000e-08 -9.79702459 -8.49941498 -5.54340372 -2.60418052 -1.38279100 
7.74263683e-09 -9.79702459 -8.49941498 -5.54340372 -2.60418052 -1.38279100 
5.99484250e-09 -9.79702459 -8.49941498 -5.54340372 -2.60418052 -1.38279100 
4.64158883e-09 -9.79702459 -8.49941498 -5.54340372 -2.60418052 -1.38279100 
3.59381366e-09 -9.79702459 -8.49941498 -5.54340372 -2.60418052 -1.38279100 
2.78255940e-09 -9.79702459 -8.49941498 -5.54340372 -2.60418052 -1.38279100 
2.15443469e-09 -9.79702459 -8.49941498 -5.54340372 -2.60418052 -1.38279100 
1.66810054e-09 -9.79702459 -8.49941498 -5.54340372 -2.60418052 -1.38279100 
1.29154967e-09 -9.79702459 -8.49941498 -5.54340372 -2.60418052 -1.38279100 
1.00000000e-09 -9.79702459 -8.49941498 -5.54340372 -2.60418052 -1.38279100 
7.74263683e-10 -9.79702459 -8.49941498 -5.54340372 -2.60418052 -1.38279100 
5.99484250e-10 -9.79702459 -8.49941498 -5.54340372 -2.60418052 -1.38279100 
4.64158883e-10 -9.79702459 -8.49941498 -5.54340372 -2.60418052 -1.38279100 
3.59381366e-10 -9.79702459 -8.49941498 -5.54340372 -2.60418052 -1.38279100 
2.78255940e-10 -9.79702459 -8.49941498 -5.54340372 -2.60418052 -1.38279100 
2.15443469e-10 -9.79702459 -8.49941498 -5.54340372 -2.60418052 -1.38279100 
1.66810054e-10 -9.79702459 -8.49941498 -5.54340372 -2.60418052 -1.38279100 
1.29154967e-10 -9.79702459 -8.49941498 -5.54340372 -2.60418052 -1.38279100 
1.00000000e-10 -9.79702459 -8.49941498 -5.54340372 -2.60418052 -1.38279100 
P (bar) | log_O3: -2σ | log_O3: -1σ | log_O3: median | log_O3: +1σ | log_O3: +2σ 
1.00000000e+01 -9.84114489 -9.12720603 -7.69270081 -6.03054689 -4.36852651 
7.74263683e+00 -9.84114489 -9.12720603 -7.69270081 -6.03054689 -4.36852651 
5.99484250e+00 -9.84114489 -9.12720603 -7.69270081 -6.03054689 -4.36852651 
4.64158883e+00 -9.84114489 -9.12720603 -7.69270081 -6.03054689 -4.36852651 
3.59381366e+00 -9.84114489 -9.12720603 -7.69270081 -6.03054689 -4.36852651 
2.78255940e+00 -9.84114489 -9.12720603 -7.69270081 -6.03054689 -4.36852651 
2.15443469e+00 -9.84114489 -9.12720603 -7.69270081 -6.03054689 -4.36852651 
1.66810054e+00 -9.84114489 -9.12720603 -7.69270081 -6.03054689 -4.36852651 
1.29154967e+00 -9.84114489 -9.12720603 -7.69270081 -6.03054689 -4.36852651 
1.00000000e+00 -9.84114489 -9.12720603 -7.69270081 -6.03054689 -4.36852651 
7.74263683e-01 -9.84114489 -9.12720603 -7.69270081 -6.03054689 -4.36852651 
5.99484250e-01 -9.84114489 -9.12720603 -7.69270081 -6.03054689 -4.36852651 
4.64158883e-01 -9.84114489 -9.12720603 -7.69270081 -6.03054689 -4.36852651 
3.59381366e-01 -9.84114489 -9.12720603 -7.69270081 -6.03054689 -4.36852651 
2.78255940e-01 -9.84114489 -9.12720603 -7.69270081 -6.03054689 -4.36852651 
2.15443469e-01 -9.84114489 -9.12720603 -7.69270081 -6.03054689 -4.36852651 
1.66810054e-01 -9.84114489 -9.12720603 -7.69270081 -6.03054689 -4.36852651 
1.29154967e-01 -9.84114489 -9.12720603 -7.69270081 -6.03054689 -4.36852651 
1.00000000e-01 -9.84114489 -9.12720603 -7.69270081 -6.03054689 -4.36852651 
7.74263683e-02 -9.84114489 -9.12720603 -7.69270081 -6.03054689 -4.36852651 
5.99484250e-02 -9.84114489 -9.12720603 -7.69270081 -6.03054689 -4.36852651 
4.64158883e-02 -9.84114489 -9.12720603 -7.69270081 -6.03054689 -4.36852651 
3.59381366e-02 -9.84114489 -9.12720603 -7.69270081 -6.03054689 -4.36852651 
2.78255940e-02 -9.84114489 -9.12720603 -7.69270081 -6.03054689 -4.36852651 
2.15443469e-02 -9.84114489 -9.12720603 -7.69270081 -6.03054689 -4.36852651 
1.66810054e-02 -9.84114489 -9.12720603 -7.69270081 -6.03054689 -4.36852651 
1.29154967e-02 -9.84114489 -9.12720603 -7.69270081 -6.03054689 -4.36852651 
1.00000000e-02 -9.84114489 -9.12720603 -7.69270081 -6.03054689 -4.36852651 
7.74263683e-03 -9.84114489 -9.12720603 -7.69270081 -6.03054689 -4.36852651 
5.99484250e-03 -9.84114489 -9.12720603 -7.69270081 -6.03054689 -4.36852651 
4.64158883e-03 -9.84114489 -9.12720603 -7.69270081 -6.03054689 -4.36852651 
3.59381366e-03 -9.84114489 -9.12720603 -7.69270081 -6.03054689 -4.36852651 
2.78255940e-03 -9.84114489 -9.12720603 -7.69270081 -6.03054689 -4.36852651 
2.15443469e-03 -9.84114489 -9.12720603 -7.69270081 -6.03054689 -4.36852651 
1.66810054e-03 -9.84114489 -9.12720603 -7.69270081 -6.03054689 -4.36852651 
1.29154967e-03 -9.84114489 -9.12720603 -7.69270081 -6.03054689 -4.36852651 
1.00000000e-03 -9.84114489 -9.12720603 -7.69270081 -6.03054689 -4.36852651 
7.74263683e-04 -9.84114489 -9.12720603 -7.69270081 -6.03054689 -4.36852651 
5.99484250e-04 -9.84114489 -9.12720603 -7.69270081 -6.03054689 -4.36852651 
4.64158883e-04 -9.84114489 -9.12720603 -7.69270081 -6.03054689 -4.36852651 
3.59381366e-04 -9.84114489 -9.12720603 -7.69270081 -6.03054689 -4.36852651 
2.78255940e-04 -9.84114489 -9.12720603 -7.69270081 -6.03054689 -4.36852651 
2.15443469e-04 -9.84114489 -9.12720603 -7.69270081 -6.03054689 -4.36852651 
1.66810054e-04 -9.84114489 -9.12720603 -7.69270081 -6.03054689 -4.36852651 
1.29154967e-04 -9.84114489 -9.12720603 -7.69270081 -6.03054689 -4.36852651 
1.00000000e-04 -9.84114489 -9.12720603 -7.69270081 -6.03054689 -4.36852651 
7.74263683e-05 -9.84114489 -9.12720603 -7.69270081 -6.03054689 -4.36852651 
5.99484250e-05 -9.84114489 -9.12720603 -7.69270081 -6.03054689 -4.36852651 
4.64158883e-05 -9.84114489 -9.12720603 -7.69270081 -6.03054689 -4.36852651 
3.59381366e-05 -9.84114489 -9.12720603 -7.69270081 -6.03054689 -4.36852651 
2.78255940e-05 -9.84114489 -9.12720603 -7.69270081 -6.03054689 -4.36852651 
2.15443469e-05 -9.84114489 -9.12720603 -7.69270081 -6.03054689 -4.36852651 
1.66810054e-05 -9.84114489 -9.12720603 -7.69270081 -6.03054689 -4.36852651 
1.29154967e-05 -9.84114489 -9.12720603 -7.69270081 -6.03054689 -4.36852651 
1.00000000e-05 -9.84114489 -9.12720603 -7.69270081 -6.03054689 -4.36852651 
7.74263683e-06 -9.84114489 -9.12720603 -7.69270081 -6.03054689 -4.36852651 
5.99484250e-06 -9.84114489 -9.12720603 -7.69270081 -6.03054689 -4.36852651 
4.64158883e-06 -9.84114489 -9.12720603 -7.69270081 -6.03054689 -4.36852651 
3.59381366e-06 -9.84114489 -9.12720603 -7.69270081 -6.03054689 -4.36852651 
2.78255940e-06 -9.84114489 -9.12720603 -7.69270081 -6.03054689 -4.36852651 
2.15443469e-06 -9.84114489 -9.12720603 -7.69270081 -6.03054689 -4.36852651 
1.66810054e-06 -9.84114489 -9.12720603 -7.69270081 -6.03054689 -4.36852651 
1.29154967e-06 -9.84114489 -9.12720603 -7.69270081 -6.03054689 -4.36852651 
1.00000000e-06 -9.84114489 -9.12720603 -7.69270081 -6.03054689 -4.36852651 
7.74263683e-07 -9.84114489 -9.12720603 -7.69270081 -6.03054689 -4.36852651 
5.99484250e-07 -9.84114489 -9.12720603 -7.69270081 -6.03054689 -4.36852651 
4.64158883e-07 -9.84114489 -9.12720603 -7.69270081 -6.03054689 -4.36852651 
3.59381366e-07 -9.84114489 -9.12720603 -7.69270081 -6.03054689 -4.36852651 
2.78255940e-07 -9.84114489 -9.12720603 -7.69270081 -6.03054689 -4.36852651 
2.15443469e-07 -9.84114489 -9.12720603 -7.69270081 -6.03054689 -4.36852651 
1.66810054e-07 -9.84114489 -9.12720603 -7.69270081 -6.03054689 -4.36852651 
1.29154967e-07 -9.84114489 -9.12720603 -7.69270081 -6.03054689 -4.36852651 
1.00000000e-07 -9.84114489 -9.12720603 -7.69270081 -6.03054689 -4.36852651 
7.74263683e-08 -9.84114489 -9.12720603 -7.69270081 -6.03054689 -4.36852651 
5.99484250e-08 -9.84114489 -9.12720603 -7.69270081 -6.03054689 -4.36852651 
4.64158883e-08 -9.84114489 -9.12720603 -7.69270081 -6.03054689 -4.36852651 
3.59381366e-08 -9.84114489 -9.12720603 -7.69270081 -6.03054689 -4.36852651 
2.78255940e-08 -9.84114489 -9.12720603 -7.69270081 -6.03054689 -4.36852651 
2.15443469e-08 -9.84114489 -9.12720603 -7.69270081 -6.03054689 -4.36852651 
1.66810054e-08 -9.84114489 -9.12720603 -7.69270081 -6.03054689 -4.36852651 
1.29154967e-08 -9.84114489 -9.12720603 -7.69270081 -6.03054689 -4.36852651 
1.00000000e-08 -9.84114489 -9.12720603 -7.69270081 -6.03054689 -4.36852651 
7.74263683e-09 -9.84114489 -9.12720603 -7.69270081 -6.03054689 -4.36852651 
5.99484250e-09 -9.84114489 -9.12720603 -7.69270081 -6.03054689 -4.36852651 
4.64158883e-09 -9.84114489 -9.12720603 -7.69270081 -6.03054689 -4.36852651 
3.59381366e-09 -9.84114489 -9.12720603 -7.69270081 -6.03054689 -4.36852651 
2.78255940e-09 -9.84114489 -9.12720603 -7.69270081 -6.03054689 -4.36852651 
2.15443469e-09 -9.84114489 -9.12720603 -7.69270081 -6.03054689 -4.36852651 
1.66810054e-09 -9.84114489 -9.12720603 -7.69270081 -6.03054689 -4.36852651 
1.29154967e-09 -9.84114489 -9.12720603 -7.69270081 -6.03054689 -4.36852651 
1.00000000e-09 -9.84114489 -9.12720603 -7.69270081 -6.03054689 -4.36852651 
7.74263683e-10 -9.84114489 -9.12720603 -7.69270081 -6.03054689 -4.36852651 
5.99484250e-10 -9.84114489 -9.12720603 -7.69270081 -6.03054689 -4.36852651 
4.64158883e-10 -9.84114489 -9.12720603 -7.69270081 -6.03054689 -4.36852651 
3.59381366e-10 -9.84114489 -9.12720603 -7.69270081 -6.03054689 -4.36852651 
2.78255940e-10 -9.84114489 -9.12720603 -7.69270081 -6.03054689 -4.36852651 
2.15443469e-10 -9.84114489 -9.12720603 -7.69270081 -6.03054689 -4.36852651 
1.66810054e-10 -9.84114489 -9.12720603 -7.69270081 -6.03054689 -4.36852651 
1.29154967e-10 -9.84114489 -9.12720603 -7.69270081 -6.03054689 -4.36852651 
1.00000000e-10 -9.84114489 -9.12720603 -7.69270081 -6.03054689 -4.36852651 
P (bar) | log_N2O: -2σ | log_N2O: -1σ | log_N2O: median | log_N2O: +1σ | log_N2O: +2σ 
1.00000000e+01 -9.08618342 -5.59393920 -3.02891485 -1.64348106 -1.09189745 
7.74263683e+00 -9.08618342 -5.59393920 -3.02891485 -1.64348106 -1.09189745 
5.99484250e+00 -9.08618342 -5.59393920 -3.02891485 -1.64348106 -1.09189745 
4.64158883e+00 -9.08618342 -5.59393920 -3.02891485 -1.64348106 -1.09189745 
3.59381366e+00 -9.08618342 -5.59393920 -3.02891485 -1.64348106 -1.09189745 
2.78255940e+00 -9.08618342 -5.59393920 -3.02891485 -1.64348106 -1.09189745 
2.15443469e+00 -9.08618342 -5.59393920 -3.02891485 -1.64348106 -1.09189745 
1.66810054e+00 -9.08618342 -5.59393920 -3.02891485 -1.64348106 -1.09189745 
1.29154967e+00 -9.08618342 -5.59393920 -3.02891485 -1.64348106 -1.09189745 
1.00000000e+00 -9.08618342 -5.59393920 -3.02891485 -1.64348106 -1.09189745 
7.74263683e-01 -9.08618342 -5.59393920 -3.02891485 -1.64348106 -1.09189745 
5.99484250e-01 -9.08618342 -5.59393920 -3.02891485 -1.64348106 -1.09189745 
4.64158883e-01 -9.08618342 -5.59393920 -3.02891485 -1.64348106 -1.09189745 
3.59381366e-01 -9.08618342 -5.59393920 -3.02891485 -1.64348106 -1.09189745 
2.78255940e-01 -9.08618342 -5.59393920 -3.02891485 -1.64348106 -1.09189745 
2.15443469e-01 -9.08618342 -5.59393920 -3.02891485 -1.64348106 -1.09189745 
1.66810054e-01 -9.08618342 -5.59393920 -3.02891485 -1.64348106 -1.09189745 
1.29154967e-01 -9.08618342 -5.59393920 -3.02891485 -1.64348106 -1.09189745 
1.00000000e-01 -9.08618342 -5.59393920 -3.02891485 -1.64348106 -1.09189745 
7.74263683e-02 -9.08618342 -5.59393920 -3.02891485 -1.64348106 -1.09189745 
5.99484250e-02 -9.08618342 -5.59393920 -3.02891485 -1.64348106 -1.09189745 
4.64158883e-02 -9.08618342 -5.59393920 -3.02891485 -1.64348106 -1.09189745 
3.59381366e-02 -9.08618342 -5.59393920 -3.02891485 -1.64348106 -1.09189745 
2.78255940e-02 -9.08618342 -5.59393920 -3.02891485 -1.64348106 -1.09189745 
2.15443469e-02 -9.08618342 -5.59393920 -3.02891485 -1.64348106 -1.09189745 
1.66810054e-02 -9.08618342 -5.59393920 -3.02891485 -1.64348106 -1.09189745 
1.29154967e-02 -9.08618342 -5.59393920 -3.02891485 -1.64348106 -1.09189745 
1.00000000e-02 -9.08618342 -5.59393920 -3.02891485 -1.64348106 -1.09189745 
7.74263683e-03 -9.08618342 -5.59393920 -3.02891485 -1.64348106 -1.09189745 
5.99484250e-03 -9.08618342 -5.59393920 -3.02891485 -1.64348106 -1.09189745 
4.64158883e-03 -9.08618342 -5.59393920 -3.02891485 -1.64348106 -1.09189745 
3.59381366e-03 -9.08618342 -5.59393920 -3.02891485 -1.64348106 -1.09189745 
2.78255940e-03 -9.08618342 -5.59393920 -3.02891485 -1.64348106 -1.09189745 
2.15443469e-03 -9.08618342 -5.59393920 -3.02891485 -1.64348106 -1.09189745 
1.66810054e-03 -9.08618342 -5.59393920 -3.02891485 -1.64348106 -1.09189745 
1.29154967e-03 -9.08618342 -5.59393920 -3.02891485 -1.64348106 -1.09189745 
1.00000000e-03 -9.08618342 -5.59393920 -3.02891485 -1.64348106 -1.09189745 
7.74263683e-04 -9.08618342 -5.59393920 -3.02891485 -1.64348106 -1.09189745 
5.99484250e-04 -9.08618342 -5.59393920 -3.02891485 -1.64348106 -1.09189745 
4.64158883e-04 -9.08618342 -5.59393920 -3.02891485 -1.64348106 -1.09189745 
3.59381366e-04 -9.08618342 -5.59393920 -3.02891485 -1.64348106 -1.09189745 
2.78255940e-04 -9.08618342 -5.59393920 -3.02891485 -1.64348106 -1.09189745 
2.15443469e-04 -9.08618342 -5.59393920 -3.02891485 -1.64348106 -1.09189745 
1.66810054e-04 -9.08618342 -5.59393920 -3.02891485 -1.64348106 -1.09189745 
1.29154967e-04 -9.08618342 -5.59393920 -3.02891485 -1.64348106 -1.09189745 
1.00000000e-04 -9.08618342 -5.59393920 -3.02891485 -1.64348106 -1.09189745 
7.74263683e-05 -9.08618342 -5.59393920 -3.02891485 -1.64348106 -1.09189745 
5.99484250e-05 -9.08618342 -5.59393920 -3.02891485 -1.64348106 -1.09189745 
4.64158883e-05 -9.08618342 -5.59393920 -3.02891485 -1.64348106 -1.09189745 
3.59381366e-05 -9.08618342 -5.59393920 -3.02891485 -1.64348106 -1.09189745 
2.78255940e-05 -9.08618342 -5.59393920 -3.02891485 -1.64348106 -1.09189745 
2.15443469e-05 -9.08618342 -5.59393920 -3.02891485 -1.64348106 -1.09189745 
1.66810054e-05 -9.08618342 -5.59393920 -3.02891485 -1.64348106 -1.09189745 
1.29154967e-05 -9.08618342 -5.59393920 -3.02891485 -1.64348106 -1.09189745 
1.00000000e-05 -9.08618342 -5.59393920 -3.02891485 -1.64348106 -1.09189745 
7.74263683e-06 -9.08618342 -5.59393920 -3.02891485 -1.64348106 -1.09189745 
5.99484250e-06 -9.08618342 -5.59393920 -3.02891485 -1.64348106 -1.09189745 
4.64158883e-06 -9.08618342 -5.59393920 -3.02891485 -1.64348106 -1.09189745 
3.59381366e-06 -9.08618342 -5.59393920 -3.02891485 -1.64348106 -1.09189745 
2.78255940e-06 -9.08618342 -5.59393920 -3.02891485 -1.64348106 -1.09189745 
2.15443469e-06 -9.08618342 -5.59393920 -3.02891485 -1.64348106 -1.09189745 
1.66810054e-06 -9.08618342 -5.59393920 -3.02891485 -1.64348106 -1.09189745 
1.29154967e-06 -9.08618342 -5.59393920 -3.02891485 -1.64348106 -1.09189745 
1.00000000e-06 -9.08618342 -5.59393920 -3.02891485 -1.64348106 -1.09189745 
7.74263683e-07 -9.08618342 -5.59393920 -3.02891485 -1.64348106 -1.09189745 
5.99484250e-07 -9.08618342 -5.59393920 -3.02891485 -1.64348106 -1.09189745 
4.64158883e-07 -9.08618342 -5.59393920 -3.02891485 -1.64348106 -1.09189745 
3.59381366e-07 -9.08618342 -5.59393920 -3.02891485 -1.64348106 -1.09189745 
2.78255940e-07 -9.08618342 -5.59393920 -3.02891485 -1.64348106 -1.09189745 
2.15443469e-07 -9.08618342 -5.59393920 -3.02891485 -1.64348106 -1.09189745 
1.66810054e-07 -9.08618342 -5.59393920 -3.02891485 -1.64348106 -1.09189745 
1.29154967e-07 -9.08618342 -5.59393920 -3.02891485 -1.64348106 -1.09189745 
1.00000000e-07 -9.08618342 -5.59393920 -3.02891485 -1.64348106 -1.09189745 
7.74263683e-08 -9.08618342 -5.59393920 -3.02891485 -1.64348106 -1.09189745 
5.99484250e-08 -9.08618342 -5.59393920 -3.02891485 -1.64348106 -1.09189745 
4.64158883e-08 -9.08618342 -5.59393920 -3.02891485 -1.64348106 -1.09189745 
3.59381366e-08 -9.08618342 -5.59393920 -3.02891485 -1.64348106 -1.09189745 
2.78255940e-08 -9.08618342 -5.59393920 -3.02891485 -1.64348106 -1.09189745 
2.15443469e-08 -9.08618342 -5.59393920 -3.02891485 -1.64348106 -1.09189745 
1.66810054e-08 -9.08618342 -5.59393920 -3.02891485 -1.64348106 -1.09189745 
1.29154967e-08 -9.08618342 -5.59393920 -3.02891485 -1.64348106 -1.09189745 
1.00000000e-08 -9.08618342 -5.59393920 -3.02891485 -1.64348106 -1.09189745 
7.74263683e-09 -9.08618342 -5.59393920 -3.02891485 -1.64348106 -1.09189745 
5.99484250e-09 -9.08618342 -5.59393920 -3.02891485 -1.64348106 -1.09189745 
4.64158883e-09 -9.08618342 -5.59393920 -3.02891485 -1.64348106 -1.09189745 
3.59381366e-09 -9.08618342 -5.59393920 -3.02891485 -1.64348106 -1.09189745 
2.78255940e-09 -9.08618342 -5.59393920 -3.02891485 -1.64348106 -1.09189745 
2.15443469e-09 -9.08618342 -5.59393920 -3.02891485 -1.64348106 -1.09189745 
1.66810054e-09 -9.08618342 -5.59393920 -3.02891485 -1.64348106 -1.09189745 
1.29154967e-09 -9.08618342 -5.59393920 -3.02891485 -1.64348106 -1.09189745 
1.00000000e-09 -9.08618342 -5.59393920 -3.02891485 -1.64348106 -1.09189745 
7.74263683e-10 -9.08618342 -5.59393920 -3.02891485 -1.64348106 -1.09189745 
5.99484250e-10 -9.08618342 -5.59393920 -3.02891485 -1.64348106 -1.09189745 
4.64158883e-10 -9.08618342 -5.59393920 -3.02891485 -1.64348106 -1.09189745 
3.59381366e-10 -9.08618342 -5.59393920 -3.02891485 -1.64348106 -1.09189745 
2.78255940e-10 -9.08618342 -5.59393920 -3.02891485 -1.64348106 -1.09189745 
2.15443469e-10 -9.08618342 -5.59393920 -3.02891485 -1.64348106 -1.09189745 
1.66810054e-10 -9.08618342 -5.59393920 -3.02891485 -1.64348106 -1.09189745 
1.29154967e-10 -9.08618342 -5.59393920 -3.02891485 -1.64348106 -1.09189745 
1.00000000e-10 -9.08618342 -5.59393920 -3.02891485 -1.64348106 -1.09189745 
P (bar) | log_NH3: -2σ | log_NH3: -1σ | log_NH3: median | log_NH3: +1σ | log_NH3: +2σ 
1.00000000e+01 -9.74230772 -8.52952734 -6.48579864 -4.43013129 -2.63227533 
7.74263683e+00 -9.74230772 -8.52952734 -6.48579864 -4.43013129 -2.63227533 
5.99484250e+00 -9.74230772 -8.52952734 -6.48579864 -4.43013129 -2.63227533 
4.64158883e+00 -9.74230772 -8.52952734 -6.48579864 -4.43013129 -2.63227533 
3.59381366e+00 -9.74230772 -8.52952734 -6.48579864 -4.43013129 -2.63227533 
2.78255940e+00 -9.74230772 -8.52952734 -6.48579864 -4.43013129 -2.63227533 
2.15443469e+00 -9.74230772 -8.52952734 -6.48579864 -4.43013129 -2.63227533 
1.66810054e+00 -9.74230772 -8.52952734 -6.48579864 -4.43013129 -2.63227533 
1.29154967e+00 -9.74230772 -8.52952734 -6.48579864 -4.43013129 -2.63227533 
1.00000000e+00 -9.74230772 -8.52952734 -6.48579864 -4.43013129 -2.63227533 
7.74263683e-01 -9.74230772 -8.52952734 -6.48579864 -4.43013129 -2.63227533 
5.99484250e-01 -9.74230772 -8.52952734 -6.48579864 -4.43013129 -2.63227533 
4.64158883e-01 -9.74230772 -8.52952734 -6.48579864 -4.43013129 -2.63227533 
3.59381366e-01 -9.74230772 -8.52952734 -6.48579864 -4.43013129 -2.63227533 
2.78255940e-01 -9.74230772 -8.52952734 -6.48579864 -4.43013129 -2.63227533 
2.15443469e-01 -9.74230772 -8.52952734 -6.48579864 -4.43013129 -2.63227533 
1.66810054e-01 -9.74230772 -8.52952734 -6.48579864 -4.43013129 -2.63227533 
1.29154967e-01 -9.74230772 -8.52952734 -6.48579864 -4.43013129 -2.63227533 
1.00000000e-01 -9.74230772 -8.52952734 -6.48579864 -4.43013129 -2.63227533 
7.74263683e-02 -9.74230772 -8.52952734 -6.48579864 -4.43013129 -2.63227533 
5.99484250e-02 -9.74230772 -8.52952734 -6.48579864 -4.43013129 -2.63227533 
4.64158883e-02 -9.74230772 -8.52952734 -6.48579864 -4.43013129 -2.63227533 
3.59381366e-02 -9.74230772 -8.52952734 -6.48579864 -4.43013129 -2.63227533 
2.78255940e-02 -9.74230772 -8.52952734 -6.48579864 -4.43013129 -2.63227533 
2.15443469e-02 -9.74230772 -8.52952734 -6.48579864 -4.43013129 -2.63227533 
1.66810054e-02 -9.74230772 -8.52952734 -6.48579864 -4.43013129 -2.63227533 
1.29154967e-02 -9.74230772 -8.52952734 -6.48579864 -4.43013129 -2.63227533 
1.00000000e-02 -9.74230772 -8.52952734 -6.48579864 -4.43013129 -2.63227533 
7.74263683e-03 -9.74230772 -8.52952734 -6.48579864 -4.43013129 -2.63227533 
5.99484250e-03 -9.74230772 -8.52952734 -6.48579864 -4.43013129 -2.63227533 
4.64158883e-03 -9.74230772 -8.52952734 -6.48579864 -4.43013129 -2.63227533 
3.59381366e-03 -9.74230772 -8.52952734 -6.48579864 -4.43013129 -2.63227533 
2.78255940e-03 -9.74230772 -8.52952734 -6.48579864 -4.43013129 -2.63227533 
2.15443469e-03 -9.74230772 -8.52952734 -6.48579864 -4.43013129 -2.63227533 
1.66810054e-03 -9.74230772 -8.52952734 -6.48579864 -4.43013129 -2.63227533 
1.29154967e-03 -9.74230772 -8.52952734 -6.48579864 -4.43013129 -2.63227533 
1.00000000e-03 -9.74230772 -8.52952734 -6.48579864 -4.43013129 -2.63227533 
7.74263683e-04 -9.74230772 -8.52952734 -6.48579864 -4.43013129 -2.63227533 
5.99484250e-04 -9.74230772 -8.52952734 -6.48579864 -4.43013129 -2.63227533 
4.64158883e-04 -9.74230772 -8.52952734 -6.48579864 -4.43013129 -2.63227533 
3.59381366e-04 -9.74230772 -8.52952734 -6.48579864 -4.43013129 -2.63227533 
2.78255940e-04 -9.74230772 -8.52952734 -6.48579864 -4.43013129 -2.63227533 
2.15443469e-04 -9.74230772 -8.52952734 -6.48579864 -4.43013129 -2.63227533 
1.66810054e-04 -9.74230772 -8.52952734 -6.48579864 -4.43013129 -2.63227533 
1.29154967e-04 -9.74230772 -8.52952734 -6.48579864 -4.43013129 -2.63227533 
1.00000000e-04 -9.74230772 -8.52952734 -6.48579864 -4.43013129 -2.63227533 
7.74263683e-05 -9.74230772 -8.52952734 -6.48579864 -4.43013129 -2.63227533 
5.99484250e-05 -9.74230772 -8.52952734 -6.48579864 -4.43013129 -2.63227533 
4.64158883e-05 -9.74230772 -8.52952734 -6.48579864 -4.43013129 -2.63227533 
3.59381366e-05 -9.74230772 -8.52952734 -6.48579864 -4.43013129 -2.63227533 
2.78255940e-05 -9.74230772 -8.52952734 -6.48579864 -4.43013129 -2.63227533 
2.15443469e-05 -9.74230772 -8.52952734 -6.48579864 -4.43013129 -2.63227533 
1.66810054e-05 -9.74230772 -8.52952734 -6.48579864 -4.43013129 -2.63227533 
1.29154967e-05 -9.74230772 -8.52952734 -6.48579864 -4.43013129 -2.63227533 
1.00000000e-05 -9.74230772 -8.52952734 -6.48579864 -4.43013129 -2.63227533 
7.74263683e-06 -9.74230772 -8.52952734 -6.48579864 -4.43013129 -2.63227533 
5.99484250e-06 -9.74230772 -8.52952734 -6.48579864 -4.43013129 -2.63227533 
4.64158883e-06 -9.74230772 -8.52952734 -6.48579864 -4.43013129 -2.63227533 
3.59381366e-06 -9.74230772 -8.52952734 -6.48579864 -4.43013129 -2.63227533 
2.78255940e-06 -9.74230772 -8.52952734 -6.48579864 -4.43013129 -2.63227533 
2.15443469e-06 -9.74230772 -8.52952734 -6.48579864 -4.43013129 -2.63227533 
1.66810054e-06 -9.74230772 -8.52952734 -6.48579864 -4.43013129 -2.63227533 
1.29154967e-06 -9.74230772 -8.52952734 -6.48579864 -4.43013129 -2.63227533 
1.00000000e-06 -9.74230772 -8.52952734 -6.48579864 -4.43013129 -2.63227533 
7.74263683e-07 -9.74230772 -8.52952734 -6.48579864 -4.43013129 -2.63227533 
5.99484250e-07 -9.74230772 -8.52952734 -6.48579864 -4.43013129 -2.63227533 
4.64158883e-07 -9.74230772 -8.52952734 -6.48579864 -4.43013129 -2.63227533 
3.59381366e-07 -9.74230772 -8.52952734 -6.48579864 -4.43013129 -2.63227533 
2.78255940e-07 -9.74230772 -8.52952734 -6.48579864 -4.43013129 -2.63227533 
2.15443469e-07 -9.74230772 -8.52952734 -6.48579864 -4.43013129 -2.63227533 
1.66810054e-07 -9.74230772 -8.52952734 -6.48579864 -4.43013129 -2.63227533 
1.29154967e-07 -9.74230772 -8.52952734 -6.48579864 -4.43013129 -2.63227533 
1.00000000e-07 -9.74230772 -8.52952734 -6.48579864 -4.43013129 -2.63227533 
7.74263683e-08 -9.74230772 -8.52952734 -6.48579864 -4.43013129 -2.63227533 
5.99484250e-08 -9.74230772 -8.52952734 -6.48579864 -4.43013129 -2.63227533 
4.64158883e-08 -9.74230772 -8.52952734 -6.48579864 -4.43013129 -2.63227533 
3.59381366e-08 -9.74230772 -8.52952734 -6.48579864 -4.43013129 -2.63227533 
2.78255940e-08 -9.74230772 -8.52952734 -6.48579864 -4.43013129 -2.63227533 
2.15443469e-08 -9.74230772 -8.52952734 -6.48579864 -4.43013129 -2.63227533 
1.66810054e-08 -9.74230772 -8.52952734 -6.48579864 -4.43013129 -2.63227533 
1.29154967e-08 -9.74230772 -8.52952734 -6.48579864 -4.43013129 -2.63227533 
1.00000000e-08 -9.74230772 -8.52952734 -6.48579864 -4.43013129 -2.63227533 
7.74263683e-09 -9.74230772 -8.52952734 -6.48579864 -4.43013129 -2.63227533 
5.99484250e-09 -9.74230772 -8.52952734 -6.48579864 -4.43013129 -2.63227533 
4.64158883e-09 -9.74230772 -8.52952734 -6.48579864 -4.43013129 -2.63227533 
3.59381366e-09 -9.74230772 -8.52952734 -6.48579864 -4.43013129 -2.63227533 
2.78255940e-09 -9.74230772 -8.52952734 -6.48579864 -4.43013129 -2.63227533 
2.15443469e-09 -9.74230772 -8.52952734 -6.48579864 -4.43013129 -2.63227533 
1.66810054e-09 -9.74230772 -8.52952734 -6.48579864 -4.43013129 -2.63227533 
1.29154967e-09 -9.74230772 -8.52952734 -6.48579864 -4.43013129 -2.63227533 
1.00000000e-09 -9.74230772 -8.52952734 -6.48579864 -4.43013129 -2.63227533 
7.74263683e-10 -9.74230772 -8.52952734 -6.48579864 -4.43013129 -2.63227533 
5.99484250e-10 -9.74230772 -8.52952734 -6.48579864 -4.43013129 -2.63227533 
4.64158883e-10 -9.74230772 -8.52952734 -6.48579864 -4.43013129 -2.63227533 
3.59381366e-10 -9.74230772 -8.52952734 -6.48579864 -4.43013129 -2.63227533 
2.78255940e-10 -9.74230772 -8.52952734 -6.48579864 -4.43013129 -2.63227533 
2.15443469e-10 -9.74230772 -8.52952734 -6.48579864 -4.43013129 -2.63227533 
1.66810054e-10 -9.74230772 -8.52952734 -6.48579864 -4.43013129 -2.63227533 
1.29154967e-10 -9.74230772 -8.52952734 -6.48579864 -4.43013129 -2.63227533 
1.00000000e-10 -9.74230772 -8.52952734 -6.48579864 -4.43013129 -2.63227533 
