Chemical species: N2 H2O CO2 CH4 O2 O3 N2O NH3
P (bar) | log_N2: -2σ | log_N2: -1σ | log_N2: median | log_N2: +1σ | log_N2: +2σ 
1.00000000e+01 -0.24840915 -0.13915422 -0.05174099 -0.02059655 -0.01159540 
7.74263683e+00 -0.24840915 -0.13915422 -0.05174099 -0.02059655 -0.01159540 
5.99484250e+00 -0.24840915 -0.13915422 -0.05174099 -0.02059655 -0.01159540 
4.64158883e+00 -0.24840915 -0.13915422 -0.05174099 -0.02059655 -0.01159540 
3.59381366e+00 -0.24840915 -0.13915422 -0.05174099 -0.02059655 -0.01159540 
2.78255940e+00 -0.24840915 -0.13915422 -0.05174099 -0.02059655 -0.01159540 
2.15443469e+00 -0.24840915 -0.13915422 -0.05174099 -0.02059655 -0.01159540 
1.66810054e+00 -0.24840915 -0.13915422 -0.05174099 -0.02059655 -0.01159540 
1.29154967e+00 -0.24840915 -0.13915422 -0.05174099 -0.02059655 -0.01159540 
1.00000000e+00 -0.24840915 -0.13915422 -0.05174099 -0.02059655 -0.01159540 
7.74263683e-01 -0.24840915 -0.13915422 -0.05174099 -0.02059655 -0.01159540 
5.99484250e-01 -0.24840915 -0.13915422 -0.05174099 -0.02059655 -0.01159540 
4.64158883e-01 -0.24840915 -0.13915422 -0.05174099 -0.02059655 -0.01159540 
3.59381366e-01 -0.24840915 -0.13915422 -0.05174099 -0.02059655 -0.01159540 
2.78255940e-01 -0.24840915 -0.13915422 -0.05174099 -0.02059655 -0.01159540 
2.15443469e-01 -0.24840915 -0.13915422 -0.05174099 -0.02059655 -0.01159540 
1.66810054e-01 -0.24840915 -0.13915422 -0.05174099 -0.02059655 -0.01159540 
1.29154967e-01 -0.24840915 -0.13915422 -0.05174099 -0.02059655 -0.01159540 
1.00000000e-01 -0.24840915 -0.13915422 -0.05174099 -0.02059655 -0.01159540 
7.74263683e-02 -0.24840915 -0.13915422 -0.05174099 -0.02059655 -0.01159540 
5.99484250e-02 -0.24840915 -0.13915422 -0.05174099 -0.02059655 -0.01159540 
4.64158883e-02 -0.24840915 -0.13915422 -0.05174099 -0.02059655 -0.01159540 
3.59381366e-02 -0.24840915 -0.13915422 -0.05174099 -0.02059655 -0.01159540 
2.78255940e-02 -0.24840915 -0.13915422 -0.05174099 -0.02059655 -0.01159540 
2.15443469e-02 -0.24840915 -0.13915422 -0.05174099 -0.02059655 -0.01159540 
1.66810054e-02 -0.24840915 -0.13915422 -0.05174099 -0.02059655 -0.01159540 
1.29154967e-02 -0.24840915 -0.13915422 -0.05174099 -0.02059655 -0.01159540 
1.00000000e-02 -0.24840915 -0.13915422 -0.05174099 -0.02059655 -0.01159540 
7.74263683e-03 -0.24840915 -0.13915422 -0.05174099 -0.02059655 -0.01159540 
5.99484250e-03 -0.24840915 -0.13915422 -0.05174099 -0.02059655 -0.01159540 
4.64158883e-03 -0.24840915 -0.13915422 -0.05174099 -0.02059655 -0.01159540 
3.59381366e-03 -0.24840915 -0.13915422 -0.05174099 -0.02059655 -0.01159540 
2.78255940e-03 -0.24840915 -0.13915422 -0.05174099 -0.02059655 -0.01159540 
2.15443469e-03 -0.24840915 -0.13915422 -0.05174099 -0.02059655 -0.01159540 
1.66810054e-03 -0.24840915 -0.13915422 -0.05174099 -0.02059655 -0.01159540 
1.29154967e-03 -0.24840915 -0.13915422 -0.05174099 -0.02059655 -0.01159540 
1.00000000e-03 -0.24840915 -0.13915422 -0.05174099 -0.02059655 -0.01159540 
7.74263683e-04 -0.24840915 -0.13915422 -0.05174099 -0.02059655 -0.01159540 
5.99484250e-04 -0.24840915 -0.13915422 -0.05174099 -0.02059655 -0.01159540 
4.64158883e-04 -0.24840915 -0.13915422 -0.05174099 -0.02059655 -0.01159540 
3.59381366e-04 -0.24840915 -0.13915422 -0.05174099 -0.02059655 -0.01159540 
2.78255940e-04 -0.24840915 -0.13915422 -0.05174099 -0.02059655 -0.01159540 
2.15443469e-04 -0.24840915 -0.13915422 -0.05174099 -0.02059655 -0.01159540 
1.66810054e-04 -0.24840915 -0.13915422 -0.05174099 -0.02059655 -0.01159540 
1.29154967e-04 -0.24840915 -0.13915422 -0.05174099 -0.02059655 -0.01159540 
1.00000000e-04 -0.24840915 -0.13915422 -0.05174099 -0.02059655 -0.01159540 
7.74263683e-05 -0.24840915 -0.13915422 -0.05174099 -0.02059655 -0.01159540 
5.99484250e-05 -0.24840915 -0.13915422 -0.05174099 -0.02059655 -0.01159540 
4.64158883e-05 -0.24840915 -0.13915422 -0.05174099 -0.02059655 -0.01159540 
3.59381366e-05 -0.24840915 -0.13915422 -0.05174099 -0.02059655 -0.01159540 
2.78255940e-05 -0.24840915 -0.13915422 -0.05174099 -0.02059655 -0.01159540 
2.15443469e-05 -0.24840915 -0.13915422 -0.05174099 -0.02059655 -0.01159540 
1.66810054e-05 -0.24840915 -0.13915422 -0.05174099 -0.02059655 -0.01159540 
1.29154967e-05 -0.24840915 -0.13915422 -0.05174099 -0.02059655 -0.01159540 
1.00000000e-05 -0.24840915 -0.13915422 -0.05174099 -0.02059655 -0.01159540 
7.74263683e-06 -0.24840915 -0.13915422 -0.05174099 -0.02059655 -0.01159540 
5.99484250e-06 -0.24840915 -0.13915422 -0.05174099 -0.02059655 -0.01159540 
4.64158883e-06 -0.24840915 -0.13915422 -0.05174099 -0.02059655 -0.01159540 
3.59381366e-06 -0.24840915 -0.13915422 -0.05174099 -0.02059655 -0.01159540 
2.78255940e-06 -0.24840915 -0.13915422 -0.05174099 -0.02059655 -0.01159540 
2.15443469e-06 -0.24840915 -0.13915422 -0.05174099 -0.02059655 -0.01159540 
1.66810054e-06 -0.24840915 -0.13915422 -0.05174099 -0.02059655 -0.01159540 
1.29154967e-06 -0.24840915 -0.13915422 -0.05174099 -0.02059655 -0.01159540 
1.00000000e-06 -0.24840915 -0.13915422 -0.05174099 -0.02059655 -0.01159540 
7.74263683e-07 -0.24840915 -0.13915422 -0.05174099 -0.02059655 -0.01159540 
5.99484250e-07 -0.24840915 -0.13915422 -0.05174099 -0.02059655 -0.01159540 
4.64158883e-07 -0.24840915 -0.13915422 -0.05174099 -0.02059655 -0.01159540 
3.59381366e-07 -0.24840915 -0.13915422 -0.05174099 -0.02059655 -0.01159540 
2.78255940e-07 -0.24840915 -0.13915422 -0.05174099 -0.02059655 -0.01159540 
2.15443469e-07 -0.24840915 -0.13915422 -0.05174099 -0.02059655 -0.01159540 
1.66810054e-07 -0.24840915 -0.13915422 -0.05174099 -0.02059655 -0.01159540 
1.29154967e-07 -0.24840915 -0.13915422 -0.05174099 -0.02059655 -0.01159540 
1.00000000e-07 -0.24840915 -0.13915422 -0.05174099 -0.02059655 -0.01159540 
7.74263683e-08 -0.24840915 -0.13915422 -0.05174099 -0.02059655 -0.01159540 
5.99484250e-08 -0.24840915 -0.13915422 -0.05174099 -0.02059655 -0.01159540 
4.64158883e-08 -0.24840915 -0.13915422 -0.05174099 -0.02059655 -0.01159540 
3.59381366e-08 -0.24840915 -0.13915422 -0.05174099 -0.02059655 -0.01159540 
2.78255940e-08 -0.24840915 -0.13915422 -0.05174099 -0.02059655 -0.01159540 
2.15443469e-08 -0.24840915 -0.13915422 -0.05174099 -0.02059655 -0.01159540 
1.66810054e-08 -0.24840915 -0.13915422 -0.05174099 -0.02059655 -0.01159540 
1.29154967e-08 -0.24840915 -0.13915422 -0.05174099 -0.02059655 -0.01159540 
1.00000000e-08 -0.24840915 -0.13915422 -0.05174099 -0.02059655 -0.01159540 
7.74263683e-09 -0.24840915 -0.13915422 -0.05174099 -0.02059655 -0.01159540 
5.99484250e-09 -0.24840915 -0.13915422 -0.05174099 -0.02059655 -0.01159540 
4.64158883e-09 -0.24840915 -0.13915422 -0.05174099 -0.02059655 -0.01159540 
3.59381366e-09 -0.24840915 -0.13915422 -0.05174099 -0.02059655 -0.01159540 
2.78255940e-09 -0.24840915 -0.13915422 -0.05174099 -0.02059655 -0.01159540 
2.15443469e-09 -0.24840915 -0.13915422 -0.05174099 -0.02059655 -0.01159540 
1.66810054e-09 -0.24840915 -0.13915422 -0.05174099 -0.02059655 -0.01159540 
1.29154967e-09 -0.24840915 -0.13915422 -0.05174099 -0.02059655 -0.01159540 
1.00000000e-09 -0.24840915 -0.13915422 -0.05174099 -0.02059655 -0.01159540 
7.74263683e-10 -0.24840915 -0.13915422 -0.05174099 -0.02059655 -0.01159540 
5.99484250e-10 -0.24840915 -0.13915422 -0.05174099 -0.02059655 -0.01159540 
4.64158883e-10 -0.24840915 -0.13915422 -0.05174099 -0.02059655 -0.01159540 
3.59381366e-10 -0.24840915 -0.13915422 -0.05174099 -0.02059655 -0.01159540 
2.78255940e-10 -0.24840915 -0.13915422 -0.05174099 -0.02059655 -0.01159540 
2.15443469e-10 -0.24840915 -0.13915422 -0.05174099 -0.02059655 -0.01159540 
1.66810054e-10 -0.24840915 -0.13915422 -0.05174099 -0.02059655 -0.01159540 
1.29154967e-10 -0.24840915 -0.13915422 -0.05174099 -0.02059655 -0.01159540 
1.00000000e-10 -0.24840915 -0.13915422 -0.05174099 -0.02059655 -0.01159540 
P (bar) | log_H2O: -2σ | log_H2O: -1σ | log_H2O: median | log_H2O: +1σ | log_H2O: +2σ 
1.00000000e+01 -4.73200422 -4.48411569 -4.27596292 -4.05944716 -3.83438680 
7.74263683e+00 -4.73200422 -4.48411569 -4.27596292 -4.05944716 -3.83438680 
5.99484250e+00 -4.73200422 -4.48411569 -4.27596292 -4.05944716 -3.83438680 
4.64158883e+00 -4.73200422 -4.48411569 -4.27596292 -4.05944716 -3.83438680 
3.59381366e+00 -4.73200422 -4.48411569 -4.27596292 -4.05944716 -3.83438680 
2.78255940e+00 -4.73200422 -4.48411569 -4.27596292 -4.05944716 -3.83438680 
2.15443469e+00 -4.73200422 -4.48411569 -4.27596292 -4.05944716 -3.83438680 
1.66810054e+00 -4.73200422 -4.48411569 -4.27596292 -4.05944716 -3.83438680 
1.29154967e+00 -4.73200422 -4.48411569 -4.27596292 -4.05944716 -3.83438680 
1.00000000e+00 -4.73200422 -4.48411569 -4.27596292 -4.05944716 -3.83438680 
7.74263683e-01 -4.73200422 -4.48411569 -4.27596292 -4.05944716 -3.83438680 
5.99484250e-01 -4.73200422 -4.48411569 -4.27596292 -4.05944716 -3.83438680 
4.64158883e-01 -4.73200422 -4.48411569 -4.27596292 -4.05944716 -3.83438680 
3.59381366e-01 -4.73200422 -4.48411569 -4.27596292 -4.05944716 -3.83438680 
2.78255940e-01 -4.73200422 -4.48411569 -4.27596292 -4.05944716 -3.83438680 
2.15443469e-01 -4.73200422 -4.48411569 -4.27596292 -4.05944716 -3.83438680 
1.66810054e-01 -4.73200422 -4.48411569 -4.27596292 -4.05944716 -3.83438680 
1.29154967e-01 -4.73200422 -4.48411569 -4.27596292 -4.05944716 -3.83438680 
1.00000000e-01 -4.73200422 -4.48411569 -4.27596292 -4.05944716 -3.83438680 
7.74263683e-02 -4.73200422 -4.48411569 -4.27596292 -4.05944716 -3.83438680 
5.99484250e-02 -4.73200422 -4.48411569 -4.27596292 -4.05944716 -3.83438680 
4.64158883e-02 -4.73200422 -4.48411569 -4.27596292 -4.05944716 -3.83438680 
3.59381366e-02 -4.73200422 -4.48411569 -4.27596292 -4.05944716 -3.83438680 
2.78255940e-02 -4.73200422 -4.48411569 -4.27596292 -4.05944716 -3.83438680 
2.15443469e-02 -4.73200422 -4.48411569 -4.27596292 -4.05944716 -3.83438680 
1.66810054e-02 -4.73200422 -4.48411569 -4.27596292 -4.05944716 -3.83438680 
1.29154967e-02 -4.73200422 -4.48411569 -4.27596292 -4.05944716 -3.83438680 
1.00000000e-02 -4.73200422 -4.48411569 -4.27596292 -4.05944716 -3.83438680 
7.74263683e-03 -4.73200422 -4.48411569 -4.27596292 -4.05944716 -3.83438680 
5.99484250e-03 -4.73200422 -4.48411569 -4.27596292 -4.05944716 -3.83438680 
4.64158883e-03 -4.73200422 -4.48411569 -4.27596292 -4.05944716 -3.83438680 
3.59381366e-03 -4.73200422 -4.48411569 -4.27596292 -4.05944716 -3.83438680 
2.78255940e-03 -4.73200422 -4.48411569 -4.27596292 -4.05944716 -3.83438680 
2.15443469e-03 -4.73200422 -4.48411569 -4.27596292 -4.05944716 -3.83438680 
1.66810054e-03 -4.73200422 -4.48411569 -4.27596292 -4.05944716 -3.83438680 
1.29154967e-03 -4.73200422 -4.48411569 -4.27596292 -4.05944716 -3.83438680 
1.00000000e-03 -4.73200422 -4.48411569 -4.27596292 -4.05944716 -3.83438680 
7.74263683e-04 -4.73200422 -4.48411569 -4.27596292 -4.05944716 -3.83438680 
5.99484250e-04 -4.73200422 -4.48411569 -4.27596292 -4.05944716 -3.83438680 
4.64158883e-04 -4.73200422 -4.48411569 -4.27596292 -4.05944716 -3.83438680 
3.59381366e-04 -4.73200422 -4.48411569 -4.27596292 -4.05944716 -3.83438680 
2.78255940e-04 -4.73200422 -4.48411569 -4.27596292 -4.05944716 -3.83438680 
2.15443469e-04 -4.73200422 -4.48411569 -4.27596292 -4.05944716 -3.83438680 
1.66810054e-04 -4.73200422 -4.48411569 -4.27596292 -4.05944716 -3.83438680 
1.29154967e-04 -4.73200422 -4.48411569 -4.27596292 -4.05944716 -3.83438680 
1.00000000e-04 -4.73200422 -4.48411569 -4.27596292 -4.05944716 -3.83438680 
7.74263683e-05 -4.73200422 -4.48411569 -4.27596292 -4.05944716 -3.83438680 
5.99484250e-05 -4.73200422 -4.48411569 -4.27596292 -4.05944716 -3.83438680 
4.64158883e-05 -4.73200422 -4.48411569 -4.27596292 -4.05944716 -3.83438680 
3.59381366e-05 -4.73200422 -4.48411569 -4.27596292 -4.05944716 -3.83438680 
2.78255940e-05 -4.73200422 -4.48411569 -4.27596292 -4.05944716 -3.83438680 
2.15443469e-05 -4.73200422 -4.48411569 -4.27596292 -4.05944716 -3.83438680 
1.66810054e-05 -4.73200422 -4.48411569 -4.27596292 -4.05944716 -3.83438680 
1.29154967e-05 -4.73200422 -4.48411569 -4.27596292 -4.05944716 -3.83438680 
1.00000000e-05 -4.73200422 -4.48411569 -4.27596292 -4.05944716 -3.83438680 
7.74263683e-06 -4.73200422 -4.48411569 -4.27596292 -4.05944716 -3.83438680 
5.99484250e-06 -4.73200422 -4.48411569 -4.27596292 -4.05944716 -3.83438680 
4.64158883e-06 -4.73200422 -4.48411569 -4.27596292 -4.05944716 -3.83438680 
3.59381366e-06 -4.73200422 -4.48411569 -4.27596292 -4.05944716 -3.83438680 
2.78255940e-06 -4.73200422 -4.48411569 -4.27596292 -4.05944716 -3.83438680 
2.15443469e-06 -4.73200422 -4.48411569 -4.27596292 -4.05944716 -3.83438680 
1.66810054e-06 -4.73200422 -4.48411569 -4.27596292 -4.05944716 -3.83438680 
1.29154967e-06 -4.73200422 -4.48411569 -4.27596292 -4.05944716 -3.83438680 
1.00000000e-06 -4.73200422 -4.48411569 -4.27596292 -4.05944716 -3.83438680 
7.74263683e-07 -4.73200422 -4.48411569 -4.27596292 -4.05944716 -3.83438680 
5.99484250e-07 -4.73200422 -4.48411569 -4.27596292 -4.05944716 -3.83438680 
4.64158883e-07 -4.73200422 -4.48411569 -4.27596292 -4.05944716 -3.83438680 
3.59381366e-07 -4.73200422 -4.48411569 -4.27596292 -4.05944716 -3.83438680 
2.78255940e-07 -4.73200422 -4.48411569 -4.27596292 -4.05944716 -3.83438680 
2.15443469e-07 -4.73200422 -4.48411569 -4.27596292 -4.05944716 -3.83438680 
1.66810054e-07 -4.73200422 -4.48411569 -4.27596292 -4.05944716 -3.83438680 
1.29154967e-07 -4.73200422 -4.48411569 -4.27596292 -4.05944716 -3.83438680 
1.00000000e-07 -4.73200422 -4.48411569 -4.27596292 -4.05944716 -3.83438680 
7.74263683e-08 -4.73200422 -4.48411569 -4.27596292 -4.05944716 -3.83438680 
5.99484250e-08 -4.73200422 -4.48411569 -4.27596292 -4.05944716 -3.83438680 
4.64158883e-08 -4.73200422 -4.48411569 -4.27596292 -4.05944716 -3.83438680 
3.59381366e-08 -4.73200422 -4.48411569 -4.27596292 -4.05944716 -3.83438680 
2.78255940e-08 -4.73200422 -4.48411569 -4.27596292 -4.05944716 -3.83438680 
2.15443469e-08 -4.73200422 -4.48411569 -4.27596292 -4.05944716 -3.83438680 
1.66810054e-08 -4.73200422 -4.48411569 -4.27596292 -4.05944716 -3.83438680 
1.29154967e-08 -4.73200422 -4.48411569 -4.27596292 -4.05944716 -3.83438680 
1.00000000e-08 -4.73200422 -4.48411569 -4.27596292 -4.05944716 -3.83438680 
7.74263683e-09 -4.73200422 -4.48411569 -4.27596292 -4.05944716 -3.83438680 
5.99484250e-09 -4.73200422 -4.48411569 -4.27596292 -4.05944716 -3.83438680 
4.64158883e-09 -4.73200422 -4.48411569 -4.27596292 -4.05944716 -3.83438680 
3.59381366e-09 -4.73200422 -4.48411569 -4.27596292 -4.05944716 -3.83438680 
2.78255940e-09 -4.73200422 -4.48411569 -4.27596292 -4.05944716 -3.83438680 
2.15443469e-09 -4.73200422 -4.48411569 -4.27596292 -4.05944716 -3.83438680 
1.66810054e-09 -4.73200422 -4.48411569 -4.27596292 -4.05944716 -3.83438680 
1.29154967e-09 -4.73200422 -4.48411569 -4.27596292 -4.05944716 -3.83438680 
1.00000000e-09 -4.73200422 -4.48411569 -4.27596292 -4.05944716 -3.83438680 
7.74263683e-10 -4.73200422 -4.48411569 -4.27596292 -4.05944716 -3.83438680 
5.99484250e-10 -4.73200422 -4.48411569 -4.27596292 -4.05944716 -3.83438680 
4.64158883e-10 -4.73200422 -4.48411569 -4.27596292 -4.05944716 -3.83438680 
3.59381366e-10 -4.73200422 -4.48411569 -4.27596292 -4.05944716 -3.83438680 
2.78255940e-10 -4.73200422 -4.48411569 -4.27596292 -4.05944716 -3.83438680 
2.15443469e-10 -4.73200422 -4.48411569 -4.27596292 -4.05944716 -3.83438680 
1.66810054e-10 -4.73200422 -4.48411569 -4.27596292 -4.05944716 -3.83438680 
1.29154967e-10 -4.73200422 -4.48411569 -4.27596292 -4.05944716 -3.83438680 
1.00000000e-10 -4.73200422 -4.48411569 -4.27596292 -4.05944716 -3.83438680 
P (bar) | log_CO2: -2σ | log_CO2: -1σ | log_CO2: median | log_CO2: +1σ | log_CO2: +2σ 
1.00000000e+01 -1.65194753 -1.45802542 -1.24465075 -0.99743993 -0.69966383 
7.74263683e+00 -1.65194753 -1.45802542 -1.24465075 -0.99743993 -0.69966383 
5.99484250e+00 -1.65194753 -1.45802542 -1.24465075 -0.99743993 -0.69966383 
4.64158883e+00 -1.65194753 -1.45802542 -1.24465075 -0.99743993 -0.69966383 
3.59381366e+00 -1.65194753 -1.45802542 -1.24465075 -0.99743993 -0.69966383 
2.78255940e+00 -1.65194753 -1.45802542 -1.24465075 -0.99743993 -0.69966383 
2.15443469e+00 -1.65194753 -1.45802542 -1.24465075 -0.99743993 -0.69966383 
1.66810054e+00 -1.65194753 -1.45802542 -1.24465075 -0.99743993 -0.69966383 
1.29154967e+00 -1.65194753 -1.45802542 -1.24465075 -0.99743993 -0.69966383 
1.00000000e+00 -1.65194753 -1.45802542 -1.24465075 -0.99743993 -0.69966383 
7.74263683e-01 -1.65194753 -1.45802542 -1.24465075 -0.99743993 -0.69966383 
5.99484250e-01 -1.65194753 -1.45802542 -1.24465075 -0.99743993 -0.69966383 
4.64158883e-01 -1.65194753 -1.45802542 -1.24465075 -0.99743993 -0.69966383 
3.59381366e-01 -1.65194753 -1.45802542 -1.24465075 -0.99743993 -0.69966383 
2.78255940e-01 -1.65194753 -1.45802542 -1.24465075 -0.99743993 -0.69966383 
2.15443469e-01 -1.65194753 -1.45802542 -1.24465075 -0.99743993 -0.69966383 
1.66810054e-01 -1.65194753 -1.45802542 -1.24465075 -0.99743993 -0.69966383 
1.29154967e-01 -1.65194753 -1.45802542 -1.24465075 -0.99743993 -0.69966383 
1.00000000e-01 -1.65194753 -1.45802542 -1.24465075 -0.99743993 -0.69966383 
7.74263683e-02 -1.65194753 -1.45802542 -1.24465075 -0.99743993 -0.69966383 
5.99484250e-02 -1.65194753 -1.45802542 -1.24465075 -0.99743993 -0.69966383 
4.64158883e-02 -1.65194753 -1.45802542 -1.24465075 -0.99743993 -0.69966383 
3.59381366e-02 -1.65194753 -1.45802542 -1.24465075 -0.99743993 -0.69966383 
2.78255940e-02 -1.65194753 -1.45802542 -1.24465075 -0.99743993 -0.69966383 
2.15443469e-02 -1.65194753 -1.45802542 -1.24465075 -0.99743993 -0.69966383 
1.66810054e-02 -1.65194753 -1.45802542 -1.24465075 -0.99743993 -0.69966383 
1.29154967e-02 -1.65194753 -1.45802542 -1.24465075 -0.99743993 -0.69966383 
1.00000000e-02 -1.65194753 -1.45802542 -1.24465075 -0.99743993 -0.69966383 
7.74263683e-03 -1.65194753 -1.45802542 -1.24465075 -0.99743993 -0.69966383 
5.99484250e-03 -1.65194753 -1.45802542 -1.24465075 -0.99743993 -0.69966383 
4.64158883e-03 -1.65194753 -1.45802542 -1.24465075 -0.99743993 -0.69966383 
3.59381366e-03 -1.65194753 -1.45802542 -1.24465075 -0.99743993 -0.69966383 
2.78255940e-03 -1.65194753 -1.45802542 -1.24465075 -0.99743993 -0.69966383 
2.15443469e-03 -1.65194753 -1.45802542 -1.24465075 -0.99743993 -0.69966383 
1.66810054e-03 -1.65194753 -1.45802542 -1.24465075 -0.99743993 -0.69966383 
1.29154967e-03 -1.65194753 -1.45802542 -1.24465075 -0.99743993 -0.69966383 
1.00000000e-03 -1.65194753 -1.45802542 -1.24465075 -0.99743993 -0.69966383 
7.74263683e-04 -1.65194753 -1.45802542 -1.24465075 -0.99743993 -0.69966383 
5.99484250e-04 -1.65194753 -1.45802542 -1.24465075 -0.99743993 -0.69966383 
4.64158883e-04 -1.65194753 -1.45802542 -1.24465075 -0.99743993 -0.69966383 
3.59381366e-04 -1.65194753 -1.45802542 -1.24465075 -0.99743993 -0.69966383 
2.78255940e-04 -1.65194753 -1.45802542 -1.24465075 -0.99743993 -0.69966383 
2.15443469e-04 -1.65194753 -1.45802542 -1.24465075 -0.99743993 -0.69966383 
1.66810054e-04 -1.65194753 -1.45802542 -1.24465075 -0.99743993 -0.69966383 
1.29154967e-04 -1.65194753 -1.45802542 -1.24465075 -0.99743993 -0.69966383 
1.00000000e-04 -1.65194753 -1.45802542 -1.24465075 -0.99743993 -0.69966383 
7.74263683e-05 -1.65194753 -1.45802542 -1.24465075 -0.99743993 -0.69966383 
5.99484250e-05 -1.65194753 -1.45802542 -1.24465075 -0.99743993 -0.69966383 
4.64158883e-05 -1.65194753 -1.45802542 -1.24465075 -0.99743993 -0.69966383 
3.59381366e-05 -1.65194753 -1.45802542 -1.24465075 -0.99743993 -0.69966383 
2.78255940e-05 -1.65194753 -1.45802542 -1.24465075 -0.99743993 -0.69966383 
2.15443469e-05 -1.65194753 -1.45802542 -1.24465075 -0.99743993 -0.69966383 
1.66810054e-05 -1.65194753 -1.45802542 -1.24465075 -0.99743993 -0.69966383 
1.29154967e-05 -1.65194753 -1.45802542 -1.24465075 -0.99743993 -0.69966383 
1.00000000e-05 -1.65194753 -1.45802542 -1.24465075 -0.99743993 -0.69966383 
7.74263683e-06 -1.65194753 -1.45802542 -1.24465075 -0.99743993 -0.69966383 
5.99484250e-06 -1.65194753 -1.45802542 -1.24465075 -0.99743993 -0.69966383 
4.64158883e-06 -1.65194753 -1.45802542 -1.24465075 -0.99743993 -0.69966383 
3.59381366e-06 -1.65194753 -1.45802542 -1.24465075 -0.99743993 -0.69966383 
2.78255940e-06 -1.65194753 -1.45802542 -1.24465075 -0.99743993 -0.69966383 
2.15443469e-06 -1.65194753 -1.45802542 -1.24465075 -0.99743993 -0.69966383 
1.66810054e-06 -1.65194753 -1.45802542 -1.24465075 -0.99743993 -0.69966383 
1.29154967e-06 -1.65194753 -1.45802542 -1.24465075 -0.99743993 -0.69966383 
1.00000000e-06 -1.65194753 -1.45802542 -1.24465075 -0.99743993 -0.69966383 
7.74263683e-07 -1.65194753 -1.45802542 -1.24465075 -0.99743993 -0.69966383 
5.99484250e-07 -1.65194753 -1.45802542 -1.24465075 -0.99743993 -0.69966383 
4.64158883e-07 -1.65194753 -1.45802542 -1.24465075 -0.99743993 -0.69966383 
3.59381366e-07 -1.65194753 -1.45802542 -1.24465075 -0.99743993 -0.69966383 
2.78255940e-07 -1.65194753 -1.45802542 -1.24465075 -0.99743993 -0.69966383 
2.15443469e-07 -1.65194753 -1.45802542 -1.24465075 -0.99743993 -0.69966383 
1.66810054e-07 -1.65194753 -1.45802542 -1.24465075 -0.99743993 -0.69966383 
1.29154967e-07 -1.65194753 -1.45802542 -1.24465075 -0.99743993 -0.69966383 
1.00000000e-07 -1.65194753 -1.45802542 -1.24465075 -0.99743993 -0.69966383 
7.74263683e-08 -1.65194753 -1.45802542 -1.24465075 -0.99743993 -0.69966383 
5.99484250e-08 -1.65194753 -1.45802542 -1.24465075 -0.99743993 -0.69966383 
4.64158883e-08 -1.65194753 -1.45802542 -1.24465075 -0.99743993 -0.69966383 
3.59381366e-08 -1.65194753 -1.45802542 -1.24465075 -0.99743993 -0.69966383 
2.78255940e-08 -1.65194753 -1.45802542 -1.24465075 -0.99743993 -0.69966383 
2.15443469e-08 -1.65194753 -1.45802542 -1.24465075 -0.99743993 -0.69966383 
1.66810054e-08 -1.65194753 -1.45802542 -1.24465075 -0.99743993 -0.69966383 
1.29154967e-08 -1.65194753 -1.45802542 -1.24465075 -0.99743993 -0.69966383 
1.00000000e-08 -1.65194753 -1.45802542 -1.24465075 -0.99743993 -0.69966383 
7.74263683e-09 -1.65194753 -1.45802542 -1.24465075 -0.99743993 -0.69966383 
5.99484250e-09 -1.65194753 -1.45802542 -1.24465075 -0.99743993 -0.69966383 
4.64158883e-09 -1.65194753 -1.45802542 -1.24465075 -0.99743993 -0.69966383 
3.59381366e-09 -1.65194753 -1.45802542 -1.24465075 -0.99743993 -0.69966383 
2.78255940e-09 -1.65194753 -1.45802542 -1.24465075 -0.99743993 -0.69966383 
2.15443469e-09 -1.65194753 -1.45802542 -1.24465075 -0.99743993 -0.69966383 
1.66810054e-09 -1.65194753 -1.45802542 -1.24465075 -0.99743993 -0.69966383 
1.29154967e-09 -1.65194753 -1.45802542 -1.24465075 -0.99743993 -0.69966383 
1.00000000e-09 -1.65194753 -1.45802542 -1.24465075 -0.99743993 -0.69966383 
7.74263683e-10 -1.65194753 -1.45802542 -1.24465075 -0.99743993 -0.69966383 
5.99484250e-10 -1.65194753 -1.45802542 -1.24465075 -0.99743993 -0.69966383 
4.64158883e-10 -1.65194753 -1.45802542 -1.24465075 -0.99743993 -0.69966383 
3.59381366e-10 -1.65194753 -1.45802542 -1.24465075 -0.99743993 -0.69966383 
2.78255940e-10 -1.65194753 -1.45802542 -1.24465075 -0.99743993 -0.69966383 
2.15443469e-10 -1.65194753 -1.45802542 -1.24465075 -0.99743993 -0.69966383 
1.66810054e-10 -1.65194753 -1.45802542 -1.24465075 -0.99743993 -0.69966383 
1.29154967e-10 -1.65194753 -1.45802542 -1.24465075 -0.99743993 -0.69966383 
1.00000000e-10 -1.65194753 -1.45802542 -1.24465075 -0.99743993 -0.69966383 
P (bar) | log_CH4: -2σ | log_CH4: -1σ | log_CH4: median | log_CH4: +1σ | log_CH4: +2σ 
1.00000000e+01 -4.26932005 -4.12921575 -3.98656310 -3.84106274 -3.65418488 
7.74263683e+00 -4.26932005 -4.12921575 -3.98656310 -3.84106274 -3.65418488 
5.99484250e+00 -4.26932005 -4.12921575 -3.98656310 -3.84106274 -3.65418488 
4.64158883e+00 -4.26932005 -4.12921575 -3.98656310 -3.84106274 -3.65418488 
3.59381366e+00 -4.26932005 -4.12921575 -3.98656310 -3.84106274 -3.65418488 
2.78255940e+00 -4.26932005 -4.12921575 -3.98656310 -3.84106274 -3.65418488 
2.15443469e+00 -4.26932005 -4.12921575 -3.98656310 -3.84106274 -3.65418488 
1.66810054e+00 -4.26932005 -4.12921575 -3.98656310 -3.84106274 -3.65418488 
1.29154967e+00 -4.26932005 -4.12921575 -3.98656310 -3.84106274 -3.65418488 
1.00000000e+00 -4.26932005 -4.12921575 -3.98656310 -3.84106274 -3.65418488 
7.74263683e-01 -4.26932005 -4.12921575 -3.98656310 -3.84106274 -3.65418488 
5.99484250e-01 -4.26932005 -4.12921575 -3.98656310 -3.84106274 -3.65418488 
4.64158883e-01 -4.26932005 -4.12921575 -3.98656310 -3.84106274 -3.65418488 
3.59381366e-01 -4.26932005 -4.12921575 -3.98656310 -3.84106274 -3.65418488 
2.78255940e-01 -4.26932005 -4.12921575 -3.98656310 -3.84106274 -3.65418488 
2.15443469e-01 -4.26932005 -4.12921575 -3.98656310 -3.84106274 -3.65418488 
1.66810054e-01 -4.26932005 -4.12921575 -3.98656310 -3.84106274 -3.65418488 
1.29154967e-01 -4.26932005 -4.12921575 -3.98656310 -3.84106274 -3.65418488 
1.00000000e-01 -4.26932005 -4.12921575 -3.98656310 -3.84106274 -3.65418488 
7.74263683e-02 -4.26932005 -4.12921575 -3.98656310 -3.84106274 -3.65418488 
5.99484250e-02 -4.26932005 -4.12921575 -3.98656310 -3.84106274 -3.65418488 
4.64158883e-02 -4.26932005 -4.12921575 -3.98656310 -3.84106274 -3.65418488 
3.59381366e-02 -4.26932005 -4.12921575 -3.98656310 -3.84106274 -3.65418488 
2.78255940e-02 -4.26932005 -4.12921575 -3.98656310 -3.84106274 -3.65418488 
2.15443469e-02 -4.26932005 -4.12921575 -3.98656310 -3.84106274 -3.65418488 
1.66810054e-02 -4.26932005 -4.12921575 -3.98656310 -3.84106274 -3.65418488 
1.29154967e-02 -4.26932005 -4.12921575 -3.98656310 -3.84106274 -3.65418488 
1.00000000e-02 -4.26932005 -4.12921575 -3.98656310 -3.84106274 -3.65418488 
7.74263683e-03 -4.26932005 -4.12921575 -3.98656310 -3.84106274 -3.65418488 
5.99484250e-03 -4.26932005 -4.12921575 -3.98656310 -3.84106274 -3.65418488 
4.64158883e-03 -4.26932005 -4.12921575 -3.98656310 -3.84106274 -3.65418488 
3.59381366e-03 -4.26932005 -4.12921575 -3.98656310 -3.84106274 -3.65418488 
2.78255940e-03 -4.26932005 -4.12921575 -3.98656310 -3.84106274 -3.65418488 
2.15443469e-03 -4.26932005 -4.12921575 -3.98656310 -3.84106274 -3.65418488 
1.66810054e-03 -4.26932005 -4.12921575 -3.98656310 -3.84106274 -3.65418488 
1.29154967e-03 -4.26932005 -4.12921575 -3.98656310 -3.84106274 -3.65418488 
1.00000000e-03 -4.26932005 -4.12921575 -3.98656310 -3.84106274 -3.65418488 
7.74263683e-04 -4.26932005 -4.12921575 -3.98656310 -3.84106274 -3.65418488 
5.99484250e-04 -4.26932005 -4.12921575 -3.98656310 -3.84106274 -3.65418488 
4.64158883e-04 -4.26932005 -4.12921575 -3.98656310 -3.84106274 -3.65418488 
3.59381366e-04 -4.26932005 -4.12921575 -3.98656310 -3.84106274 -3.65418488 
2.78255940e-04 -4.26932005 -4.12921575 -3.98656310 -3.84106274 -3.65418488 
2.15443469e-04 -4.26932005 -4.12921575 -3.98656310 -3.84106274 -3.65418488 
1.66810054e-04 -4.26932005 -4.12921575 -3.98656310 -3.84106274 -3.65418488 
1.29154967e-04 -4.26932005 -4.12921575 -3.98656310 -3.84106274 -3.65418488 
1.00000000e-04 -4.26932005 -4.12921575 -3.98656310 -3.84106274 -3.65418488 
7.74263683e-05 -4.26932005 -4.12921575 -3.98656310 -3.84106274 -3.65418488 
5.99484250e-05 -4.26932005 -4.12921575 -3.98656310 -3.84106274 -3.65418488 
4.64158883e-05 -4.26932005 -4.12921575 -3.98656310 -3.84106274 -3.65418488 
3.59381366e-05 -4.26932005 -4.12921575 -3.98656310 -3.84106274 -3.65418488 
2.78255940e-05 -4.26932005 -4.12921575 -3.98656310 -3.84106274 -3.65418488 
2.15443469e-05 -4.26932005 -4.12921575 -3.98656310 -3.84106274 -3.65418488 
1.66810054e-05 -4.26932005 -4.12921575 -3.98656310 -3.84106274 -3.65418488 
1.29154967e-05 -4.26932005 -4.12921575 -3.98656310 -3.84106274 -3.65418488 
1.00000000e-05 -4.26932005 -4.12921575 -3.98656310 -3.84106274 -3.65418488 
7.74263683e-06 -4.26932005 -4.12921575 -3.98656310 -3.84106274 -3.65418488 
5.99484250e-06 -4.26932005 -4.12921575 -3.98656310 -3.84106274 -3.65418488 
4.64158883e-06 -4.26932005 -4.12921575 -3.98656310 -3.84106274 -3.65418488 
3.59381366e-06 -4.26932005 -4.12921575 -3.98656310 -3.84106274 -3.65418488 
2.78255940e-06 -4.26932005 -4.12921575 -3.98656310 -3.84106274 -3.65418488 
2.15443469e-06 -4.26932005 -4.12921575 -3.98656310 -3.84106274 -3.65418488 
1.66810054e-06 -4.26932005 -4.12921575 -3.98656310 -3.84106274 -3.65418488 
1.29154967e-06 -4.26932005 -4.12921575 -3.98656310 -3.84106274 -3.65418488 
1.00000000e-06 -4.26932005 -4.12921575 -3.98656310 -3.84106274 -3.65418488 
7.74263683e-07 -4.26932005 -4.12921575 -3.98656310 -3.84106274 -3.65418488 
5.99484250e-07 -4.26932005 -4.12921575 -3.98656310 -3.84106274 -3.65418488 
4.64158883e-07 -4.26932005 -4.12921575 -3.98656310 -3.84106274 -3.65418488 
3.59381366e-07 -4.26932005 -4.12921575 -3.98656310 -3.84106274 -3.65418488 
2.78255940e-07 -4.26932005 -4.12921575 -3.98656310 -3.84106274 -3.65418488 
2.15443469e-07 -4.26932005 -4.12921575 -3.98656310 -3.84106274 -3.65418488 
1.66810054e-07 -4.26932005 -4.12921575 -3.98656310 -3.84106274 -3.65418488 
1.29154967e-07 -4.26932005 -4.12921575 -3.98656310 -3.84106274 -3.65418488 
1.00000000e-07 -4.26932005 -4.12921575 -3.98656310 -3.84106274 -3.65418488 
7.74263683e-08 -4.26932005 -4.12921575 -3.98656310 -3.84106274 -3.65418488 
5.99484250e-08 -4.26932005 -4.12921575 -3.98656310 -3.84106274 -3.65418488 
4.64158883e-08 -4.26932005 -4.12921575 -3.98656310 -3.84106274 -3.65418488 
3.59381366e-08 -4.26932005 -4.12921575 -3.98656310 -3.84106274 -3.65418488 
2.78255940e-08 -4.26932005 -4.12921575 -3.98656310 -3.84106274 -3.65418488 
2.15443469e-08 -4.26932005 -4.12921575 -3.98656310 -3.84106274 -3.65418488 
1.66810054e-08 -4.26932005 -4.12921575 -3.98656310 -3.84106274 -3.65418488 
1.29154967e-08 -4.26932005 -4.12921575 -3.98656310 -3.84106274 -3.65418488 
1.00000000e-08 -4.26932005 -4.12921575 -3.98656310 -3.84106274 -3.65418488 
7.74263683e-09 -4.26932005 -4.12921575 -3.98656310 -3.84106274 -3.65418488 
5.99484250e-09 -4.26932005 -4.12921575 -3.98656310 -3.84106274 -3.65418488 
4.64158883e-09 -4.26932005 -4.12921575 -3.98656310 -3.84106274 -3.65418488 
3.59381366e-09 -4.26932005 -4.12921575 -3.98656310 -3.84106274 -3.65418488 
2.78255940e-09 -4.26932005 -4.12921575 -3.98656310 -3.84106274 -3.65418488 
2.15443469e-09 -4.26932005 -4.12921575 -3.98656310 -3.84106274 -3.65418488 
1.66810054e-09 -4.26932005 -4.12921575 -3.98656310 -3.84106274 -3.65418488 
1.29154967e-09 -4.26932005 -4.12921575 -3.98656310 -3.84106274 -3.65418488 
1.00000000e-09 -4.26932005 -4.12921575 -3.98656310 -3.84106274 -3.65418488 
7.74263683e-10 -4.26932005 -4.12921575 -3.98656310 -3.84106274 -3.65418488 
5.99484250e-10 -4.26932005 -4.12921575 -3.98656310 -3.84106274 -3.65418488 
4.64158883e-10 -4.26932005 -4.12921575 -3.98656310 -3.84106274 -3.65418488 
3.59381366e-10 -4.26932005 -4.12921575 -3.98656310 -3.84106274 -3.65418488 
2.78255940e-10 -4.26932005 -4.12921575 -3.98656310 -3.84106274 -3.65418488 
2.15443469e-10 -4.26932005 -4.12921575 -3.98656310 -3.84106274 -3.65418488 
1.66810054e-10 -4.26932005 -4.12921575 -3.98656310 -3.84106274 -3.65418488 
1.29154967e-10 -4.26932005 -4.12921575 -3.98656310 -3.84106274 -3.65418488 
1.00000000e-10 -4.26932005 -4.12921575 -3.98656310 -3.84106274 -3.65418488 
P (bar) | log_O2: -2σ | log_O2: -1σ | log_O2: median | log_O2: +1σ | log_O2: +2σ 
1.00000000e+01 -9.59029313 -7.31631509 -1.90041552 -0.68372202 -0.46616118 
7.74263683e+00 -9.59029313 -7.31631509 -1.90041552 -0.68372202 -0.46616118 
5.99484250e+00 -9.59029313 -7.31631509 -1.90041552 -0.68372202 -0.46616118 
4.64158883e+00 -9.59029313 -7.31631509 -1.90041552 -0.68372202 -0.46616118 
3.59381366e+00 -9.59029313 -7.31631509 -1.90041552 -0.68372202 -0.46616118 
2.78255940e+00 -9.59029313 -7.31631509 -1.90041552 -0.68372202 -0.46616118 
2.15443469e+00 -9.59029313 -7.31631509 -1.90041552 -0.68372202 -0.46616118 
1.66810054e+00 -9.59029313 -7.31631509 -1.90041552 -0.68372202 -0.46616118 
1.29154967e+00 -9.59029313 -7.31631509 -1.90041552 -0.68372202 -0.46616118 
1.00000000e+00 -9.59029313 -7.31631509 -1.90041552 -0.68372202 -0.46616118 
7.74263683e-01 -9.59029313 -7.31631509 -1.90041552 -0.68372202 -0.46616118 
5.99484250e-01 -9.59029313 -7.31631509 -1.90041552 -0.68372202 -0.46616118 
4.64158883e-01 -9.59029313 -7.31631509 -1.90041552 -0.68372202 -0.46616118 
3.59381366e-01 -9.59029313 -7.31631509 -1.90041552 -0.68372202 -0.46616118 
2.78255940e-01 -9.59029313 -7.31631509 -1.90041552 -0.68372202 -0.46616118 
2.15443469e-01 -9.59029313 -7.31631509 -1.90041552 -0.68372202 -0.46616118 
1.66810054e-01 -9.59029313 -7.31631509 -1.90041552 -0.68372202 -0.46616118 
1.29154967e-01 -9.59029313 -7.31631509 -1.90041552 -0.68372202 -0.46616118 
1.00000000e-01 -9.59029313 -7.31631509 -1.90041552 -0.68372202 -0.46616118 
7.74263683e-02 -9.59029313 -7.31631509 -1.90041552 -0.68372202 -0.46616118 
5.99484250e-02 -9.59029313 -7.31631509 -1.90041552 -0.68372202 -0.46616118 
4.64158883e-02 -9.59029313 -7.31631509 -1.90041552 -0.68372202 -0.46616118 
3.59381366e-02 -9.59029313 -7.31631509 -1.90041552 -0.68372202 -0.46616118 
2.78255940e-02 -9.59029313 -7.31631509 -1.90041552 -0.68372202 -0.46616118 
2.15443469e-02 -9.59029313 -7.31631509 -1.90041552 -0.68372202 -0.46616118 
1.66810054e-02 -9.59029313 -7.31631509 -1.90041552 -0.68372202 -0.46616118 
1.29154967e-02 -9.59029313 -7.31631509 -1.90041552 -0.68372202 -0.46616118 
1.00000000e-02 -9.59029313 -7.31631509 -1.90041552 -0.68372202 -0.46616118 
7.74263683e-03 -9.59029313 -7.31631509 -1.90041552 -0.68372202 -0.46616118 
5.99484250e-03 -9.59029313 -7.31631509 -1.90041552 -0.68372202 -0.46616118 
4.64158883e-03 -9.59029313 -7.31631509 -1.90041552 -0.68372202 -0.46616118 
3.59381366e-03 -9.59029313 -7.31631509 -1.90041552 -0.68372202 -0.46616118 
2.78255940e-03 -9.59029313 -7.31631509 -1.90041552 -0.68372202 -0.46616118 
2.15443469e-03 -9.59029313 -7.31631509 -1.90041552 -0.68372202 -0.46616118 
1.66810054e-03 -9.59029313 -7.31631509 -1.90041552 -0.68372202 -0.46616118 
1.29154967e-03 -9.59029313 -7.31631509 -1.90041552 -0.68372202 -0.46616118 
1.00000000e-03 -9.59029313 -7.31631509 -1.90041552 -0.68372202 -0.46616118 
7.74263683e-04 -9.59029313 -7.31631509 -1.90041552 -0.68372202 -0.46616118 
5.99484250e-04 -9.59029313 -7.31631509 -1.90041552 -0.68372202 -0.46616118 
4.64158883e-04 -9.59029313 -7.31631509 -1.90041552 -0.68372202 -0.46616118 
3.59381366e-04 -9.59029313 -7.31631509 -1.90041552 -0.68372202 -0.46616118 
2.78255940e-04 -9.59029313 -7.31631509 -1.90041552 -0.68372202 -0.46616118 
2.15443469e-04 -9.59029313 -7.31631509 -1.90041552 -0.68372202 -0.46616118 
1.66810054e-04 -9.59029313 -7.31631509 -1.90041552 -0.68372202 -0.46616118 
1.29154967e-04 -9.59029313 -7.31631509 -1.90041552 -0.68372202 -0.46616118 
1.00000000e-04 -9.59029313 -7.31631509 -1.90041552 -0.68372202 -0.46616118 
7.74263683e-05 -9.59029313 -7.31631509 -1.90041552 -0.68372202 -0.46616118 
5.99484250e-05 -9.59029313 -7.31631509 -1.90041552 -0.68372202 -0.46616118 
4.64158883e-05 -9.59029313 -7.31631509 -1.90041552 -0.68372202 -0.46616118 
3.59381366e-05 -9.59029313 -7.31631509 -1.90041552 -0.68372202 -0.46616118 
2.78255940e-05 -9.59029313 -7.31631509 -1.90041552 -0.68372202 -0.46616118 
2.15443469e-05 -9.59029313 -7.31631509 -1.90041552 -0.68372202 -0.46616118 
1.66810054e-05 -9.59029313 -7.31631509 -1.90041552 -0.68372202 -0.46616118 
1.29154967e-05 -9.59029313 -7.31631509 -1.90041552 -0.68372202 -0.46616118 
1.00000000e-05 -9.59029313 -7.31631509 -1.90041552 -0.68372202 -0.46616118 
7.74263683e-06 -9.59029313 -7.31631509 -1.90041552 -0.68372202 -0.46616118 
5.99484250e-06 -9.59029313 -7.31631509 -1.90041552 -0.68372202 -0.46616118 
4.64158883e-06 -9.59029313 -7.31631509 -1.90041552 -0.68372202 -0.46616118 
3.59381366e-06 -9.59029313 -7.31631509 -1.90041552 -0.68372202 -0.46616118 
2.78255940e-06 -9.59029313 -7.31631509 -1.90041552 -0.68372202 -0.46616118 
2.15443469e-06 -9.59029313 -7.31631509 -1.90041552 -0.68372202 -0.46616118 
1.66810054e-06 -9.59029313 -7.31631509 -1.90041552 -0.68372202 -0.46616118 
1.29154967e-06 -9.59029313 -7.31631509 -1.90041552 -0.68372202 -0.46616118 
1.00000000e-06 -9.59029313 -7.31631509 -1.90041552 -0.68372202 -0.46616118 
7.74263683e-07 -9.59029313 -7.31631509 -1.90041552 -0.68372202 -0.46616118 
5.99484250e-07 -9.59029313 -7.31631509 -1.90041552 -0.68372202 -0.46616118 
4.64158883e-07 -9.59029313 -7.31631509 -1.90041552 -0.68372202 -0.46616118 
3.59381366e-07 -9.59029313 -7.31631509 -1.90041552 -0.68372202 -0.46616118 
2.78255940e-07 -9.59029313 -7.31631509 -1.90041552 -0.68372202 -0.46616118 
2.15443469e-07 -9.59029313 -7.31631509 -1.90041552 -0.68372202 -0.46616118 
1.66810054e-07 -9.59029313 -7.31631509 -1.90041552 -0.68372202 -0.46616118 
1.29154967e-07 -9.59029313 -7.31631509 -1.90041552 -0.68372202 -0.46616118 
1.00000000e-07 -9.59029313 -7.31631509 -1.90041552 -0.68372202 -0.46616118 
7.74263683e-08 -9.59029313 -7.31631509 -1.90041552 -0.68372202 -0.46616118 
5.99484250e-08 -9.59029313 -7.31631509 -1.90041552 -0.68372202 -0.46616118 
4.64158883e-08 -9.59029313 -7.31631509 -1.90041552 -0.68372202 -0.46616118 
3.59381366e-08 -9.59029313 -7.31631509 -1.90041552 -0.68372202 -0.46616118 
2.78255940e-08 -9.59029313 -7.31631509 -1.90041552 -0.68372202 -0.46616118 
2.15443469e-08 -9.59029313 -7.31631509 -1.90041552 -0.68372202 -0.46616118 
1.66810054e-08 -9.59029313 -7.31631509 -1.90041552 -0.68372202 -0.46616118 
1.29154967e-08 -9.59029313 -7.31631509 -1.90041552 -0.68372202 -0.46616118 
1.00000000e-08 -9.59029313 -7.31631509 -1.90041552 -0.68372202 -0.46616118 
7.74263683e-09 -9.59029313 -7.31631509 -1.90041552 -0.68372202 -0.46616118 
5.99484250e-09 -9.59029313 -7.31631509 -1.90041552 -0.68372202 -0.46616118 
4.64158883e-09 -9.59029313 -7.31631509 -1.90041552 -0.68372202 -0.46616118 
3.59381366e-09 -9.59029313 -7.31631509 -1.90041552 -0.68372202 -0.46616118 
2.78255940e-09 -9.59029313 -7.31631509 -1.90041552 -0.68372202 -0.46616118 
2.15443469e-09 -9.59029313 -7.31631509 -1.90041552 -0.68372202 -0.46616118 
1.66810054e-09 -9.59029313 -7.31631509 -1.90041552 -0.68372202 -0.46616118 
1.29154967e-09 -9.59029313 -7.31631509 -1.90041552 -0.68372202 -0.46616118 
1.00000000e-09 -9.59029313 -7.31631509 -1.90041552 -0.68372202 -0.46616118 
7.74263683e-10 -9.59029313 -7.31631509 -1.90041552 -0.68372202 -0.46616118 
5.99484250e-10 -9.59029313 -7.31631509 -1.90041552 -0.68372202 -0.46616118 
4.64158883e-10 -9.59029313 -7.31631509 -1.90041552 -0.68372202 -0.46616118 
3.59381366e-10 -9.59029313 -7.31631509 -1.90041552 -0.68372202 -0.46616118 
2.78255940e-10 -9.59029313 -7.31631509 -1.90041552 -0.68372202 -0.46616118 
2.15443469e-10 -9.59029313 -7.31631509 -1.90041552 -0.68372202 -0.46616118 
1.66810054e-10 -9.59029313 -7.31631509 -1.90041552 -0.68372202 -0.46616118 
1.29154967e-10 -9.59029313 -7.31631509 -1.90041552 -0.68372202 -0.46616118 
1.00000000e-10 -9.59029313 -7.31631509 -1.90041552 -0.68372202 -0.46616118 
P (bar) | log_O3: -2σ | log_O3: -1σ | log_O3: median | log_O3: +1σ | log_O3: +2σ 
1.00000000e+01 -9.92300350 -9.33094798 -7.92551998 -6.55590772 -5.56512880 
7.74263683e+00 -9.92300350 -9.33094798 -7.92551998 -6.55590772 -5.56512880 
5.99484250e+00 -9.92300350 -9.33094798 -7.92551998 -6.55590772 -5.56512880 
4.64158883e+00 -9.92300350 -9.33094798 -7.92551998 -6.55590772 -5.56512880 
3.59381366e+00 -9.92300350 -9.33094798 -7.92551998 -6.55590772 -5.56512880 
2.78255940e+00 -9.92300350 -9.33094798 -7.92551998 -6.55590772 -5.56512880 
2.15443469e+00 -9.92300350 -9.33094798 -7.92551998 -6.55590772 -5.56512880 
1.66810054e+00 -9.92300350 -9.33094798 -7.92551998 -6.55590772 -5.56512880 
1.29154967e+00 -9.92300350 -9.33094798 -7.92551998 -6.55590772 -5.56512880 
1.00000000e+00 -9.92300350 -9.33094798 -7.92551998 -6.55590772 -5.56512880 
7.74263683e-01 -9.92300350 -9.33094798 -7.92551998 -6.55590772 -5.56512880 
5.99484250e-01 -9.92300350 -9.33094798 -7.92551998 -6.55590772 -5.56512880 
4.64158883e-01 -9.92300350 -9.33094798 -7.92551998 -6.55590772 -5.56512880 
3.59381366e-01 -9.92300350 -9.33094798 -7.92551998 -6.55590772 -5.56512880 
2.78255940e-01 -9.92300350 -9.33094798 -7.92551998 -6.55590772 -5.56512880 
2.15443469e-01 -9.92300350 -9.33094798 -7.92551998 -6.55590772 -5.56512880 
1.66810054e-01 -9.92300350 -9.33094798 -7.92551998 -6.55590772 -5.56512880 
1.29154967e-01 -9.92300350 -9.33094798 -7.92551998 -6.55590772 -5.56512880 
1.00000000e-01 -9.92300350 -9.33094798 -7.92551998 -6.55590772 -5.56512880 
7.74263683e-02 -9.92300350 -9.33094798 -7.92551998 -6.55590772 -5.56512880 
5.99484250e-02 -9.92300350 -9.33094798 -7.92551998 -6.55590772 -5.56512880 
4.64158883e-02 -9.92300350 -9.33094798 -7.92551998 -6.55590772 -5.56512880 
3.59381366e-02 -9.92300350 -9.33094798 -7.92551998 -6.55590772 -5.56512880 
2.78255940e-02 -9.92300350 -9.33094798 -7.92551998 -6.55590772 -5.56512880 
2.15443469e-02 -9.92300350 -9.33094798 -7.92551998 -6.55590772 -5.56512880 
1.66810054e-02 -9.92300350 -9.33094798 -7.92551998 -6.55590772 -5.56512880 
1.29154967e-02 -9.92300350 -9.33094798 -7.92551998 -6.55590772 -5.56512880 
1.00000000e-02 -9.92300350 -9.33094798 -7.92551998 -6.55590772 -5.56512880 
7.74263683e-03 -9.92300350 -9.33094798 -7.92551998 -6.55590772 -5.56512880 
5.99484250e-03 -9.92300350 -9.33094798 -7.92551998 -6.55590772 -5.56512880 
4.64158883e-03 -9.92300350 -9.33094798 -7.92551998 -6.55590772 -5.56512880 
3.59381366e-03 -9.92300350 -9.33094798 -7.92551998 -6.55590772 -5.56512880 
2.78255940e-03 -9.92300350 -9.33094798 -7.92551998 -6.55590772 -5.56512880 
2.15443469e-03 -9.92300350 -9.33094798 -7.92551998 -6.55590772 -5.56512880 
1.66810054e-03 -9.92300350 -9.33094798 -7.92551998 -6.55590772 -5.56512880 
1.29154967e-03 -9.92300350 -9.33094798 -7.92551998 -6.55590772 -5.56512880 
1.00000000e-03 -9.92300350 -9.33094798 -7.92551998 -6.55590772 -5.56512880 
7.74263683e-04 -9.92300350 -9.33094798 -7.92551998 -6.55590772 -5.56512880 
5.99484250e-04 -9.92300350 -9.33094798 -7.92551998 -6.55590772 -5.56512880 
4.64158883e-04 -9.92300350 -9.33094798 -7.92551998 -6.55590772 -5.56512880 
3.59381366e-04 -9.92300350 -9.33094798 -7.92551998 -6.55590772 -5.56512880 
2.78255940e-04 -9.92300350 -9.33094798 -7.92551998 -6.55590772 -5.56512880 
2.15443469e-04 -9.92300350 -9.33094798 -7.92551998 -6.55590772 -5.56512880 
1.66810054e-04 -9.92300350 -9.33094798 -7.92551998 -6.55590772 -5.56512880 
1.29154967e-04 -9.92300350 -9.33094798 -7.92551998 -6.55590772 -5.56512880 
1.00000000e-04 -9.92300350 -9.33094798 -7.92551998 -6.55590772 -5.56512880 
7.74263683e-05 -9.92300350 -9.33094798 -7.92551998 -6.55590772 -5.56512880 
5.99484250e-05 -9.92300350 -9.33094798 -7.92551998 -6.55590772 -5.56512880 
4.64158883e-05 -9.92300350 -9.33094798 -7.92551998 -6.55590772 -5.56512880 
3.59381366e-05 -9.92300350 -9.33094798 -7.92551998 -6.55590772 -5.56512880 
2.78255940e-05 -9.92300350 -9.33094798 -7.92551998 -6.55590772 -5.56512880 
2.15443469e-05 -9.92300350 -9.33094798 -7.92551998 -6.55590772 -5.56512880 
1.66810054e-05 -9.92300350 -9.33094798 -7.92551998 -6.55590772 -5.56512880 
1.29154967e-05 -9.92300350 -9.33094798 -7.92551998 -6.55590772 -5.56512880 
1.00000000e-05 -9.92300350 -9.33094798 -7.92551998 -6.55590772 -5.56512880 
7.74263683e-06 -9.92300350 -9.33094798 -7.92551998 -6.55590772 -5.56512880 
5.99484250e-06 -9.92300350 -9.33094798 -7.92551998 -6.55590772 -5.56512880 
4.64158883e-06 -9.92300350 -9.33094798 -7.92551998 -6.55590772 -5.56512880 
3.59381366e-06 -9.92300350 -9.33094798 -7.92551998 -6.55590772 -5.56512880 
2.78255940e-06 -9.92300350 -9.33094798 -7.92551998 -6.55590772 -5.56512880 
2.15443469e-06 -9.92300350 -9.33094798 -7.92551998 -6.55590772 -5.56512880 
1.66810054e-06 -9.92300350 -9.33094798 -7.92551998 -6.55590772 -5.56512880 
1.29154967e-06 -9.92300350 -9.33094798 -7.92551998 -6.55590772 -5.56512880 
1.00000000e-06 -9.92300350 -9.33094798 -7.92551998 -6.55590772 -5.56512880 
7.74263683e-07 -9.92300350 -9.33094798 -7.92551998 -6.55590772 -5.56512880 
5.99484250e-07 -9.92300350 -9.33094798 -7.92551998 -6.55590772 -5.56512880 
4.64158883e-07 -9.92300350 -9.33094798 -7.92551998 -6.55590772 -5.56512880 
3.59381366e-07 -9.92300350 -9.33094798 -7.92551998 -6.55590772 -5.56512880 
2.78255940e-07 -9.92300350 -9.33094798 -7.92551998 -6.55590772 -5.56512880 
2.15443469e-07 -9.92300350 -9.33094798 -7.92551998 -6.55590772 -5.56512880 
1.66810054e-07 -9.92300350 -9.33094798 -7.92551998 -6.55590772 -5.56512880 
1.29154967e-07 -9.92300350 -9.33094798 -7.92551998 -6.55590772 -5.56512880 
1.00000000e-07 -9.92300350 -9.33094798 -7.92551998 -6.55590772 -5.56512880 
7.74263683e-08 -9.92300350 -9.33094798 -7.92551998 -6.55590772 -5.56512880 
5.99484250e-08 -9.92300350 -9.33094798 -7.92551998 -6.55590772 -5.56512880 
4.64158883e-08 -9.92300350 -9.33094798 -7.92551998 -6.55590772 -5.56512880 
3.59381366e-08 -9.92300350 -9.33094798 -7.92551998 -6.55590772 -5.56512880 
2.78255940e-08 -9.92300350 -9.33094798 -7.92551998 -6.55590772 -5.56512880 
2.15443469e-08 -9.92300350 -9.33094798 -7.92551998 -6.55590772 -5.56512880 
1.66810054e-08 -9.92300350 -9.33094798 -7.92551998 -6.55590772 -5.56512880 
1.29154967e-08 -9.92300350 -9.33094798 -7.92551998 -6.55590772 -5.56512880 
1.00000000e-08 -9.92300350 -9.33094798 -7.92551998 -6.55590772 -5.56512880 
7.74263683e-09 -9.92300350 -9.33094798 -7.92551998 -6.55590772 -5.56512880 
5.99484250e-09 -9.92300350 -9.33094798 -7.92551998 -6.55590772 -5.56512880 
4.64158883e-09 -9.92300350 -9.33094798 -7.92551998 -6.55590772 -5.56512880 
3.59381366e-09 -9.92300350 -9.33094798 -7.92551998 -6.55590772 -5.56512880 
2.78255940e-09 -9.92300350 -9.33094798 -7.92551998 -6.55590772 -5.56512880 
2.15443469e-09 -9.92300350 -9.33094798 -7.92551998 -6.55590772 -5.56512880 
1.66810054e-09 -9.92300350 -9.33094798 -7.92551998 -6.55590772 -5.56512880 
1.29154967e-09 -9.92300350 -9.33094798 -7.92551998 -6.55590772 -5.56512880 
1.00000000e-09 -9.92300350 -9.33094798 -7.92551998 -6.55590772 -5.56512880 
7.74263683e-10 -9.92300350 -9.33094798 -7.92551998 -6.55590772 -5.56512880 
5.99484250e-10 -9.92300350 -9.33094798 -7.92551998 -6.55590772 -5.56512880 
4.64158883e-10 -9.92300350 -9.33094798 -7.92551998 -6.55590772 -5.56512880 
3.59381366e-10 -9.92300350 -9.33094798 -7.92551998 -6.55590772 -5.56512880 
2.78255940e-10 -9.92300350 -9.33094798 -7.92551998 -6.55590772 -5.56512880 
2.15443469e-10 -9.92300350 -9.33094798 -7.92551998 -6.55590772 -5.56512880 
1.66810054e-10 -9.92300350 -9.33094798 -7.92551998 -6.55590772 -5.56512880 
1.29154967e-10 -9.92300350 -9.33094798 -7.92551998 -6.55590772 -5.56512880 
1.00000000e-10 -9.92300350 -9.33094798 -7.92551998 -6.55590772 -5.56512880 
P (bar) | log_N2O: -2σ | log_N2O: -1σ | log_N2O: median | log_N2O: +1σ | log_N2O: +2σ 
1.00000000e+01 -6.28287593 -5.97148208 -5.67818320 -5.36748263 -5.05326314 
7.74263683e+00 -6.28287593 -5.97148208 -5.67818320 -5.36748263 -5.05326314 
5.99484250e+00 -6.28287593 -5.97148208 -5.67818320 -5.36748263 -5.05326314 
4.64158883e+00 -6.28287593 -5.97148208 -5.67818320 -5.36748263 -5.05326314 
3.59381366e+00 -6.28287593 -5.97148208 -5.67818320 -5.36748263 -5.05326314 
2.78255940e+00 -6.28287593 -5.97148208 -5.67818320 -5.36748263 -5.05326314 
2.15443469e+00 -6.28287593 -5.97148208 -5.67818320 -5.36748263 -5.05326314 
1.66810054e+00 -6.28287593 -5.97148208 -5.67818320 -5.36748263 -5.05326314 
1.29154967e+00 -6.28287593 -5.97148208 -5.67818320 -5.36748263 -5.05326314 
1.00000000e+00 -6.28287593 -5.97148208 -5.67818320 -5.36748263 -5.05326314 
7.74263683e-01 -6.28287593 -5.97148208 -5.67818320 -5.36748263 -5.05326314 
5.99484250e-01 -6.28287593 -5.97148208 -5.67818320 -5.36748263 -5.05326314 
4.64158883e-01 -6.28287593 -5.97148208 -5.67818320 -5.36748263 -5.05326314 
3.59381366e-01 -6.28287593 -5.97148208 -5.67818320 -5.36748263 -5.05326314 
2.78255940e-01 -6.28287593 -5.97148208 -5.67818320 -5.36748263 -5.05326314 
2.15443469e-01 -6.28287593 -5.97148208 -5.67818320 -5.36748263 -5.05326314 
1.66810054e-01 -6.28287593 -5.97148208 -5.67818320 -5.36748263 -5.05326314 
1.29154967e-01 -6.28287593 -5.97148208 -5.67818320 -5.36748263 -5.05326314 
1.00000000e-01 -6.28287593 -5.97148208 -5.67818320 -5.36748263 -5.05326314 
7.74263683e-02 -6.28287593 -5.97148208 -5.67818320 -5.36748263 -5.05326314 
5.99484250e-02 -6.28287593 -5.97148208 -5.67818320 -5.36748263 -5.05326314 
4.64158883e-02 -6.28287593 -5.97148208 -5.67818320 -5.36748263 -5.05326314 
3.59381366e-02 -6.28287593 -5.97148208 -5.67818320 -5.36748263 -5.05326314 
2.78255940e-02 -6.28287593 -5.97148208 -5.67818320 -5.36748263 -5.05326314 
2.15443469e-02 -6.28287593 -5.97148208 -5.67818320 -5.36748263 -5.05326314 
1.66810054e-02 -6.28287593 -5.97148208 -5.67818320 -5.36748263 -5.05326314 
1.29154967e-02 -6.28287593 -5.97148208 -5.67818320 -5.36748263 -5.05326314 
1.00000000e-02 -6.28287593 -5.97148208 -5.67818320 -5.36748263 -5.05326314 
7.74263683e-03 -6.28287593 -5.97148208 -5.67818320 -5.36748263 -5.05326314 
5.99484250e-03 -6.28287593 -5.97148208 -5.67818320 -5.36748263 -5.05326314 
4.64158883e-03 -6.28287593 -5.97148208 -5.67818320 -5.36748263 -5.05326314 
3.59381366e-03 -6.28287593 -5.97148208 -5.67818320 -5.36748263 -5.05326314 
2.78255940e-03 -6.28287593 -5.97148208 -5.67818320 -5.36748263 -5.05326314 
2.15443469e-03 -6.28287593 -5.97148208 -5.67818320 -5.36748263 -5.05326314 
1.66810054e-03 -6.28287593 -5.97148208 -5.67818320 -5.36748263 -5.05326314 
1.29154967e-03 -6.28287593 -5.97148208 -5.67818320 -5.36748263 -5.05326314 
1.00000000e-03 -6.28287593 -5.97148208 -5.67818320 -5.36748263 -5.05326314 
7.74263683e-04 -6.28287593 -5.97148208 -5.67818320 -5.36748263 -5.05326314 
5.99484250e-04 -6.28287593 -5.97148208 -5.67818320 -5.36748263 -5.05326314 
4.64158883e-04 -6.28287593 -5.97148208 -5.67818320 -5.36748263 -5.05326314 
3.59381366e-04 -6.28287593 -5.97148208 -5.67818320 -5.36748263 -5.05326314 
2.78255940e-04 -6.28287593 -5.97148208 -5.67818320 -5.36748263 -5.05326314 
2.15443469e-04 -6.28287593 -5.97148208 -5.67818320 -5.36748263 -5.05326314 
1.66810054e-04 -6.28287593 -5.97148208 -5.67818320 -5.36748263 -5.05326314 
1.29154967e-04 -6.28287593 -5.97148208 -5.67818320 -5.36748263 -5.05326314 
1.00000000e-04 -6.28287593 -5.97148208 -5.67818320 -5.36748263 -5.05326314 
7.74263683e-05 -6.28287593 -5.97148208 -5.67818320 -5.36748263 -5.05326314 
5.99484250e-05 -6.28287593 -5.97148208 -5.67818320 -5.36748263 -5.05326314 
4.64158883e-05 -6.28287593 -5.97148208 -5.67818320 -5.36748263 -5.05326314 
3.59381366e-05 -6.28287593 -5.97148208 -5.67818320 -5.36748263 -5.05326314 
2.78255940e-05 -6.28287593 -5.97148208 -5.67818320 -5.36748263 -5.05326314 
2.15443469e-05 -6.28287593 -5.97148208 -5.67818320 -5.36748263 -5.05326314 
1.66810054e-05 -6.28287593 -5.97148208 -5.67818320 -5.36748263 -5.05326314 
1.29154967e-05 -6.28287593 -5.97148208 -5.67818320 -5.36748263 -5.05326314 
1.00000000e-05 -6.28287593 -5.97148208 -5.67818320 -5.36748263 -5.05326314 
7.74263683e-06 -6.28287593 -5.97148208 -5.67818320 -5.36748263 -5.05326314 
5.99484250e-06 -6.28287593 -5.97148208 -5.67818320 -5.36748263 -5.05326314 
4.64158883e-06 -6.28287593 -5.97148208 -5.67818320 -5.36748263 -5.05326314 
3.59381366e-06 -6.28287593 -5.97148208 -5.67818320 -5.36748263 -5.05326314 
2.78255940e-06 -6.28287593 -5.97148208 -5.67818320 -5.36748263 -5.05326314 
2.15443469e-06 -6.28287593 -5.97148208 -5.67818320 -5.36748263 -5.05326314 
1.66810054e-06 -6.28287593 -5.97148208 -5.67818320 -5.36748263 -5.05326314 
1.29154967e-06 -6.28287593 -5.97148208 -5.67818320 -5.36748263 -5.05326314 
1.00000000e-06 -6.28287593 -5.97148208 -5.67818320 -5.36748263 -5.05326314 
7.74263683e-07 -6.28287593 -5.97148208 -5.67818320 -5.36748263 -5.05326314 
5.99484250e-07 -6.28287593 -5.97148208 -5.67818320 -5.36748263 -5.05326314 
4.64158883e-07 -6.28287593 -5.97148208 -5.67818320 -5.36748263 -5.05326314 
3.59381366e-07 -6.28287593 -5.97148208 -5.67818320 -5.36748263 -5.05326314 
2.78255940e-07 -6.28287593 -5.97148208 -5.67818320 -5.36748263 -5.05326314 
2.15443469e-07 -6.28287593 -5.97148208 -5.67818320 -5.36748263 -5.05326314 
1.66810054e-07 -6.28287593 -5.97148208 -5.67818320 -5.36748263 -5.05326314 
1.29154967e-07 -6.28287593 -5.97148208 -5.67818320 -5.36748263 -5.05326314 
1.00000000e-07 -6.28287593 -5.97148208 -5.67818320 -5.36748263 -5.05326314 
7.74263683e-08 -6.28287593 -5.97148208 -5.67818320 -5.36748263 -5.05326314 
5.99484250e-08 -6.28287593 -5.97148208 -5.67818320 -5.36748263 -5.05326314 
4.64158883e-08 -6.28287593 -5.97148208 -5.67818320 -5.36748263 -5.05326314 
3.59381366e-08 -6.28287593 -5.97148208 -5.67818320 -5.36748263 -5.05326314 
2.78255940e-08 -6.28287593 -5.97148208 -5.67818320 -5.36748263 -5.05326314 
2.15443469e-08 -6.28287593 -5.97148208 -5.67818320 -5.36748263 -5.05326314 
1.66810054e-08 -6.28287593 -5.97148208 -5.67818320 -5.36748263 -5.05326314 
1.29154967e-08 -6.28287593 -5.97148208 -5.67818320 -5.36748263 -5.05326314 
1.00000000e-08 -6.28287593 -5.97148208 -5.67818320 -5.36748263 -5.05326314 
7.74263683e-09 -6.28287593 -5.97148208 -5.67818320 -5.36748263 -5.05326314 
5.99484250e-09 -6.28287593 -5.97148208 -5.67818320 -5.36748263 -5.05326314 
4.64158883e-09 -6.28287593 -5.97148208 -5.67818320 -5.36748263 -5.05326314 
3.59381366e-09 -6.28287593 -5.97148208 -5.67818320 -5.36748263 -5.05326314 
2.78255940e-09 -6.28287593 -5.97148208 -5.67818320 -5.36748263 -5.05326314 
2.15443469e-09 -6.28287593 -5.97148208 -5.67818320 -5.36748263 -5.05326314 
1.66810054e-09 -6.28287593 -5.97148208 -5.67818320 -5.36748263 -5.05326314 
1.29154967e-09 -6.28287593 -5.97148208 -5.67818320 -5.36748263 -5.05326314 
1.00000000e-09 -6.28287593 -5.97148208 -5.67818320 -5.36748263 -5.05326314 
7.74263683e-10 -6.28287593 -5.97148208 -5.67818320 -5.36748263 -5.05326314 
5.99484250e-10 -6.28287593 -5.97148208 -5.67818320 -5.36748263 -5.05326314 
4.64158883e-10 -6.28287593 -5.97148208 -5.67818320 -5.36748263 -5.05326314 
3.59381366e-10 -6.28287593 -5.97148208 -5.67818320 -5.36748263 -5.05326314 
2.78255940e-10 -6.28287593 -5.97148208 -5.67818320 -5.36748263 -5.05326314 
2.15443469e-10 -6.28287593 -5.97148208 -5.67818320 -5.36748263 -5.05326314 
1.66810054e-10 -6.28287593 -5.97148208 -5.67818320 -5.36748263 -5.05326314 
1.29154967e-10 -6.28287593 -5.97148208 -5.67818320 -5.36748263 -5.05326314 
1.00000000e-10 -6.28287593 -5.97148208 -5.67818320 -5.36748263 -5.05326314 
P (bar) | log_NH3: -2σ | log_NH3: -1σ | log_NH3: median | log_NH3: +1σ | log_NH3: +2σ 
1.00000000e+01 -11.85077190 -11.16832478 -9.46696538 -7.69204836 -6.73850350 
7.74263683e+00 -11.85077190 -11.16832478 -9.46696538 -7.69204836 -6.73850350 
5.99484250e+00 -11.85077190 -11.16832478 -9.46696538 -7.69204836 -6.73850350 
4.64158883e+00 -11.85077190 -11.16832478 -9.46696538 -7.69204836 -6.73850350 
3.59381366e+00 -11.85077190 -11.16832478 -9.46696538 -7.69204836 -6.73850350 
2.78255940e+00 -11.85077190 -11.16832478 -9.46696538 -7.69204836 -6.73850350 
2.15443469e+00 -11.85077190 -11.16832478 -9.46696538 -7.69204836 -6.73850350 
1.66810054e+00 -11.85077190 -11.16832478 -9.46696538 -7.69204836 -6.73850350 
1.29154967e+00 -11.85077190 -11.16832478 -9.46696538 -7.69204836 -6.73850350 
1.00000000e+00 -11.85077190 -11.16832478 -9.46696538 -7.69204836 -6.73850350 
7.74263683e-01 -11.85077190 -11.16832478 -9.46696538 -7.69204836 -6.73850350 
5.99484250e-01 -11.85077190 -11.16832478 -9.46696538 -7.69204836 -6.73850350 
4.64158883e-01 -11.85077190 -11.16832478 -9.46696538 -7.69204836 -6.73850350 
3.59381366e-01 -11.85077190 -11.16832478 -9.46696538 -7.69204836 -6.73850350 
2.78255940e-01 -11.85077190 -11.16832478 -9.46696538 -7.69204836 -6.73850350 
2.15443469e-01 -11.85077190 -11.16832478 -9.46696538 -7.69204836 -6.73850350 
1.66810054e-01 -11.85077190 -11.16832478 -9.46696538 -7.69204836 -6.73850350 
1.29154967e-01 -11.85077190 -11.16832478 -9.46696538 -7.69204836 -6.73850350 
1.00000000e-01 -11.85077190 -11.16832478 -9.46696538 -7.69204836 -6.73850350 
7.74263683e-02 -11.85077190 -11.16832478 -9.46696538 -7.69204836 -6.73850350 
5.99484250e-02 -11.85077190 -11.16832478 -9.46696538 -7.69204836 -6.73850350 
4.64158883e-02 -11.85077190 -11.16832478 -9.46696538 -7.69204836 -6.73850350 
3.59381366e-02 -11.85077190 -11.16832478 -9.46696538 -7.69204836 -6.73850350 
2.78255940e-02 -11.85077190 -11.16832478 -9.46696538 -7.69204836 -6.73850350 
2.15443469e-02 -11.85077190 -11.16832478 -9.46696538 -7.69204836 -6.73850350 
1.66810054e-02 -11.85077190 -11.16832478 -9.46696538 -7.69204836 -6.73850350 
1.29154967e-02 -11.85077190 -11.16832478 -9.46696538 -7.69204836 -6.73850350 
1.00000000e-02 -11.85077190 -11.16832478 -9.46696538 -7.69204836 -6.73850350 
7.74263683e-03 -11.85077190 -11.16832478 -9.46696538 -7.69204836 -6.73850350 
5.99484250e-03 -11.85077190 -11.16832478 -9.46696538 -7.69204836 -6.73850350 
4.64158883e-03 -11.85077190 -11.16832478 -9.46696538 -7.69204836 -6.73850350 
3.59381366e-03 -11.85077190 -11.16832478 -9.46696538 -7.69204836 -6.73850350 
2.78255940e-03 -11.85077190 -11.16832478 -9.46696538 -7.69204836 -6.73850350 
2.15443469e-03 -11.85077190 -11.16832478 -9.46696538 -7.69204836 -6.73850350 
1.66810054e-03 -11.85077190 -11.16832478 -9.46696538 -7.69204836 -6.73850350 
1.29154967e-03 -11.85077190 -11.16832478 -9.46696538 -7.69204836 -6.73850350 
1.00000000e-03 -11.85077190 -11.16832478 -9.46696538 -7.69204836 -6.73850350 
7.74263683e-04 -11.85077190 -11.16832478 -9.46696538 -7.69204836 -6.73850350 
5.99484250e-04 -11.85077190 -11.16832478 -9.46696538 -7.69204836 -6.73850350 
4.64158883e-04 -11.85077190 -11.16832478 -9.46696538 -7.69204836 -6.73850350 
3.59381366e-04 -11.85077190 -11.16832478 -9.46696538 -7.69204836 -6.73850350 
2.78255940e-04 -11.85077190 -11.16832478 -9.46696538 -7.69204836 -6.73850350 
2.15443469e-04 -11.85077190 -11.16832478 -9.46696538 -7.69204836 -6.73850350 
1.66810054e-04 -11.85077190 -11.16832478 -9.46696538 -7.69204836 -6.73850350 
1.29154967e-04 -11.85077190 -11.16832478 -9.46696538 -7.69204836 -6.73850350 
1.00000000e-04 -11.85077190 -11.16832478 -9.46696538 -7.69204836 -6.73850350 
7.74263683e-05 -11.85077190 -11.16832478 -9.46696538 -7.69204836 -6.73850350 
5.99484250e-05 -11.85077190 -11.16832478 -9.46696538 -7.69204836 -6.73850350 
4.64158883e-05 -11.85077190 -11.16832478 -9.46696538 -7.69204836 -6.73850350 
3.59381366e-05 -11.85077190 -11.16832478 -9.46696538 -7.69204836 -6.73850350 
2.78255940e-05 -11.85077190 -11.16832478 -9.46696538 -7.69204836 -6.73850350 
2.15443469e-05 -11.85077190 -11.16832478 -9.46696538 -7.69204836 -6.73850350 
1.66810054e-05 -11.85077190 -11.16832478 -9.46696538 -7.69204836 -6.73850350 
1.29154967e-05 -11.85077190 -11.16832478 -9.46696538 -7.69204836 -6.73850350 
1.00000000e-05 -11.85077190 -11.16832478 -9.46696538 -7.69204836 -6.73850350 
7.74263683e-06 -11.85077190 -11.16832478 -9.46696538 -7.69204836 -6.73850350 
5.99484250e-06 -11.85077190 -11.16832478 -9.46696538 -7.69204836 -6.73850350 
4.64158883e-06 -11.85077190 -11.16832478 -9.46696538 -7.69204836 -6.73850350 
3.59381366e-06 -11.85077190 -11.16832478 -9.46696538 -7.69204836 -6.73850350 
2.78255940e-06 -11.85077190 -11.16832478 -9.46696538 -7.69204836 -6.73850350 
2.15443469e-06 -11.85077190 -11.16832478 -9.46696538 -7.69204836 -6.73850350 
1.66810054e-06 -11.85077190 -11.16832478 -9.46696538 -7.69204836 -6.73850350 
1.29154967e-06 -11.85077190 -11.16832478 -9.46696538 -7.69204836 -6.73850350 
1.00000000e-06 -11.85077190 -11.16832478 -9.46696538 -7.69204836 -6.73850350 
7.74263683e-07 -11.85077190 -11.16832478 -9.46696538 -7.69204836 -6.73850350 
5.99484250e-07 -11.85077190 -11.16832478 -9.46696538 -7.69204836 -6.73850350 
4.64158883e-07 -11.85077190 -11.16832478 -9.46696538 -7.69204836 -6.73850350 
3.59381366e-07 -11.85077190 -11.16832478 -9.46696538 -7.69204836 -6.73850350 
2.78255940e-07 -11.85077190 -11.16832478 -9.46696538 -7.69204836 -6.73850350 
2.15443469e-07 -11.85077190 -11.16832478 -9.46696538 -7.69204836 -6.73850350 
1.66810054e-07 -11.85077190 -11.16832478 -9.46696538 -7.69204836 -6.73850350 
1.29154967e-07 -11.85077190 -11.16832478 -9.46696538 -7.69204836 -6.73850350 
1.00000000e-07 -11.85077190 -11.16832478 -9.46696538 -7.69204836 -6.73850350 
7.74263683e-08 -11.85077190 -11.16832478 -9.46696538 -7.69204836 -6.73850350 
5.99484250e-08 -11.85077190 -11.16832478 -9.46696538 -7.69204836 -6.73850350 
4.64158883e-08 -11.85077190 -11.16832478 -9.46696538 -7.69204836 -6.73850350 
3.59381366e-08 -11.85077190 -11.16832478 -9.46696538 -7.69204836 -6.73850350 
2.78255940e-08 -11.85077190 -11.16832478 -9.46696538 -7.69204836 -6.73850350 
2.15443469e-08 -11.85077190 -11.16832478 -9.46696538 -7.69204836 -6.73850350 
1.66810054e-08 -11.85077190 -11.16832478 -9.46696538 -7.69204836 -6.73850350 
1.29154967e-08 -11.85077190 -11.16832478 -9.46696538 -7.69204836 -6.73850350 
1.00000000e-08 -11.85077190 -11.16832478 -9.46696538 -7.69204836 -6.73850350 
7.74263683e-09 -11.85077190 -11.16832478 -9.46696538 -7.69204836 -6.73850350 
5.99484250e-09 -11.85077190 -11.16832478 -9.46696538 -7.69204836 -6.73850350 
4.64158883e-09 -11.85077190 -11.16832478 -9.46696538 -7.69204836 -6.73850350 
3.59381366e-09 -11.85077190 -11.16832478 -9.46696538 -7.69204836 -6.73850350 
2.78255940e-09 -11.85077190 -11.16832478 -9.46696538 -7.69204836 -6.73850350 
2.15443469e-09 -11.85077190 -11.16832478 -9.46696538 -7.69204836 -6.73850350 
1.66810054e-09 -11.85077190 -11.16832478 -9.46696538 -7.69204836 -6.73850350 
1.29154967e-09 -11.85077190 -11.16832478 -9.46696538 -7.69204836 -6.73850350 
1.00000000e-09 -11.85077190 -11.16832478 -9.46696538 -7.69204836 -6.73850350 
7.74263683e-10 -11.85077190 -11.16832478 -9.46696538 -7.69204836 -6.73850350 
5.99484250e-10 -11.85077190 -11.16832478 -9.46696538 -7.69204836 -6.73850350 
4.64158883e-10 -11.85077190 -11.16832478 -9.46696538 -7.69204836 -6.73850350 
3.59381366e-10 -11.85077190 -11.16832478 -9.46696538 -7.69204836 -6.73850350 
2.78255940e-10 -11.85077190 -11.16832478 -9.46696538 -7.69204836 -6.73850350 
2.15443469e-10 -11.85077190 -11.16832478 -9.46696538 -7.69204836 -6.73850350 
1.66810054e-10 -11.85077190 -11.16832478 -9.46696538 -7.69204836 -6.73850350 
1.29154967e-10 -11.85077190 -11.16832478 -9.46696538 -7.69204836 -6.73850350 
1.00000000e-10 -11.85077190 -11.16832478 -9.46696538 -7.69204836 -6.73850350 
