Chemical species: N2 H2O CO2 CH4 O2 O3 N2O NH3
P (bar) | log_N2: -2σ | log_N2: -1σ | log_N2: median | log_N2: +1σ | log_N2: +2σ 
1.00000000e+01 -0.04337130 -0.02977667 -0.00427097 -0.00020199 -0.00005187 
7.74263683e+00 -0.04337130 -0.02977667 -0.00427097 -0.00020199 -0.00005187 
5.99484250e+00 -0.04337130 -0.02977667 -0.00427097 -0.00020199 -0.00005187 
4.64158883e+00 -0.04337130 -0.02977667 -0.00427097 -0.00020199 -0.00005187 
3.59381366e+00 -0.04337130 -0.02977667 -0.00427097 -0.00020199 -0.00005187 
2.78255940e+00 -0.04337130 -0.02977667 -0.00427097 -0.00020199 -0.00005187 
2.15443469e+00 -0.04337130 -0.02977667 -0.00427097 -0.00020199 -0.00005187 
1.66810054e+00 -0.04337130 -0.02977667 -0.00427097 -0.00020199 -0.00005187 
1.29154967e+00 -0.04337130 -0.02977667 -0.00427097 -0.00020199 -0.00005187 
1.00000000e+00 -0.04337130 -0.02977667 -0.00427097 -0.00020199 -0.00005187 
7.74263683e-01 -0.04337130 -0.02977667 -0.00427097 -0.00020199 -0.00005187 
5.99484250e-01 -0.04337130 -0.02977667 -0.00427097 -0.00020199 -0.00005187 
4.64158883e-01 -0.04337130 -0.02977667 -0.00427097 -0.00020199 -0.00005187 
3.59381366e-01 -0.04337130 -0.02977667 -0.00427097 -0.00020199 -0.00005187 
2.78255940e-01 -0.04337130 -0.02977667 -0.00427097 -0.00020199 -0.00005187 
2.15443469e-01 -0.04337130 -0.02977667 -0.00427097 -0.00020199 -0.00005187 
1.66810054e-01 -0.04337130 -0.02977667 -0.00427097 -0.00020199 -0.00005187 
1.29154967e-01 -0.04337130 -0.02977667 -0.00427097 -0.00020199 -0.00005187 
1.00000000e-01 -0.04337130 -0.02977667 -0.00427097 -0.00020199 -0.00005187 
7.74263683e-02 -0.04337130 -0.02977667 -0.00427097 -0.00020199 -0.00005187 
5.99484250e-02 -0.04337130 -0.02977667 -0.00427097 -0.00020199 -0.00005187 
4.64158883e-02 -0.04337130 -0.02977667 -0.00427097 -0.00020199 -0.00005187 
3.59381366e-02 -0.04337130 -0.02977667 -0.00427097 -0.00020199 -0.00005187 
2.78255940e-02 -0.04337130 -0.02977667 -0.00427097 -0.00020199 -0.00005187 
2.15443469e-02 -0.04337130 -0.02977667 -0.00427097 -0.00020199 -0.00005187 
1.66810054e-02 -0.04337130 -0.02977667 -0.00427097 -0.00020199 -0.00005187 
1.29154967e-02 -0.04337130 -0.02977667 -0.00427097 -0.00020199 -0.00005187 
1.00000000e-02 -0.04337130 -0.02977667 -0.00427097 -0.00020199 -0.00005187 
7.74263683e-03 -0.04337130 -0.02977667 -0.00427097 -0.00020199 -0.00005187 
5.99484250e-03 -0.04337130 -0.02977667 -0.00427097 -0.00020199 -0.00005187 
4.64158883e-03 -0.04337130 -0.02977667 -0.00427097 -0.00020199 -0.00005187 
3.59381366e-03 -0.04337130 -0.02977667 -0.00427097 -0.00020199 -0.00005187 
2.78255940e-03 -0.04337130 -0.02977667 -0.00427097 -0.00020199 -0.00005187 
2.15443469e-03 -0.04337130 -0.02977667 -0.00427097 -0.00020199 -0.00005187 
1.66810054e-03 -0.04337130 -0.02977667 -0.00427097 -0.00020199 -0.00005187 
1.29154967e-03 -0.04337130 -0.02977667 -0.00427097 -0.00020199 -0.00005187 
1.00000000e-03 -0.04337130 -0.02977667 -0.00427097 -0.00020199 -0.00005187 
7.74263683e-04 -0.04337130 -0.02977667 -0.00427097 -0.00020199 -0.00005187 
5.99484250e-04 -0.04337130 -0.02977667 -0.00427097 -0.00020199 -0.00005187 
4.64158883e-04 -0.04337130 -0.02977667 -0.00427097 -0.00020199 -0.00005187 
3.59381366e-04 -0.04337130 -0.02977667 -0.00427097 -0.00020199 -0.00005187 
2.78255940e-04 -0.04337130 -0.02977667 -0.00427097 -0.00020199 -0.00005187 
2.15443469e-04 -0.04337130 -0.02977667 -0.00427097 -0.00020199 -0.00005187 
1.66810054e-04 -0.04337130 -0.02977667 -0.00427097 -0.00020199 -0.00005187 
1.29154967e-04 -0.04337130 -0.02977667 -0.00427097 -0.00020199 -0.00005187 
1.00000000e-04 -0.04337130 -0.02977667 -0.00427097 -0.00020199 -0.00005187 
7.74263683e-05 -0.04337130 -0.02977667 -0.00427097 -0.00020199 -0.00005187 
5.99484250e-05 -0.04337130 -0.02977667 -0.00427097 -0.00020199 -0.00005187 
4.64158883e-05 -0.04337130 -0.02977667 -0.00427097 -0.00020199 -0.00005187 
3.59381366e-05 -0.04337130 -0.02977667 -0.00427097 -0.00020199 -0.00005187 
2.78255940e-05 -0.04337130 -0.02977667 -0.00427097 -0.00020199 -0.00005187 
2.15443469e-05 -0.04337130 -0.02977667 -0.00427097 -0.00020199 -0.00005187 
1.66810054e-05 -0.04337130 -0.02977667 -0.00427097 -0.00020199 -0.00005187 
1.29154967e-05 -0.04337130 -0.02977667 -0.00427097 -0.00020199 -0.00005187 
1.00000000e-05 -0.04337130 -0.02977667 -0.00427097 -0.00020199 -0.00005187 
7.74263683e-06 -0.04337130 -0.02977667 -0.00427097 -0.00020199 -0.00005187 
5.99484250e-06 -0.04337130 -0.02977667 -0.00427097 -0.00020199 -0.00005187 
4.64158883e-06 -0.04337130 -0.02977667 -0.00427097 -0.00020199 -0.00005187 
3.59381366e-06 -0.04337130 -0.02977667 -0.00427097 -0.00020199 -0.00005187 
2.78255940e-06 -0.04337130 -0.02977667 -0.00427097 -0.00020199 -0.00005187 
2.15443469e-06 -0.04337130 -0.02977667 -0.00427097 -0.00020199 -0.00005187 
1.66810054e-06 -0.04337130 -0.02977667 -0.00427097 -0.00020199 -0.00005187 
1.29154967e-06 -0.04337130 -0.02977667 -0.00427097 -0.00020199 -0.00005187 
1.00000000e-06 -0.04337130 -0.02977667 -0.00427097 -0.00020199 -0.00005187 
7.74263683e-07 -0.04337130 -0.02977667 -0.00427097 -0.00020199 -0.00005187 
5.99484250e-07 -0.04337130 -0.02977667 -0.00427097 -0.00020199 -0.00005187 
4.64158883e-07 -0.04337130 -0.02977667 -0.00427097 -0.00020199 -0.00005187 
3.59381366e-07 -0.04337130 -0.02977667 -0.00427097 -0.00020199 -0.00005187 
2.78255940e-07 -0.04337130 -0.02977667 -0.00427097 -0.00020199 -0.00005187 
2.15443469e-07 -0.04337130 -0.02977667 -0.00427097 -0.00020199 -0.00005187 
1.66810054e-07 -0.04337130 -0.02977667 -0.00427097 -0.00020199 -0.00005187 
1.29154967e-07 -0.04337130 -0.02977667 -0.00427097 -0.00020199 -0.00005187 
1.00000000e-07 -0.04337130 -0.02977667 -0.00427097 -0.00020199 -0.00005187 
7.74263683e-08 -0.04337130 -0.02977667 -0.00427097 -0.00020199 -0.00005187 
5.99484250e-08 -0.04337130 -0.02977667 -0.00427097 -0.00020199 -0.00005187 
4.64158883e-08 -0.04337130 -0.02977667 -0.00427097 -0.00020199 -0.00005187 
3.59381366e-08 -0.04337130 -0.02977667 -0.00427097 -0.00020199 -0.00005187 
2.78255940e-08 -0.04337130 -0.02977667 -0.00427097 -0.00020199 -0.00005187 
2.15443469e-08 -0.04337130 -0.02977667 -0.00427097 -0.00020199 -0.00005187 
1.66810054e-08 -0.04337130 -0.02977667 -0.00427097 -0.00020199 -0.00005187 
1.29154967e-08 -0.04337130 -0.02977667 -0.00427097 -0.00020199 -0.00005187 
1.00000000e-08 -0.04337130 -0.02977667 -0.00427097 -0.00020199 -0.00005187 
7.74263683e-09 -0.04337130 -0.02977667 -0.00427097 -0.00020199 -0.00005187 
5.99484250e-09 -0.04337130 -0.02977667 -0.00427097 -0.00020199 -0.00005187 
4.64158883e-09 -0.04337130 -0.02977667 -0.00427097 -0.00020199 -0.00005187 
3.59381366e-09 -0.04337130 -0.02977667 -0.00427097 -0.00020199 -0.00005187 
2.78255940e-09 -0.04337130 -0.02977667 -0.00427097 -0.00020199 -0.00005187 
2.15443469e-09 -0.04337130 -0.02977667 -0.00427097 -0.00020199 -0.00005187 
1.66810054e-09 -0.04337130 -0.02977667 -0.00427097 -0.00020199 -0.00005187 
1.29154967e-09 -0.04337130 -0.02977667 -0.00427097 -0.00020199 -0.00005187 
1.00000000e-09 -0.04337130 -0.02977667 -0.00427097 -0.00020199 -0.00005187 
7.74263683e-10 -0.04337130 -0.02977667 -0.00427097 -0.00020199 -0.00005187 
5.99484250e-10 -0.04337130 -0.02977667 -0.00427097 -0.00020199 -0.00005187 
4.64158883e-10 -0.04337130 -0.02977667 -0.00427097 -0.00020199 -0.00005187 
3.59381366e-10 -0.04337130 -0.02977667 -0.00427097 -0.00020199 -0.00005187 
2.78255940e-10 -0.04337130 -0.02977667 -0.00427097 -0.00020199 -0.00005187 
2.15443469e-10 -0.04337130 -0.02977667 -0.00427097 -0.00020199 -0.00005187 
1.66810054e-10 -0.04337130 -0.02977667 -0.00427097 -0.00020199 -0.00005187 
1.29154967e-10 -0.04337130 -0.02977667 -0.00427097 -0.00020199 -0.00005187 
1.00000000e-10 -0.04337130 -0.02977667 -0.00427097 -0.00020199 -0.00005187 
P (bar) | log_H2O: -2σ | log_H2O: -1σ | log_H2O: median | log_H2O: +1σ | log_H2O: +2σ 
1.00000000e+01 -5.27760574 -4.59512105 -4.02389444 -3.42224431 -2.84131997 
7.74263683e+00 -5.27760574 -4.59512105 -4.02389444 -3.42224431 -2.84131997 
5.99484250e+00 -5.27760574 -4.59512105 -4.02389444 -3.42224431 -2.84131997 
4.64158883e+00 -5.27760574 -4.59512105 -4.02389444 -3.42224431 -2.84131997 
3.59381366e+00 -5.27760574 -4.59512105 -4.02389444 -3.42224431 -2.84131997 
2.78255940e+00 -5.27760574 -4.59512105 -4.02389444 -3.42224431 -2.84131997 
2.15443469e+00 -5.27760574 -4.59512105 -4.02389444 -3.42224431 -2.84131997 
1.66810054e+00 -5.27760574 -4.59512105 -4.02389444 -3.42224431 -2.84131997 
1.29154967e+00 -5.27760574 -4.59512105 -4.02389444 -3.42224431 -2.84131997 
1.00000000e+00 -5.27760574 -4.59512105 -4.02389444 -3.42224431 -2.84131997 
7.74263683e-01 -5.27760574 -4.59512105 -4.02389444 -3.42224431 -2.84131997 
5.99484250e-01 -5.27760574 -4.59512105 -4.02389444 -3.42224431 -2.84131997 
4.64158883e-01 -5.27760574 -4.59512105 -4.02389444 -3.42224431 -2.84131997 
3.59381366e-01 -5.27760574 -4.59512105 -4.02389444 -3.42224431 -2.84131997 
2.78255940e-01 -5.27760574 -4.59512105 -4.02389444 -3.42224431 -2.84131997 
2.15443469e-01 -5.27760574 -4.59512105 -4.02389444 -3.42224431 -2.84131997 
1.66810054e-01 -5.27760574 -4.59512105 -4.02389444 -3.42224431 -2.84131997 
1.29154967e-01 -5.27760574 -4.59512105 -4.02389444 -3.42224431 -2.84131997 
1.00000000e-01 -5.27760574 -4.59512105 -4.02389444 -3.42224431 -2.84131997 
7.74263683e-02 -5.27760574 -4.59512105 -4.02389444 -3.42224431 -2.84131997 
5.99484250e-02 -5.27760574 -4.59512105 -4.02389444 -3.42224431 -2.84131997 
4.64158883e-02 -5.27760574 -4.59512105 -4.02389444 -3.42224431 -2.84131997 
3.59381366e-02 -5.27760574 -4.59512105 -4.02389444 -3.42224431 -2.84131997 
2.78255940e-02 -5.27760574 -4.59512105 -4.02389444 -3.42224431 -2.84131997 
2.15443469e-02 -5.27760574 -4.59512105 -4.02389444 -3.42224431 -2.84131997 
1.66810054e-02 -5.27760574 -4.59512105 -4.02389444 -3.42224431 -2.84131997 
1.29154967e-02 -5.27760574 -4.59512105 -4.02389444 -3.42224431 -2.84131997 
1.00000000e-02 -5.27760574 -4.59512105 -4.02389444 -3.42224431 -2.84131997 
7.74263683e-03 -5.27760574 -4.59512105 -4.02389444 -3.42224431 -2.84131997 
5.99484250e-03 -5.27760574 -4.59512105 -4.02389444 -3.42224431 -2.84131997 
4.64158883e-03 -5.27760574 -4.59512105 -4.02389444 -3.42224431 -2.84131997 
3.59381366e-03 -5.27760574 -4.59512105 -4.02389444 -3.42224431 -2.84131997 
2.78255940e-03 -5.27760574 -4.59512105 -4.02389444 -3.42224431 -2.84131997 
2.15443469e-03 -5.27760574 -4.59512105 -4.02389444 -3.42224431 -2.84131997 
1.66810054e-03 -5.27760574 -4.59512105 -4.02389444 -3.42224431 -2.84131997 
1.29154967e-03 -5.27760574 -4.59512105 -4.02389444 -3.42224431 -2.84131997 
1.00000000e-03 -5.27760574 -4.59512105 -4.02389444 -3.42224431 -2.84131997 
7.74263683e-04 -5.27760574 -4.59512105 -4.02389444 -3.42224431 -2.84131997 
5.99484250e-04 -5.27760574 -4.59512105 -4.02389444 -3.42224431 -2.84131997 
4.64158883e-04 -5.27760574 -4.59512105 -4.02389444 -3.42224431 -2.84131997 
3.59381366e-04 -5.27760574 -4.59512105 -4.02389444 -3.42224431 -2.84131997 
2.78255940e-04 -5.27760574 -4.59512105 -4.02389444 -3.42224431 -2.84131997 
2.15443469e-04 -5.27760574 -4.59512105 -4.02389444 -3.42224431 -2.84131997 
1.66810054e-04 -5.27760574 -4.59512105 -4.02389444 -3.42224431 -2.84131997 
1.29154967e-04 -5.27760574 -4.59512105 -4.02389444 -3.42224431 -2.84131997 
1.00000000e-04 -5.27760574 -4.59512105 -4.02389444 -3.42224431 -2.84131997 
7.74263683e-05 -5.27760574 -4.59512105 -4.02389444 -3.42224431 -2.84131997 
5.99484250e-05 -5.27760574 -4.59512105 -4.02389444 -3.42224431 -2.84131997 
4.64158883e-05 -5.27760574 -4.59512105 -4.02389444 -3.42224431 -2.84131997 
3.59381366e-05 -5.27760574 -4.59512105 -4.02389444 -3.42224431 -2.84131997 
2.78255940e-05 -5.27760574 -4.59512105 -4.02389444 -3.42224431 -2.84131997 
2.15443469e-05 -5.27760574 -4.59512105 -4.02389444 -3.42224431 -2.84131997 
1.66810054e-05 -5.27760574 -4.59512105 -4.02389444 -3.42224431 -2.84131997 
1.29154967e-05 -5.27760574 -4.59512105 -4.02389444 -3.42224431 -2.84131997 
1.00000000e-05 -5.27760574 -4.59512105 -4.02389444 -3.42224431 -2.84131997 
7.74263683e-06 -5.27760574 -4.59512105 -4.02389444 -3.42224431 -2.84131997 
5.99484250e-06 -5.27760574 -4.59512105 -4.02389444 -3.42224431 -2.84131997 
4.64158883e-06 -5.27760574 -4.59512105 -4.02389444 -3.42224431 -2.84131997 
3.59381366e-06 -5.27760574 -4.59512105 -4.02389444 -3.42224431 -2.84131997 
2.78255940e-06 -5.27760574 -4.59512105 -4.02389444 -3.42224431 -2.84131997 
2.15443469e-06 -5.27760574 -4.59512105 -4.02389444 -3.42224431 -2.84131997 
1.66810054e-06 -5.27760574 -4.59512105 -4.02389444 -3.42224431 -2.84131997 
1.29154967e-06 -5.27760574 -4.59512105 -4.02389444 -3.42224431 -2.84131997 
1.00000000e-06 -5.27760574 -4.59512105 -4.02389444 -3.42224431 -2.84131997 
7.74263683e-07 -5.27760574 -4.59512105 -4.02389444 -3.42224431 -2.84131997 
5.99484250e-07 -5.27760574 -4.59512105 -4.02389444 -3.42224431 -2.84131997 
4.64158883e-07 -5.27760574 -4.59512105 -4.02389444 -3.42224431 -2.84131997 
3.59381366e-07 -5.27760574 -4.59512105 -4.02389444 -3.42224431 -2.84131997 
2.78255940e-07 -5.27760574 -4.59512105 -4.02389444 -3.42224431 -2.84131997 
2.15443469e-07 -5.27760574 -4.59512105 -4.02389444 -3.42224431 -2.84131997 
1.66810054e-07 -5.27760574 -4.59512105 -4.02389444 -3.42224431 -2.84131997 
1.29154967e-07 -5.27760574 -4.59512105 -4.02389444 -3.42224431 -2.84131997 
1.00000000e-07 -5.27760574 -4.59512105 -4.02389444 -3.42224431 -2.84131997 
7.74263683e-08 -5.27760574 -4.59512105 -4.02389444 -3.42224431 -2.84131997 
5.99484250e-08 -5.27760574 -4.59512105 -4.02389444 -3.42224431 -2.84131997 
4.64158883e-08 -5.27760574 -4.59512105 -4.02389444 -3.42224431 -2.84131997 
3.59381366e-08 -5.27760574 -4.59512105 -4.02389444 -3.42224431 -2.84131997 
2.78255940e-08 -5.27760574 -4.59512105 -4.02389444 -3.42224431 -2.84131997 
2.15443469e-08 -5.27760574 -4.59512105 -4.02389444 -3.42224431 -2.84131997 
1.66810054e-08 -5.27760574 -4.59512105 -4.02389444 -3.42224431 -2.84131997 
1.29154967e-08 -5.27760574 -4.59512105 -4.02389444 -3.42224431 -2.84131997 
1.00000000e-08 -5.27760574 -4.59512105 -4.02389444 -3.42224431 -2.84131997 
7.74263683e-09 -5.27760574 -4.59512105 -4.02389444 -3.42224431 -2.84131997 
5.99484250e-09 -5.27760574 -4.59512105 -4.02389444 -3.42224431 -2.84131997 
4.64158883e-09 -5.27760574 -4.59512105 -4.02389444 -3.42224431 -2.84131997 
3.59381366e-09 -5.27760574 -4.59512105 -4.02389444 -3.42224431 -2.84131997 
2.78255940e-09 -5.27760574 -4.59512105 -4.02389444 -3.42224431 -2.84131997 
2.15443469e-09 -5.27760574 -4.59512105 -4.02389444 -3.42224431 -2.84131997 
1.66810054e-09 -5.27760574 -4.59512105 -4.02389444 -3.42224431 -2.84131997 
1.29154967e-09 -5.27760574 -4.59512105 -4.02389444 -3.42224431 -2.84131997 
1.00000000e-09 -5.27760574 -4.59512105 -4.02389444 -3.42224431 -2.84131997 
7.74263683e-10 -5.27760574 -4.59512105 -4.02389444 -3.42224431 -2.84131997 
5.99484250e-10 -5.27760574 -4.59512105 -4.02389444 -3.42224431 -2.84131997 
4.64158883e-10 -5.27760574 -4.59512105 -4.02389444 -3.42224431 -2.84131997 
3.59381366e-10 -5.27760574 -4.59512105 -4.02389444 -3.42224431 -2.84131997 
2.78255940e-10 -5.27760574 -4.59512105 -4.02389444 -3.42224431 -2.84131997 
2.15443469e-10 -5.27760574 -4.59512105 -4.02389444 -3.42224431 -2.84131997 
1.66810054e-10 -5.27760574 -4.59512105 -4.02389444 -3.42224431 -2.84131997 
1.29154967e-10 -5.27760574 -4.59512105 -4.02389444 -3.42224431 -2.84131997 
1.00000000e-10 -5.27760574 -4.59512105 -4.02389444 -3.42224431 -2.84131997 
P (bar) | log_CO2: -2σ | log_CO2: -1σ | log_CO2: median | log_CO2: +1σ | log_CO2: +2σ 
1.00000000e+01 -5.06334037 -4.03220927 -3.27794733 -2.55149085 -1.75211700 
7.74263683e+00 -5.06334037 -4.03220927 -3.27794733 -2.55149085 -1.75211700 
5.99484250e+00 -5.06334037 -4.03220927 -3.27794733 -2.55149085 -1.75211700 
4.64158883e+00 -5.06334037 -4.03220927 -3.27794733 -2.55149085 -1.75211700 
3.59381366e+00 -5.06334037 -4.03220927 -3.27794733 -2.55149085 -1.75211700 
2.78255940e+00 -5.06334037 -4.03220927 -3.27794733 -2.55149085 -1.75211700 
2.15443469e+00 -5.06334037 -4.03220927 -3.27794733 -2.55149085 -1.75211700 
1.66810054e+00 -5.06334037 -4.03220927 -3.27794733 -2.55149085 -1.75211700 
1.29154967e+00 -5.06334037 -4.03220927 -3.27794733 -2.55149085 -1.75211700 
1.00000000e+00 -5.06334037 -4.03220927 -3.27794733 -2.55149085 -1.75211700 
7.74263683e-01 -5.06334037 -4.03220927 -3.27794733 -2.55149085 -1.75211700 
5.99484250e-01 -5.06334037 -4.03220927 -3.27794733 -2.55149085 -1.75211700 
4.64158883e-01 -5.06334037 -4.03220927 -3.27794733 -2.55149085 -1.75211700 
3.59381366e-01 -5.06334037 -4.03220927 -3.27794733 -2.55149085 -1.75211700 
2.78255940e-01 -5.06334037 -4.03220927 -3.27794733 -2.55149085 -1.75211700 
2.15443469e-01 -5.06334037 -4.03220927 -3.27794733 -2.55149085 -1.75211700 
1.66810054e-01 -5.06334037 -4.03220927 -3.27794733 -2.55149085 -1.75211700 
1.29154967e-01 -5.06334037 -4.03220927 -3.27794733 -2.55149085 -1.75211700 
1.00000000e-01 -5.06334037 -4.03220927 -3.27794733 -2.55149085 -1.75211700 
7.74263683e-02 -5.06334037 -4.03220927 -3.27794733 -2.55149085 -1.75211700 
5.99484250e-02 -5.06334037 -4.03220927 -3.27794733 -2.55149085 -1.75211700 
4.64158883e-02 -5.06334037 -4.03220927 -3.27794733 -2.55149085 -1.75211700 
3.59381366e-02 -5.06334037 -4.03220927 -3.27794733 -2.55149085 -1.75211700 
2.78255940e-02 -5.06334037 -4.03220927 -3.27794733 -2.55149085 -1.75211700 
2.15443469e-02 -5.06334037 -4.03220927 -3.27794733 -2.55149085 -1.75211700 
1.66810054e-02 -5.06334037 -4.03220927 -3.27794733 -2.55149085 -1.75211700 
1.29154967e-02 -5.06334037 -4.03220927 -3.27794733 -2.55149085 -1.75211700 
1.00000000e-02 -5.06334037 -4.03220927 -3.27794733 -2.55149085 -1.75211700 
7.74263683e-03 -5.06334037 -4.03220927 -3.27794733 -2.55149085 -1.75211700 
5.99484250e-03 -5.06334037 -4.03220927 -3.27794733 -2.55149085 -1.75211700 
4.64158883e-03 -5.06334037 -4.03220927 -3.27794733 -2.55149085 -1.75211700 
3.59381366e-03 -5.06334037 -4.03220927 -3.27794733 -2.55149085 -1.75211700 
2.78255940e-03 -5.06334037 -4.03220927 -3.27794733 -2.55149085 -1.75211700 
2.15443469e-03 -5.06334037 -4.03220927 -3.27794733 -2.55149085 -1.75211700 
1.66810054e-03 -5.06334037 -4.03220927 -3.27794733 -2.55149085 -1.75211700 
1.29154967e-03 -5.06334037 -4.03220927 -3.27794733 -2.55149085 -1.75211700 
1.00000000e-03 -5.06334037 -4.03220927 -3.27794733 -2.55149085 -1.75211700 
7.74263683e-04 -5.06334037 -4.03220927 -3.27794733 -2.55149085 -1.75211700 
5.99484250e-04 -5.06334037 -4.03220927 -3.27794733 -2.55149085 -1.75211700 
4.64158883e-04 -5.06334037 -4.03220927 -3.27794733 -2.55149085 -1.75211700 
3.59381366e-04 -5.06334037 -4.03220927 -3.27794733 -2.55149085 -1.75211700 
2.78255940e-04 -5.06334037 -4.03220927 -3.27794733 -2.55149085 -1.75211700 
2.15443469e-04 -5.06334037 -4.03220927 -3.27794733 -2.55149085 -1.75211700 
1.66810054e-04 -5.06334037 -4.03220927 -3.27794733 -2.55149085 -1.75211700 
1.29154967e-04 -5.06334037 -4.03220927 -3.27794733 -2.55149085 -1.75211700 
1.00000000e-04 -5.06334037 -4.03220927 -3.27794733 -2.55149085 -1.75211700 
7.74263683e-05 -5.06334037 -4.03220927 -3.27794733 -2.55149085 -1.75211700 
5.99484250e-05 -5.06334037 -4.03220927 -3.27794733 -2.55149085 -1.75211700 
4.64158883e-05 -5.06334037 -4.03220927 -3.27794733 -2.55149085 -1.75211700 
3.59381366e-05 -5.06334037 -4.03220927 -3.27794733 -2.55149085 -1.75211700 
2.78255940e-05 -5.06334037 -4.03220927 -3.27794733 -2.55149085 -1.75211700 
2.15443469e-05 -5.06334037 -4.03220927 -3.27794733 -2.55149085 -1.75211700 
1.66810054e-05 -5.06334037 -4.03220927 -3.27794733 -2.55149085 -1.75211700 
1.29154967e-05 -5.06334037 -4.03220927 -3.27794733 -2.55149085 -1.75211700 
1.00000000e-05 -5.06334037 -4.03220927 -3.27794733 -2.55149085 -1.75211700 
7.74263683e-06 -5.06334037 -4.03220927 -3.27794733 -2.55149085 -1.75211700 
5.99484250e-06 -5.06334037 -4.03220927 -3.27794733 -2.55149085 -1.75211700 
4.64158883e-06 -5.06334037 -4.03220927 -3.27794733 -2.55149085 -1.75211700 
3.59381366e-06 -5.06334037 -4.03220927 -3.27794733 -2.55149085 -1.75211700 
2.78255940e-06 -5.06334037 -4.03220927 -3.27794733 -2.55149085 -1.75211700 
2.15443469e-06 -5.06334037 -4.03220927 -3.27794733 -2.55149085 -1.75211700 
1.66810054e-06 -5.06334037 -4.03220927 -3.27794733 -2.55149085 -1.75211700 
1.29154967e-06 -5.06334037 -4.03220927 -3.27794733 -2.55149085 -1.75211700 
1.00000000e-06 -5.06334037 -4.03220927 -3.27794733 -2.55149085 -1.75211700 
7.74263683e-07 -5.06334037 -4.03220927 -3.27794733 -2.55149085 -1.75211700 
5.99484250e-07 -5.06334037 -4.03220927 -3.27794733 -2.55149085 -1.75211700 
4.64158883e-07 -5.06334037 -4.03220927 -3.27794733 -2.55149085 -1.75211700 
3.59381366e-07 -5.06334037 -4.03220927 -3.27794733 -2.55149085 -1.75211700 
2.78255940e-07 -5.06334037 -4.03220927 -3.27794733 -2.55149085 -1.75211700 
2.15443469e-07 -5.06334037 -4.03220927 -3.27794733 -2.55149085 -1.75211700 
1.66810054e-07 -5.06334037 -4.03220927 -3.27794733 -2.55149085 -1.75211700 
1.29154967e-07 -5.06334037 -4.03220927 -3.27794733 -2.55149085 -1.75211700 
1.00000000e-07 -5.06334037 -4.03220927 -3.27794733 -2.55149085 -1.75211700 
7.74263683e-08 -5.06334037 -4.03220927 -3.27794733 -2.55149085 -1.75211700 
5.99484250e-08 -5.06334037 -4.03220927 -3.27794733 -2.55149085 -1.75211700 
4.64158883e-08 -5.06334037 -4.03220927 -3.27794733 -2.55149085 -1.75211700 
3.59381366e-08 -5.06334037 -4.03220927 -3.27794733 -2.55149085 -1.75211700 
2.78255940e-08 -5.06334037 -4.03220927 -3.27794733 -2.55149085 -1.75211700 
2.15443469e-08 -5.06334037 -4.03220927 -3.27794733 -2.55149085 -1.75211700 
1.66810054e-08 -5.06334037 -4.03220927 -3.27794733 -2.55149085 -1.75211700 
1.29154967e-08 -5.06334037 -4.03220927 -3.27794733 -2.55149085 -1.75211700 
1.00000000e-08 -5.06334037 -4.03220927 -3.27794733 -2.55149085 -1.75211700 
7.74263683e-09 -5.06334037 -4.03220927 -3.27794733 -2.55149085 -1.75211700 
5.99484250e-09 -5.06334037 -4.03220927 -3.27794733 -2.55149085 -1.75211700 
4.64158883e-09 -5.06334037 -4.03220927 -3.27794733 -2.55149085 -1.75211700 
3.59381366e-09 -5.06334037 -4.03220927 -3.27794733 -2.55149085 -1.75211700 
2.78255940e-09 -5.06334037 -4.03220927 -3.27794733 -2.55149085 -1.75211700 
2.15443469e-09 -5.06334037 -4.03220927 -3.27794733 -2.55149085 -1.75211700 
1.66810054e-09 -5.06334037 -4.03220927 -3.27794733 -2.55149085 -1.75211700 
1.29154967e-09 -5.06334037 -4.03220927 -3.27794733 -2.55149085 -1.75211700 
1.00000000e-09 -5.06334037 -4.03220927 -3.27794733 -2.55149085 -1.75211700 
7.74263683e-10 -5.06334037 -4.03220927 -3.27794733 -2.55149085 -1.75211700 
5.99484250e-10 -5.06334037 -4.03220927 -3.27794733 -2.55149085 -1.75211700 
4.64158883e-10 -5.06334037 -4.03220927 -3.27794733 -2.55149085 -1.75211700 
3.59381366e-10 -5.06334037 -4.03220927 -3.27794733 -2.55149085 -1.75211700 
2.78255940e-10 -5.06334037 -4.03220927 -3.27794733 -2.55149085 -1.75211700 
2.15443469e-10 -5.06334037 -4.03220927 -3.27794733 -2.55149085 -1.75211700 
1.66810054e-10 -5.06334037 -4.03220927 -3.27794733 -2.55149085 -1.75211700 
1.29154967e-10 -5.06334037 -4.03220927 -3.27794733 -2.55149085 -1.75211700 
1.00000000e-10 -5.06334037 -4.03220927 -3.27794733 -2.55149085 -1.75211700 
P (bar) | log_CH4: -2σ | log_CH4: -1σ | log_CH4: median | log_CH4: +1σ | log_CH4: +2σ 
1.00000000e+01 -5.29426698 -4.93332620 -4.57153437 -4.15047538 -3.62384327 
7.74263683e+00 -5.29426698 -4.93332620 -4.57153437 -4.15047538 -3.62384327 
5.99484250e+00 -5.29426698 -4.93332620 -4.57153437 -4.15047538 -3.62384327 
4.64158883e+00 -5.29426698 -4.93332620 -4.57153437 -4.15047538 -3.62384327 
3.59381366e+00 -5.29426698 -4.93332620 -4.57153437 -4.15047538 -3.62384327 
2.78255940e+00 -5.29426698 -4.93332620 -4.57153437 -4.15047538 -3.62384327 
2.15443469e+00 -5.29426698 -4.93332620 -4.57153437 -4.15047538 -3.62384327 
1.66810054e+00 -5.29426698 -4.93332620 -4.57153437 -4.15047538 -3.62384327 
1.29154967e+00 -5.29426698 -4.93332620 -4.57153437 -4.15047538 -3.62384327 
1.00000000e+00 -5.29426698 -4.93332620 -4.57153437 -4.15047538 -3.62384327 
7.74263683e-01 -5.29426698 -4.93332620 -4.57153437 -4.15047538 -3.62384327 
5.99484250e-01 -5.29426698 -4.93332620 -4.57153437 -4.15047538 -3.62384327 
4.64158883e-01 -5.29426698 -4.93332620 -4.57153437 -4.15047538 -3.62384327 
3.59381366e-01 -5.29426698 -4.93332620 -4.57153437 -4.15047538 -3.62384327 
2.78255940e-01 -5.29426698 -4.93332620 -4.57153437 -4.15047538 -3.62384327 
2.15443469e-01 -5.29426698 -4.93332620 -4.57153437 -4.15047538 -3.62384327 
1.66810054e-01 -5.29426698 -4.93332620 -4.57153437 -4.15047538 -3.62384327 
1.29154967e-01 -5.29426698 -4.93332620 -4.57153437 -4.15047538 -3.62384327 
1.00000000e-01 -5.29426698 -4.93332620 -4.57153437 -4.15047538 -3.62384327 
7.74263683e-02 -5.29426698 -4.93332620 -4.57153437 -4.15047538 -3.62384327 
5.99484250e-02 -5.29426698 -4.93332620 -4.57153437 -4.15047538 -3.62384327 
4.64158883e-02 -5.29426698 -4.93332620 -4.57153437 -4.15047538 -3.62384327 
3.59381366e-02 -5.29426698 -4.93332620 -4.57153437 -4.15047538 -3.62384327 
2.78255940e-02 -5.29426698 -4.93332620 -4.57153437 -4.15047538 -3.62384327 
2.15443469e-02 -5.29426698 -4.93332620 -4.57153437 -4.15047538 -3.62384327 
1.66810054e-02 -5.29426698 -4.93332620 -4.57153437 -4.15047538 -3.62384327 
1.29154967e-02 -5.29426698 -4.93332620 -4.57153437 -4.15047538 -3.62384327 
1.00000000e-02 -5.29426698 -4.93332620 -4.57153437 -4.15047538 -3.62384327 
7.74263683e-03 -5.29426698 -4.93332620 -4.57153437 -4.15047538 -3.62384327 
5.99484250e-03 -5.29426698 -4.93332620 -4.57153437 -4.15047538 -3.62384327 
4.64158883e-03 -5.29426698 -4.93332620 -4.57153437 -4.15047538 -3.62384327 
3.59381366e-03 -5.29426698 -4.93332620 -4.57153437 -4.15047538 -3.62384327 
2.78255940e-03 -5.29426698 -4.93332620 -4.57153437 -4.15047538 -3.62384327 
2.15443469e-03 -5.29426698 -4.93332620 -4.57153437 -4.15047538 -3.62384327 
1.66810054e-03 -5.29426698 -4.93332620 -4.57153437 -4.15047538 -3.62384327 
1.29154967e-03 -5.29426698 -4.93332620 -4.57153437 -4.15047538 -3.62384327 
1.00000000e-03 -5.29426698 -4.93332620 -4.57153437 -4.15047538 -3.62384327 
7.74263683e-04 -5.29426698 -4.93332620 -4.57153437 -4.15047538 -3.62384327 
5.99484250e-04 -5.29426698 -4.93332620 -4.57153437 -4.15047538 -3.62384327 
4.64158883e-04 -5.29426698 -4.93332620 -4.57153437 -4.15047538 -3.62384327 
3.59381366e-04 -5.29426698 -4.93332620 -4.57153437 -4.15047538 -3.62384327 
2.78255940e-04 -5.29426698 -4.93332620 -4.57153437 -4.15047538 -3.62384327 
2.15443469e-04 -5.29426698 -4.93332620 -4.57153437 -4.15047538 -3.62384327 
1.66810054e-04 -5.29426698 -4.93332620 -4.57153437 -4.15047538 -3.62384327 
1.29154967e-04 -5.29426698 -4.93332620 -4.57153437 -4.15047538 -3.62384327 
1.00000000e-04 -5.29426698 -4.93332620 -4.57153437 -4.15047538 -3.62384327 
7.74263683e-05 -5.29426698 -4.93332620 -4.57153437 -4.15047538 -3.62384327 
5.99484250e-05 -5.29426698 -4.93332620 -4.57153437 -4.15047538 -3.62384327 
4.64158883e-05 -5.29426698 -4.93332620 -4.57153437 -4.15047538 -3.62384327 
3.59381366e-05 -5.29426698 -4.93332620 -4.57153437 -4.15047538 -3.62384327 
2.78255940e-05 -5.29426698 -4.93332620 -4.57153437 -4.15047538 -3.62384327 
2.15443469e-05 -5.29426698 -4.93332620 -4.57153437 -4.15047538 -3.62384327 
1.66810054e-05 -5.29426698 -4.93332620 -4.57153437 -4.15047538 -3.62384327 
1.29154967e-05 -5.29426698 -4.93332620 -4.57153437 -4.15047538 -3.62384327 
1.00000000e-05 -5.29426698 -4.93332620 -4.57153437 -4.15047538 -3.62384327 
7.74263683e-06 -5.29426698 -4.93332620 -4.57153437 -4.15047538 -3.62384327 
5.99484250e-06 -5.29426698 -4.93332620 -4.57153437 -4.15047538 -3.62384327 
4.64158883e-06 -5.29426698 -4.93332620 -4.57153437 -4.15047538 -3.62384327 
3.59381366e-06 -5.29426698 -4.93332620 -4.57153437 -4.15047538 -3.62384327 
2.78255940e-06 -5.29426698 -4.93332620 -4.57153437 -4.15047538 -3.62384327 
2.15443469e-06 -5.29426698 -4.93332620 -4.57153437 -4.15047538 -3.62384327 
1.66810054e-06 -5.29426698 -4.93332620 -4.57153437 -4.15047538 -3.62384327 
1.29154967e-06 -5.29426698 -4.93332620 -4.57153437 -4.15047538 -3.62384327 
1.00000000e-06 -5.29426698 -4.93332620 -4.57153437 -4.15047538 -3.62384327 
7.74263683e-07 -5.29426698 -4.93332620 -4.57153437 -4.15047538 -3.62384327 
5.99484250e-07 -5.29426698 -4.93332620 -4.57153437 -4.15047538 -3.62384327 
4.64158883e-07 -5.29426698 -4.93332620 -4.57153437 -4.15047538 -3.62384327 
3.59381366e-07 -5.29426698 -4.93332620 -4.57153437 -4.15047538 -3.62384327 
2.78255940e-07 -5.29426698 -4.93332620 -4.57153437 -4.15047538 -3.62384327 
2.15443469e-07 -5.29426698 -4.93332620 -4.57153437 -4.15047538 -3.62384327 
1.66810054e-07 -5.29426698 -4.93332620 -4.57153437 -4.15047538 -3.62384327 
1.29154967e-07 -5.29426698 -4.93332620 -4.57153437 -4.15047538 -3.62384327 
1.00000000e-07 -5.29426698 -4.93332620 -4.57153437 -4.15047538 -3.62384327 
7.74263683e-08 -5.29426698 -4.93332620 -4.57153437 -4.15047538 -3.62384327 
5.99484250e-08 -5.29426698 -4.93332620 -4.57153437 -4.15047538 -3.62384327 
4.64158883e-08 -5.29426698 -4.93332620 -4.57153437 -4.15047538 -3.62384327 
3.59381366e-08 -5.29426698 -4.93332620 -4.57153437 -4.15047538 -3.62384327 
2.78255940e-08 -5.29426698 -4.93332620 -4.57153437 -4.15047538 -3.62384327 
2.15443469e-08 -5.29426698 -4.93332620 -4.57153437 -4.15047538 -3.62384327 
1.66810054e-08 -5.29426698 -4.93332620 -4.57153437 -4.15047538 -3.62384327 
1.29154967e-08 -5.29426698 -4.93332620 -4.57153437 -4.15047538 -3.62384327 
1.00000000e-08 -5.29426698 -4.93332620 -4.57153437 -4.15047538 -3.62384327 
7.74263683e-09 -5.29426698 -4.93332620 -4.57153437 -4.15047538 -3.62384327 
5.99484250e-09 -5.29426698 -4.93332620 -4.57153437 -4.15047538 -3.62384327 
4.64158883e-09 -5.29426698 -4.93332620 -4.57153437 -4.15047538 -3.62384327 
3.59381366e-09 -5.29426698 -4.93332620 -4.57153437 -4.15047538 -3.62384327 
2.78255940e-09 -5.29426698 -4.93332620 -4.57153437 -4.15047538 -3.62384327 
2.15443469e-09 -5.29426698 -4.93332620 -4.57153437 -4.15047538 -3.62384327 
1.66810054e-09 -5.29426698 -4.93332620 -4.57153437 -4.15047538 -3.62384327 
1.29154967e-09 -5.29426698 -4.93332620 -4.57153437 -4.15047538 -3.62384327 
1.00000000e-09 -5.29426698 -4.93332620 -4.57153437 -4.15047538 -3.62384327 
7.74263683e-10 -5.29426698 -4.93332620 -4.57153437 -4.15047538 -3.62384327 
5.99484250e-10 -5.29426698 -4.93332620 -4.57153437 -4.15047538 -3.62384327 
4.64158883e-10 -5.29426698 -4.93332620 -4.57153437 -4.15047538 -3.62384327 
3.59381366e-10 -5.29426698 -4.93332620 -4.57153437 -4.15047538 -3.62384327 
2.78255940e-10 -5.29426698 -4.93332620 -4.57153437 -4.15047538 -3.62384327 
2.15443469e-10 -5.29426698 -4.93332620 -4.57153437 -4.15047538 -3.62384327 
1.66810054e-10 -5.29426698 -4.93332620 -4.57153437 -4.15047538 -3.62384327 
1.29154967e-10 -5.29426698 -4.93332620 -4.57153437 -4.15047538 -3.62384327 
1.00000000e-10 -5.29426698 -4.93332620 -4.57153437 -4.15047538 -3.62384327 
P (bar) | log_O2: -2σ | log_O2: -1σ | log_O2: median | log_O2: +1σ | log_O2: +2σ 
1.00000000e+01 -9.51204708 -7.41720554 -2.25236397 -1.20459234 -1.03106380 
7.74263683e+00 -9.51204708 -7.41720554 -2.25236397 -1.20459234 -1.03106380 
5.99484250e+00 -9.51204708 -7.41720554 -2.25236397 -1.20459234 -1.03106380 
4.64158883e+00 -9.51204708 -7.41720554 -2.25236397 -1.20459234 -1.03106380 
3.59381366e+00 -9.51204708 -7.41720554 -2.25236397 -1.20459234 -1.03106380 
2.78255940e+00 -9.51204708 -7.41720554 -2.25236397 -1.20459234 -1.03106380 
2.15443469e+00 -9.51204708 -7.41720554 -2.25236397 -1.20459234 -1.03106380 
1.66810054e+00 -9.51204708 -7.41720554 -2.25236397 -1.20459234 -1.03106380 
1.29154967e+00 -9.51204708 -7.41720554 -2.25236397 -1.20459234 -1.03106380 
1.00000000e+00 -9.51204708 -7.41720554 -2.25236397 -1.20459234 -1.03106380 
7.74263683e-01 -9.51204708 -7.41720554 -2.25236397 -1.20459234 -1.03106380 
5.99484250e-01 -9.51204708 -7.41720554 -2.25236397 -1.20459234 -1.03106380 
4.64158883e-01 -9.51204708 -7.41720554 -2.25236397 -1.20459234 -1.03106380 
3.59381366e-01 -9.51204708 -7.41720554 -2.25236397 -1.20459234 -1.03106380 
2.78255940e-01 -9.51204708 -7.41720554 -2.25236397 -1.20459234 -1.03106380 
2.15443469e-01 -9.51204708 -7.41720554 -2.25236397 -1.20459234 -1.03106380 
1.66810054e-01 -9.51204708 -7.41720554 -2.25236397 -1.20459234 -1.03106380 
1.29154967e-01 -9.51204708 -7.41720554 -2.25236397 -1.20459234 -1.03106380 
1.00000000e-01 -9.51204708 -7.41720554 -2.25236397 -1.20459234 -1.03106380 
7.74263683e-02 -9.51204708 -7.41720554 -2.25236397 -1.20459234 -1.03106380 
5.99484250e-02 -9.51204708 -7.41720554 -2.25236397 -1.20459234 -1.03106380 
4.64158883e-02 -9.51204708 -7.41720554 -2.25236397 -1.20459234 -1.03106380 
3.59381366e-02 -9.51204708 -7.41720554 -2.25236397 -1.20459234 -1.03106380 
2.78255940e-02 -9.51204708 -7.41720554 -2.25236397 -1.20459234 -1.03106380 
2.15443469e-02 -9.51204708 -7.41720554 -2.25236397 -1.20459234 -1.03106380 
1.66810054e-02 -9.51204708 -7.41720554 -2.25236397 -1.20459234 -1.03106380 
1.29154967e-02 -9.51204708 -7.41720554 -2.25236397 -1.20459234 -1.03106380 
1.00000000e-02 -9.51204708 -7.41720554 -2.25236397 -1.20459234 -1.03106380 
7.74263683e-03 -9.51204708 -7.41720554 -2.25236397 -1.20459234 -1.03106380 
5.99484250e-03 -9.51204708 -7.41720554 -2.25236397 -1.20459234 -1.03106380 
4.64158883e-03 -9.51204708 -7.41720554 -2.25236397 -1.20459234 -1.03106380 
3.59381366e-03 -9.51204708 -7.41720554 -2.25236397 -1.20459234 -1.03106380 
2.78255940e-03 -9.51204708 -7.41720554 -2.25236397 -1.20459234 -1.03106380 
2.15443469e-03 -9.51204708 -7.41720554 -2.25236397 -1.20459234 -1.03106380 
1.66810054e-03 -9.51204708 -7.41720554 -2.25236397 -1.20459234 -1.03106380 
1.29154967e-03 -9.51204708 -7.41720554 -2.25236397 -1.20459234 -1.03106380 
1.00000000e-03 -9.51204708 -7.41720554 -2.25236397 -1.20459234 -1.03106380 
7.74263683e-04 -9.51204708 -7.41720554 -2.25236397 -1.20459234 -1.03106380 
5.99484250e-04 -9.51204708 -7.41720554 -2.25236397 -1.20459234 -1.03106380 
4.64158883e-04 -9.51204708 -7.41720554 -2.25236397 -1.20459234 -1.03106380 
3.59381366e-04 -9.51204708 -7.41720554 -2.25236397 -1.20459234 -1.03106380 
2.78255940e-04 -9.51204708 -7.41720554 -2.25236397 -1.20459234 -1.03106380 
2.15443469e-04 -9.51204708 -7.41720554 -2.25236397 -1.20459234 -1.03106380 
1.66810054e-04 -9.51204708 -7.41720554 -2.25236397 -1.20459234 -1.03106380 
1.29154967e-04 -9.51204708 -7.41720554 -2.25236397 -1.20459234 -1.03106380 
1.00000000e-04 -9.51204708 -7.41720554 -2.25236397 -1.20459234 -1.03106380 
7.74263683e-05 -9.51204708 -7.41720554 -2.25236397 -1.20459234 -1.03106380 
5.99484250e-05 -9.51204708 -7.41720554 -2.25236397 -1.20459234 -1.03106380 
4.64158883e-05 -9.51204708 -7.41720554 -2.25236397 -1.20459234 -1.03106380 
3.59381366e-05 -9.51204708 -7.41720554 -2.25236397 -1.20459234 -1.03106380 
2.78255940e-05 -9.51204708 -7.41720554 -2.25236397 -1.20459234 -1.03106380 
2.15443469e-05 -9.51204708 -7.41720554 -2.25236397 -1.20459234 -1.03106380 
1.66810054e-05 -9.51204708 -7.41720554 -2.25236397 -1.20459234 -1.03106380 
1.29154967e-05 -9.51204708 -7.41720554 -2.25236397 -1.20459234 -1.03106380 
1.00000000e-05 -9.51204708 -7.41720554 -2.25236397 -1.20459234 -1.03106380 
7.74263683e-06 -9.51204708 -7.41720554 -2.25236397 -1.20459234 -1.03106380 
5.99484250e-06 -9.51204708 -7.41720554 -2.25236397 -1.20459234 -1.03106380 
4.64158883e-06 -9.51204708 -7.41720554 -2.25236397 -1.20459234 -1.03106380 
3.59381366e-06 -9.51204708 -7.41720554 -2.25236397 -1.20459234 -1.03106380 
2.78255940e-06 -9.51204708 -7.41720554 -2.25236397 -1.20459234 -1.03106380 
2.15443469e-06 -9.51204708 -7.41720554 -2.25236397 -1.20459234 -1.03106380 
1.66810054e-06 -9.51204708 -7.41720554 -2.25236397 -1.20459234 -1.03106380 
1.29154967e-06 -9.51204708 -7.41720554 -2.25236397 -1.20459234 -1.03106380 
1.00000000e-06 -9.51204708 -7.41720554 -2.25236397 -1.20459234 -1.03106380 
7.74263683e-07 -9.51204708 -7.41720554 -2.25236397 -1.20459234 -1.03106380 
5.99484250e-07 -9.51204708 -7.41720554 -2.25236397 -1.20459234 -1.03106380 
4.64158883e-07 -9.51204708 -7.41720554 -2.25236397 -1.20459234 -1.03106380 
3.59381366e-07 -9.51204708 -7.41720554 -2.25236397 -1.20459234 -1.03106380 
2.78255940e-07 -9.51204708 -7.41720554 -2.25236397 -1.20459234 -1.03106380 
2.15443469e-07 -9.51204708 -7.41720554 -2.25236397 -1.20459234 -1.03106380 
1.66810054e-07 -9.51204708 -7.41720554 -2.25236397 -1.20459234 -1.03106380 
1.29154967e-07 -9.51204708 -7.41720554 -2.25236397 -1.20459234 -1.03106380 
1.00000000e-07 -9.51204708 -7.41720554 -2.25236397 -1.20459234 -1.03106380 
7.74263683e-08 -9.51204708 -7.41720554 -2.25236397 -1.20459234 -1.03106380 
5.99484250e-08 -9.51204708 -7.41720554 -2.25236397 -1.20459234 -1.03106380 
4.64158883e-08 -9.51204708 -7.41720554 -2.25236397 -1.20459234 -1.03106380 
3.59381366e-08 -9.51204708 -7.41720554 -2.25236397 -1.20459234 -1.03106380 
2.78255940e-08 -9.51204708 -7.41720554 -2.25236397 -1.20459234 -1.03106380 
2.15443469e-08 -9.51204708 -7.41720554 -2.25236397 -1.20459234 -1.03106380 
1.66810054e-08 -9.51204708 -7.41720554 -2.25236397 -1.20459234 -1.03106380 
1.29154967e-08 -9.51204708 -7.41720554 -2.25236397 -1.20459234 -1.03106380 
1.00000000e-08 -9.51204708 -7.41720554 -2.25236397 -1.20459234 -1.03106380 
7.74263683e-09 -9.51204708 -7.41720554 -2.25236397 -1.20459234 -1.03106380 
5.99484250e-09 -9.51204708 -7.41720554 -2.25236397 -1.20459234 -1.03106380 
4.64158883e-09 -9.51204708 -7.41720554 -2.25236397 -1.20459234 -1.03106380 
3.59381366e-09 -9.51204708 -7.41720554 -2.25236397 -1.20459234 -1.03106380 
2.78255940e-09 -9.51204708 -7.41720554 -2.25236397 -1.20459234 -1.03106380 
2.15443469e-09 -9.51204708 -7.41720554 -2.25236397 -1.20459234 -1.03106380 
1.66810054e-09 -9.51204708 -7.41720554 -2.25236397 -1.20459234 -1.03106380 
1.29154967e-09 -9.51204708 -7.41720554 -2.25236397 -1.20459234 -1.03106380 
1.00000000e-09 -9.51204708 -7.41720554 -2.25236397 -1.20459234 -1.03106380 
7.74263683e-10 -9.51204708 -7.41720554 -2.25236397 -1.20459234 -1.03106380 
5.99484250e-10 -9.51204708 -7.41720554 -2.25236397 -1.20459234 -1.03106380 
4.64158883e-10 -9.51204708 -7.41720554 -2.25236397 -1.20459234 -1.03106380 
3.59381366e-10 -9.51204708 -7.41720554 -2.25236397 -1.20459234 -1.03106380 
2.78255940e-10 -9.51204708 -7.41720554 -2.25236397 -1.20459234 -1.03106380 
2.15443469e-10 -9.51204708 -7.41720554 -2.25236397 -1.20459234 -1.03106380 
1.66810054e-10 -9.51204708 -7.41720554 -2.25236397 -1.20459234 -1.03106380 
1.29154967e-10 -9.51204708 -7.41720554 -2.25236397 -1.20459234 -1.03106380 
1.00000000e-10 -9.51204708 -7.41720554 -2.25236397 -1.20459234 -1.03106380 
P (bar) | log_O3: -2σ | log_O3: -1σ | log_O3: median | log_O3: +1σ | log_O3: +2σ 
1.00000000e+01 -9.91561723 -9.39673279 -8.04083264 -6.35877960 -5.10873461 
7.74263683e+00 -9.91561723 -9.39673279 -8.04083264 -6.35877960 -5.10873461 
5.99484250e+00 -9.91561723 -9.39673279 -8.04083264 -6.35877960 -5.10873461 
4.64158883e+00 -9.91561723 -9.39673279 -8.04083264 -6.35877960 -5.10873461 
3.59381366e+00 -9.91561723 -9.39673279 -8.04083264 -6.35877960 -5.10873461 
2.78255940e+00 -9.91561723 -9.39673279 -8.04083264 -6.35877960 -5.10873461 
2.15443469e+00 -9.91561723 -9.39673279 -8.04083264 -6.35877960 -5.10873461 
1.66810054e+00 -9.91561723 -9.39673279 -8.04083264 -6.35877960 -5.10873461 
1.29154967e+00 -9.91561723 -9.39673279 -8.04083264 -6.35877960 -5.10873461 
1.00000000e+00 -9.91561723 -9.39673279 -8.04083264 -6.35877960 -5.10873461 
7.74263683e-01 -9.91561723 -9.39673279 -8.04083264 -6.35877960 -5.10873461 
5.99484250e-01 -9.91561723 -9.39673279 -8.04083264 -6.35877960 -5.10873461 
4.64158883e-01 -9.91561723 -9.39673279 -8.04083264 -6.35877960 -5.10873461 
3.59381366e-01 -9.91561723 -9.39673279 -8.04083264 -6.35877960 -5.10873461 
2.78255940e-01 -9.91561723 -9.39673279 -8.04083264 -6.35877960 -5.10873461 
2.15443469e-01 -9.91561723 -9.39673279 -8.04083264 -6.35877960 -5.10873461 
1.66810054e-01 -9.91561723 -9.39673279 -8.04083264 -6.35877960 -5.10873461 
1.29154967e-01 -9.91561723 -9.39673279 -8.04083264 -6.35877960 -5.10873461 
1.00000000e-01 -9.91561723 -9.39673279 -8.04083264 -6.35877960 -5.10873461 
7.74263683e-02 -9.91561723 -9.39673279 -8.04083264 -6.35877960 -5.10873461 
5.99484250e-02 -9.91561723 -9.39673279 -8.04083264 -6.35877960 -5.10873461 
4.64158883e-02 -9.91561723 -9.39673279 -8.04083264 -6.35877960 -5.10873461 
3.59381366e-02 -9.91561723 -9.39673279 -8.04083264 -6.35877960 -5.10873461 
2.78255940e-02 -9.91561723 -9.39673279 -8.04083264 -6.35877960 -5.10873461 
2.15443469e-02 -9.91561723 -9.39673279 -8.04083264 -6.35877960 -5.10873461 
1.66810054e-02 -9.91561723 -9.39673279 -8.04083264 -6.35877960 -5.10873461 
1.29154967e-02 -9.91561723 -9.39673279 -8.04083264 -6.35877960 -5.10873461 
1.00000000e-02 -9.91561723 -9.39673279 -8.04083264 -6.35877960 -5.10873461 
7.74263683e-03 -9.91561723 -9.39673279 -8.04083264 -6.35877960 -5.10873461 
5.99484250e-03 -9.91561723 -9.39673279 -8.04083264 -6.35877960 -5.10873461 
4.64158883e-03 -9.91561723 -9.39673279 -8.04083264 -6.35877960 -5.10873461 
3.59381366e-03 -9.91561723 -9.39673279 -8.04083264 -6.35877960 -5.10873461 
2.78255940e-03 -9.91561723 -9.39673279 -8.04083264 -6.35877960 -5.10873461 
2.15443469e-03 -9.91561723 -9.39673279 -8.04083264 -6.35877960 -5.10873461 
1.66810054e-03 -9.91561723 -9.39673279 -8.04083264 -6.35877960 -5.10873461 
1.29154967e-03 -9.91561723 -9.39673279 -8.04083264 -6.35877960 -5.10873461 
1.00000000e-03 -9.91561723 -9.39673279 -8.04083264 -6.35877960 -5.10873461 
7.74263683e-04 -9.91561723 -9.39673279 -8.04083264 -6.35877960 -5.10873461 
5.99484250e-04 -9.91561723 -9.39673279 -8.04083264 -6.35877960 -5.10873461 
4.64158883e-04 -9.91561723 -9.39673279 -8.04083264 -6.35877960 -5.10873461 
3.59381366e-04 -9.91561723 -9.39673279 -8.04083264 -6.35877960 -5.10873461 
2.78255940e-04 -9.91561723 -9.39673279 -8.04083264 -6.35877960 -5.10873461 
2.15443469e-04 -9.91561723 -9.39673279 -8.04083264 -6.35877960 -5.10873461 
1.66810054e-04 -9.91561723 -9.39673279 -8.04083264 -6.35877960 -5.10873461 
1.29154967e-04 -9.91561723 -9.39673279 -8.04083264 -6.35877960 -5.10873461 
1.00000000e-04 -9.91561723 -9.39673279 -8.04083264 -6.35877960 -5.10873461 
7.74263683e-05 -9.91561723 -9.39673279 -8.04083264 -6.35877960 -5.10873461 
5.99484250e-05 -9.91561723 -9.39673279 -8.04083264 -6.35877960 -5.10873461 
4.64158883e-05 -9.91561723 -9.39673279 -8.04083264 -6.35877960 -5.10873461 
3.59381366e-05 -9.91561723 -9.39673279 -8.04083264 -6.35877960 -5.10873461 
2.78255940e-05 -9.91561723 -9.39673279 -8.04083264 -6.35877960 -5.10873461 
2.15443469e-05 -9.91561723 -9.39673279 -8.04083264 -6.35877960 -5.10873461 
1.66810054e-05 -9.91561723 -9.39673279 -8.04083264 -6.35877960 -5.10873461 
1.29154967e-05 -9.91561723 -9.39673279 -8.04083264 -6.35877960 -5.10873461 
1.00000000e-05 -9.91561723 -9.39673279 -8.04083264 -6.35877960 -5.10873461 
7.74263683e-06 -9.91561723 -9.39673279 -8.04083264 -6.35877960 -5.10873461 
5.99484250e-06 -9.91561723 -9.39673279 -8.04083264 -6.35877960 -5.10873461 
4.64158883e-06 -9.91561723 -9.39673279 -8.04083264 -6.35877960 -5.10873461 
3.59381366e-06 -9.91561723 -9.39673279 -8.04083264 -6.35877960 -5.10873461 
2.78255940e-06 -9.91561723 -9.39673279 -8.04083264 -6.35877960 -5.10873461 
2.15443469e-06 -9.91561723 -9.39673279 -8.04083264 -6.35877960 -5.10873461 
1.66810054e-06 -9.91561723 -9.39673279 -8.04083264 -6.35877960 -5.10873461 
1.29154967e-06 -9.91561723 -9.39673279 -8.04083264 -6.35877960 -5.10873461 
1.00000000e-06 -9.91561723 -9.39673279 -8.04083264 -6.35877960 -5.10873461 
7.74263683e-07 -9.91561723 -9.39673279 -8.04083264 -6.35877960 -5.10873461 
5.99484250e-07 -9.91561723 -9.39673279 -8.04083264 -6.35877960 -5.10873461 
4.64158883e-07 -9.91561723 -9.39673279 -8.04083264 -6.35877960 -5.10873461 
3.59381366e-07 -9.91561723 -9.39673279 -8.04083264 -6.35877960 -5.10873461 
2.78255940e-07 -9.91561723 -9.39673279 -8.04083264 -6.35877960 -5.10873461 
2.15443469e-07 -9.91561723 -9.39673279 -8.04083264 -6.35877960 -5.10873461 
1.66810054e-07 -9.91561723 -9.39673279 -8.04083264 -6.35877960 -5.10873461 
1.29154967e-07 -9.91561723 -9.39673279 -8.04083264 -6.35877960 -5.10873461 
1.00000000e-07 -9.91561723 -9.39673279 -8.04083264 -6.35877960 -5.10873461 
7.74263683e-08 -9.91561723 -9.39673279 -8.04083264 -6.35877960 -5.10873461 
5.99484250e-08 -9.91561723 -9.39673279 -8.04083264 -6.35877960 -5.10873461 
4.64158883e-08 -9.91561723 -9.39673279 -8.04083264 -6.35877960 -5.10873461 
3.59381366e-08 -9.91561723 -9.39673279 -8.04083264 -6.35877960 -5.10873461 
2.78255940e-08 -9.91561723 -9.39673279 -8.04083264 -6.35877960 -5.10873461 
2.15443469e-08 -9.91561723 -9.39673279 -8.04083264 -6.35877960 -5.10873461 
1.66810054e-08 -9.91561723 -9.39673279 -8.04083264 -6.35877960 -5.10873461 
1.29154967e-08 -9.91561723 -9.39673279 -8.04083264 -6.35877960 -5.10873461 
1.00000000e-08 -9.91561723 -9.39673279 -8.04083264 -6.35877960 -5.10873461 
7.74263683e-09 -9.91561723 -9.39673279 -8.04083264 -6.35877960 -5.10873461 
5.99484250e-09 -9.91561723 -9.39673279 -8.04083264 -6.35877960 -5.10873461 
4.64158883e-09 -9.91561723 -9.39673279 -8.04083264 -6.35877960 -5.10873461 
3.59381366e-09 -9.91561723 -9.39673279 -8.04083264 -6.35877960 -5.10873461 
2.78255940e-09 -9.91561723 -9.39673279 -8.04083264 -6.35877960 -5.10873461 
2.15443469e-09 -9.91561723 -9.39673279 -8.04083264 -6.35877960 -5.10873461 
1.66810054e-09 -9.91561723 -9.39673279 -8.04083264 -6.35877960 -5.10873461 
1.29154967e-09 -9.91561723 -9.39673279 -8.04083264 -6.35877960 -5.10873461 
1.00000000e-09 -9.91561723 -9.39673279 -8.04083264 -6.35877960 -5.10873461 
7.74263683e-10 -9.91561723 -9.39673279 -8.04083264 -6.35877960 -5.10873461 
5.99484250e-10 -9.91561723 -9.39673279 -8.04083264 -6.35877960 -5.10873461 
4.64158883e-10 -9.91561723 -9.39673279 -8.04083264 -6.35877960 -5.10873461 
3.59381366e-10 -9.91561723 -9.39673279 -8.04083264 -6.35877960 -5.10873461 
2.78255940e-10 -9.91561723 -9.39673279 -8.04083264 -6.35877960 -5.10873461 
2.15443469e-10 -9.91561723 -9.39673279 -8.04083264 -6.35877960 -5.10873461 
1.66810054e-10 -9.91561723 -9.39673279 -8.04083264 -6.35877960 -5.10873461 
1.29154967e-10 -9.91561723 -9.39673279 -8.04083264 -6.35877960 -5.10873461 
1.00000000e-10 -9.91561723 -9.39673279 -8.04083264 -6.35877960 -5.10873461 
P (bar) | log_N2O: -2σ | log_N2O: -1σ | log_N2O: median | log_N2O: +1σ | log_N2O: +2σ 
1.00000000e+01 -9.78919677 -8.73453645 -6.84156151 -5.72136640 -4.65940804 
7.74263683e+00 -9.78919677 -8.73453645 -6.84156151 -5.72136640 -4.65940804 
5.99484250e+00 -9.78919677 -8.73453645 -6.84156151 -5.72136640 -4.65940804 
4.64158883e+00 -9.78919677 -8.73453645 -6.84156151 -5.72136640 -4.65940804 
3.59381366e+00 -9.78919677 -8.73453645 -6.84156151 -5.72136640 -4.65940804 
2.78255940e+00 -9.78919677 -8.73453645 -6.84156151 -5.72136640 -4.65940804 
2.15443469e+00 -9.78919677 -8.73453645 -6.84156151 -5.72136640 -4.65940804 
1.66810054e+00 -9.78919677 -8.73453645 -6.84156151 -5.72136640 -4.65940804 
1.29154967e+00 -9.78919677 -8.73453645 -6.84156151 -5.72136640 -4.65940804 
1.00000000e+00 -9.78919677 -8.73453645 -6.84156151 -5.72136640 -4.65940804 
7.74263683e-01 -9.78919677 -8.73453645 -6.84156151 -5.72136640 -4.65940804 
5.99484250e-01 -9.78919677 -8.73453645 -6.84156151 -5.72136640 -4.65940804 
4.64158883e-01 -9.78919677 -8.73453645 -6.84156151 -5.72136640 -4.65940804 
3.59381366e-01 -9.78919677 -8.73453645 -6.84156151 -5.72136640 -4.65940804 
2.78255940e-01 -9.78919677 -8.73453645 -6.84156151 -5.72136640 -4.65940804 
2.15443469e-01 -9.78919677 -8.73453645 -6.84156151 -5.72136640 -4.65940804 
1.66810054e-01 -9.78919677 -8.73453645 -6.84156151 -5.72136640 -4.65940804 
1.29154967e-01 -9.78919677 -8.73453645 -6.84156151 -5.72136640 -4.65940804 
1.00000000e-01 -9.78919677 -8.73453645 -6.84156151 -5.72136640 -4.65940804 
7.74263683e-02 -9.78919677 -8.73453645 -6.84156151 -5.72136640 -4.65940804 
5.99484250e-02 -9.78919677 -8.73453645 -6.84156151 -5.72136640 -4.65940804 
4.64158883e-02 -9.78919677 -8.73453645 -6.84156151 -5.72136640 -4.65940804 
3.59381366e-02 -9.78919677 -8.73453645 -6.84156151 -5.72136640 -4.65940804 
2.78255940e-02 -9.78919677 -8.73453645 -6.84156151 -5.72136640 -4.65940804 
2.15443469e-02 -9.78919677 -8.73453645 -6.84156151 -5.72136640 -4.65940804 
1.66810054e-02 -9.78919677 -8.73453645 -6.84156151 -5.72136640 -4.65940804 
1.29154967e-02 -9.78919677 -8.73453645 -6.84156151 -5.72136640 -4.65940804 
1.00000000e-02 -9.78919677 -8.73453645 -6.84156151 -5.72136640 -4.65940804 
7.74263683e-03 -9.78919677 -8.73453645 -6.84156151 -5.72136640 -4.65940804 
5.99484250e-03 -9.78919677 -8.73453645 -6.84156151 -5.72136640 -4.65940804 
4.64158883e-03 -9.78919677 -8.73453645 -6.84156151 -5.72136640 -4.65940804 
3.59381366e-03 -9.78919677 -8.73453645 -6.84156151 -5.72136640 -4.65940804 
2.78255940e-03 -9.78919677 -8.73453645 -6.84156151 -5.72136640 -4.65940804 
2.15443469e-03 -9.78919677 -8.73453645 -6.84156151 -5.72136640 -4.65940804 
1.66810054e-03 -9.78919677 -8.73453645 -6.84156151 -5.72136640 -4.65940804 
1.29154967e-03 -9.78919677 -8.73453645 -6.84156151 -5.72136640 -4.65940804 
1.00000000e-03 -9.78919677 -8.73453645 -6.84156151 -5.72136640 -4.65940804 
7.74263683e-04 -9.78919677 -8.73453645 -6.84156151 -5.72136640 -4.65940804 
5.99484250e-04 -9.78919677 -8.73453645 -6.84156151 -5.72136640 -4.65940804 
4.64158883e-04 -9.78919677 -8.73453645 -6.84156151 -5.72136640 -4.65940804 
3.59381366e-04 -9.78919677 -8.73453645 -6.84156151 -5.72136640 -4.65940804 
2.78255940e-04 -9.78919677 -8.73453645 -6.84156151 -5.72136640 -4.65940804 
2.15443469e-04 -9.78919677 -8.73453645 -6.84156151 -5.72136640 -4.65940804 
1.66810054e-04 -9.78919677 -8.73453645 -6.84156151 -5.72136640 -4.65940804 
1.29154967e-04 -9.78919677 -8.73453645 -6.84156151 -5.72136640 -4.65940804 
1.00000000e-04 -9.78919677 -8.73453645 -6.84156151 -5.72136640 -4.65940804 
7.74263683e-05 -9.78919677 -8.73453645 -6.84156151 -5.72136640 -4.65940804 
5.99484250e-05 -9.78919677 -8.73453645 -6.84156151 -5.72136640 -4.65940804 
4.64158883e-05 -9.78919677 -8.73453645 -6.84156151 -5.72136640 -4.65940804 
3.59381366e-05 -9.78919677 -8.73453645 -6.84156151 -5.72136640 -4.65940804 
2.78255940e-05 -9.78919677 -8.73453645 -6.84156151 -5.72136640 -4.65940804 
2.15443469e-05 -9.78919677 -8.73453645 -6.84156151 -5.72136640 -4.65940804 
1.66810054e-05 -9.78919677 -8.73453645 -6.84156151 -5.72136640 -4.65940804 
1.29154967e-05 -9.78919677 -8.73453645 -6.84156151 -5.72136640 -4.65940804 
1.00000000e-05 -9.78919677 -8.73453645 -6.84156151 -5.72136640 -4.65940804 
7.74263683e-06 -9.78919677 -8.73453645 -6.84156151 -5.72136640 -4.65940804 
5.99484250e-06 -9.78919677 -8.73453645 -6.84156151 -5.72136640 -4.65940804 
4.64158883e-06 -9.78919677 -8.73453645 -6.84156151 -5.72136640 -4.65940804 
3.59381366e-06 -9.78919677 -8.73453645 -6.84156151 -5.72136640 -4.65940804 
2.78255940e-06 -9.78919677 -8.73453645 -6.84156151 -5.72136640 -4.65940804 
2.15443469e-06 -9.78919677 -8.73453645 -6.84156151 -5.72136640 -4.65940804 
1.66810054e-06 -9.78919677 -8.73453645 -6.84156151 -5.72136640 -4.65940804 
1.29154967e-06 -9.78919677 -8.73453645 -6.84156151 -5.72136640 -4.65940804 
1.00000000e-06 -9.78919677 -8.73453645 -6.84156151 -5.72136640 -4.65940804 
7.74263683e-07 -9.78919677 -8.73453645 -6.84156151 -5.72136640 -4.65940804 
5.99484250e-07 -9.78919677 -8.73453645 -6.84156151 -5.72136640 -4.65940804 
4.64158883e-07 -9.78919677 -8.73453645 -6.84156151 -5.72136640 -4.65940804 
3.59381366e-07 -9.78919677 -8.73453645 -6.84156151 -5.72136640 -4.65940804 
2.78255940e-07 -9.78919677 -8.73453645 -6.84156151 -5.72136640 -4.65940804 
2.15443469e-07 -9.78919677 -8.73453645 -6.84156151 -5.72136640 -4.65940804 
1.66810054e-07 -9.78919677 -8.73453645 -6.84156151 -5.72136640 -4.65940804 
1.29154967e-07 -9.78919677 -8.73453645 -6.84156151 -5.72136640 -4.65940804 
1.00000000e-07 -9.78919677 -8.73453645 -6.84156151 -5.72136640 -4.65940804 
7.74263683e-08 -9.78919677 -8.73453645 -6.84156151 -5.72136640 -4.65940804 
5.99484250e-08 -9.78919677 -8.73453645 -6.84156151 -5.72136640 -4.65940804 
4.64158883e-08 -9.78919677 -8.73453645 -6.84156151 -5.72136640 -4.65940804 
3.59381366e-08 -9.78919677 -8.73453645 -6.84156151 -5.72136640 -4.65940804 
2.78255940e-08 -9.78919677 -8.73453645 -6.84156151 -5.72136640 -4.65940804 
2.15443469e-08 -9.78919677 -8.73453645 -6.84156151 -5.72136640 -4.65940804 
1.66810054e-08 -9.78919677 -8.73453645 -6.84156151 -5.72136640 -4.65940804 
1.29154967e-08 -9.78919677 -8.73453645 -6.84156151 -5.72136640 -4.65940804 
1.00000000e-08 -9.78919677 -8.73453645 -6.84156151 -5.72136640 -4.65940804 
7.74263683e-09 -9.78919677 -8.73453645 -6.84156151 -5.72136640 -4.65940804 
5.99484250e-09 -9.78919677 -8.73453645 -6.84156151 -5.72136640 -4.65940804 
4.64158883e-09 -9.78919677 -8.73453645 -6.84156151 -5.72136640 -4.65940804 
3.59381366e-09 -9.78919677 -8.73453645 -6.84156151 -5.72136640 -4.65940804 
2.78255940e-09 -9.78919677 -8.73453645 -6.84156151 -5.72136640 -4.65940804 
2.15443469e-09 -9.78919677 -8.73453645 -6.84156151 -5.72136640 -4.65940804 
1.66810054e-09 -9.78919677 -8.73453645 -6.84156151 -5.72136640 -4.65940804 
1.29154967e-09 -9.78919677 -8.73453645 -6.84156151 -5.72136640 -4.65940804 
1.00000000e-09 -9.78919677 -8.73453645 -6.84156151 -5.72136640 -4.65940804 
7.74263683e-10 -9.78919677 -8.73453645 -6.84156151 -5.72136640 -4.65940804 
5.99484250e-10 -9.78919677 -8.73453645 -6.84156151 -5.72136640 -4.65940804 
4.64158883e-10 -9.78919677 -8.73453645 -6.84156151 -5.72136640 -4.65940804 
3.59381366e-10 -9.78919677 -8.73453645 -6.84156151 -5.72136640 -4.65940804 
2.78255940e-10 -9.78919677 -8.73453645 -6.84156151 -5.72136640 -4.65940804 
2.15443469e-10 -9.78919677 -8.73453645 -6.84156151 -5.72136640 -4.65940804 
1.66810054e-10 -9.78919677 -8.73453645 -6.84156151 -5.72136640 -4.65940804 
1.29154967e-10 -9.78919677 -8.73453645 -6.84156151 -5.72136640 -4.65940804 
1.00000000e-10 -9.78919677 -8.73453645 -6.84156151 -5.72136640 -4.65940804 
P (bar) | log_NH3: -2σ | log_NH3: -1σ | log_NH3: median | log_NH3: +1σ | log_NH3: +2σ 
1.00000000e+01 -9.88686841 -9.24751050 -7.56672860 -5.83855117 -4.80708885 
7.74263683e+00 -9.88686841 -9.24751050 -7.56672860 -5.83855117 -4.80708885 
5.99484250e+00 -9.88686841 -9.24751050 -7.56672860 -5.83855117 -4.80708885 
4.64158883e+00 -9.88686841 -9.24751050 -7.56672860 -5.83855117 -4.80708885 
3.59381366e+00 -9.88686841 -9.24751050 -7.56672860 -5.83855117 -4.80708885 
2.78255940e+00 -9.88686841 -9.24751050 -7.56672860 -5.83855117 -4.80708885 
2.15443469e+00 -9.88686841 -9.24751050 -7.56672860 -5.83855117 -4.80708885 
1.66810054e+00 -9.88686841 -9.24751050 -7.56672860 -5.83855117 -4.80708885 
1.29154967e+00 -9.88686841 -9.24751050 -7.56672860 -5.83855117 -4.80708885 
1.00000000e+00 -9.88686841 -9.24751050 -7.56672860 -5.83855117 -4.80708885 
7.74263683e-01 -9.88686841 -9.24751050 -7.56672860 -5.83855117 -4.80708885 
5.99484250e-01 -9.88686841 -9.24751050 -7.56672860 -5.83855117 -4.80708885 
4.64158883e-01 -9.88686841 -9.24751050 -7.56672860 -5.83855117 -4.80708885 
3.59381366e-01 -9.88686841 -9.24751050 -7.56672860 -5.83855117 -4.80708885 
2.78255940e-01 -9.88686841 -9.24751050 -7.56672860 -5.83855117 -4.80708885 
2.15443469e-01 -9.88686841 -9.24751050 -7.56672860 -5.83855117 -4.80708885 
1.66810054e-01 -9.88686841 -9.24751050 -7.56672860 -5.83855117 -4.80708885 
1.29154967e-01 -9.88686841 -9.24751050 -7.56672860 -5.83855117 -4.80708885 
1.00000000e-01 -9.88686841 -9.24751050 -7.56672860 -5.83855117 -4.80708885 
7.74263683e-02 -9.88686841 -9.24751050 -7.56672860 -5.83855117 -4.80708885 
5.99484250e-02 -9.88686841 -9.24751050 -7.56672860 -5.83855117 -4.80708885 
4.64158883e-02 -9.88686841 -9.24751050 -7.56672860 -5.83855117 -4.80708885 
3.59381366e-02 -9.88686841 -9.24751050 -7.56672860 -5.83855117 -4.80708885 
2.78255940e-02 -9.88686841 -9.24751050 -7.56672860 -5.83855117 -4.80708885 
2.15443469e-02 -9.88686841 -9.24751050 -7.56672860 -5.83855117 -4.80708885 
1.66810054e-02 -9.88686841 -9.24751050 -7.56672860 -5.83855117 -4.80708885 
1.29154967e-02 -9.88686841 -9.24751050 -7.56672860 -5.83855117 -4.80708885 
1.00000000e-02 -9.88686841 -9.24751050 -7.56672860 -5.83855117 -4.80708885 
7.74263683e-03 -9.88686841 -9.24751050 -7.56672860 -5.83855117 -4.80708885 
5.99484250e-03 -9.88686841 -9.24751050 -7.56672860 -5.83855117 -4.80708885 
4.64158883e-03 -9.88686841 -9.24751050 -7.56672860 -5.83855117 -4.80708885 
3.59381366e-03 -9.88686841 -9.24751050 -7.56672860 -5.83855117 -4.80708885 
2.78255940e-03 -9.88686841 -9.24751050 -7.56672860 -5.83855117 -4.80708885 
2.15443469e-03 -9.88686841 -9.24751050 -7.56672860 -5.83855117 -4.80708885 
1.66810054e-03 -9.88686841 -9.24751050 -7.56672860 -5.83855117 -4.80708885 
1.29154967e-03 -9.88686841 -9.24751050 -7.56672860 -5.83855117 -4.80708885 
1.00000000e-03 -9.88686841 -9.24751050 -7.56672860 -5.83855117 -4.80708885 
7.74263683e-04 -9.88686841 -9.24751050 -7.56672860 -5.83855117 -4.80708885 
5.99484250e-04 -9.88686841 -9.24751050 -7.56672860 -5.83855117 -4.80708885 
4.64158883e-04 -9.88686841 -9.24751050 -7.56672860 -5.83855117 -4.80708885 
3.59381366e-04 -9.88686841 -9.24751050 -7.56672860 -5.83855117 -4.80708885 
2.78255940e-04 -9.88686841 -9.24751050 -7.56672860 -5.83855117 -4.80708885 
2.15443469e-04 -9.88686841 -9.24751050 -7.56672860 -5.83855117 -4.80708885 
1.66810054e-04 -9.88686841 -9.24751050 -7.56672860 -5.83855117 -4.80708885 
1.29154967e-04 -9.88686841 -9.24751050 -7.56672860 -5.83855117 -4.80708885 
1.00000000e-04 -9.88686841 -9.24751050 -7.56672860 -5.83855117 -4.80708885 
7.74263683e-05 -9.88686841 -9.24751050 -7.56672860 -5.83855117 -4.80708885 
5.99484250e-05 -9.88686841 -9.24751050 -7.56672860 -5.83855117 -4.80708885 
4.64158883e-05 -9.88686841 -9.24751050 -7.56672860 -5.83855117 -4.80708885 
3.59381366e-05 -9.88686841 -9.24751050 -7.56672860 -5.83855117 -4.80708885 
2.78255940e-05 -9.88686841 -9.24751050 -7.56672860 -5.83855117 -4.80708885 
2.15443469e-05 -9.88686841 -9.24751050 -7.56672860 -5.83855117 -4.80708885 
1.66810054e-05 -9.88686841 -9.24751050 -7.56672860 -5.83855117 -4.80708885 
1.29154967e-05 -9.88686841 -9.24751050 -7.56672860 -5.83855117 -4.80708885 
1.00000000e-05 -9.88686841 -9.24751050 -7.56672860 -5.83855117 -4.80708885 
7.74263683e-06 -9.88686841 -9.24751050 -7.56672860 -5.83855117 -4.80708885 
5.99484250e-06 -9.88686841 -9.24751050 -7.56672860 -5.83855117 -4.80708885 
4.64158883e-06 -9.88686841 -9.24751050 -7.56672860 -5.83855117 -4.80708885 
3.59381366e-06 -9.88686841 -9.24751050 -7.56672860 -5.83855117 -4.80708885 
2.78255940e-06 -9.88686841 -9.24751050 -7.56672860 -5.83855117 -4.80708885 
2.15443469e-06 -9.88686841 -9.24751050 -7.56672860 -5.83855117 -4.80708885 
1.66810054e-06 -9.88686841 -9.24751050 -7.56672860 -5.83855117 -4.80708885 
1.29154967e-06 -9.88686841 -9.24751050 -7.56672860 -5.83855117 -4.80708885 
1.00000000e-06 -9.88686841 -9.24751050 -7.56672860 -5.83855117 -4.80708885 
7.74263683e-07 -9.88686841 -9.24751050 -7.56672860 -5.83855117 -4.80708885 
5.99484250e-07 -9.88686841 -9.24751050 -7.56672860 -5.83855117 -4.80708885 
4.64158883e-07 -9.88686841 -9.24751050 -7.56672860 -5.83855117 -4.80708885 
3.59381366e-07 -9.88686841 -9.24751050 -7.56672860 -5.83855117 -4.80708885 
2.78255940e-07 -9.88686841 -9.24751050 -7.56672860 -5.83855117 -4.80708885 
2.15443469e-07 -9.88686841 -9.24751050 -7.56672860 -5.83855117 -4.80708885 
1.66810054e-07 -9.88686841 -9.24751050 -7.56672860 -5.83855117 -4.80708885 
1.29154967e-07 -9.88686841 -9.24751050 -7.56672860 -5.83855117 -4.80708885 
1.00000000e-07 -9.88686841 -9.24751050 -7.56672860 -5.83855117 -4.80708885 
7.74263683e-08 -9.88686841 -9.24751050 -7.56672860 -5.83855117 -4.80708885 
5.99484250e-08 -9.88686841 -9.24751050 -7.56672860 -5.83855117 -4.80708885 
4.64158883e-08 -9.88686841 -9.24751050 -7.56672860 -5.83855117 -4.80708885 
3.59381366e-08 -9.88686841 -9.24751050 -7.56672860 -5.83855117 -4.80708885 
2.78255940e-08 -9.88686841 -9.24751050 -7.56672860 -5.83855117 -4.80708885 
2.15443469e-08 -9.88686841 -9.24751050 -7.56672860 -5.83855117 -4.80708885 
1.66810054e-08 -9.88686841 -9.24751050 -7.56672860 -5.83855117 -4.80708885 
1.29154967e-08 -9.88686841 -9.24751050 -7.56672860 -5.83855117 -4.80708885 
1.00000000e-08 -9.88686841 -9.24751050 -7.56672860 -5.83855117 -4.80708885 
7.74263683e-09 -9.88686841 -9.24751050 -7.56672860 -5.83855117 -4.80708885 
5.99484250e-09 -9.88686841 -9.24751050 -7.56672860 -5.83855117 -4.80708885 
4.64158883e-09 -9.88686841 -9.24751050 -7.56672860 -5.83855117 -4.80708885 
3.59381366e-09 -9.88686841 -9.24751050 -7.56672860 -5.83855117 -4.80708885 
2.78255940e-09 -9.88686841 -9.24751050 -7.56672860 -5.83855117 -4.80708885 
2.15443469e-09 -9.88686841 -9.24751050 -7.56672860 -5.83855117 -4.80708885 
1.66810054e-09 -9.88686841 -9.24751050 -7.56672860 -5.83855117 -4.80708885 
1.29154967e-09 -9.88686841 -9.24751050 -7.56672860 -5.83855117 -4.80708885 
1.00000000e-09 -9.88686841 -9.24751050 -7.56672860 -5.83855117 -4.80708885 
7.74263683e-10 -9.88686841 -9.24751050 -7.56672860 -5.83855117 -4.80708885 
5.99484250e-10 -9.88686841 -9.24751050 -7.56672860 -5.83855117 -4.80708885 
4.64158883e-10 -9.88686841 -9.24751050 -7.56672860 -5.83855117 -4.80708885 
3.59381366e-10 -9.88686841 -9.24751050 -7.56672860 -5.83855117 -4.80708885 
2.78255940e-10 -9.88686841 -9.24751050 -7.56672860 -5.83855117 -4.80708885 
2.15443469e-10 -9.88686841 -9.24751050 -7.56672860 -5.83855117 -4.80708885 
1.66810054e-10 -9.88686841 -9.24751050 -7.56672860 -5.83855117 -4.80708885 
1.29154967e-10 -9.88686841 -9.24751050 -7.56672860 -5.83855117 -4.80708885 
1.00000000e-10 -9.88686841 -9.24751050 -7.56672860 -5.83855117 -4.80708885 
