Chemical species: N2 H2O CO2 CH4 O2 O3 N2O NH3
P (bar) | log_N2: -2σ | log_N2: -1σ | log_N2: median | log_N2: +1σ | log_N2: +2σ 
1.00000000e+01 -0.06042096 -0.03013436 -0.00727453 -0.00091846 -0.00007011 
7.74263683e+00 -0.06042096 -0.03013436 -0.00727453 -0.00091846 -0.00007011 
5.99484250e+00 -0.06042096 -0.03013436 -0.00727453 -0.00091846 -0.00007011 
4.64158883e+00 -0.06042096 -0.03013436 -0.00727453 -0.00091846 -0.00007011 
3.59381366e+00 -0.06042096 -0.03013436 -0.00727453 -0.00091846 -0.00007011 
2.78255940e+00 -0.06042096 -0.03013436 -0.00727453 -0.00091846 -0.00007011 
2.15443469e+00 -0.06042096 -0.03013436 -0.00727453 -0.00091846 -0.00007011 
1.66810054e+00 -0.06042096 -0.03013436 -0.00727453 -0.00091846 -0.00007011 
1.29154967e+00 -0.06042096 -0.03013436 -0.00727453 -0.00091846 -0.00007011 
1.00000000e+00 -0.06042096 -0.03013436 -0.00727453 -0.00091846 -0.00007011 
7.74263683e-01 -0.06042096 -0.03013436 -0.00727453 -0.00091846 -0.00007011 
5.99484250e-01 -0.06042096 -0.03013436 -0.00727453 -0.00091846 -0.00007011 
4.64158883e-01 -0.06042096 -0.03013436 -0.00727453 -0.00091846 -0.00007011 
3.59381366e-01 -0.06042096 -0.03013436 -0.00727453 -0.00091846 -0.00007011 
2.78255940e-01 -0.06042096 -0.03013436 -0.00727453 -0.00091846 -0.00007011 
2.15443469e-01 -0.06042096 -0.03013436 -0.00727453 -0.00091846 -0.00007011 
1.66810054e-01 -0.06042096 -0.03013436 -0.00727453 -0.00091846 -0.00007011 
1.29154967e-01 -0.06042096 -0.03013436 -0.00727453 -0.00091846 -0.00007011 
1.00000000e-01 -0.06042096 -0.03013436 -0.00727453 -0.00091846 -0.00007011 
7.74263683e-02 -0.06042096 -0.03013436 -0.00727453 -0.00091846 -0.00007011 
5.99484250e-02 -0.06042096 -0.03013436 -0.00727453 -0.00091846 -0.00007011 
4.64158883e-02 -0.06042096 -0.03013436 -0.00727453 -0.00091846 -0.00007011 
3.59381366e-02 -0.06042096 -0.03013436 -0.00727453 -0.00091846 -0.00007011 
2.78255940e-02 -0.06042096 -0.03013436 -0.00727453 -0.00091846 -0.00007011 
2.15443469e-02 -0.06042096 -0.03013436 -0.00727453 -0.00091846 -0.00007011 
1.66810054e-02 -0.06042096 -0.03013436 -0.00727453 -0.00091846 -0.00007011 
1.29154967e-02 -0.06042096 -0.03013436 -0.00727453 -0.00091846 -0.00007011 
1.00000000e-02 -0.06042096 -0.03013436 -0.00727453 -0.00091846 -0.00007011 
7.74263683e-03 -0.06042096 -0.03013436 -0.00727453 -0.00091846 -0.00007011 
5.99484250e-03 -0.06042096 -0.03013436 -0.00727453 -0.00091846 -0.00007011 
4.64158883e-03 -0.06042096 -0.03013436 -0.00727453 -0.00091846 -0.00007011 
3.59381366e-03 -0.06042096 -0.03013436 -0.00727453 -0.00091846 -0.00007011 
2.78255940e-03 -0.06042096 -0.03013436 -0.00727453 -0.00091846 -0.00007011 
2.15443469e-03 -0.06042096 -0.03013436 -0.00727453 -0.00091846 -0.00007011 
1.66810054e-03 -0.06042096 -0.03013436 -0.00727453 -0.00091846 -0.00007011 
1.29154967e-03 -0.06042096 -0.03013436 -0.00727453 -0.00091846 -0.00007011 
1.00000000e-03 -0.06042096 -0.03013436 -0.00727453 -0.00091846 -0.00007011 
7.74263683e-04 -0.06042096 -0.03013436 -0.00727453 -0.00091846 -0.00007011 
5.99484250e-04 -0.06042096 -0.03013436 -0.00727453 -0.00091846 -0.00007011 
4.64158883e-04 -0.06042096 -0.03013436 -0.00727453 -0.00091846 -0.00007011 
3.59381366e-04 -0.06042096 -0.03013436 -0.00727453 -0.00091846 -0.00007011 
2.78255940e-04 -0.06042096 -0.03013436 -0.00727453 -0.00091846 -0.00007011 
2.15443469e-04 -0.06042096 -0.03013436 -0.00727453 -0.00091846 -0.00007011 
1.66810054e-04 -0.06042096 -0.03013436 -0.00727453 -0.00091846 -0.00007011 
1.29154967e-04 -0.06042096 -0.03013436 -0.00727453 -0.00091846 -0.00007011 
1.00000000e-04 -0.06042096 -0.03013436 -0.00727453 -0.00091846 -0.00007011 
7.74263683e-05 -0.06042096 -0.03013436 -0.00727453 -0.00091846 -0.00007011 
5.99484250e-05 -0.06042096 -0.03013436 -0.00727453 -0.00091846 -0.00007011 
4.64158883e-05 -0.06042096 -0.03013436 -0.00727453 -0.00091846 -0.00007011 
3.59381366e-05 -0.06042096 -0.03013436 -0.00727453 -0.00091846 -0.00007011 
2.78255940e-05 -0.06042096 -0.03013436 -0.00727453 -0.00091846 -0.00007011 
2.15443469e-05 -0.06042096 -0.03013436 -0.00727453 -0.00091846 -0.00007011 
1.66810054e-05 -0.06042096 -0.03013436 -0.00727453 -0.00091846 -0.00007011 
1.29154967e-05 -0.06042096 -0.03013436 -0.00727453 -0.00091846 -0.00007011 
1.00000000e-05 -0.06042096 -0.03013436 -0.00727453 -0.00091846 -0.00007011 
7.74263683e-06 -0.06042096 -0.03013436 -0.00727453 -0.00091846 -0.00007011 
5.99484250e-06 -0.06042096 -0.03013436 -0.00727453 -0.00091846 -0.00007011 
4.64158883e-06 -0.06042096 -0.03013436 -0.00727453 -0.00091846 -0.00007011 
3.59381366e-06 -0.06042096 -0.03013436 -0.00727453 -0.00091846 -0.00007011 
2.78255940e-06 -0.06042096 -0.03013436 -0.00727453 -0.00091846 -0.00007011 
2.15443469e-06 -0.06042096 -0.03013436 -0.00727453 -0.00091846 -0.00007011 
1.66810054e-06 -0.06042096 -0.03013436 -0.00727453 -0.00091846 -0.00007011 
1.29154967e-06 -0.06042096 -0.03013436 -0.00727453 -0.00091846 -0.00007011 
1.00000000e-06 -0.06042096 -0.03013436 -0.00727453 -0.00091846 -0.00007011 
7.74263683e-07 -0.06042096 -0.03013436 -0.00727453 -0.00091846 -0.00007011 
5.99484250e-07 -0.06042096 -0.03013436 -0.00727453 -0.00091846 -0.00007011 
4.64158883e-07 -0.06042096 -0.03013436 -0.00727453 -0.00091846 -0.00007011 
3.59381366e-07 -0.06042096 -0.03013436 -0.00727453 -0.00091846 -0.00007011 
2.78255940e-07 -0.06042096 -0.03013436 -0.00727453 -0.00091846 -0.00007011 
2.15443469e-07 -0.06042096 -0.03013436 -0.00727453 -0.00091846 -0.00007011 
1.66810054e-07 -0.06042096 -0.03013436 -0.00727453 -0.00091846 -0.00007011 
1.29154967e-07 -0.06042096 -0.03013436 -0.00727453 -0.00091846 -0.00007011 
1.00000000e-07 -0.06042096 -0.03013436 -0.00727453 -0.00091846 -0.00007011 
7.74263683e-08 -0.06042096 -0.03013436 -0.00727453 -0.00091846 -0.00007011 
5.99484250e-08 -0.06042096 -0.03013436 -0.00727453 -0.00091846 -0.00007011 
4.64158883e-08 -0.06042096 -0.03013436 -0.00727453 -0.00091846 -0.00007011 
3.59381366e-08 -0.06042096 -0.03013436 -0.00727453 -0.00091846 -0.00007011 
2.78255940e-08 -0.06042096 -0.03013436 -0.00727453 -0.00091846 -0.00007011 
2.15443469e-08 -0.06042096 -0.03013436 -0.00727453 -0.00091846 -0.00007011 
1.66810054e-08 -0.06042096 -0.03013436 -0.00727453 -0.00091846 -0.00007011 
1.29154967e-08 -0.06042096 -0.03013436 -0.00727453 -0.00091846 -0.00007011 
1.00000000e-08 -0.06042096 -0.03013436 -0.00727453 -0.00091846 -0.00007011 
7.74263683e-09 -0.06042096 -0.03013436 -0.00727453 -0.00091846 -0.00007011 
5.99484250e-09 -0.06042096 -0.03013436 -0.00727453 -0.00091846 -0.00007011 
4.64158883e-09 -0.06042096 -0.03013436 -0.00727453 -0.00091846 -0.00007011 
3.59381366e-09 -0.06042096 -0.03013436 -0.00727453 -0.00091846 -0.00007011 
2.78255940e-09 -0.06042096 -0.03013436 -0.00727453 -0.00091846 -0.00007011 
2.15443469e-09 -0.06042096 -0.03013436 -0.00727453 -0.00091846 -0.00007011 
1.66810054e-09 -0.06042096 -0.03013436 -0.00727453 -0.00091846 -0.00007011 
1.29154967e-09 -0.06042096 -0.03013436 -0.00727453 -0.00091846 -0.00007011 
1.00000000e-09 -0.06042096 -0.03013436 -0.00727453 -0.00091846 -0.00007011 
7.74263683e-10 -0.06042096 -0.03013436 -0.00727453 -0.00091846 -0.00007011 
5.99484250e-10 -0.06042096 -0.03013436 -0.00727453 -0.00091846 -0.00007011 
4.64158883e-10 -0.06042096 -0.03013436 -0.00727453 -0.00091846 -0.00007011 
3.59381366e-10 -0.06042096 -0.03013436 -0.00727453 -0.00091846 -0.00007011 
2.78255940e-10 -0.06042096 -0.03013436 -0.00727453 -0.00091846 -0.00007011 
2.15443469e-10 -0.06042096 -0.03013436 -0.00727453 -0.00091846 -0.00007011 
1.66810054e-10 -0.06042096 -0.03013436 -0.00727453 -0.00091846 -0.00007011 
1.29154967e-10 -0.06042096 -0.03013436 -0.00727453 -0.00091846 -0.00007011 
1.00000000e-10 -0.06042096 -0.03013436 -0.00727453 -0.00091846 -0.00007011 
P (bar) | log_H2O: -2σ | log_H2O: -1σ | log_H2O: median | log_H2O: +1σ | log_H2O: +2σ 
1.00000000e+01 -5.05052006 -3.53135120 -2.33578213 -1.51339341 -1.11067547 
7.74263683e+00 -5.05052006 -3.53135120 -2.33578213 -1.51339341 -1.11067547 
5.99484250e+00 -5.05052006 -3.53135120 -2.33578213 -1.51339341 -1.11067547 
4.64158883e+00 -5.05052006 -3.53135120 -2.33578213 -1.51339341 -1.11067547 
3.59381366e+00 -5.05052006 -3.53135120 -2.33578213 -1.51339341 -1.11067547 
2.78255940e+00 -5.05052006 -3.53135120 -2.33578213 -1.51339341 -1.11067547 
2.15443469e+00 -5.05052006 -3.53135120 -2.33578213 -1.51339341 -1.11067547 
1.66810054e+00 -5.05052006 -3.53135120 -2.33578213 -1.51339341 -1.11067547 
1.29154967e+00 -5.05052006 -3.53135120 -2.33578213 -1.51339341 -1.11067547 
1.00000000e+00 -5.05052006 -3.53135120 -2.33578213 -1.51339341 -1.11067547 
7.74263683e-01 -5.05052006 -3.53135120 -2.33578213 -1.51339341 -1.11067547 
5.99484250e-01 -5.05052006 -3.53135120 -2.33578213 -1.51339341 -1.11067547 
4.64158883e-01 -5.05052006 -3.53135120 -2.33578213 -1.51339341 -1.11067547 
3.59381366e-01 -5.05052006 -3.53135120 -2.33578213 -1.51339341 -1.11067547 
2.78255940e-01 -5.05052006 -3.53135120 -2.33578213 -1.51339341 -1.11067547 
2.15443469e-01 -5.05052006 -3.53135120 -2.33578213 -1.51339341 -1.11067547 
1.66810054e-01 -5.05052006 -3.53135120 -2.33578213 -1.51339341 -1.11067547 
1.29154967e-01 -5.05052006 -3.53135120 -2.33578213 -1.51339341 -1.11067547 
1.00000000e-01 -5.05052006 -3.53135120 -2.33578213 -1.51339341 -1.11067547 
7.74263683e-02 -5.05052006 -3.53135120 -2.33578213 -1.51339341 -1.11067547 
5.99484250e-02 -5.05052006 -3.53135120 -2.33578213 -1.51339341 -1.11067547 
4.64158883e-02 -5.05052006 -3.53135120 -2.33578213 -1.51339341 -1.11067547 
3.59381366e-02 -5.05052006 -3.53135120 -2.33578213 -1.51339341 -1.11067547 
2.78255940e-02 -5.05052006 -3.53135120 -2.33578213 -1.51339341 -1.11067547 
2.15443469e-02 -5.05052006 -3.53135120 -2.33578213 -1.51339341 -1.11067547 
1.66810054e-02 -5.05052006 -3.53135120 -2.33578213 -1.51339341 -1.11067547 
1.29154967e-02 -5.05052006 -3.53135120 -2.33578213 -1.51339341 -1.11067547 
1.00000000e-02 -5.05052006 -3.53135120 -2.33578213 -1.51339341 -1.11067547 
7.74263683e-03 -5.05052006 -3.53135120 -2.33578213 -1.51339341 -1.11067547 
5.99484250e-03 -5.05052006 -3.53135120 -2.33578213 -1.51339341 -1.11067547 
4.64158883e-03 -5.05052006 -3.53135120 -2.33578213 -1.51339341 -1.11067547 
3.59381366e-03 -5.05052006 -3.53135120 -2.33578213 -1.51339341 -1.11067547 
2.78255940e-03 -5.05052006 -3.53135120 -2.33578213 -1.51339341 -1.11067547 
2.15443469e-03 -5.05052006 -3.53135120 -2.33578213 -1.51339341 -1.11067547 
1.66810054e-03 -5.05052006 -3.53135120 -2.33578213 -1.51339341 -1.11067547 
1.29154967e-03 -5.05052006 -3.53135120 -2.33578213 -1.51339341 -1.11067547 
1.00000000e-03 -5.05052006 -3.53135120 -2.33578213 -1.51339341 -1.11067547 
7.74263683e-04 -5.05052006 -3.53135120 -2.33578213 -1.51339341 -1.11067547 
5.99484250e-04 -5.05052006 -3.53135120 -2.33578213 -1.51339341 -1.11067547 
4.64158883e-04 -5.05052006 -3.53135120 -2.33578213 -1.51339341 -1.11067547 
3.59381366e-04 -5.05052006 -3.53135120 -2.33578213 -1.51339341 -1.11067547 
2.78255940e-04 -5.05052006 -3.53135120 -2.33578213 -1.51339341 -1.11067547 
2.15443469e-04 -5.05052006 -3.53135120 -2.33578213 -1.51339341 -1.11067547 
1.66810054e-04 -5.05052006 -3.53135120 -2.33578213 -1.51339341 -1.11067547 
1.29154967e-04 -5.05052006 -3.53135120 -2.33578213 -1.51339341 -1.11067547 
1.00000000e-04 -5.05052006 -3.53135120 -2.33578213 -1.51339341 -1.11067547 
7.74263683e-05 -5.05052006 -3.53135120 -2.33578213 -1.51339341 -1.11067547 
5.99484250e-05 -5.05052006 -3.53135120 -2.33578213 -1.51339341 -1.11067547 
4.64158883e-05 -5.05052006 -3.53135120 -2.33578213 -1.51339341 -1.11067547 
3.59381366e-05 -5.05052006 -3.53135120 -2.33578213 -1.51339341 -1.11067547 
2.78255940e-05 -5.05052006 -3.53135120 -2.33578213 -1.51339341 -1.11067547 
2.15443469e-05 -5.05052006 -3.53135120 -2.33578213 -1.51339341 -1.11067547 
1.66810054e-05 -5.05052006 -3.53135120 -2.33578213 -1.51339341 -1.11067547 
1.29154967e-05 -5.05052006 -3.53135120 -2.33578213 -1.51339341 -1.11067547 
1.00000000e-05 -5.05052006 -3.53135120 -2.33578213 -1.51339341 -1.11067547 
7.74263683e-06 -5.05052006 -3.53135120 -2.33578213 -1.51339341 -1.11067547 
5.99484250e-06 -5.05052006 -3.53135120 -2.33578213 -1.51339341 -1.11067547 
4.64158883e-06 -5.05052006 -3.53135120 -2.33578213 -1.51339341 -1.11067547 
3.59381366e-06 -5.05052006 -3.53135120 -2.33578213 -1.51339341 -1.11067547 
2.78255940e-06 -5.05052006 -3.53135120 -2.33578213 -1.51339341 -1.11067547 
2.15443469e-06 -5.05052006 -3.53135120 -2.33578213 -1.51339341 -1.11067547 
1.66810054e-06 -5.05052006 -3.53135120 -2.33578213 -1.51339341 -1.11067547 
1.29154967e-06 -5.05052006 -3.53135120 -2.33578213 -1.51339341 -1.11067547 
1.00000000e-06 -5.05052006 -3.53135120 -2.33578213 -1.51339341 -1.11067547 
7.74263683e-07 -5.05052006 -3.53135120 -2.33578213 -1.51339341 -1.11067547 
5.99484250e-07 -5.05052006 -3.53135120 -2.33578213 -1.51339341 -1.11067547 
4.64158883e-07 -5.05052006 -3.53135120 -2.33578213 -1.51339341 -1.11067547 
3.59381366e-07 -5.05052006 -3.53135120 -2.33578213 -1.51339341 -1.11067547 
2.78255940e-07 -5.05052006 -3.53135120 -2.33578213 -1.51339341 -1.11067547 
2.15443469e-07 -5.05052006 -3.53135120 -2.33578213 -1.51339341 -1.11067547 
1.66810054e-07 -5.05052006 -3.53135120 -2.33578213 -1.51339341 -1.11067547 
1.29154967e-07 -5.05052006 -3.53135120 -2.33578213 -1.51339341 -1.11067547 
1.00000000e-07 -5.05052006 -3.53135120 -2.33578213 -1.51339341 -1.11067547 
7.74263683e-08 -5.05052006 -3.53135120 -2.33578213 -1.51339341 -1.11067547 
5.99484250e-08 -5.05052006 -3.53135120 -2.33578213 -1.51339341 -1.11067547 
4.64158883e-08 -5.05052006 -3.53135120 -2.33578213 -1.51339341 -1.11067547 
3.59381366e-08 -5.05052006 -3.53135120 -2.33578213 -1.51339341 -1.11067547 
2.78255940e-08 -5.05052006 -3.53135120 -2.33578213 -1.51339341 -1.11067547 
2.15443469e-08 -5.05052006 -3.53135120 -2.33578213 -1.51339341 -1.11067547 
1.66810054e-08 -5.05052006 -3.53135120 -2.33578213 -1.51339341 -1.11067547 
1.29154967e-08 -5.05052006 -3.53135120 -2.33578213 -1.51339341 -1.11067547 
1.00000000e-08 -5.05052006 -3.53135120 -2.33578213 -1.51339341 -1.11067547 
7.74263683e-09 -5.05052006 -3.53135120 -2.33578213 -1.51339341 -1.11067547 
5.99484250e-09 -5.05052006 -3.53135120 -2.33578213 -1.51339341 -1.11067547 
4.64158883e-09 -5.05052006 -3.53135120 -2.33578213 -1.51339341 -1.11067547 
3.59381366e-09 -5.05052006 -3.53135120 -2.33578213 -1.51339341 -1.11067547 
2.78255940e-09 -5.05052006 -3.53135120 -2.33578213 -1.51339341 -1.11067547 
2.15443469e-09 -5.05052006 -3.53135120 -2.33578213 -1.51339341 -1.11067547 
1.66810054e-09 -5.05052006 -3.53135120 -2.33578213 -1.51339341 -1.11067547 
1.29154967e-09 -5.05052006 -3.53135120 -2.33578213 -1.51339341 -1.11067547 
1.00000000e-09 -5.05052006 -3.53135120 -2.33578213 -1.51339341 -1.11067547 
7.74263683e-10 -5.05052006 -3.53135120 -2.33578213 -1.51339341 -1.11067547 
5.99484250e-10 -5.05052006 -3.53135120 -2.33578213 -1.51339341 -1.11067547 
4.64158883e-10 -5.05052006 -3.53135120 -2.33578213 -1.51339341 -1.11067547 
3.59381366e-10 -5.05052006 -3.53135120 -2.33578213 -1.51339341 -1.11067547 
2.78255940e-10 -5.05052006 -3.53135120 -2.33578213 -1.51339341 -1.11067547 
2.15443469e-10 -5.05052006 -3.53135120 -2.33578213 -1.51339341 -1.11067547 
1.66810054e-10 -5.05052006 -3.53135120 -2.33578213 -1.51339341 -1.11067547 
1.29154967e-10 -5.05052006 -3.53135120 -2.33578213 -1.51339341 -1.11067547 
1.00000000e-10 -5.05052006 -3.53135120 -2.33578213 -1.51339341 -1.11067547 
P (bar) | log_CO2: -2σ | log_CO2: -1σ | log_CO2: median | log_CO2: +1σ | log_CO2: +2σ 
1.00000000e+01 -9.72772534 -8.65937962 -5.94994521 -3.22295902 -1.54683739 
7.74263683e+00 -9.72772534 -8.65937962 -5.94994521 -3.22295902 -1.54683739 
5.99484250e+00 -9.72772534 -8.65937962 -5.94994521 -3.22295902 -1.54683739 
4.64158883e+00 -9.72772534 -8.65937962 -5.94994521 -3.22295902 -1.54683739 
3.59381366e+00 -9.72772534 -8.65937962 -5.94994521 -3.22295902 -1.54683739 
2.78255940e+00 -9.72772534 -8.65937962 -5.94994521 -3.22295902 -1.54683739 
2.15443469e+00 -9.72772534 -8.65937962 -5.94994521 -3.22295902 -1.54683739 
1.66810054e+00 -9.72772534 -8.65937962 -5.94994521 -3.22295902 -1.54683739 
1.29154967e+00 -9.72772534 -8.65937962 -5.94994521 -3.22295902 -1.54683739 
1.00000000e+00 -9.72772534 -8.65937962 -5.94994521 -3.22295902 -1.54683739 
7.74263683e-01 -9.72772534 -8.65937962 -5.94994521 -3.22295902 -1.54683739 
5.99484250e-01 -9.72772534 -8.65937962 -5.94994521 -3.22295902 -1.54683739 
4.64158883e-01 -9.72772534 -8.65937962 -5.94994521 -3.22295902 -1.54683739 
3.59381366e-01 -9.72772534 -8.65937962 -5.94994521 -3.22295902 -1.54683739 
2.78255940e-01 -9.72772534 -8.65937962 -5.94994521 -3.22295902 -1.54683739 
2.15443469e-01 -9.72772534 -8.65937962 -5.94994521 -3.22295902 -1.54683739 
1.66810054e-01 -9.72772534 -8.65937962 -5.94994521 -3.22295902 -1.54683739 
1.29154967e-01 -9.72772534 -8.65937962 -5.94994521 -3.22295902 -1.54683739 
1.00000000e-01 -9.72772534 -8.65937962 -5.94994521 -3.22295902 -1.54683739 
7.74263683e-02 -9.72772534 -8.65937962 -5.94994521 -3.22295902 -1.54683739 
5.99484250e-02 -9.72772534 -8.65937962 -5.94994521 -3.22295902 -1.54683739 
4.64158883e-02 -9.72772534 -8.65937962 -5.94994521 -3.22295902 -1.54683739 
3.59381366e-02 -9.72772534 -8.65937962 -5.94994521 -3.22295902 -1.54683739 
2.78255940e-02 -9.72772534 -8.65937962 -5.94994521 -3.22295902 -1.54683739 
2.15443469e-02 -9.72772534 -8.65937962 -5.94994521 -3.22295902 -1.54683739 
1.66810054e-02 -9.72772534 -8.65937962 -5.94994521 -3.22295902 -1.54683739 
1.29154967e-02 -9.72772534 -8.65937962 -5.94994521 -3.22295902 -1.54683739 
1.00000000e-02 -9.72772534 -8.65937962 -5.94994521 -3.22295902 -1.54683739 
7.74263683e-03 -9.72772534 -8.65937962 -5.94994521 -3.22295902 -1.54683739 
5.99484250e-03 -9.72772534 -8.65937962 -5.94994521 -3.22295902 -1.54683739 
4.64158883e-03 -9.72772534 -8.65937962 -5.94994521 -3.22295902 -1.54683739 
3.59381366e-03 -9.72772534 -8.65937962 -5.94994521 -3.22295902 -1.54683739 
2.78255940e-03 -9.72772534 -8.65937962 -5.94994521 -3.22295902 -1.54683739 
2.15443469e-03 -9.72772534 -8.65937962 -5.94994521 -3.22295902 -1.54683739 
1.66810054e-03 -9.72772534 -8.65937962 -5.94994521 -3.22295902 -1.54683739 
1.29154967e-03 -9.72772534 -8.65937962 -5.94994521 -3.22295902 -1.54683739 
1.00000000e-03 -9.72772534 -8.65937962 -5.94994521 -3.22295902 -1.54683739 
7.74263683e-04 -9.72772534 -8.65937962 -5.94994521 -3.22295902 -1.54683739 
5.99484250e-04 -9.72772534 -8.65937962 -5.94994521 -3.22295902 -1.54683739 
4.64158883e-04 -9.72772534 -8.65937962 -5.94994521 -3.22295902 -1.54683739 
3.59381366e-04 -9.72772534 -8.65937962 -5.94994521 -3.22295902 -1.54683739 
2.78255940e-04 -9.72772534 -8.65937962 -5.94994521 -3.22295902 -1.54683739 
2.15443469e-04 -9.72772534 -8.65937962 -5.94994521 -3.22295902 -1.54683739 
1.66810054e-04 -9.72772534 -8.65937962 -5.94994521 -3.22295902 -1.54683739 
1.29154967e-04 -9.72772534 -8.65937962 -5.94994521 -3.22295902 -1.54683739 
1.00000000e-04 -9.72772534 -8.65937962 -5.94994521 -3.22295902 -1.54683739 
7.74263683e-05 -9.72772534 -8.65937962 -5.94994521 -3.22295902 -1.54683739 
5.99484250e-05 -9.72772534 -8.65937962 -5.94994521 -3.22295902 -1.54683739 
4.64158883e-05 -9.72772534 -8.65937962 -5.94994521 -3.22295902 -1.54683739 
3.59381366e-05 -9.72772534 -8.65937962 -5.94994521 -3.22295902 -1.54683739 
2.78255940e-05 -9.72772534 -8.65937962 -5.94994521 -3.22295902 -1.54683739 
2.15443469e-05 -9.72772534 -8.65937962 -5.94994521 -3.22295902 -1.54683739 
1.66810054e-05 -9.72772534 -8.65937962 -5.94994521 -3.22295902 -1.54683739 
1.29154967e-05 -9.72772534 -8.65937962 -5.94994521 -3.22295902 -1.54683739 
1.00000000e-05 -9.72772534 -8.65937962 -5.94994521 -3.22295902 -1.54683739 
7.74263683e-06 -9.72772534 -8.65937962 -5.94994521 -3.22295902 -1.54683739 
5.99484250e-06 -9.72772534 -8.65937962 -5.94994521 -3.22295902 -1.54683739 
4.64158883e-06 -9.72772534 -8.65937962 -5.94994521 -3.22295902 -1.54683739 
3.59381366e-06 -9.72772534 -8.65937962 -5.94994521 -3.22295902 -1.54683739 
2.78255940e-06 -9.72772534 -8.65937962 -5.94994521 -3.22295902 -1.54683739 
2.15443469e-06 -9.72772534 -8.65937962 -5.94994521 -3.22295902 -1.54683739 
1.66810054e-06 -9.72772534 -8.65937962 -5.94994521 -3.22295902 -1.54683739 
1.29154967e-06 -9.72772534 -8.65937962 -5.94994521 -3.22295902 -1.54683739 
1.00000000e-06 -9.72772534 -8.65937962 -5.94994521 -3.22295902 -1.54683739 
7.74263683e-07 -9.72772534 -8.65937962 -5.94994521 -3.22295902 -1.54683739 
5.99484250e-07 -9.72772534 -8.65937962 -5.94994521 -3.22295902 -1.54683739 
4.64158883e-07 -9.72772534 -8.65937962 -5.94994521 -3.22295902 -1.54683739 
3.59381366e-07 -9.72772534 -8.65937962 -5.94994521 -3.22295902 -1.54683739 
2.78255940e-07 -9.72772534 -8.65937962 -5.94994521 -3.22295902 -1.54683739 
2.15443469e-07 -9.72772534 -8.65937962 -5.94994521 -3.22295902 -1.54683739 
1.66810054e-07 -9.72772534 -8.65937962 -5.94994521 -3.22295902 -1.54683739 
1.29154967e-07 -9.72772534 -8.65937962 -5.94994521 -3.22295902 -1.54683739 
1.00000000e-07 -9.72772534 -8.65937962 -5.94994521 -3.22295902 -1.54683739 
7.74263683e-08 -9.72772534 -8.65937962 -5.94994521 -3.22295902 -1.54683739 
5.99484250e-08 -9.72772534 -8.65937962 -5.94994521 -3.22295902 -1.54683739 
4.64158883e-08 -9.72772534 -8.65937962 -5.94994521 -3.22295902 -1.54683739 
3.59381366e-08 -9.72772534 -8.65937962 -5.94994521 -3.22295902 -1.54683739 
2.78255940e-08 -9.72772534 -8.65937962 -5.94994521 -3.22295902 -1.54683739 
2.15443469e-08 -9.72772534 -8.65937962 -5.94994521 -3.22295902 -1.54683739 
1.66810054e-08 -9.72772534 -8.65937962 -5.94994521 -3.22295902 -1.54683739 
1.29154967e-08 -9.72772534 -8.65937962 -5.94994521 -3.22295902 -1.54683739 
1.00000000e-08 -9.72772534 -8.65937962 -5.94994521 -3.22295902 -1.54683739 
7.74263683e-09 -9.72772534 -8.65937962 -5.94994521 -3.22295902 -1.54683739 
5.99484250e-09 -9.72772534 -8.65937962 -5.94994521 -3.22295902 -1.54683739 
4.64158883e-09 -9.72772534 -8.65937962 -5.94994521 -3.22295902 -1.54683739 
3.59381366e-09 -9.72772534 -8.65937962 -5.94994521 -3.22295902 -1.54683739 
2.78255940e-09 -9.72772534 -8.65937962 -5.94994521 -3.22295902 -1.54683739 
2.15443469e-09 -9.72772534 -8.65937962 -5.94994521 -3.22295902 -1.54683739 
1.66810054e-09 -9.72772534 -8.65937962 -5.94994521 -3.22295902 -1.54683739 
1.29154967e-09 -9.72772534 -8.65937962 -5.94994521 -3.22295902 -1.54683739 
1.00000000e-09 -9.72772534 -8.65937962 -5.94994521 -3.22295902 -1.54683739 
7.74263683e-10 -9.72772534 -8.65937962 -5.94994521 -3.22295902 -1.54683739 
5.99484250e-10 -9.72772534 -8.65937962 -5.94994521 -3.22295902 -1.54683739 
4.64158883e-10 -9.72772534 -8.65937962 -5.94994521 -3.22295902 -1.54683739 
3.59381366e-10 -9.72772534 -8.65937962 -5.94994521 -3.22295902 -1.54683739 
2.78255940e-10 -9.72772534 -8.65937962 -5.94994521 -3.22295902 -1.54683739 
2.15443469e-10 -9.72772534 -8.65937962 -5.94994521 -3.22295902 -1.54683739 
1.66810054e-10 -9.72772534 -8.65937962 -5.94994521 -3.22295902 -1.54683739 
1.29154967e-10 -9.72772534 -8.65937962 -5.94994521 -3.22295902 -1.54683739 
1.00000000e-10 -9.72772534 -8.65937962 -5.94994521 -3.22295902 -1.54683739 
P (bar) | log_CH4: -2σ | log_CH4: -1σ | log_CH4: median | log_CH4: +1σ | log_CH4: +2σ 
1.00000000e+01 -6.99269025 -3.94840489 -2.72870112 -1.79453629 -1.19294309 
7.74263683e+00 -6.99269025 -3.94840489 -2.72870112 -1.79453629 -1.19294309 
5.99484250e+00 -6.99269025 -3.94840489 -2.72870112 -1.79453629 -1.19294309 
4.64158883e+00 -6.99269025 -3.94840489 -2.72870112 -1.79453629 -1.19294309 
3.59381366e+00 -6.99269025 -3.94840489 -2.72870112 -1.79453629 -1.19294309 
2.78255940e+00 -6.99269025 -3.94840489 -2.72870112 -1.79453629 -1.19294309 
2.15443469e+00 -6.99269025 -3.94840489 -2.72870112 -1.79453629 -1.19294309 
1.66810054e+00 -6.99269025 -3.94840489 -2.72870112 -1.79453629 -1.19294309 
1.29154967e+00 -6.99269025 -3.94840489 -2.72870112 -1.79453629 -1.19294309 
1.00000000e+00 -6.99269025 -3.94840489 -2.72870112 -1.79453629 -1.19294309 
7.74263683e-01 -6.99269025 -3.94840489 -2.72870112 -1.79453629 -1.19294309 
5.99484250e-01 -6.99269025 -3.94840489 -2.72870112 -1.79453629 -1.19294309 
4.64158883e-01 -6.99269025 -3.94840489 -2.72870112 -1.79453629 -1.19294309 
3.59381366e-01 -6.99269025 -3.94840489 -2.72870112 -1.79453629 -1.19294309 
2.78255940e-01 -6.99269025 -3.94840489 -2.72870112 -1.79453629 -1.19294309 
2.15443469e-01 -6.99269025 -3.94840489 -2.72870112 -1.79453629 -1.19294309 
1.66810054e-01 -6.99269025 -3.94840489 -2.72870112 -1.79453629 -1.19294309 
1.29154967e-01 -6.99269025 -3.94840489 -2.72870112 -1.79453629 -1.19294309 
1.00000000e-01 -6.99269025 -3.94840489 -2.72870112 -1.79453629 -1.19294309 
7.74263683e-02 -6.99269025 -3.94840489 -2.72870112 -1.79453629 -1.19294309 
5.99484250e-02 -6.99269025 -3.94840489 -2.72870112 -1.79453629 -1.19294309 
4.64158883e-02 -6.99269025 -3.94840489 -2.72870112 -1.79453629 -1.19294309 
3.59381366e-02 -6.99269025 -3.94840489 -2.72870112 -1.79453629 -1.19294309 
2.78255940e-02 -6.99269025 -3.94840489 -2.72870112 -1.79453629 -1.19294309 
2.15443469e-02 -6.99269025 -3.94840489 -2.72870112 -1.79453629 -1.19294309 
1.66810054e-02 -6.99269025 -3.94840489 -2.72870112 -1.79453629 -1.19294309 
1.29154967e-02 -6.99269025 -3.94840489 -2.72870112 -1.79453629 -1.19294309 
1.00000000e-02 -6.99269025 -3.94840489 -2.72870112 -1.79453629 -1.19294309 
7.74263683e-03 -6.99269025 -3.94840489 -2.72870112 -1.79453629 -1.19294309 
5.99484250e-03 -6.99269025 -3.94840489 -2.72870112 -1.79453629 -1.19294309 
4.64158883e-03 -6.99269025 -3.94840489 -2.72870112 -1.79453629 -1.19294309 
3.59381366e-03 -6.99269025 -3.94840489 -2.72870112 -1.79453629 -1.19294309 
2.78255940e-03 -6.99269025 -3.94840489 -2.72870112 -1.79453629 -1.19294309 
2.15443469e-03 -6.99269025 -3.94840489 -2.72870112 -1.79453629 -1.19294309 
1.66810054e-03 -6.99269025 -3.94840489 -2.72870112 -1.79453629 -1.19294309 
1.29154967e-03 -6.99269025 -3.94840489 -2.72870112 -1.79453629 -1.19294309 
1.00000000e-03 -6.99269025 -3.94840489 -2.72870112 -1.79453629 -1.19294309 
7.74263683e-04 -6.99269025 -3.94840489 -2.72870112 -1.79453629 -1.19294309 
5.99484250e-04 -6.99269025 -3.94840489 -2.72870112 -1.79453629 -1.19294309 
4.64158883e-04 -6.99269025 -3.94840489 -2.72870112 -1.79453629 -1.19294309 
3.59381366e-04 -6.99269025 -3.94840489 -2.72870112 -1.79453629 -1.19294309 
2.78255940e-04 -6.99269025 -3.94840489 -2.72870112 -1.79453629 -1.19294309 
2.15443469e-04 -6.99269025 -3.94840489 -2.72870112 -1.79453629 -1.19294309 
1.66810054e-04 -6.99269025 -3.94840489 -2.72870112 -1.79453629 -1.19294309 
1.29154967e-04 -6.99269025 -3.94840489 -2.72870112 -1.79453629 -1.19294309 
1.00000000e-04 -6.99269025 -3.94840489 -2.72870112 -1.79453629 -1.19294309 
7.74263683e-05 -6.99269025 -3.94840489 -2.72870112 -1.79453629 -1.19294309 
5.99484250e-05 -6.99269025 -3.94840489 -2.72870112 -1.79453629 -1.19294309 
4.64158883e-05 -6.99269025 -3.94840489 -2.72870112 -1.79453629 -1.19294309 
3.59381366e-05 -6.99269025 -3.94840489 -2.72870112 -1.79453629 -1.19294309 
2.78255940e-05 -6.99269025 -3.94840489 -2.72870112 -1.79453629 -1.19294309 
2.15443469e-05 -6.99269025 -3.94840489 -2.72870112 -1.79453629 -1.19294309 
1.66810054e-05 -6.99269025 -3.94840489 -2.72870112 -1.79453629 -1.19294309 
1.29154967e-05 -6.99269025 -3.94840489 -2.72870112 -1.79453629 -1.19294309 
1.00000000e-05 -6.99269025 -3.94840489 -2.72870112 -1.79453629 -1.19294309 
7.74263683e-06 -6.99269025 -3.94840489 -2.72870112 -1.79453629 -1.19294309 
5.99484250e-06 -6.99269025 -3.94840489 -2.72870112 -1.79453629 -1.19294309 
4.64158883e-06 -6.99269025 -3.94840489 -2.72870112 -1.79453629 -1.19294309 
3.59381366e-06 -6.99269025 -3.94840489 -2.72870112 -1.79453629 -1.19294309 
2.78255940e-06 -6.99269025 -3.94840489 -2.72870112 -1.79453629 -1.19294309 
2.15443469e-06 -6.99269025 -3.94840489 -2.72870112 -1.79453629 -1.19294309 
1.66810054e-06 -6.99269025 -3.94840489 -2.72870112 -1.79453629 -1.19294309 
1.29154967e-06 -6.99269025 -3.94840489 -2.72870112 -1.79453629 -1.19294309 
1.00000000e-06 -6.99269025 -3.94840489 -2.72870112 -1.79453629 -1.19294309 
7.74263683e-07 -6.99269025 -3.94840489 -2.72870112 -1.79453629 -1.19294309 
5.99484250e-07 -6.99269025 -3.94840489 -2.72870112 -1.79453629 -1.19294309 
4.64158883e-07 -6.99269025 -3.94840489 -2.72870112 -1.79453629 -1.19294309 
3.59381366e-07 -6.99269025 -3.94840489 -2.72870112 -1.79453629 -1.19294309 
2.78255940e-07 -6.99269025 -3.94840489 -2.72870112 -1.79453629 -1.19294309 
2.15443469e-07 -6.99269025 -3.94840489 -2.72870112 -1.79453629 -1.19294309 
1.66810054e-07 -6.99269025 -3.94840489 -2.72870112 -1.79453629 -1.19294309 
1.29154967e-07 -6.99269025 -3.94840489 -2.72870112 -1.79453629 -1.19294309 
1.00000000e-07 -6.99269025 -3.94840489 -2.72870112 -1.79453629 -1.19294309 
7.74263683e-08 -6.99269025 -3.94840489 -2.72870112 -1.79453629 -1.19294309 
5.99484250e-08 -6.99269025 -3.94840489 -2.72870112 -1.79453629 -1.19294309 
4.64158883e-08 -6.99269025 -3.94840489 -2.72870112 -1.79453629 -1.19294309 
3.59381366e-08 -6.99269025 -3.94840489 -2.72870112 -1.79453629 -1.19294309 
2.78255940e-08 -6.99269025 -3.94840489 -2.72870112 -1.79453629 -1.19294309 
2.15443469e-08 -6.99269025 -3.94840489 -2.72870112 -1.79453629 -1.19294309 
1.66810054e-08 -6.99269025 -3.94840489 -2.72870112 -1.79453629 -1.19294309 
1.29154967e-08 -6.99269025 -3.94840489 -2.72870112 -1.79453629 -1.19294309 
1.00000000e-08 -6.99269025 -3.94840489 -2.72870112 -1.79453629 -1.19294309 
7.74263683e-09 -6.99269025 -3.94840489 -2.72870112 -1.79453629 -1.19294309 
5.99484250e-09 -6.99269025 -3.94840489 -2.72870112 -1.79453629 -1.19294309 
4.64158883e-09 -6.99269025 -3.94840489 -2.72870112 -1.79453629 -1.19294309 
3.59381366e-09 -6.99269025 -3.94840489 -2.72870112 -1.79453629 -1.19294309 
2.78255940e-09 -6.99269025 -3.94840489 -2.72870112 -1.79453629 -1.19294309 
2.15443469e-09 -6.99269025 -3.94840489 -2.72870112 -1.79453629 -1.19294309 
1.66810054e-09 -6.99269025 -3.94840489 -2.72870112 -1.79453629 -1.19294309 
1.29154967e-09 -6.99269025 -3.94840489 -2.72870112 -1.79453629 -1.19294309 
1.00000000e-09 -6.99269025 -3.94840489 -2.72870112 -1.79453629 -1.19294309 
7.74263683e-10 -6.99269025 -3.94840489 -2.72870112 -1.79453629 -1.19294309 
5.99484250e-10 -6.99269025 -3.94840489 -2.72870112 -1.79453629 -1.19294309 
4.64158883e-10 -6.99269025 -3.94840489 -2.72870112 -1.79453629 -1.19294309 
3.59381366e-10 -6.99269025 -3.94840489 -2.72870112 -1.79453629 -1.19294309 
2.78255940e-10 -6.99269025 -3.94840489 -2.72870112 -1.79453629 -1.19294309 
2.15443469e-10 -6.99269025 -3.94840489 -2.72870112 -1.79453629 -1.19294309 
1.66810054e-10 -6.99269025 -3.94840489 -2.72870112 -1.79453629 -1.19294309 
1.29154967e-10 -6.99269025 -3.94840489 -2.72870112 -1.79453629 -1.19294309 
1.00000000e-10 -6.99269025 -3.94840489 -2.72870112 -1.79453629 -1.19294309 
P (bar) | log_O2: -2σ | log_O2: -1σ | log_O2: median | log_O2: +1σ | log_O2: +2σ 
1.00000000e+01 -9.75482214 -8.32651061 -5.55367713 -2.61836020 -1.27464065 
7.74263683e+00 -9.75482214 -8.32651061 -5.55367713 -2.61836020 -1.27464065 
5.99484250e+00 -9.75482214 -8.32651061 -5.55367713 -2.61836020 -1.27464065 
4.64158883e+00 -9.75482214 -8.32651061 -5.55367713 -2.61836020 -1.27464065 
3.59381366e+00 -9.75482214 -8.32651061 -5.55367713 -2.61836020 -1.27464065 
2.78255940e+00 -9.75482214 -8.32651061 -5.55367713 -2.61836020 -1.27464065 
2.15443469e+00 -9.75482214 -8.32651061 -5.55367713 -2.61836020 -1.27464065 
1.66810054e+00 -9.75482214 -8.32651061 -5.55367713 -2.61836020 -1.27464065 
1.29154967e+00 -9.75482214 -8.32651061 -5.55367713 -2.61836020 -1.27464065 
1.00000000e+00 -9.75482214 -8.32651061 -5.55367713 -2.61836020 -1.27464065 
7.74263683e-01 -9.75482214 -8.32651061 -5.55367713 -2.61836020 -1.27464065 
5.99484250e-01 -9.75482214 -8.32651061 -5.55367713 -2.61836020 -1.27464065 
4.64158883e-01 -9.75482214 -8.32651061 -5.55367713 -2.61836020 -1.27464065 
3.59381366e-01 -9.75482214 -8.32651061 -5.55367713 -2.61836020 -1.27464065 
2.78255940e-01 -9.75482214 -8.32651061 -5.55367713 -2.61836020 -1.27464065 
2.15443469e-01 -9.75482214 -8.32651061 -5.55367713 -2.61836020 -1.27464065 
1.66810054e-01 -9.75482214 -8.32651061 -5.55367713 -2.61836020 -1.27464065 
1.29154967e-01 -9.75482214 -8.32651061 -5.55367713 -2.61836020 -1.27464065 
1.00000000e-01 -9.75482214 -8.32651061 -5.55367713 -2.61836020 -1.27464065 
7.74263683e-02 -9.75482214 -8.32651061 -5.55367713 -2.61836020 -1.27464065 
5.99484250e-02 -9.75482214 -8.32651061 -5.55367713 -2.61836020 -1.27464065 
4.64158883e-02 -9.75482214 -8.32651061 -5.55367713 -2.61836020 -1.27464065 
3.59381366e-02 -9.75482214 -8.32651061 -5.55367713 -2.61836020 -1.27464065 
2.78255940e-02 -9.75482214 -8.32651061 -5.55367713 -2.61836020 -1.27464065 
2.15443469e-02 -9.75482214 -8.32651061 -5.55367713 -2.61836020 -1.27464065 
1.66810054e-02 -9.75482214 -8.32651061 -5.55367713 -2.61836020 -1.27464065 
1.29154967e-02 -9.75482214 -8.32651061 -5.55367713 -2.61836020 -1.27464065 
1.00000000e-02 -9.75482214 -8.32651061 -5.55367713 -2.61836020 -1.27464065 
7.74263683e-03 -9.75482214 -8.32651061 -5.55367713 -2.61836020 -1.27464065 
5.99484250e-03 -9.75482214 -8.32651061 -5.55367713 -2.61836020 -1.27464065 
4.64158883e-03 -9.75482214 -8.32651061 -5.55367713 -2.61836020 -1.27464065 
3.59381366e-03 -9.75482214 -8.32651061 -5.55367713 -2.61836020 -1.27464065 
2.78255940e-03 -9.75482214 -8.32651061 -5.55367713 -2.61836020 -1.27464065 
2.15443469e-03 -9.75482214 -8.32651061 -5.55367713 -2.61836020 -1.27464065 
1.66810054e-03 -9.75482214 -8.32651061 -5.55367713 -2.61836020 -1.27464065 
1.29154967e-03 -9.75482214 -8.32651061 -5.55367713 -2.61836020 -1.27464065 
1.00000000e-03 -9.75482214 -8.32651061 -5.55367713 -2.61836020 -1.27464065 
7.74263683e-04 -9.75482214 -8.32651061 -5.55367713 -2.61836020 -1.27464065 
5.99484250e-04 -9.75482214 -8.32651061 -5.55367713 -2.61836020 -1.27464065 
4.64158883e-04 -9.75482214 -8.32651061 -5.55367713 -2.61836020 -1.27464065 
3.59381366e-04 -9.75482214 -8.32651061 -5.55367713 -2.61836020 -1.27464065 
2.78255940e-04 -9.75482214 -8.32651061 -5.55367713 -2.61836020 -1.27464065 
2.15443469e-04 -9.75482214 -8.32651061 -5.55367713 -2.61836020 -1.27464065 
1.66810054e-04 -9.75482214 -8.32651061 -5.55367713 -2.61836020 -1.27464065 
1.29154967e-04 -9.75482214 -8.32651061 -5.55367713 -2.61836020 -1.27464065 
1.00000000e-04 -9.75482214 -8.32651061 -5.55367713 -2.61836020 -1.27464065 
7.74263683e-05 -9.75482214 -8.32651061 -5.55367713 -2.61836020 -1.27464065 
5.99484250e-05 -9.75482214 -8.32651061 -5.55367713 -2.61836020 -1.27464065 
4.64158883e-05 -9.75482214 -8.32651061 -5.55367713 -2.61836020 -1.27464065 
3.59381366e-05 -9.75482214 -8.32651061 -5.55367713 -2.61836020 -1.27464065 
2.78255940e-05 -9.75482214 -8.32651061 -5.55367713 -2.61836020 -1.27464065 
2.15443469e-05 -9.75482214 -8.32651061 -5.55367713 -2.61836020 -1.27464065 
1.66810054e-05 -9.75482214 -8.32651061 -5.55367713 -2.61836020 -1.27464065 
1.29154967e-05 -9.75482214 -8.32651061 -5.55367713 -2.61836020 -1.27464065 
1.00000000e-05 -9.75482214 -8.32651061 -5.55367713 -2.61836020 -1.27464065 
7.74263683e-06 -9.75482214 -8.32651061 -5.55367713 -2.61836020 -1.27464065 
5.99484250e-06 -9.75482214 -8.32651061 -5.55367713 -2.61836020 -1.27464065 
4.64158883e-06 -9.75482214 -8.32651061 -5.55367713 -2.61836020 -1.27464065 
3.59381366e-06 -9.75482214 -8.32651061 -5.55367713 -2.61836020 -1.27464065 
2.78255940e-06 -9.75482214 -8.32651061 -5.55367713 -2.61836020 -1.27464065 
2.15443469e-06 -9.75482214 -8.32651061 -5.55367713 -2.61836020 -1.27464065 
1.66810054e-06 -9.75482214 -8.32651061 -5.55367713 -2.61836020 -1.27464065 
1.29154967e-06 -9.75482214 -8.32651061 -5.55367713 -2.61836020 -1.27464065 
1.00000000e-06 -9.75482214 -8.32651061 -5.55367713 -2.61836020 -1.27464065 
7.74263683e-07 -9.75482214 -8.32651061 -5.55367713 -2.61836020 -1.27464065 
5.99484250e-07 -9.75482214 -8.32651061 -5.55367713 -2.61836020 -1.27464065 
4.64158883e-07 -9.75482214 -8.32651061 -5.55367713 -2.61836020 -1.27464065 
3.59381366e-07 -9.75482214 -8.32651061 -5.55367713 -2.61836020 -1.27464065 
2.78255940e-07 -9.75482214 -8.32651061 -5.55367713 -2.61836020 -1.27464065 
2.15443469e-07 -9.75482214 -8.32651061 -5.55367713 -2.61836020 -1.27464065 
1.66810054e-07 -9.75482214 -8.32651061 -5.55367713 -2.61836020 -1.27464065 
1.29154967e-07 -9.75482214 -8.32651061 -5.55367713 -2.61836020 -1.27464065 
1.00000000e-07 -9.75482214 -8.32651061 -5.55367713 -2.61836020 -1.27464065 
7.74263683e-08 -9.75482214 -8.32651061 -5.55367713 -2.61836020 -1.27464065 
5.99484250e-08 -9.75482214 -8.32651061 -5.55367713 -2.61836020 -1.27464065 
4.64158883e-08 -9.75482214 -8.32651061 -5.55367713 -2.61836020 -1.27464065 
3.59381366e-08 -9.75482214 -8.32651061 -5.55367713 -2.61836020 -1.27464065 
2.78255940e-08 -9.75482214 -8.32651061 -5.55367713 -2.61836020 -1.27464065 
2.15443469e-08 -9.75482214 -8.32651061 -5.55367713 -2.61836020 -1.27464065 
1.66810054e-08 -9.75482214 -8.32651061 -5.55367713 -2.61836020 -1.27464065 
1.29154967e-08 -9.75482214 -8.32651061 -5.55367713 -2.61836020 -1.27464065 
1.00000000e-08 -9.75482214 -8.32651061 -5.55367713 -2.61836020 -1.27464065 
7.74263683e-09 -9.75482214 -8.32651061 -5.55367713 -2.61836020 -1.27464065 
5.99484250e-09 -9.75482214 -8.32651061 -5.55367713 -2.61836020 -1.27464065 
4.64158883e-09 -9.75482214 -8.32651061 -5.55367713 -2.61836020 -1.27464065 
3.59381366e-09 -9.75482214 -8.32651061 -5.55367713 -2.61836020 -1.27464065 
2.78255940e-09 -9.75482214 -8.32651061 -5.55367713 -2.61836020 -1.27464065 
2.15443469e-09 -9.75482214 -8.32651061 -5.55367713 -2.61836020 -1.27464065 
1.66810054e-09 -9.75482214 -8.32651061 -5.55367713 -2.61836020 -1.27464065 
1.29154967e-09 -9.75482214 -8.32651061 -5.55367713 -2.61836020 -1.27464065 
1.00000000e-09 -9.75482214 -8.32651061 -5.55367713 -2.61836020 -1.27464065 
7.74263683e-10 -9.75482214 -8.32651061 -5.55367713 -2.61836020 -1.27464065 
5.99484250e-10 -9.75482214 -8.32651061 -5.55367713 -2.61836020 -1.27464065 
4.64158883e-10 -9.75482214 -8.32651061 -5.55367713 -2.61836020 -1.27464065 
3.59381366e-10 -9.75482214 -8.32651061 -5.55367713 -2.61836020 -1.27464065 
2.78255940e-10 -9.75482214 -8.32651061 -5.55367713 -2.61836020 -1.27464065 
2.15443469e-10 -9.75482214 -8.32651061 -5.55367713 -2.61836020 -1.27464065 
1.66810054e-10 -9.75482214 -8.32651061 -5.55367713 -2.61836020 -1.27464065 
1.29154967e-10 -9.75482214 -8.32651061 -5.55367713 -2.61836020 -1.27464065 
1.00000000e-10 -9.75482214 -8.32651061 -5.55367713 -2.61836020 -1.27464065 
P (bar) | log_O3: -2σ | log_O3: -1σ | log_O3: median | log_O3: +1σ | log_O3: +2σ 
1.00000000e+01 -9.96229230 -9.59797546 -8.88621375 -7.82692728 -6.71797230 
7.74263683e+00 -9.96229230 -9.59797546 -8.88621375 -7.82692728 -6.71797230 
5.99484250e+00 -9.96229230 -9.59797546 -8.88621375 -7.82692728 -6.71797230 
4.64158883e+00 -9.96229230 -9.59797546 -8.88621375 -7.82692728 -6.71797230 
3.59381366e+00 -9.96229230 -9.59797546 -8.88621375 -7.82692728 -6.71797230 
2.78255940e+00 -9.96229230 -9.59797546 -8.88621375 -7.82692728 -6.71797230 
2.15443469e+00 -9.96229230 -9.59797546 -8.88621375 -7.82692728 -6.71797230 
1.66810054e+00 -9.96229230 -9.59797546 -8.88621375 -7.82692728 -6.71797230 
1.29154967e+00 -9.96229230 -9.59797546 -8.88621375 -7.82692728 -6.71797230 
1.00000000e+00 -9.96229230 -9.59797546 -8.88621375 -7.82692728 -6.71797230 
7.74263683e-01 -9.96229230 -9.59797546 -8.88621375 -7.82692728 -6.71797230 
5.99484250e-01 -9.96229230 -9.59797546 -8.88621375 -7.82692728 -6.71797230 
4.64158883e-01 -9.96229230 -9.59797546 -8.88621375 -7.82692728 -6.71797230 
3.59381366e-01 -9.96229230 -9.59797546 -8.88621375 -7.82692728 -6.71797230 
2.78255940e-01 -9.96229230 -9.59797546 -8.88621375 -7.82692728 -6.71797230 
2.15443469e-01 -9.96229230 -9.59797546 -8.88621375 -7.82692728 -6.71797230 
1.66810054e-01 -9.96229230 -9.59797546 -8.88621375 -7.82692728 -6.71797230 
1.29154967e-01 -9.96229230 -9.59797546 -8.88621375 -7.82692728 -6.71797230 
1.00000000e-01 -9.96229230 -9.59797546 -8.88621375 -7.82692728 -6.71797230 
7.74263683e-02 -9.96229230 -9.59797546 -8.88621375 -7.82692728 -6.71797230 
5.99484250e-02 -9.96229230 -9.59797546 -8.88621375 -7.82692728 -6.71797230 
4.64158883e-02 -9.96229230 -9.59797546 -8.88621375 -7.82692728 -6.71797230 
3.59381366e-02 -9.96229230 -9.59797546 -8.88621375 -7.82692728 -6.71797230 
2.78255940e-02 -9.96229230 -9.59797546 -8.88621375 -7.82692728 -6.71797230 
2.15443469e-02 -9.96229230 -9.59797546 -8.88621375 -7.82692728 -6.71797230 
1.66810054e-02 -9.96229230 -9.59797546 -8.88621375 -7.82692728 -6.71797230 
1.29154967e-02 -9.96229230 -9.59797546 -8.88621375 -7.82692728 -6.71797230 
1.00000000e-02 -9.96229230 -9.59797546 -8.88621375 -7.82692728 -6.71797230 
7.74263683e-03 -9.96229230 -9.59797546 -8.88621375 -7.82692728 -6.71797230 
5.99484250e-03 -9.96229230 -9.59797546 -8.88621375 -7.82692728 -6.71797230 
4.64158883e-03 -9.96229230 -9.59797546 -8.88621375 -7.82692728 -6.71797230 
3.59381366e-03 -9.96229230 -9.59797546 -8.88621375 -7.82692728 -6.71797230 
2.78255940e-03 -9.96229230 -9.59797546 -8.88621375 -7.82692728 -6.71797230 
2.15443469e-03 -9.96229230 -9.59797546 -8.88621375 -7.82692728 -6.71797230 
1.66810054e-03 -9.96229230 -9.59797546 -8.88621375 -7.82692728 -6.71797230 
1.29154967e-03 -9.96229230 -9.59797546 -8.88621375 -7.82692728 -6.71797230 
1.00000000e-03 -9.96229230 -9.59797546 -8.88621375 -7.82692728 -6.71797230 
7.74263683e-04 -9.96229230 -9.59797546 -8.88621375 -7.82692728 -6.71797230 
5.99484250e-04 -9.96229230 -9.59797546 -8.88621375 -7.82692728 -6.71797230 
4.64158883e-04 -9.96229230 -9.59797546 -8.88621375 -7.82692728 -6.71797230 
3.59381366e-04 -9.96229230 -9.59797546 -8.88621375 -7.82692728 -6.71797230 
2.78255940e-04 -9.96229230 -9.59797546 -8.88621375 -7.82692728 -6.71797230 
2.15443469e-04 -9.96229230 -9.59797546 -8.88621375 -7.82692728 -6.71797230 
1.66810054e-04 -9.96229230 -9.59797546 -8.88621375 -7.82692728 -6.71797230 
1.29154967e-04 -9.96229230 -9.59797546 -8.88621375 -7.82692728 -6.71797230 
1.00000000e-04 -9.96229230 -9.59797546 -8.88621375 -7.82692728 -6.71797230 
7.74263683e-05 -9.96229230 -9.59797546 -8.88621375 -7.82692728 -6.71797230 
5.99484250e-05 -9.96229230 -9.59797546 -8.88621375 -7.82692728 -6.71797230 
4.64158883e-05 -9.96229230 -9.59797546 -8.88621375 -7.82692728 -6.71797230 
3.59381366e-05 -9.96229230 -9.59797546 -8.88621375 -7.82692728 -6.71797230 
2.78255940e-05 -9.96229230 -9.59797546 -8.88621375 -7.82692728 -6.71797230 
2.15443469e-05 -9.96229230 -9.59797546 -8.88621375 -7.82692728 -6.71797230 
1.66810054e-05 -9.96229230 -9.59797546 -8.88621375 -7.82692728 -6.71797230 
1.29154967e-05 -9.96229230 -9.59797546 -8.88621375 -7.82692728 -6.71797230 
1.00000000e-05 -9.96229230 -9.59797546 -8.88621375 -7.82692728 -6.71797230 
7.74263683e-06 -9.96229230 -9.59797546 -8.88621375 -7.82692728 -6.71797230 
5.99484250e-06 -9.96229230 -9.59797546 -8.88621375 -7.82692728 -6.71797230 
4.64158883e-06 -9.96229230 -9.59797546 -8.88621375 -7.82692728 -6.71797230 
3.59381366e-06 -9.96229230 -9.59797546 -8.88621375 -7.82692728 -6.71797230 
2.78255940e-06 -9.96229230 -9.59797546 -8.88621375 -7.82692728 -6.71797230 
2.15443469e-06 -9.96229230 -9.59797546 -8.88621375 -7.82692728 -6.71797230 
1.66810054e-06 -9.96229230 -9.59797546 -8.88621375 -7.82692728 -6.71797230 
1.29154967e-06 -9.96229230 -9.59797546 -8.88621375 -7.82692728 -6.71797230 
1.00000000e-06 -9.96229230 -9.59797546 -8.88621375 -7.82692728 -6.71797230 
7.74263683e-07 -9.96229230 -9.59797546 -8.88621375 -7.82692728 -6.71797230 
5.99484250e-07 -9.96229230 -9.59797546 -8.88621375 -7.82692728 -6.71797230 
4.64158883e-07 -9.96229230 -9.59797546 -8.88621375 -7.82692728 -6.71797230 
3.59381366e-07 -9.96229230 -9.59797546 -8.88621375 -7.82692728 -6.71797230 
2.78255940e-07 -9.96229230 -9.59797546 -8.88621375 -7.82692728 -6.71797230 
2.15443469e-07 -9.96229230 -9.59797546 -8.88621375 -7.82692728 -6.71797230 
1.66810054e-07 -9.96229230 -9.59797546 -8.88621375 -7.82692728 -6.71797230 
1.29154967e-07 -9.96229230 -9.59797546 -8.88621375 -7.82692728 -6.71797230 
1.00000000e-07 -9.96229230 -9.59797546 -8.88621375 -7.82692728 -6.71797230 
7.74263683e-08 -9.96229230 -9.59797546 -8.88621375 -7.82692728 -6.71797230 
5.99484250e-08 -9.96229230 -9.59797546 -8.88621375 -7.82692728 -6.71797230 
4.64158883e-08 -9.96229230 -9.59797546 -8.88621375 -7.82692728 -6.71797230 
3.59381366e-08 -9.96229230 -9.59797546 -8.88621375 -7.82692728 -6.71797230 
2.78255940e-08 -9.96229230 -9.59797546 -8.88621375 -7.82692728 -6.71797230 
2.15443469e-08 -9.96229230 -9.59797546 -8.88621375 -7.82692728 -6.71797230 
1.66810054e-08 -9.96229230 -9.59797546 -8.88621375 -7.82692728 -6.71797230 
1.29154967e-08 -9.96229230 -9.59797546 -8.88621375 -7.82692728 -6.71797230 
1.00000000e-08 -9.96229230 -9.59797546 -8.88621375 -7.82692728 -6.71797230 
7.74263683e-09 -9.96229230 -9.59797546 -8.88621375 -7.82692728 -6.71797230 
5.99484250e-09 -9.96229230 -9.59797546 -8.88621375 -7.82692728 -6.71797230 
4.64158883e-09 -9.96229230 -9.59797546 -8.88621375 -7.82692728 -6.71797230 
3.59381366e-09 -9.96229230 -9.59797546 -8.88621375 -7.82692728 -6.71797230 
2.78255940e-09 -9.96229230 -9.59797546 -8.88621375 -7.82692728 -6.71797230 
2.15443469e-09 -9.96229230 -9.59797546 -8.88621375 -7.82692728 -6.71797230 
1.66810054e-09 -9.96229230 -9.59797546 -8.88621375 -7.82692728 -6.71797230 
1.29154967e-09 -9.96229230 -9.59797546 -8.88621375 -7.82692728 -6.71797230 
1.00000000e-09 -9.96229230 -9.59797546 -8.88621375 -7.82692728 -6.71797230 
7.74263683e-10 -9.96229230 -9.59797546 -8.88621375 -7.82692728 -6.71797230 
5.99484250e-10 -9.96229230 -9.59797546 -8.88621375 -7.82692728 -6.71797230 
4.64158883e-10 -9.96229230 -9.59797546 -8.88621375 -7.82692728 -6.71797230 
3.59381366e-10 -9.96229230 -9.59797546 -8.88621375 -7.82692728 -6.71797230 
2.78255940e-10 -9.96229230 -9.59797546 -8.88621375 -7.82692728 -6.71797230 
2.15443469e-10 -9.96229230 -9.59797546 -8.88621375 -7.82692728 -6.71797230 
1.66810054e-10 -9.96229230 -9.59797546 -8.88621375 -7.82692728 -6.71797230 
1.29154967e-10 -9.96229230 -9.59797546 -8.88621375 -7.82692728 -6.71797230 
1.00000000e-10 -9.96229230 -9.59797546 -8.88621375 -7.82692728 -6.71797230 
P (bar) | log_N2O: -2σ | log_N2O: -1σ | log_N2O: median | log_N2O: +1σ | log_N2O: +2σ 
1.00000000e+01 -9.67538568 -8.17823002 -5.26813955 -3.12568322 -1.83026117 
7.74263683e+00 -9.67538568 -8.17823002 -5.26813955 -3.12568322 -1.83026117 
5.99484250e+00 -9.67538568 -8.17823002 -5.26813955 -3.12568322 -1.83026117 
4.64158883e+00 -9.67538568 -8.17823002 -5.26813955 -3.12568322 -1.83026117 
3.59381366e+00 -9.67538568 -8.17823002 -5.26813955 -3.12568322 -1.83026117 
2.78255940e+00 -9.67538568 -8.17823002 -5.26813955 -3.12568322 -1.83026117 
2.15443469e+00 -9.67538568 -8.17823002 -5.26813955 -3.12568322 -1.83026117 
1.66810054e+00 -9.67538568 -8.17823002 -5.26813955 -3.12568322 -1.83026117 
1.29154967e+00 -9.67538568 -8.17823002 -5.26813955 -3.12568322 -1.83026117 
1.00000000e+00 -9.67538568 -8.17823002 -5.26813955 -3.12568322 -1.83026117 
7.74263683e-01 -9.67538568 -8.17823002 -5.26813955 -3.12568322 -1.83026117 
5.99484250e-01 -9.67538568 -8.17823002 -5.26813955 -3.12568322 -1.83026117 
4.64158883e-01 -9.67538568 -8.17823002 -5.26813955 -3.12568322 -1.83026117 
3.59381366e-01 -9.67538568 -8.17823002 -5.26813955 -3.12568322 -1.83026117 
2.78255940e-01 -9.67538568 -8.17823002 -5.26813955 -3.12568322 -1.83026117 
2.15443469e-01 -9.67538568 -8.17823002 -5.26813955 -3.12568322 -1.83026117 
1.66810054e-01 -9.67538568 -8.17823002 -5.26813955 -3.12568322 -1.83026117 
1.29154967e-01 -9.67538568 -8.17823002 -5.26813955 -3.12568322 -1.83026117 
1.00000000e-01 -9.67538568 -8.17823002 -5.26813955 -3.12568322 -1.83026117 
7.74263683e-02 -9.67538568 -8.17823002 -5.26813955 -3.12568322 -1.83026117 
5.99484250e-02 -9.67538568 -8.17823002 -5.26813955 -3.12568322 -1.83026117 
4.64158883e-02 -9.67538568 -8.17823002 -5.26813955 -3.12568322 -1.83026117 
3.59381366e-02 -9.67538568 -8.17823002 -5.26813955 -3.12568322 -1.83026117 
2.78255940e-02 -9.67538568 -8.17823002 -5.26813955 -3.12568322 -1.83026117 
2.15443469e-02 -9.67538568 -8.17823002 -5.26813955 -3.12568322 -1.83026117 
1.66810054e-02 -9.67538568 -8.17823002 -5.26813955 -3.12568322 -1.83026117 
1.29154967e-02 -9.67538568 -8.17823002 -5.26813955 -3.12568322 -1.83026117 
1.00000000e-02 -9.67538568 -8.17823002 -5.26813955 -3.12568322 -1.83026117 
7.74263683e-03 -9.67538568 -8.17823002 -5.26813955 -3.12568322 -1.83026117 
5.99484250e-03 -9.67538568 -8.17823002 -5.26813955 -3.12568322 -1.83026117 
4.64158883e-03 -9.67538568 -8.17823002 -5.26813955 -3.12568322 -1.83026117 
3.59381366e-03 -9.67538568 -8.17823002 -5.26813955 -3.12568322 -1.83026117 
2.78255940e-03 -9.67538568 -8.17823002 -5.26813955 -3.12568322 -1.83026117 
2.15443469e-03 -9.67538568 -8.17823002 -5.26813955 -3.12568322 -1.83026117 
1.66810054e-03 -9.67538568 -8.17823002 -5.26813955 -3.12568322 -1.83026117 
1.29154967e-03 -9.67538568 -8.17823002 -5.26813955 -3.12568322 -1.83026117 
1.00000000e-03 -9.67538568 -8.17823002 -5.26813955 -3.12568322 -1.83026117 
7.74263683e-04 -9.67538568 -8.17823002 -5.26813955 -3.12568322 -1.83026117 
5.99484250e-04 -9.67538568 -8.17823002 -5.26813955 -3.12568322 -1.83026117 
4.64158883e-04 -9.67538568 -8.17823002 -5.26813955 -3.12568322 -1.83026117 
3.59381366e-04 -9.67538568 -8.17823002 -5.26813955 -3.12568322 -1.83026117 
2.78255940e-04 -9.67538568 -8.17823002 -5.26813955 -3.12568322 -1.83026117 
2.15443469e-04 -9.67538568 -8.17823002 -5.26813955 -3.12568322 -1.83026117 
1.66810054e-04 -9.67538568 -8.17823002 -5.26813955 -3.12568322 -1.83026117 
1.29154967e-04 -9.67538568 -8.17823002 -5.26813955 -3.12568322 -1.83026117 
1.00000000e-04 -9.67538568 -8.17823002 -5.26813955 -3.12568322 -1.83026117 
7.74263683e-05 -9.67538568 -8.17823002 -5.26813955 -3.12568322 -1.83026117 
5.99484250e-05 -9.67538568 -8.17823002 -5.26813955 -3.12568322 -1.83026117 
4.64158883e-05 -9.67538568 -8.17823002 -5.26813955 -3.12568322 -1.83026117 
3.59381366e-05 -9.67538568 -8.17823002 -5.26813955 -3.12568322 -1.83026117 
2.78255940e-05 -9.67538568 -8.17823002 -5.26813955 -3.12568322 -1.83026117 
2.15443469e-05 -9.67538568 -8.17823002 -5.26813955 -3.12568322 -1.83026117 
1.66810054e-05 -9.67538568 -8.17823002 -5.26813955 -3.12568322 -1.83026117 
1.29154967e-05 -9.67538568 -8.17823002 -5.26813955 -3.12568322 -1.83026117 
1.00000000e-05 -9.67538568 -8.17823002 -5.26813955 -3.12568322 -1.83026117 
7.74263683e-06 -9.67538568 -8.17823002 -5.26813955 -3.12568322 -1.83026117 
5.99484250e-06 -9.67538568 -8.17823002 -5.26813955 -3.12568322 -1.83026117 
4.64158883e-06 -9.67538568 -8.17823002 -5.26813955 -3.12568322 -1.83026117 
3.59381366e-06 -9.67538568 -8.17823002 -5.26813955 -3.12568322 -1.83026117 
2.78255940e-06 -9.67538568 -8.17823002 -5.26813955 -3.12568322 -1.83026117 
2.15443469e-06 -9.67538568 -8.17823002 -5.26813955 -3.12568322 -1.83026117 
1.66810054e-06 -9.67538568 -8.17823002 -5.26813955 -3.12568322 -1.83026117 
1.29154967e-06 -9.67538568 -8.17823002 -5.26813955 -3.12568322 -1.83026117 
1.00000000e-06 -9.67538568 -8.17823002 -5.26813955 -3.12568322 -1.83026117 
7.74263683e-07 -9.67538568 -8.17823002 -5.26813955 -3.12568322 -1.83026117 
5.99484250e-07 -9.67538568 -8.17823002 -5.26813955 -3.12568322 -1.83026117 
4.64158883e-07 -9.67538568 -8.17823002 -5.26813955 -3.12568322 -1.83026117 
3.59381366e-07 -9.67538568 -8.17823002 -5.26813955 -3.12568322 -1.83026117 
2.78255940e-07 -9.67538568 -8.17823002 -5.26813955 -3.12568322 -1.83026117 
2.15443469e-07 -9.67538568 -8.17823002 -5.26813955 -3.12568322 -1.83026117 
1.66810054e-07 -9.67538568 -8.17823002 -5.26813955 -3.12568322 -1.83026117 
1.29154967e-07 -9.67538568 -8.17823002 -5.26813955 -3.12568322 -1.83026117 
1.00000000e-07 -9.67538568 -8.17823002 -5.26813955 -3.12568322 -1.83026117 
7.74263683e-08 -9.67538568 -8.17823002 -5.26813955 -3.12568322 -1.83026117 
5.99484250e-08 -9.67538568 -8.17823002 -5.26813955 -3.12568322 -1.83026117 
4.64158883e-08 -9.67538568 -8.17823002 -5.26813955 -3.12568322 -1.83026117 
3.59381366e-08 -9.67538568 -8.17823002 -5.26813955 -3.12568322 -1.83026117 
2.78255940e-08 -9.67538568 -8.17823002 -5.26813955 -3.12568322 -1.83026117 
2.15443469e-08 -9.67538568 -8.17823002 -5.26813955 -3.12568322 -1.83026117 
1.66810054e-08 -9.67538568 -8.17823002 -5.26813955 -3.12568322 -1.83026117 
1.29154967e-08 -9.67538568 -8.17823002 -5.26813955 -3.12568322 -1.83026117 
1.00000000e-08 -9.67538568 -8.17823002 -5.26813955 -3.12568322 -1.83026117 
7.74263683e-09 -9.67538568 -8.17823002 -5.26813955 -3.12568322 -1.83026117 
5.99484250e-09 -9.67538568 -8.17823002 -5.26813955 -3.12568322 -1.83026117 
4.64158883e-09 -9.67538568 -8.17823002 -5.26813955 -3.12568322 -1.83026117 
3.59381366e-09 -9.67538568 -8.17823002 -5.26813955 -3.12568322 -1.83026117 
2.78255940e-09 -9.67538568 -8.17823002 -5.26813955 -3.12568322 -1.83026117 
2.15443469e-09 -9.67538568 -8.17823002 -5.26813955 -3.12568322 -1.83026117 
1.66810054e-09 -9.67538568 -8.17823002 -5.26813955 -3.12568322 -1.83026117 
1.29154967e-09 -9.67538568 -8.17823002 -5.26813955 -3.12568322 -1.83026117 
1.00000000e-09 -9.67538568 -8.17823002 -5.26813955 -3.12568322 -1.83026117 
7.74263683e-10 -9.67538568 -8.17823002 -5.26813955 -3.12568322 -1.83026117 
5.99484250e-10 -9.67538568 -8.17823002 -5.26813955 -3.12568322 -1.83026117 
4.64158883e-10 -9.67538568 -8.17823002 -5.26813955 -3.12568322 -1.83026117 
3.59381366e-10 -9.67538568 -8.17823002 -5.26813955 -3.12568322 -1.83026117 
2.78255940e-10 -9.67538568 -8.17823002 -5.26813955 -3.12568322 -1.83026117 
2.15443469e-10 -9.67538568 -8.17823002 -5.26813955 -3.12568322 -1.83026117 
1.66810054e-10 -9.67538568 -8.17823002 -5.26813955 -3.12568322 -1.83026117 
1.29154967e-10 -9.67538568 -8.17823002 -5.26813955 -3.12568322 -1.83026117 
1.00000000e-10 -9.67538568 -8.17823002 -5.26813955 -3.12568322 -1.83026117 
P (bar) | log_NH3: -2σ | log_NH3: -1σ | log_NH3: median | log_NH3: +1σ | log_NH3: +2σ 
1.00000000e+01 -9.80331908 -9.20397182 -7.82470692 -6.15421795 -4.71425342 
7.74263683e+00 -9.80331908 -9.20397182 -7.82470692 -6.15421795 -4.71425342 
5.99484250e+00 -9.80331908 -9.20397182 -7.82470692 -6.15421795 -4.71425342 
4.64158883e+00 -9.80331908 -9.20397182 -7.82470692 -6.15421795 -4.71425342 
3.59381366e+00 -9.80331908 -9.20397182 -7.82470692 -6.15421795 -4.71425342 
2.78255940e+00 -9.80331908 -9.20397182 -7.82470692 -6.15421795 -4.71425342 
2.15443469e+00 -9.80331908 -9.20397182 -7.82470692 -6.15421795 -4.71425342 
1.66810054e+00 -9.80331908 -9.20397182 -7.82470692 -6.15421795 -4.71425342 
1.29154967e+00 -9.80331908 -9.20397182 -7.82470692 -6.15421795 -4.71425342 
1.00000000e+00 -9.80331908 -9.20397182 -7.82470692 -6.15421795 -4.71425342 
7.74263683e-01 -9.80331908 -9.20397182 -7.82470692 -6.15421795 -4.71425342 
5.99484250e-01 -9.80331908 -9.20397182 -7.82470692 -6.15421795 -4.71425342 
4.64158883e-01 -9.80331908 -9.20397182 -7.82470692 -6.15421795 -4.71425342 
3.59381366e-01 -9.80331908 -9.20397182 -7.82470692 -6.15421795 -4.71425342 
2.78255940e-01 -9.80331908 -9.20397182 -7.82470692 -6.15421795 -4.71425342 
2.15443469e-01 -9.80331908 -9.20397182 -7.82470692 -6.15421795 -4.71425342 
1.66810054e-01 -9.80331908 -9.20397182 -7.82470692 -6.15421795 -4.71425342 
1.29154967e-01 -9.80331908 -9.20397182 -7.82470692 -6.15421795 -4.71425342 
1.00000000e-01 -9.80331908 -9.20397182 -7.82470692 -6.15421795 -4.71425342 
7.74263683e-02 -9.80331908 -9.20397182 -7.82470692 -6.15421795 -4.71425342 
5.99484250e-02 -9.80331908 -9.20397182 -7.82470692 -6.15421795 -4.71425342 
4.64158883e-02 -9.80331908 -9.20397182 -7.82470692 -6.15421795 -4.71425342 
3.59381366e-02 -9.80331908 -9.20397182 -7.82470692 -6.15421795 -4.71425342 
2.78255940e-02 -9.80331908 -9.20397182 -7.82470692 -6.15421795 -4.71425342 
2.15443469e-02 -9.80331908 -9.20397182 -7.82470692 -6.15421795 -4.71425342 
1.66810054e-02 -9.80331908 -9.20397182 -7.82470692 -6.15421795 -4.71425342 
1.29154967e-02 -9.80331908 -9.20397182 -7.82470692 -6.15421795 -4.71425342 
1.00000000e-02 -9.80331908 -9.20397182 -7.82470692 -6.15421795 -4.71425342 
7.74263683e-03 -9.80331908 -9.20397182 -7.82470692 -6.15421795 -4.71425342 
5.99484250e-03 -9.80331908 -9.20397182 -7.82470692 -6.15421795 -4.71425342 
4.64158883e-03 -9.80331908 -9.20397182 -7.82470692 -6.15421795 -4.71425342 
3.59381366e-03 -9.80331908 -9.20397182 -7.82470692 -6.15421795 -4.71425342 
2.78255940e-03 -9.80331908 -9.20397182 -7.82470692 -6.15421795 -4.71425342 
2.15443469e-03 -9.80331908 -9.20397182 -7.82470692 -6.15421795 -4.71425342 
1.66810054e-03 -9.80331908 -9.20397182 -7.82470692 -6.15421795 -4.71425342 
1.29154967e-03 -9.80331908 -9.20397182 -7.82470692 -6.15421795 -4.71425342 
1.00000000e-03 -9.80331908 -9.20397182 -7.82470692 -6.15421795 -4.71425342 
7.74263683e-04 -9.80331908 -9.20397182 -7.82470692 -6.15421795 -4.71425342 
5.99484250e-04 -9.80331908 -9.20397182 -7.82470692 -6.15421795 -4.71425342 
4.64158883e-04 -9.80331908 -9.20397182 -7.82470692 -6.15421795 -4.71425342 
3.59381366e-04 -9.80331908 -9.20397182 -7.82470692 -6.15421795 -4.71425342 
2.78255940e-04 -9.80331908 -9.20397182 -7.82470692 -6.15421795 -4.71425342 
2.15443469e-04 -9.80331908 -9.20397182 -7.82470692 -6.15421795 -4.71425342 
1.66810054e-04 -9.80331908 -9.20397182 -7.82470692 -6.15421795 -4.71425342 
1.29154967e-04 -9.80331908 -9.20397182 -7.82470692 -6.15421795 -4.71425342 
1.00000000e-04 -9.80331908 -9.20397182 -7.82470692 -6.15421795 -4.71425342 
7.74263683e-05 -9.80331908 -9.20397182 -7.82470692 -6.15421795 -4.71425342 
5.99484250e-05 -9.80331908 -9.20397182 -7.82470692 -6.15421795 -4.71425342 
4.64158883e-05 -9.80331908 -9.20397182 -7.82470692 -6.15421795 -4.71425342 
3.59381366e-05 -9.80331908 -9.20397182 -7.82470692 -6.15421795 -4.71425342 
2.78255940e-05 -9.80331908 -9.20397182 -7.82470692 -6.15421795 -4.71425342 
2.15443469e-05 -9.80331908 -9.20397182 -7.82470692 -6.15421795 -4.71425342 
1.66810054e-05 -9.80331908 -9.20397182 -7.82470692 -6.15421795 -4.71425342 
1.29154967e-05 -9.80331908 -9.20397182 -7.82470692 -6.15421795 -4.71425342 
1.00000000e-05 -9.80331908 -9.20397182 -7.82470692 -6.15421795 -4.71425342 
7.74263683e-06 -9.80331908 -9.20397182 -7.82470692 -6.15421795 -4.71425342 
5.99484250e-06 -9.80331908 -9.20397182 -7.82470692 -6.15421795 -4.71425342 
4.64158883e-06 -9.80331908 -9.20397182 -7.82470692 -6.15421795 -4.71425342 
3.59381366e-06 -9.80331908 -9.20397182 -7.82470692 -6.15421795 -4.71425342 
2.78255940e-06 -9.80331908 -9.20397182 -7.82470692 -6.15421795 -4.71425342 
2.15443469e-06 -9.80331908 -9.20397182 -7.82470692 -6.15421795 -4.71425342 
1.66810054e-06 -9.80331908 -9.20397182 -7.82470692 -6.15421795 -4.71425342 
1.29154967e-06 -9.80331908 -9.20397182 -7.82470692 -6.15421795 -4.71425342 
1.00000000e-06 -9.80331908 -9.20397182 -7.82470692 -6.15421795 -4.71425342 
7.74263683e-07 -9.80331908 -9.20397182 -7.82470692 -6.15421795 -4.71425342 
5.99484250e-07 -9.80331908 -9.20397182 -7.82470692 -6.15421795 -4.71425342 
4.64158883e-07 -9.80331908 -9.20397182 -7.82470692 -6.15421795 -4.71425342 
3.59381366e-07 -9.80331908 -9.20397182 -7.82470692 -6.15421795 -4.71425342 
2.78255940e-07 -9.80331908 -9.20397182 -7.82470692 -6.15421795 -4.71425342 
2.15443469e-07 -9.80331908 -9.20397182 -7.82470692 -6.15421795 -4.71425342 
1.66810054e-07 -9.80331908 -9.20397182 -7.82470692 -6.15421795 -4.71425342 
1.29154967e-07 -9.80331908 -9.20397182 -7.82470692 -6.15421795 -4.71425342 
1.00000000e-07 -9.80331908 -9.20397182 -7.82470692 -6.15421795 -4.71425342 
7.74263683e-08 -9.80331908 -9.20397182 -7.82470692 -6.15421795 -4.71425342 
5.99484250e-08 -9.80331908 -9.20397182 -7.82470692 -6.15421795 -4.71425342 
4.64158883e-08 -9.80331908 -9.20397182 -7.82470692 -6.15421795 -4.71425342 
3.59381366e-08 -9.80331908 -9.20397182 -7.82470692 -6.15421795 -4.71425342 
2.78255940e-08 -9.80331908 -9.20397182 -7.82470692 -6.15421795 -4.71425342 
2.15443469e-08 -9.80331908 -9.20397182 -7.82470692 -6.15421795 -4.71425342 
1.66810054e-08 -9.80331908 -9.20397182 -7.82470692 -6.15421795 -4.71425342 
1.29154967e-08 -9.80331908 -9.20397182 -7.82470692 -6.15421795 -4.71425342 
1.00000000e-08 -9.80331908 -9.20397182 -7.82470692 -6.15421795 -4.71425342 
7.74263683e-09 -9.80331908 -9.20397182 -7.82470692 -6.15421795 -4.71425342 
5.99484250e-09 -9.80331908 -9.20397182 -7.82470692 -6.15421795 -4.71425342 
4.64158883e-09 -9.80331908 -9.20397182 -7.82470692 -6.15421795 -4.71425342 
3.59381366e-09 -9.80331908 -9.20397182 -7.82470692 -6.15421795 -4.71425342 
2.78255940e-09 -9.80331908 -9.20397182 -7.82470692 -6.15421795 -4.71425342 
2.15443469e-09 -9.80331908 -9.20397182 -7.82470692 -6.15421795 -4.71425342 
1.66810054e-09 -9.80331908 -9.20397182 -7.82470692 -6.15421795 -4.71425342 
1.29154967e-09 -9.80331908 -9.20397182 -7.82470692 -6.15421795 -4.71425342 
1.00000000e-09 -9.80331908 -9.20397182 -7.82470692 -6.15421795 -4.71425342 
7.74263683e-10 -9.80331908 -9.20397182 -7.82470692 -6.15421795 -4.71425342 
5.99484250e-10 -9.80331908 -9.20397182 -7.82470692 -6.15421795 -4.71425342 
4.64158883e-10 -9.80331908 -9.20397182 -7.82470692 -6.15421795 -4.71425342 
3.59381366e-10 -9.80331908 -9.20397182 -7.82470692 -6.15421795 -4.71425342 
2.78255940e-10 -9.80331908 -9.20397182 -7.82470692 -6.15421795 -4.71425342 
2.15443469e-10 -9.80331908 -9.20397182 -7.82470692 -6.15421795 -4.71425342 
1.66810054e-10 -9.80331908 -9.20397182 -7.82470692 -6.15421795 -4.71425342 
1.29154967e-10 -9.80331908 -9.20397182 -7.82470692 -6.15421795 -4.71425342 
1.00000000e-10 -9.80331908 -9.20397182 -7.82470692 -6.15421795 -4.71425342 
