Chemical species: N2 H2O CO2 CH4 O2 O3 N2O NH3
P (bar) | log_N2: -2σ | log_N2: -1σ | log_N2: median | log_N2: +1σ | log_N2: +2σ 
1.00000000e+01 -0.01409128 -0.00120295 -0.00015050 -0.00003026 -0.00001002 
7.74263683e+00 -0.01409128 -0.00120295 -0.00015050 -0.00003026 -0.00001002 
5.99484250e+00 -0.01409128 -0.00120295 -0.00015050 -0.00003026 -0.00001002 
4.64158883e+00 -0.01409128 -0.00120295 -0.00015050 -0.00003026 -0.00001002 
3.59381366e+00 -0.01409128 -0.00120295 -0.00015050 -0.00003026 -0.00001002 
2.78255940e+00 -0.01409128 -0.00120295 -0.00015050 -0.00003026 -0.00001002 
2.15443469e+00 -0.01409128 -0.00120295 -0.00015050 -0.00003026 -0.00001002 
1.66810054e+00 -0.01409128 -0.00120295 -0.00015050 -0.00003026 -0.00001002 
1.29154967e+00 -0.01409128 -0.00120295 -0.00015050 -0.00003026 -0.00001002 
1.00000000e+00 -0.01409128 -0.00120295 -0.00015050 -0.00003026 -0.00001002 
7.74263683e-01 -0.01409128 -0.00120295 -0.00015050 -0.00003026 -0.00001002 
5.99484250e-01 -0.01409128 -0.00120295 -0.00015050 -0.00003026 -0.00001002 
4.64158883e-01 -0.01409128 -0.00120295 -0.00015050 -0.00003026 -0.00001002 
3.59381366e-01 -0.01409128 -0.00120295 -0.00015050 -0.00003026 -0.00001002 
2.78255940e-01 -0.01409128 -0.00120295 -0.00015050 -0.00003026 -0.00001002 
2.15443469e-01 -0.01409128 -0.00120295 -0.00015050 -0.00003026 -0.00001002 
1.66810054e-01 -0.01409128 -0.00120295 -0.00015050 -0.00003026 -0.00001002 
1.29154967e-01 -0.01409128 -0.00120295 -0.00015050 -0.00003026 -0.00001002 
1.00000000e-01 -0.01409128 -0.00120295 -0.00015050 -0.00003026 -0.00001002 
7.74263683e-02 -0.01409128 -0.00120295 -0.00015050 -0.00003026 -0.00001002 
5.99484250e-02 -0.01409128 -0.00120295 -0.00015050 -0.00003026 -0.00001002 
4.64158883e-02 -0.01409128 -0.00120295 -0.00015050 -0.00003026 -0.00001002 
3.59381366e-02 -0.01409128 -0.00120295 -0.00015050 -0.00003026 -0.00001002 
2.78255940e-02 -0.01409128 -0.00120295 -0.00015050 -0.00003026 -0.00001002 
2.15443469e-02 -0.01409128 -0.00120295 -0.00015050 -0.00003026 -0.00001002 
1.66810054e-02 -0.01409128 -0.00120295 -0.00015050 -0.00003026 -0.00001002 
1.29154967e-02 -0.01409128 -0.00120295 -0.00015050 -0.00003026 -0.00001002 
1.00000000e-02 -0.01409128 -0.00120295 -0.00015050 -0.00003026 -0.00001002 
7.74263683e-03 -0.01409128 -0.00120295 -0.00015050 -0.00003026 -0.00001002 
5.99484250e-03 -0.01409128 -0.00120295 -0.00015050 -0.00003026 -0.00001002 
4.64158883e-03 -0.01409128 -0.00120295 -0.00015050 -0.00003026 -0.00001002 
3.59381366e-03 -0.01409128 -0.00120295 -0.00015050 -0.00003026 -0.00001002 
2.78255940e-03 -0.01409128 -0.00120295 -0.00015050 -0.00003026 -0.00001002 
2.15443469e-03 -0.01409128 -0.00120295 -0.00015050 -0.00003026 -0.00001002 
1.66810054e-03 -0.01409128 -0.00120295 -0.00015050 -0.00003026 -0.00001002 
1.29154967e-03 -0.01409128 -0.00120295 -0.00015050 -0.00003026 -0.00001002 
1.00000000e-03 -0.01409128 -0.00120295 -0.00015050 -0.00003026 -0.00001002 
7.74263683e-04 -0.01409128 -0.00120295 -0.00015050 -0.00003026 -0.00001002 
5.99484250e-04 -0.01409128 -0.00120295 -0.00015050 -0.00003026 -0.00001002 
4.64158883e-04 -0.01409128 -0.00120295 -0.00015050 -0.00003026 -0.00001002 
3.59381366e-04 -0.01409128 -0.00120295 -0.00015050 -0.00003026 -0.00001002 
2.78255940e-04 -0.01409128 -0.00120295 -0.00015050 -0.00003026 -0.00001002 
2.15443469e-04 -0.01409128 -0.00120295 -0.00015050 -0.00003026 -0.00001002 
1.66810054e-04 -0.01409128 -0.00120295 -0.00015050 -0.00003026 -0.00001002 
1.29154967e-04 -0.01409128 -0.00120295 -0.00015050 -0.00003026 -0.00001002 
1.00000000e-04 -0.01409128 -0.00120295 -0.00015050 -0.00003026 -0.00001002 
7.74263683e-05 -0.01409128 -0.00120295 -0.00015050 -0.00003026 -0.00001002 
5.99484250e-05 -0.01409128 -0.00120295 -0.00015050 -0.00003026 -0.00001002 
4.64158883e-05 -0.01409128 -0.00120295 -0.00015050 -0.00003026 -0.00001002 
3.59381366e-05 -0.01409128 -0.00120295 -0.00015050 -0.00003026 -0.00001002 
2.78255940e-05 -0.01409128 -0.00120295 -0.00015050 -0.00003026 -0.00001002 
2.15443469e-05 -0.01409128 -0.00120295 -0.00015050 -0.00003026 -0.00001002 
1.66810054e-05 -0.01409128 -0.00120295 -0.00015050 -0.00003026 -0.00001002 
1.29154967e-05 -0.01409128 -0.00120295 -0.00015050 -0.00003026 -0.00001002 
1.00000000e-05 -0.01409128 -0.00120295 -0.00015050 -0.00003026 -0.00001002 
7.74263683e-06 -0.01409128 -0.00120295 -0.00015050 -0.00003026 -0.00001002 
5.99484250e-06 -0.01409128 -0.00120295 -0.00015050 -0.00003026 -0.00001002 
4.64158883e-06 -0.01409128 -0.00120295 -0.00015050 -0.00003026 -0.00001002 
3.59381366e-06 -0.01409128 -0.00120295 -0.00015050 -0.00003026 -0.00001002 
2.78255940e-06 -0.01409128 -0.00120295 -0.00015050 -0.00003026 -0.00001002 
2.15443469e-06 -0.01409128 -0.00120295 -0.00015050 -0.00003026 -0.00001002 
1.66810054e-06 -0.01409128 -0.00120295 -0.00015050 -0.00003026 -0.00001002 
1.29154967e-06 -0.01409128 -0.00120295 -0.00015050 -0.00003026 -0.00001002 
1.00000000e-06 -0.01409128 -0.00120295 -0.00015050 -0.00003026 -0.00001002 
7.74263683e-07 -0.01409128 -0.00120295 -0.00015050 -0.00003026 -0.00001002 
5.99484250e-07 -0.01409128 -0.00120295 -0.00015050 -0.00003026 -0.00001002 
4.64158883e-07 -0.01409128 -0.00120295 -0.00015050 -0.00003026 -0.00001002 
3.59381366e-07 -0.01409128 -0.00120295 -0.00015050 -0.00003026 -0.00001002 
2.78255940e-07 -0.01409128 -0.00120295 -0.00015050 -0.00003026 -0.00001002 
2.15443469e-07 -0.01409128 -0.00120295 -0.00015050 -0.00003026 -0.00001002 
1.66810054e-07 -0.01409128 -0.00120295 -0.00015050 -0.00003026 -0.00001002 
1.29154967e-07 -0.01409128 -0.00120295 -0.00015050 -0.00003026 -0.00001002 
1.00000000e-07 -0.01409128 -0.00120295 -0.00015050 -0.00003026 -0.00001002 
7.74263683e-08 -0.01409128 -0.00120295 -0.00015050 -0.00003026 -0.00001002 
5.99484250e-08 -0.01409128 -0.00120295 -0.00015050 -0.00003026 -0.00001002 
4.64158883e-08 -0.01409128 -0.00120295 -0.00015050 -0.00003026 -0.00001002 
3.59381366e-08 -0.01409128 -0.00120295 -0.00015050 -0.00003026 -0.00001002 
2.78255940e-08 -0.01409128 -0.00120295 -0.00015050 -0.00003026 -0.00001002 
2.15443469e-08 -0.01409128 -0.00120295 -0.00015050 -0.00003026 -0.00001002 
1.66810054e-08 -0.01409128 -0.00120295 -0.00015050 -0.00003026 -0.00001002 
1.29154967e-08 -0.01409128 -0.00120295 -0.00015050 -0.00003026 -0.00001002 
1.00000000e-08 -0.01409128 -0.00120295 -0.00015050 -0.00003026 -0.00001002 
7.74263683e-09 -0.01409128 -0.00120295 -0.00015050 -0.00003026 -0.00001002 
5.99484250e-09 -0.01409128 -0.00120295 -0.00015050 -0.00003026 -0.00001002 
4.64158883e-09 -0.01409128 -0.00120295 -0.00015050 -0.00003026 -0.00001002 
3.59381366e-09 -0.01409128 -0.00120295 -0.00015050 -0.00003026 -0.00001002 
2.78255940e-09 -0.01409128 -0.00120295 -0.00015050 -0.00003026 -0.00001002 
2.15443469e-09 -0.01409128 -0.00120295 -0.00015050 -0.00003026 -0.00001002 
1.66810054e-09 -0.01409128 -0.00120295 -0.00015050 -0.00003026 -0.00001002 
1.29154967e-09 -0.01409128 -0.00120295 -0.00015050 -0.00003026 -0.00001002 
1.00000000e-09 -0.01409128 -0.00120295 -0.00015050 -0.00003026 -0.00001002 
7.74263683e-10 -0.01409128 -0.00120295 -0.00015050 -0.00003026 -0.00001002 
5.99484250e-10 -0.01409128 -0.00120295 -0.00015050 -0.00003026 -0.00001002 
4.64158883e-10 -0.01409128 -0.00120295 -0.00015050 -0.00003026 -0.00001002 
3.59381366e-10 -0.01409128 -0.00120295 -0.00015050 -0.00003026 -0.00001002 
2.78255940e-10 -0.01409128 -0.00120295 -0.00015050 -0.00003026 -0.00001002 
2.15443469e-10 -0.01409128 -0.00120295 -0.00015050 -0.00003026 -0.00001002 
1.66810054e-10 -0.01409128 -0.00120295 -0.00015050 -0.00003026 -0.00001002 
1.29154967e-10 -0.01409128 -0.00120295 -0.00015050 -0.00003026 -0.00001002 
1.00000000e-10 -0.01409128 -0.00120295 -0.00015050 -0.00003026 -0.00001002 
P (bar) | log_H2O: -2σ | log_H2O: -1σ | log_H2O: median | log_H2O: +1σ | log_H2O: +2σ 
1.00000000e+01 -8.83263746 -6.09017716 -5.33719391 -4.66711121 -4.03094122 
7.74263683e+00 -8.83263746 -6.09017716 -5.33719391 -4.66711121 -4.03094122 
5.99484250e+00 -8.83263746 -6.09017716 -5.33719391 -4.66711121 -4.03094122 
4.64158883e+00 -8.83263746 -6.09017716 -5.33719391 -4.66711121 -4.03094122 
3.59381366e+00 -8.83263746 -6.09017716 -5.33719391 -4.66711121 -4.03094122 
2.78255940e+00 -8.83263746 -6.09017716 -5.33719391 -4.66711121 -4.03094122 
2.15443469e+00 -8.83263746 -6.09017716 -5.33719391 -4.66711121 -4.03094122 
1.66810054e+00 -8.83263746 -6.09017716 -5.33719391 -4.66711121 -4.03094122 
1.29154967e+00 -8.83263746 -6.09017716 -5.33719391 -4.66711121 -4.03094122 
1.00000000e+00 -8.83263746 -6.09017716 -5.33719391 -4.66711121 -4.03094122 
7.74263683e-01 -8.83263746 -6.09017716 -5.33719391 -4.66711121 -4.03094122 
5.99484250e-01 -8.83263746 -6.09017716 -5.33719391 -4.66711121 -4.03094122 
4.64158883e-01 -8.83263746 -6.09017716 -5.33719391 -4.66711121 -4.03094122 
3.59381366e-01 -8.83263746 -6.09017716 -5.33719391 -4.66711121 -4.03094122 
2.78255940e-01 -8.83263746 -6.09017716 -5.33719391 -4.66711121 -4.03094122 
2.15443469e-01 -8.83263746 -6.09017716 -5.33719391 -4.66711121 -4.03094122 
1.66810054e-01 -8.83263746 -6.09017716 -5.33719391 -4.66711121 -4.03094122 
1.29154967e-01 -8.83263746 -6.09017716 -5.33719391 -4.66711121 -4.03094122 
1.00000000e-01 -8.83263746 -6.09017716 -5.33719391 -4.66711121 -4.03094122 
7.74263683e-02 -8.83263746 -6.09017716 -5.33719391 -4.66711121 -4.03094122 
5.99484250e-02 -8.83263746 -6.09017716 -5.33719391 -4.66711121 -4.03094122 
4.64158883e-02 -8.83263746 -6.09017716 -5.33719391 -4.66711121 -4.03094122 
3.59381366e-02 -8.83263746 -6.09017716 -5.33719391 -4.66711121 -4.03094122 
2.78255940e-02 -8.83263746 -6.09017716 -5.33719391 -4.66711121 -4.03094122 
2.15443469e-02 -8.83263746 -6.09017716 -5.33719391 -4.66711121 -4.03094122 
1.66810054e-02 -8.83263746 -6.09017716 -5.33719391 -4.66711121 -4.03094122 
1.29154967e-02 -8.83263746 -6.09017716 -5.33719391 -4.66711121 -4.03094122 
1.00000000e-02 -8.83263746 -6.09017716 -5.33719391 -4.66711121 -4.03094122 
7.74263683e-03 -8.83263746 -6.09017716 -5.33719391 -4.66711121 -4.03094122 
5.99484250e-03 -8.83263746 -6.09017716 -5.33719391 -4.66711121 -4.03094122 
4.64158883e-03 -8.83263746 -6.09017716 -5.33719391 -4.66711121 -4.03094122 
3.59381366e-03 -8.83263746 -6.09017716 -5.33719391 -4.66711121 -4.03094122 
2.78255940e-03 -8.83263746 -6.09017716 -5.33719391 -4.66711121 -4.03094122 
2.15443469e-03 -8.83263746 -6.09017716 -5.33719391 -4.66711121 -4.03094122 
1.66810054e-03 -8.83263746 -6.09017716 -5.33719391 -4.66711121 -4.03094122 
1.29154967e-03 -8.83263746 -6.09017716 -5.33719391 -4.66711121 -4.03094122 
1.00000000e-03 -8.83263746 -6.09017716 -5.33719391 -4.66711121 -4.03094122 
7.74263683e-04 -8.83263746 -6.09017716 -5.33719391 -4.66711121 -4.03094122 
5.99484250e-04 -8.83263746 -6.09017716 -5.33719391 -4.66711121 -4.03094122 
4.64158883e-04 -8.83263746 -6.09017716 -5.33719391 -4.66711121 -4.03094122 
3.59381366e-04 -8.83263746 -6.09017716 -5.33719391 -4.66711121 -4.03094122 
2.78255940e-04 -8.83263746 -6.09017716 -5.33719391 -4.66711121 -4.03094122 
2.15443469e-04 -8.83263746 -6.09017716 -5.33719391 -4.66711121 -4.03094122 
1.66810054e-04 -8.83263746 -6.09017716 -5.33719391 -4.66711121 -4.03094122 
1.29154967e-04 -8.83263746 -6.09017716 -5.33719391 -4.66711121 -4.03094122 
1.00000000e-04 -8.83263746 -6.09017716 -5.33719391 -4.66711121 -4.03094122 
7.74263683e-05 -8.83263746 -6.09017716 -5.33719391 -4.66711121 -4.03094122 
5.99484250e-05 -8.83263746 -6.09017716 -5.33719391 -4.66711121 -4.03094122 
4.64158883e-05 -8.83263746 -6.09017716 -5.33719391 -4.66711121 -4.03094122 
3.59381366e-05 -8.83263746 -6.09017716 -5.33719391 -4.66711121 -4.03094122 
2.78255940e-05 -8.83263746 -6.09017716 -5.33719391 -4.66711121 -4.03094122 
2.15443469e-05 -8.83263746 -6.09017716 -5.33719391 -4.66711121 -4.03094122 
1.66810054e-05 -8.83263746 -6.09017716 -5.33719391 -4.66711121 -4.03094122 
1.29154967e-05 -8.83263746 -6.09017716 -5.33719391 -4.66711121 -4.03094122 
1.00000000e-05 -8.83263746 -6.09017716 -5.33719391 -4.66711121 -4.03094122 
7.74263683e-06 -8.83263746 -6.09017716 -5.33719391 -4.66711121 -4.03094122 
5.99484250e-06 -8.83263746 -6.09017716 -5.33719391 -4.66711121 -4.03094122 
4.64158883e-06 -8.83263746 -6.09017716 -5.33719391 -4.66711121 -4.03094122 
3.59381366e-06 -8.83263746 -6.09017716 -5.33719391 -4.66711121 -4.03094122 
2.78255940e-06 -8.83263746 -6.09017716 -5.33719391 -4.66711121 -4.03094122 
2.15443469e-06 -8.83263746 -6.09017716 -5.33719391 -4.66711121 -4.03094122 
1.66810054e-06 -8.83263746 -6.09017716 -5.33719391 -4.66711121 -4.03094122 
1.29154967e-06 -8.83263746 -6.09017716 -5.33719391 -4.66711121 -4.03094122 
1.00000000e-06 -8.83263746 -6.09017716 -5.33719391 -4.66711121 -4.03094122 
7.74263683e-07 -8.83263746 -6.09017716 -5.33719391 -4.66711121 -4.03094122 
5.99484250e-07 -8.83263746 -6.09017716 -5.33719391 -4.66711121 -4.03094122 
4.64158883e-07 -8.83263746 -6.09017716 -5.33719391 -4.66711121 -4.03094122 
3.59381366e-07 -8.83263746 -6.09017716 -5.33719391 -4.66711121 -4.03094122 
2.78255940e-07 -8.83263746 -6.09017716 -5.33719391 -4.66711121 -4.03094122 
2.15443469e-07 -8.83263746 -6.09017716 -5.33719391 -4.66711121 -4.03094122 
1.66810054e-07 -8.83263746 -6.09017716 -5.33719391 -4.66711121 -4.03094122 
1.29154967e-07 -8.83263746 -6.09017716 -5.33719391 -4.66711121 -4.03094122 
1.00000000e-07 -8.83263746 -6.09017716 -5.33719391 -4.66711121 -4.03094122 
7.74263683e-08 -8.83263746 -6.09017716 -5.33719391 -4.66711121 -4.03094122 
5.99484250e-08 -8.83263746 -6.09017716 -5.33719391 -4.66711121 -4.03094122 
4.64158883e-08 -8.83263746 -6.09017716 -5.33719391 -4.66711121 -4.03094122 
3.59381366e-08 -8.83263746 -6.09017716 -5.33719391 -4.66711121 -4.03094122 
2.78255940e-08 -8.83263746 -6.09017716 -5.33719391 -4.66711121 -4.03094122 
2.15443469e-08 -8.83263746 -6.09017716 -5.33719391 -4.66711121 -4.03094122 
1.66810054e-08 -8.83263746 -6.09017716 -5.33719391 -4.66711121 -4.03094122 
1.29154967e-08 -8.83263746 -6.09017716 -5.33719391 -4.66711121 -4.03094122 
1.00000000e-08 -8.83263746 -6.09017716 -5.33719391 -4.66711121 -4.03094122 
7.74263683e-09 -8.83263746 -6.09017716 -5.33719391 -4.66711121 -4.03094122 
5.99484250e-09 -8.83263746 -6.09017716 -5.33719391 -4.66711121 -4.03094122 
4.64158883e-09 -8.83263746 -6.09017716 -5.33719391 -4.66711121 -4.03094122 
3.59381366e-09 -8.83263746 -6.09017716 -5.33719391 -4.66711121 -4.03094122 
2.78255940e-09 -8.83263746 -6.09017716 -5.33719391 -4.66711121 -4.03094122 
2.15443469e-09 -8.83263746 -6.09017716 -5.33719391 -4.66711121 -4.03094122 
1.66810054e-09 -8.83263746 -6.09017716 -5.33719391 -4.66711121 -4.03094122 
1.29154967e-09 -8.83263746 -6.09017716 -5.33719391 -4.66711121 -4.03094122 
1.00000000e-09 -8.83263746 -6.09017716 -5.33719391 -4.66711121 -4.03094122 
7.74263683e-10 -8.83263746 -6.09017716 -5.33719391 -4.66711121 -4.03094122 
5.99484250e-10 -8.83263746 -6.09017716 -5.33719391 -4.66711121 -4.03094122 
4.64158883e-10 -8.83263746 -6.09017716 -5.33719391 -4.66711121 -4.03094122 
3.59381366e-10 -8.83263746 -6.09017716 -5.33719391 -4.66711121 -4.03094122 
2.78255940e-10 -8.83263746 -6.09017716 -5.33719391 -4.66711121 -4.03094122 
2.15443469e-10 -8.83263746 -6.09017716 -5.33719391 -4.66711121 -4.03094122 
1.66810054e-10 -8.83263746 -6.09017716 -5.33719391 -4.66711121 -4.03094122 
1.29154967e-10 -8.83263746 -6.09017716 -5.33719391 -4.66711121 -4.03094122 
1.00000000e-10 -8.83263746 -6.09017716 -5.33719391 -4.66711121 -4.03094122 
P (bar) | log_CO2: -2σ | log_CO2: -1σ | log_CO2: median | log_CO2: +1σ | log_CO2: +2σ 
1.00000000e+01 -5.30922224 -4.57761197 -3.87270746 -3.11364839 -2.37768388 
7.74263683e+00 -5.30922224 -4.57761197 -3.87270746 -3.11364839 -2.37768388 
5.99484250e+00 -5.30922224 -4.57761197 -3.87270746 -3.11364839 -2.37768388 
4.64158883e+00 -5.30922224 -4.57761197 -3.87270746 -3.11364839 -2.37768388 
3.59381366e+00 -5.30922224 -4.57761197 -3.87270746 -3.11364839 -2.37768388 
2.78255940e+00 -5.30922224 -4.57761197 -3.87270746 -3.11364839 -2.37768388 
2.15443469e+00 -5.30922224 -4.57761197 -3.87270746 -3.11364839 -2.37768388 
1.66810054e+00 -5.30922224 -4.57761197 -3.87270746 -3.11364839 -2.37768388 
1.29154967e+00 -5.30922224 -4.57761197 -3.87270746 -3.11364839 -2.37768388 
1.00000000e+00 -5.30922224 -4.57761197 -3.87270746 -3.11364839 -2.37768388 
7.74263683e-01 -5.30922224 -4.57761197 -3.87270746 -3.11364839 -2.37768388 
5.99484250e-01 -5.30922224 -4.57761197 -3.87270746 -3.11364839 -2.37768388 
4.64158883e-01 -5.30922224 -4.57761197 -3.87270746 -3.11364839 -2.37768388 
3.59381366e-01 -5.30922224 -4.57761197 -3.87270746 -3.11364839 -2.37768388 
2.78255940e-01 -5.30922224 -4.57761197 -3.87270746 -3.11364839 -2.37768388 
2.15443469e-01 -5.30922224 -4.57761197 -3.87270746 -3.11364839 -2.37768388 
1.66810054e-01 -5.30922224 -4.57761197 -3.87270746 -3.11364839 -2.37768388 
1.29154967e-01 -5.30922224 -4.57761197 -3.87270746 -3.11364839 -2.37768388 
1.00000000e-01 -5.30922224 -4.57761197 -3.87270746 -3.11364839 -2.37768388 
7.74263683e-02 -5.30922224 -4.57761197 -3.87270746 -3.11364839 -2.37768388 
5.99484250e-02 -5.30922224 -4.57761197 -3.87270746 -3.11364839 -2.37768388 
4.64158883e-02 -5.30922224 -4.57761197 -3.87270746 -3.11364839 -2.37768388 
3.59381366e-02 -5.30922224 -4.57761197 -3.87270746 -3.11364839 -2.37768388 
2.78255940e-02 -5.30922224 -4.57761197 -3.87270746 -3.11364839 -2.37768388 
2.15443469e-02 -5.30922224 -4.57761197 -3.87270746 -3.11364839 -2.37768388 
1.66810054e-02 -5.30922224 -4.57761197 -3.87270746 -3.11364839 -2.37768388 
1.29154967e-02 -5.30922224 -4.57761197 -3.87270746 -3.11364839 -2.37768388 
1.00000000e-02 -5.30922224 -4.57761197 -3.87270746 -3.11364839 -2.37768388 
7.74263683e-03 -5.30922224 -4.57761197 -3.87270746 -3.11364839 -2.37768388 
5.99484250e-03 -5.30922224 -4.57761197 -3.87270746 -3.11364839 -2.37768388 
4.64158883e-03 -5.30922224 -4.57761197 -3.87270746 -3.11364839 -2.37768388 
3.59381366e-03 -5.30922224 -4.57761197 -3.87270746 -3.11364839 -2.37768388 
2.78255940e-03 -5.30922224 -4.57761197 -3.87270746 -3.11364839 -2.37768388 
2.15443469e-03 -5.30922224 -4.57761197 -3.87270746 -3.11364839 -2.37768388 
1.66810054e-03 -5.30922224 -4.57761197 -3.87270746 -3.11364839 -2.37768388 
1.29154967e-03 -5.30922224 -4.57761197 -3.87270746 -3.11364839 -2.37768388 
1.00000000e-03 -5.30922224 -4.57761197 -3.87270746 -3.11364839 -2.37768388 
7.74263683e-04 -5.30922224 -4.57761197 -3.87270746 -3.11364839 -2.37768388 
5.99484250e-04 -5.30922224 -4.57761197 -3.87270746 -3.11364839 -2.37768388 
4.64158883e-04 -5.30922224 -4.57761197 -3.87270746 -3.11364839 -2.37768388 
3.59381366e-04 -5.30922224 -4.57761197 -3.87270746 -3.11364839 -2.37768388 
2.78255940e-04 -5.30922224 -4.57761197 -3.87270746 -3.11364839 -2.37768388 
2.15443469e-04 -5.30922224 -4.57761197 -3.87270746 -3.11364839 -2.37768388 
1.66810054e-04 -5.30922224 -4.57761197 -3.87270746 -3.11364839 -2.37768388 
1.29154967e-04 -5.30922224 -4.57761197 -3.87270746 -3.11364839 -2.37768388 
1.00000000e-04 -5.30922224 -4.57761197 -3.87270746 -3.11364839 -2.37768388 
7.74263683e-05 -5.30922224 -4.57761197 -3.87270746 -3.11364839 -2.37768388 
5.99484250e-05 -5.30922224 -4.57761197 -3.87270746 -3.11364839 -2.37768388 
4.64158883e-05 -5.30922224 -4.57761197 -3.87270746 -3.11364839 -2.37768388 
3.59381366e-05 -5.30922224 -4.57761197 -3.87270746 -3.11364839 -2.37768388 
2.78255940e-05 -5.30922224 -4.57761197 -3.87270746 -3.11364839 -2.37768388 
2.15443469e-05 -5.30922224 -4.57761197 -3.87270746 -3.11364839 -2.37768388 
1.66810054e-05 -5.30922224 -4.57761197 -3.87270746 -3.11364839 -2.37768388 
1.29154967e-05 -5.30922224 -4.57761197 -3.87270746 -3.11364839 -2.37768388 
1.00000000e-05 -5.30922224 -4.57761197 -3.87270746 -3.11364839 -2.37768388 
7.74263683e-06 -5.30922224 -4.57761197 -3.87270746 -3.11364839 -2.37768388 
5.99484250e-06 -5.30922224 -4.57761197 -3.87270746 -3.11364839 -2.37768388 
4.64158883e-06 -5.30922224 -4.57761197 -3.87270746 -3.11364839 -2.37768388 
3.59381366e-06 -5.30922224 -4.57761197 -3.87270746 -3.11364839 -2.37768388 
2.78255940e-06 -5.30922224 -4.57761197 -3.87270746 -3.11364839 -2.37768388 
2.15443469e-06 -5.30922224 -4.57761197 -3.87270746 -3.11364839 -2.37768388 
1.66810054e-06 -5.30922224 -4.57761197 -3.87270746 -3.11364839 -2.37768388 
1.29154967e-06 -5.30922224 -4.57761197 -3.87270746 -3.11364839 -2.37768388 
1.00000000e-06 -5.30922224 -4.57761197 -3.87270746 -3.11364839 -2.37768388 
7.74263683e-07 -5.30922224 -4.57761197 -3.87270746 -3.11364839 -2.37768388 
5.99484250e-07 -5.30922224 -4.57761197 -3.87270746 -3.11364839 -2.37768388 
4.64158883e-07 -5.30922224 -4.57761197 -3.87270746 -3.11364839 -2.37768388 
3.59381366e-07 -5.30922224 -4.57761197 -3.87270746 -3.11364839 -2.37768388 
2.78255940e-07 -5.30922224 -4.57761197 -3.87270746 -3.11364839 -2.37768388 
2.15443469e-07 -5.30922224 -4.57761197 -3.87270746 -3.11364839 -2.37768388 
1.66810054e-07 -5.30922224 -4.57761197 -3.87270746 -3.11364839 -2.37768388 
1.29154967e-07 -5.30922224 -4.57761197 -3.87270746 -3.11364839 -2.37768388 
1.00000000e-07 -5.30922224 -4.57761197 -3.87270746 -3.11364839 -2.37768388 
7.74263683e-08 -5.30922224 -4.57761197 -3.87270746 -3.11364839 -2.37768388 
5.99484250e-08 -5.30922224 -4.57761197 -3.87270746 -3.11364839 -2.37768388 
4.64158883e-08 -5.30922224 -4.57761197 -3.87270746 -3.11364839 -2.37768388 
3.59381366e-08 -5.30922224 -4.57761197 -3.87270746 -3.11364839 -2.37768388 
2.78255940e-08 -5.30922224 -4.57761197 -3.87270746 -3.11364839 -2.37768388 
2.15443469e-08 -5.30922224 -4.57761197 -3.87270746 -3.11364839 -2.37768388 
1.66810054e-08 -5.30922224 -4.57761197 -3.87270746 -3.11364839 -2.37768388 
1.29154967e-08 -5.30922224 -4.57761197 -3.87270746 -3.11364839 -2.37768388 
1.00000000e-08 -5.30922224 -4.57761197 -3.87270746 -3.11364839 -2.37768388 
7.74263683e-09 -5.30922224 -4.57761197 -3.87270746 -3.11364839 -2.37768388 
5.99484250e-09 -5.30922224 -4.57761197 -3.87270746 -3.11364839 -2.37768388 
4.64158883e-09 -5.30922224 -4.57761197 -3.87270746 -3.11364839 -2.37768388 
3.59381366e-09 -5.30922224 -4.57761197 -3.87270746 -3.11364839 -2.37768388 
2.78255940e-09 -5.30922224 -4.57761197 -3.87270746 -3.11364839 -2.37768388 
2.15443469e-09 -5.30922224 -4.57761197 -3.87270746 -3.11364839 -2.37768388 
1.66810054e-09 -5.30922224 -4.57761197 -3.87270746 -3.11364839 -2.37768388 
1.29154967e-09 -5.30922224 -4.57761197 -3.87270746 -3.11364839 -2.37768388 
1.00000000e-09 -5.30922224 -4.57761197 -3.87270746 -3.11364839 -2.37768388 
7.74263683e-10 -5.30922224 -4.57761197 -3.87270746 -3.11364839 -2.37768388 
5.99484250e-10 -5.30922224 -4.57761197 -3.87270746 -3.11364839 -2.37768388 
4.64158883e-10 -5.30922224 -4.57761197 -3.87270746 -3.11364839 -2.37768388 
3.59381366e-10 -5.30922224 -4.57761197 -3.87270746 -3.11364839 -2.37768388 
2.78255940e-10 -5.30922224 -4.57761197 -3.87270746 -3.11364839 -2.37768388 
2.15443469e-10 -5.30922224 -4.57761197 -3.87270746 -3.11364839 -2.37768388 
1.66810054e-10 -5.30922224 -4.57761197 -3.87270746 -3.11364839 -2.37768388 
1.29154967e-10 -5.30922224 -4.57761197 -3.87270746 -3.11364839 -2.37768388 
1.00000000e-10 -5.30922224 -4.57761197 -3.87270746 -3.11364839 -2.37768388 
P (bar) | log_CH4: -2σ | log_CH4: -1σ | log_CH4: median | log_CH4: +1σ | log_CH4: +2σ 
1.00000000e+01 -5.32712453 -4.99878774 -4.60745514 -4.13677417 -3.55016596 
7.74263683e+00 -5.32712453 -4.99878774 -4.60745514 -4.13677417 -3.55016596 
5.99484250e+00 -5.32712453 -4.99878774 -4.60745514 -4.13677417 -3.55016596 
4.64158883e+00 -5.32712453 -4.99878774 -4.60745514 -4.13677417 -3.55016596 
3.59381366e+00 -5.32712453 -4.99878774 -4.60745514 -4.13677417 -3.55016596 
2.78255940e+00 -5.32712453 -4.99878774 -4.60745514 -4.13677417 -3.55016596 
2.15443469e+00 -5.32712453 -4.99878774 -4.60745514 -4.13677417 -3.55016596 
1.66810054e+00 -5.32712453 -4.99878774 -4.60745514 -4.13677417 -3.55016596 
1.29154967e+00 -5.32712453 -4.99878774 -4.60745514 -4.13677417 -3.55016596 
1.00000000e+00 -5.32712453 -4.99878774 -4.60745514 -4.13677417 -3.55016596 
7.74263683e-01 -5.32712453 -4.99878774 -4.60745514 -4.13677417 -3.55016596 
5.99484250e-01 -5.32712453 -4.99878774 -4.60745514 -4.13677417 -3.55016596 
4.64158883e-01 -5.32712453 -4.99878774 -4.60745514 -4.13677417 -3.55016596 
3.59381366e-01 -5.32712453 -4.99878774 -4.60745514 -4.13677417 -3.55016596 
2.78255940e-01 -5.32712453 -4.99878774 -4.60745514 -4.13677417 -3.55016596 
2.15443469e-01 -5.32712453 -4.99878774 -4.60745514 -4.13677417 -3.55016596 
1.66810054e-01 -5.32712453 -4.99878774 -4.60745514 -4.13677417 -3.55016596 
1.29154967e-01 -5.32712453 -4.99878774 -4.60745514 -4.13677417 -3.55016596 
1.00000000e-01 -5.32712453 -4.99878774 -4.60745514 -4.13677417 -3.55016596 
7.74263683e-02 -5.32712453 -4.99878774 -4.60745514 -4.13677417 -3.55016596 
5.99484250e-02 -5.32712453 -4.99878774 -4.60745514 -4.13677417 -3.55016596 
4.64158883e-02 -5.32712453 -4.99878774 -4.60745514 -4.13677417 -3.55016596 
3.59381366e-02 -5.32712453 -4.99878774 -4.60745514 -4.13677417 -3.55016596 
2.78255940e-02 -5.32712453 -4.99878774 -4.60745514 -4.13677417 -3.55016596 
2.15443469e-02 -5.32712453 -4.99878774 -4.60745514 -4.13677417 -3.55016596 
1.66810054e-02 -5.32712453 -4.99878774 -4.60745514 -4.13677417 -3.55016596 
1.29154967e-02 -5.32712453 -4.99878774 -4.60745514 -4.13677417 -3.55016596 
1.00000000e-02 -5.32712453 -4.99878774 -4.60745514 -4.13677417 -3.55016596 
7.74263683e-03 -5.32712453 -4.99878774 -4.60745514 -4.13677417 -3.55016596 
5.99484250e-03 -5.32712453 -4.99878774 -4.60745514 -4.13677417 -3.55016596 
4.64158883e-03 -5.32712453 -4.99878774 -4.60745514 -4.13677417 -3.55016596 
3.59381366e-03 -5.32712453 -4.99878774 -4.60745514 -4.13677417 -3.55016596 
2.78255940e-03 -5.32712453 -4.99878774 -4.60745514 -4.13677417 -3.55016596 
2.15443469e-03 -5.32712453 -4.99878774 -4.60745514 -4.13677417 -3.55016596 
1.66810054e-03 -5.32712453 -4.99878774 -4.60745514 -4.13677417 -3.55016596 
1.29154967e-03 -5.32712453 -4.99878774 -4.60745514 -4.13677417 -3.55016596 
1.00000000e-03 -5.32712453 -4.99878774 -4.60745514 -4.13677417 -3.55016596 
7.74263683e-04 -5.32712453 -4.99878774 -4.60745514 -4.13677417 -3.55016596 
5.99484250e-04 -5.32712453 -4.99878774 -4.60745514 -4.13677417 -3.55016596 
4.64158883e-04 -5.32712453 -4.99878774 -4.60745514 -4.13677417 -3.55016596 
3.59381366e-04 -5.32712453 -4.99878774 -4.60745514 -4.13677417 -3.55016596 
2.78255940e-04 -5.32712453 -4.99878774 -4.60745514 -4.13677417 -3.55016596 
2.15443469e-04 -5.32712453 -4.99878774 -4.60745514 -4.13677417 -3.55016596 
1.66810054e-04 -5.32712453 -4.99878774 -4.60745514 -4.13677417 -3.55016596 
1.29154967e-04 -5.32712453 -4.99878774 -4.60745514 -4.13677417 -3.55016596 
1.00000000e-04 -5.32712453 -4.99878774 -4.60745514 -4.13677417 -3.55016596 
7.74263683e-05 -5.32712453 -4.99878774 -4.60745514 -4.13677417 -3.55016596 
5.99484250e-05 -5.32712453 -4.99878774 -4.60745514 -4.13677417 -3.55016596 
4.64158883e-05 -5.32712453 -4.99878774 -4.60745514 -4.13677417 -3.55016596 
3.59381366e-05 -5.32712453 -4.99878774 -4.60745514 -4.13677417 -3.55016596 
2.78255940e-05 -5.32712453 -4.99878774 -4.60745514 -4.13677417 -3.55016596 
2.15443469e-05 -5.32712453 -4.99878774 -4.60745514 -4.13677417 -3.55016596 
1.66810054e-05 -5.32712453 -4.99878774 -4.60745514 -4.13677417 -3.55016596 
1.29154967e-05 -5.32712453 -4.99878774 -4.60745514 -4.13677417 -3.55016596 
1.00000000e-05 -5.32712453 -4.99878774 -4.60745514 -4.13677417 -3.55016596 
7.74263683e-06 -5.32712453 -4.99878774 -4.60745514 -4.13677417 -3.55016596 
5.99484250e-06 -5.32712453 -4.99878774 -4.60745514 -4.13677417 -3.55016596 
4.64158883e-06 -5.32712453 -4.99878774 -4.60745514 -4.13677417 -3.55016596 
3.59381366e-06 -5.32712453 -4.99878774 -4.60745514 -4.13677417 -3.55016596 
2.78255940e-06 -5.32712453 -4.99878774 -4.60745514 -4.13677417 -3.55016596 
2.15443469e-06 -5.32712453 -4.99878774 -4.60745514 -4.13677417 -3.55016596 
1.66810054e-06 -5.32712453 -4.99878774 -4.60745514 -4.13677417 -3.55016596 
1.29154967e-06 -5.32712453 -4.99878774 -4.60745514 -4.13677417 -3.55016596 
1.00000000e-06 -5.32712453 -4.99878774 -4.60745514 -4.13677417 -3.55016596 
7.74263683e-07 -5.32712453 -4.99878774 -4.60745514 -4.13677417 -3.55016596 
5.99484250e-07 -5.32712453 -4.99878774 -4.60745514 -4.13677417 -3.55016596 
4.64158883e-07 -5.32712453 -4.99878774 -4.60745514 -4.13677417 -3.55016596 
3.59381366e-07 -5.32712453 -4.99878774 -4.60745514 -4.13677417 -3.55016596 
2.78255940e-07 -5.32712453 -4.99878774 -4.60745514 -4.13677417 -3.55016596 
2.15443469e-07 -5.32712453 -4.99878774 -4.60745514 -4.13677417 -3.55016596 
1.66810054e-07 -5.32712453 -4.99878774 -4.60745514 -4.13677417 -3.55016596 
1.29154967e-07 -5.32712453 -4.99878774 -4.60745514 -4.13677417 -3.55016596 
1.00000000e-07 -5.32712453 -4.99878774 -4.60745514 -4.13677417 -3.55016596 
7.74263683e-08 -5.32712453 -4.99878774 -4.60745514 -4.13677417 -3.55016596 
5.99484250e-08 -5.32712453 -4.99878774 -4.60745514 -4.13677417 -3.55016596 
4.64158883e-08 -5.32712453 -4.99878774 -4.60745514 -4.13677417 -3.55016596 
3.59381366e-08 -5.32712453 -4.99878774 -4.60745514 -4.13677417 -3.55016596 
2.78255940e-08 -5.32712453 -4.99878774 -4.60745514 -4.13677417 -3.55016596 
2.15443469e-08 -5.32712453 -4.99878774 -4.60745514 -4.13677417 -3.55016596 
1.66810054e-08 -5.32712453 -4.99878774 -4.60745514 -4.13677417 -3.55016596 
1.29154967e-08 -5.32712453 -4.99878774 -4.60745514 -4.13677417 -3.55016596 
1.00000000e-08 -5.32712453 -4.99878774 -4.60745514 -4.13677417 -3.55016596 
7.74263683e-09 -5.32712453 -4.99878774 -4.60745514 -4.13677417 -3.55016596 
5.99484250e-09 -5.32712453 -4.99878774 -4.60745514 -4.13677417 -3.55016596 
4.64158883e-09 -5.32712453 -4.99878774 -4.60745514 -4.13677417 -3.55016596 
3.59381366e-09 -5.32712453 -4.99878774 -4.60745514 -4.13677417 -3.55016596 
2.78255940e-09 -5.32712453 -4.99878774 -4.60745514 -4.13677417 -3.55016596 
2.15443469e-09 -5.32712453 -4.99878774 -4.60745514 -4.13677417 -3.55016596 
1.66810054e-09 -5.32712453 -4.99878774 -4.60745514 -4.13677417 -3.55016596 
1.29154967e-09 -5.32712453 -4.99878774 -4.60745514 -4.13677417 -3.55016596 
1.00000000e-09 -5.32712453 -4.99878774 -4.60745514 -4.13677417 -3.55016596 
7.74263683e-10 -5.32712453 -4.99878774 -4.60745514 -4.13677417 -3.55016596 
5.99484250e-10 -5.32712453 -4.99878774 -4.60745514 -4.13677417 -3.55016596 
4.64158883e-10 -5.32712453 -4.99878774 -4.60745514 -4.13677417 -3.55016596 
3.59381366e-10 -5.32712453 -4.99878774 -4.60745514 -4.13677417 -3.55016596 
2.78255940e-10 -5.32712453 -4.99878774 -4.60745514 -4.13677417 -3.55016596 
2.15443469e-10 -5.32712453 -4.99878774 -4.60745514 -4.13677417 -3.55016596 
1.66810054e-10 -5.32712453 -4.99878774 -4.60745514 -4.13677417 -3.55016596 
1.29154967e-10 -5.32712453 -4.99878774 -4.60745514 -4.13677417 -3.55016596 
1.00000000e-10 -5.32712453 -4.99878774 -4.60745514 -4.13677417 -3.55016596 
P (bar) | log_O2: -2σ | log_O2: -1σ | log_O2: median | log_O2: +1σ | log_O2: +2σ 
1.00000000e+01 -9.83005825 -8.72951898 -5.71449559 -2.95194355 -1.69726237 
7.74263683e+00 -9.83005825 -8.72951898 -5.71449559 -2.95194355 -1.69726237 
5.99484250e+00 -9.83005825 -8.72951898 -5.71449559 -2.95194355 -1.69726237 
4.64158883e+00 -9.83005825 -8.72951898 -5.71449559 -2.95194355 -1.69726237 
3.59381366e+00 -9.83005825 -8.72951898 -5.71449559 -2.95194355 -1.69726237 
2.78255940e+00 -9.83005825 -8.72951898 -5.71449559 -2.95194355 -1.69726237 
2.15443469e+00 -9.83005825 -8.72951898 -5.71449559 -2.95194355 -1.69726237 
1.66810054e+00 -9.83005825 -8.72951898 -5.71449559 -2.95194355 -1.69726237 
1.29154967e+00 -9.83005825 -8.72951898 -5.71449559 -2.95194355 -1.69726237 
1.00000000e+00 -9.83005825 -8.72951898 -5.71449559 -2.95194355 -1.69726237 
7.74263683e-01 -9.83005825 -8.72951898 -5.71449559 -2.95194355 -1.69726237 
5.99484250e-01 -9.83005825 -8.72951898 -5.71449559 -2.95194355 -1.69726237 
4.64158883e-01 -9.83005825 -8.72951898 -5.71449559 -2.95194355 -1.69726237 
3.59381366e-01 -9.83005825 -8.72951898 -5.71449559 -2.95194355 -1.69726237 
2.78255940e-01 -9.83005825 -8.72951898 -5.71449559 -2.95194355 -1.69726237 
2.15443469e-01 -9.83005825 -8.72951898 -5.71449559 -2.95194355 -1.69726237 
1.66810054e-01 -9.83005825 -8.72951898 -5.71449559 -2.95194355 -1.69726237 
1.29154967e-01 -9.83005825 -8.72951898 -5.71449559 -2.95194355 -1.69726237 
1.00000000e-01 -9.83005825 -8.72951898 -5.71449559 -2.95194355 -1.69726237 
7.74263683e-02 -9.83005825 -8.72951898 -5.71449559 -2.95194355 -1.69726237 
5.99484250e-02 -9.83005825 -8.72951898 -5.71449559 -2.95194355 -1.69726237 
4.64158883e-02 -9.83005825 -8.72951898 -5.71449559 -2.95194355 -1.69726237 
3.59381366e-02 -9.83005825 -8.72951898 -5.71449559 -2.95194355 -1.69726237 
2.78255940e-02 -9.83005825 -8.72951898 -5.71449559 -2.95194355 -1.69726237 
2.15443469e-02 -9.83005825 -8.72951898 -5.71449559 -2.95194355 -1.69726237 
1.66810054e-02 -9.83005825 -8.72951898 -5.71449559 -2.95194355 -1.69726237 
1.29154967e-02 -9.83005825 -8.72951898 -5.71449559 -2.95194355 -1.69726237 
1.00000000e-02 -9.83005825 -8.72951898 -5.71449559 -2.95194355 -1.69726237 
7.74263683e-03 -9.83005825 -8.72951898 -5.71449559 -2.95194355 -1.69726237 
5.99484250e-03 -9.83005825 -8.72951898 -5.71449559 -2.95194355 -1.69726237 
4.64158883e-03 -9.83005825 -8.72951898 -5.71449559 -2.95194355 -1.69726237 
3.59381366e-03 -9.83005825 -8.72951898 -5.71449559 -2.95194355 -1.69726237 
2.78255940e-03 -9.83005825 -8.72951898 -5.71449559 -2.95194355 -1.69726237 
2.15443469e-03 -9.83005825 -8.72951898 -5.71449559 -2.95194355 -1.69726237 
1.66810054e-03 -9.83005825 -8.72951898 -5.71449559 -2.95194355 -1.69726237 
1.29154967e-03 -9.83005825 -8.72951898 -5.71449559 -2.95194355 -1.69726237 
1.00000000e-03 -9.83005825 -8.72951898 -5.71449559 -2.95194355 -1.69726237 
7.74263683e-04 -9.83005825 -8.72951898 -5.71449559 -2.95194355 -1.69726237 
5.99484250e-04 -9.83005825 -8.72951898 -5.71449559 -2.95194355 -1.69726237 
4.64158883e-04 -9.83005825 -8.72951898 -5.71449559 -2.95194355 -1.69726237 
3.59381366e-04 -9.83005825 -8.72951898 -5.71449559 -2.95194355 -1.69726237 
2.78255940e-04 -9.83005825 -8.72951898 -5.71449559 -2.95194355 -1.69726237 
2.15443469e-04 -9.83005825 -8.72951898 -5.71449559 -2.95194355 -1.69726237 
1.66810054e-04 -9.83005825 -8.72951898 -5.71449559 -2.95194355 -1.69726237 
1.29154967e-04 -9.83005825 -8.72951898 -5.71449559 -2.95194355 -1.69726237 
1.00000000e-04 -9.83005825 -8.72951898 -5.71449559 -2.95194355 -1.69726237 
7.74263683e-05 -9.83005825 -8.72951898 -5.71449559 -2.95194355 -1.69726237 
5.99484250e-05 -9.83005825 -8.72951898 -5.71449559 -2.95194355 -1.69726237 
4.64158883e-05 -9.83005825 -8.72951898 -5.71449559 -2.95194355 -1.69726237 
3.59381366e-05 -9.83005825 -8.72951898 -5.71449559 -2.95194355 -1.69726237 
2.78255940e-05 -9.83005825 -8.72951898 -5.71449559 -2.95194355 -1.69726237 
2.15443469e-05 -9.83005825 -8.72951898 -5.71449559 -2.95194355 -1.69726237 
1.66810054e-05 -9.83005825 -8.72951898 -5.71449559 -2.95194355 -1.69726237 
1.29154967e-05 -9.83005825 -8.72951898 -5.71449559 -2.95194355 -1.69726237 
1.00000000e-05 -9.83005825 -8.72951898 -5.71449559 -2.95194355 -1.69726237 
7.74263683e-06 -9.83005825 -8.72951898 -5.71449559 -2.95194355 -1.69726237 
5.99484250e-06 -9.83005825 -8.72951898 -5.71449559 -2.95194355 -1.69726237 
4.64158883e-06 -9.83005825 -8.72951898 -5.71449559 -2.95194355 -1.69726237 
3.59381366e-06 -9.83005825 -8.72951898 -5.71449559 -2.95194355 -1.69726237 
2.78255940e-06 -9.83005825 -8.72951898 -5.71449559 -2.95194355 -1.69726237 
2.15443469e-06 -9.83005825 -8.72951898 -5.71449559 -2.95194355 -1.69726237 
1.66810054e-06 -9.83005825 -8.72951898 -5.71449559 -2.95194355 -1.69726237 
1.29154967e-06 -9.83005825 -8.72951898 -5.71449559 -2.95194355 -1.69726237 
1.00000000e-06 -9.83005825 -8.72951898 -5.71449559 -2.95194355 -1.69726237 
7.74263683e-07 -9.83005825 -8.72951898 -5.71449559 -2.95194355 -1.69726237 
5.99484250e-07 -9.83005825 -8.72951898 -5.71449559 -2.95194355 -1.69726237 
4.64158883e-07 -9.83005825 -8.72951898 -5.71449559 -2.95194355 -1.69726237 
3.59381366e-07 -9.83005825 -8.72951898 -5.71449559 -2.95194355 -1.69726237 
2.78255940e-07 -9.83005825 -8.72951898 -5.71449559 -2.95194355 -1.69726237 
2.15443469e-07 -9.83005825 -8.72951898 -5.71449559 -2.95194355 -1.69726237 
1.66810054e-07 -9.83005825 -8.72951898 -5.71449559 -2.95194355 -1.69726237 
1.29154967e-07 -9.83005825 -8.72951898 -5.71449559 -2.95194355 -1.69726237 
1.00000000e-07 -9.83005825 -8.72951898 -5.71449559 -2.95194355 -1.69726237 
7.74263683e-08 -9.83005825 -8.72951898 -5.71449559 -2.95194355 -1.69726237 
5.99484250e-08 -9.83005825 -8.72951898 -5.71449559 -2.95194355 -1.69726237 
4.64158883e-08 -9.83005825 -8.72951898 -5.71449559 -2.95194355 -1.69726237 
3.59381366e-08 -9.83005825 -8.72951898 -5.71449559 -2.95194355 -1.69726237 
2.78255940e-08 -9.83005825 -8.72951898 -5.71449559 -2.95194355 -1.69726237 
2.15443469e-08 -9.83005825 -8.72951898 -5.71449559 -2.95194355 -1.69726237 
1.66810054e-08 -9.83005825 -8.72951898 -5.71449559 -2.95194355 -1.69726237 
1.29154967e-08 -9.83005825 -8.72951898 -5.71449559 -2.95194355 -1.69726237 
1.00000000e-08 -9.83005825 -8.72951898 -5.71449559 -2.95194355 -1.69726237 
7.74263683e-09 -9.83005825 -8.72951898 -5.71449559 -2.95194355 -1.69726237 
5.99484250e-09 -9.83005825 -8.72951898 -5.71449559 -2.95194355 -1.69726237 
4.64158883e-09 -9.83005825 -8.72951898 -5.71449559 -2.95194355 -1.69726237 
3.59381366e-09 -9.83005825 -8.72951898 -5.71449559 -2.95194355 -1.69726237 
2.78255940e-09 -9.83005825 -8.72951898 -5.71449559 -2.95194355 -1.69726237 
2.15443469e-09 -9.83005825 -8.72951898 -5.71449559 -2.95194355 -1.69726237 
1.66810054e-09 -9.83005825 -8.72951898 -5.71449559 -2.95194355 -1.69726237 
1.29154967e-09 -9.83005825 -8.72951898 -5.71449559 -2.95194355 -1.69726237 
1.00000000e-09 -9.83005825 -8.72951898 -5.71449559 -2.95194355 -1.69726237 
7.74263683e-10 -9.83005825 -8.72951898 -5.71449559 -2.95194355 -1.69726237 
5.99484250e-10 -9.83005825 -8.72951898 -5.71449559 -2.95194355 -1.69726237 
4.64158883e-10 -9.83005825 -8.72951898 -5.71449559 -2.95194355 -1.69726237 
3.59381366e-10 -9.83005825 -8.72951898 -5.71449559 -2.95194355 -1.69726237 
2.78255940e-10 -9.83005825 -8.72951898 -5.71449559 -2.95194355 -1.69726237 
2.15443469e-10 -9.83005825 -8.72951898 -5.71449559 -2.95194355 -1.69726237 
1.66810054e-10 -9.83005825 -8.72951898 -5.71449559 -2.95194355 -1.69726237 
1.29154967e-10 -9.83005825 -8.72951898 -5.71449559 -2.95194355 -1.69726237 
1.00000000e-10 -9.83005825 -8.72951898 -5.71449559 -2.95194355 -1.69726237 
P (bar) | log_O3: -2σ | log_O3: -1σ | log_O3: median | log_O3: +1σ | log_O3: +2σ 
1.00000000e+01 -9.90187951 -9.37062144 -8.19459864 -6.67739691 -5.27896380 
7.74263683e+00 -9.90187951 -9.37062144 -8.19459864 -6.67739691 -5.27896380 
5.99484250e+00 -9.90187951 -9.37062144 -8.19459864 -6.67739691 -5.27896380 
4.64158883e+00 -9.90187951 -9.37062144 -8.19459864 -6.67739691 -5.27896380 
3.59381366e+00 -9.90187951 -9.37062144 -8.19459864 -6.67739691 -5.27896380 
2.78255940e+00 -9.90187951 -9.37062144 -8.19459864 -6.67739691 -5.27896380 
2.15443469e+00 -9.90187951 -9.37062144 -8.19459864 -6.67739691 -5.27896380 
1.66810054e+00 -9.90187951 -9.37062144 -8.19459864 -6.67739691 -5.27896380 
1.29154967e+00 -9.90187951 -9.37062144 -8.19459864 -6.67739691 -5.27896380 
1.00000000e+00 -9.90187951 -9.37062144 -8.19459864 -6.67739691 -5.27896380 
7.74263683e-01 -9.90187951 -9.37062144 -8.19459864 -6.67739691 -5.27896380 
5.99484250e-01 -9.90187951 -9.37062144 -8.19459864 -6.67739691 -5.27896380 
4.64158883e-01 -9.90187951 -9.37062144 -8.19459864 -6.67739691 -5.27896380 
3.59381366e-01 -9.90187951 -9.37062144 -8.19459864 -6.67739691 -5.27896380 
2.78255940e-01 -9.90187951 -9.37062144 -8.19459864 -6.67739691 -5.27896380 
2.15443469e-01 -9.90187951 -9.37062144 -8.19459864 -6.67739691 -5.27896380 
1.66810054e-01 -9.90187951 -9.37062144 -8.19459864 -6.67739691 -5.27896380 
1.29154967e-01 -9.90187951 -9.37062144 -8.19459864 -6.67739691 -5.27896380 
1.00000000e-01 -9.90187951 -9.37062144 -8.19459864 -6.67739691 -5.27896380 
7.74263683e-02 -9.90187951 -9.37062144 -8.19459864 -6.67739691 -5.27896380 
5.99484250e-02 -9.90187951 -9.37062144 -8.19459864 -6.67739691 -5.27896380 
4.64158883e-02 -9.90187951 -9.37062144 -8.19459864 -6.67739691 -5.27896380 
3.59381366e-02 -9.90187951 -9.37062144 -8.19459864 -6.67739691 -5.27896380 
2.78255940e-02 -9.90187951 -9.37062144 -8.19459864 -6.67739691 -5.27896380 
2.15443469e-02 -9.90187951 -9.37062144 -8.19459864 -6.67739691 -5.27896380 
1.66810054e-02 -9.90187951 -9.37062144 -8.19459864 -6.67739691 -5.27896380 
1.29154967e-02 -9.90187951 -9.37062144 -8.19459864 -6.67739691 -5.27896380 
1.00000000e-02 -9.90187951 -9.37062144 -8.19459864 -6.67739691 -5.27896380 
7.74263683e-03 -9.90187951 -9.37062144 -8.19459864 -6.67739691 -5.27896380 
5.99484250e-03 -9.90187951 -9.37062144 -8.19459864 -6.67739691 -5.27896380 
4.64158883e-03 -9.90187951 -9.37062144 -8.19459864 -6.67739691 -5.27896380 
3.59381366e-03 -9.90187951 -9.37062144 -8.19459864 -6.67739691 -5.27896380 
2.78255940e-03 -9.90187951 -9.37062144 -8.19459864 -6.67739691 -5.27896380 
2.15443469e-03 -9.90187951 -9.37062144 -8.19459864 -6.67739691 -5.27896380 
1.66810054e-03 -9.90187951 -9.37062144 -8.19459864 -6.67739691 -5.27896380 
1.29154967e-03 -9.90187951 -9.37062144 -8.19459864 -6.67739691 -5.27896380 
1.00000000e-03 -9.90187951 -9.37062144 -8.19459864 -6.67739691 -5.27896380 
7.74263683e-04 -9.90187951 -9.37062144 -8.19459864 -6.67739691 -5.27896380 
5.99484250e-04 -9.90187951 -9.37062144 -8.19459864 -6.67739691 -5.27896380 
4.64158883e-04 -9.90187951 -9.37062144 -8.19459864 -6.67739691 -5.27896380 
3.59381366e-04 -9.90187951 -9.37062144 -8.19459864 -6.67739691 -5.27896380 
2.78255940e-04 -9.90187951 -9.37062144 -8.19459864 -6.67739691 -5.27896380 
2.15443469e-04 -9.90187951 -9.37062144 -8.19459864 -6.67739691 -5.27896380 
1.66810054e-04 -9.90187951 -9.37062144 -8.19459864 -6.67739691 -5.27896380 
1.29154967e-04 -9.90187951 -9.37062144 -8.19459864 -6.67739691 -5.27896380 
1.00000000e-04 -9.90187951 -9.37062144 -8.19459864 -6.67739691 -5.27896380 
7.74263683e-05 -9.90187951 -9.37062144 -8.19459864 -6.67739691 -5.27896380 
5.99484250e-05 -9.90187951 -9.37062144 -8.19459864 -6.67739691 -5.27896380 
4.64158883e-05 -9.90187951 -9.37062144 -8.19459864 -6.67739691 -5.27896380 
3.59381366e-05 -9.90187951 -9.37062144 -8.19459864 -6.67739691 -5.27896380 
2.78255940e-05 -9.90187951 -9.37062144 -8.19459864 -6.67739691 -5.27896380 
2.15443469e-05 -9.90187951 -9.37062144 -8.19459864 -6.67739691 -5.27896380 
1.66810054e-05 -9.90187951 -9.37062144 -8.19459864 -6.67739691 -5.27896380 
1.29154967e-05 -9.90187951 -9.37062144 -8.19459864 -6.67739691 -5.27896380 
1.00000000e-05 -9.90187951 -9.37062144 -8.19459864 -6.67739691 -5.27896380 
7.74263683e-06 -9.90187951 -9.37062144 -8.19459864 -6.67739691 -5.27896380 
5.99484250e-06 -9.90187951 -9.37062144 -8.19459864 -6.67739691 -5.27896380 
4.64158883e-06 -9.90187951 -9.37062144 -8.19459864 -6.67739691 -5.27896380 
3.59381366e-06 -9.90187951 -9.37062144 -8.19459864 -6.67739691 -5.27896380 
2.78255940e-06 -9.90187951 -9.37062144 -8.19459864 -6.67739691 -5.27896380 
2.15443469e-06 -9.90187951 -9.37062144 -8.19459864 -6.67739691 -5.27896380 
1.66810054e-06 -9.90187951 -9.37062144 -8.19459864 -6.67739691 -5.27896380 
1.29154967e-06 -9.90187951 -9.37062144 -8.19459864 -6.67739691 -5.27896380 
1.00000000e-06 -9.90187951 -9.37062144 -8.19459864 -6.67739691 -5.27896380 
7.74263683e-07 -9.90187951 -9.37062144 -8.19459864 -6.67739691 -5.27896380 
5.99484250e-07 -9.90187951 -9.37062144 -8.19459864 -6.67739691 -5.27896380 
4.64158883e-07 -9.90187951 -9.37062144 -8.19459864 -6.67739691 -5.27896380 
3.59381366e-07 -9.90187951 -9.37062144 -8.19459864 -6.67739691 -5.27896380 
2.78255940e-07 -9.90187951 -9.37062144 -8.19459864 -6.67739691 -5.27896380 
2.15443469e-07 -9.90187951 -9.37062144 -8.19459864 -6.67739691 -5.27896380 
1.66810054e-07 -9.90187951 -9.37062144 -8.19459864 -6.67739691 -5.27896380 
1.29154967e-07 -9.90187951 -9.37062144 -8.19459864 -6.67739691 -5.27896380 
1.00000000e-07 -9.90187951 -9.37062144 -8.19459864 -6.67739691 -5.27896380 
7.74263683e-08 -9.90187951 -9.37062144 -8.19459864 -6.67739691 -5.27896380 
5.99484250e-08 -9.90187951 -9.37062144 -8.19459864 -6.67739691 -5.27896380 
4.64158883e-08 -9.90187951 -9.37062144 -8.19459864 -6.67739691 -5.27896380 
3.59381366e-08 -9.90187951 -9.37062144 -8.19459864 -6.67739691 -5.27896380 
2.78255940e-08 -9.90187951 -9.37062144 -8.19459864 -6.67739691 -5.27896380 
2.15443469e-08 -9.90187951 -9.37062144 -8.19459864 -6.67739691 -5.27896380 
1.66810054e-08 -9.90187951 -9.37062144 -8.19459864 -6.67739691 -5.27896380 
1.29154967e-08 -9.90187951 -9.37062144 -8.19459864 -6.67739691 -5.27896380 
1.00000000e-08 -9.90187951 -9.37062144 -8.19459864 -6.67739691 -5.27896380 
7.74263683e-09 -9.90187951 -9.37062144 -8.19459864 -6.67739691 -5.27896380 
5.99484250e-09 -9.90187951 -9.37062144 -8.19459864 -6.67739691 -5.27896380 
4.64158883e-09 -9.90187951 -9.37062144 -8.19459864 -6.67739691 -5.27896380 
3.59381366e-09 -9.90187951 -9.37062144 -8.19459864 -6.67739691 -5.27896380 
2.78255940e-09 -9.90187951 -9.37062144 -8.19459864 -6.67739691 -5.27896380 
2.15443469e-09 -9.90187951 -9.37062144 -8.19459864 -6.67739691 -5.27896380 
1.66810054e-09 -9.90187951 -9.37062144 -8.19459864 -6.67739691 -5.27896380 
1.29154967e-09 -9.90187951 -9.37062144 -8.19459864 -6.67739691 -5.27896380 
1.00000000e-09 -9.90187951 -9.37062144 -8.19459864 -6.67739691 -5.27896380 
7.74263683e-10 -9.90187951 -9.37062144 -8.19459864 -6.67739691 -5.27896380 
5.99484250e-10 -9.90187951 -9.37062144 -8.19459864 -6.67739691 -5.27896380 
4.64158883e-10 -9.90187951 -9.37062144 -8.19459864 -6.67739691 -5.27896380 
3.59381366e-10 -9.90187951 -9.37062144 -8.19459864 -6.67739691 -5.27896380 
2.78255940e-10 -9.90187951 -9.37062144 -8.19459864 -6.67739691 -5.27896380 
2.15443469e-10 -9.90187951 -9.37062144 -8.19459864 -6.67739691 -5.27896380 
1.66810054e-10 -9.90187951 -9.37062144 -8.19459864 -6.67739691 -5.27896380 
1.29154967e-10 -9.90187951 -9.37062144 -8.19459864 -6.67739691 -5.27896380 
1.00000000e-10 -9.90187951 -9.37062144 -8.19459864 -6.67739691 -5.27896380 
P (bar) | log_N2O: -2σ | log_N2O: -1σ | log_N2O: median | log_N2O: +1σ | log_N2O: +2σ 
1.00000000e+01 -9.78557881 -8.63354648 -6.98503714 -5.63492569 -4.70391524 
7.74263683e+00 -9.78557881 -8.63354648 -6.98503714 -5.63492569 -4.70391524 
5.99484250e+00 -9.78557881 -8.63354648 -6.98503714 -5.63492569 -4.70391524 
4.64158883e+00 -9.78557881 -8.63354648 -6.98503714 -5.63492569 -4.70391524 
3.59381366e+00 -9.78557881 -8.63354648 -6.98503714 -5.63492569 -4.70391524 
2.78255940e+00 -9.78557881 -8.63354648 -6.98503714 -5.63492569 -4.70391524 
2.15443469e+00 -9.78557881 -8.63354648 -6.98503714 -5.63492569 -4.70391524 
1.66810054e+00 -9.78557881 -8.63354648 -6.98503714 -5.63492569 -4.70391524 
1.29154967e+00 -9.78557881 -8.63354648 -6.98503714 -5.63492569 -4.70391524 
1.00000000e+00 -9.78557881 -8.63354648 -6.98503714 -5.63492569 -4.70391524 
7.74263683e-01 -9.78557881 -8.63354648 -6.98503714 -5.63492569 -4.70391524 
5.99484250e-01 -9.78557881 -8.63354648 -6.98503714 -5.63492569 -4.70391524 
4.64158883e-01 -9.78557881 -8.63354648 -6.98503714 -5.63492569 -4.70391524 
3.59381366e-01 -9.78557881 -8.63354648 -6.98503714 -5.63492569 -4.70391524 
2.78255940e-01 -9.78557881 -8.63354648 -6.98503714 -5.63492569 -4.70391524 
2.15443469e-01 -9.78557881 -8.63354648 -6.98503714 -5.63492569 -4.70391524 
1.66810054e-01 -9.78557881 -8.63354648 -6.98503714 -5.63492569 -4.70391524 
1.29154967e-01 -9.78557881 -8.63354648 -6.98503714 -5.63492569 -4.70391524 
1.00000000e-01 -9.78557881 -8.63354648 -6.98503714 -5.63492569 -4.70391524 
7.74263683e-02 -9.78557881 -8.63354648 -6.98503714 -5.63492569 -4.70391524 
5.99484250e-02 -9.78557881 -8.63354648 -6.98503714 -5.63492569 -4.70391524 
4.64158883e-02 -9.78557881 -8.63354648 -6.98503714 -5.63492569 -4.70391524 
3.59381366e-02 -9.78557881 -8.63354648 -6.98503714 -5.63492569 -4.70391524 
2.78255940e-02 -9.78557881 -8.63354648 -6.98503714 -5.63492569 -4.70391524 
2.15443469e-02 -9.78557881 -8.63354648 -6.98503714 -5.63492569 -4.70391524 
1.66810054e-02 -9.78557881 -8.63354648 -6.98503714 -5.63492569 -4.70391524 
1.29154967e-02 -9.78557881 -8.63354648 -6.98503714 -5.63492569 -4.70391524 
1.00000000e-02 -9.78557881 -8.63354648 -6.98503714 -5.63492569 -4.70391524 
7.74263683e-03 -9.78557881 -8.63354648 -6.98503714 -5.63492569 -4.70391524 
5.99484250e-03 -9.78557881 -8.63354648 -6.98503714 -5.63492569 -4.70391524 
4.64158883e-03 -9.78557881 -8.63354648 -6.98503714 -5.63492569 -4.70391524 
3.59381366e-03 -9.78557881 -8.63354648 -6.98503714 -5.63492569 -4.70391524 
2.78255940e-03 -9.78557881 -8.63354648 -6.98503714 -5.63492569 -4.70391524 
2.15443469e-03 -9.78557881 -8.63354648 -6.98503714 -5.63492569 -4.70391524 
1.66810054e-03 -9.78557881 -8.63354648 -6.98503714 -5.63492569 -4.70391524 
1.29154967e-03 -9.78557881 -8.63354648 -6.98503714 -5.63492569 -4.70391524 
1.00000000e-03 -9.78557881 -8.63354648 -6.98503714 -5.63492569 -4.70391524 
7.74263683e-04 -9.78557881 -8.63354648 -6.98503714 -5.63492569 -4.70391524 
5.99484250e-04 -9.78557881 -8.63354648 -6.98503714 -5.63492569 -4.70391524 
4.64158883e-04 -9.78557881 -8.63354648 -6.98503714 -5.63492569 -4.70391524 
3.59381366e-04 -9.78557881 -8.63354648 -6.98503714 -5.63492569 -4.70391524 
2.78255940e-04 -9.78557881 -8.63354648 -6.98503714 -5.63492569 -4.70391524 
2.15443469e-04 -9.78557881 -8.63354648 -6.98503714 -5.63492569 -4.70391524 
1.66810054e-04 -9.78557881 -8.63354648 -6.98503714 -5.63492569 -4.70391524 
1.29154967e-04 -9.78557881 -8.63354648 -6.98503714 -5.63492569 -4.70391524 
1.00000000e-04 -9.78557881 -8.63354648 -6.98503714 -5.63492569 -4.70391524 
7.74263683e-05 -9.78557881 -8.63354648 -6.98503714 -5.63492569 -4.70391524 
5.99484250e-05 -9.78557881 -8.63354648 -6.98503714 -5.63492569 -4.70391524 
4.64158883e-05 -9.78557881 -8.63354648 -6.98503714 -5.63492569 -4.70391524 
3.59381366e-05 -9.78557881 -8.63354648 -6.98503714 -5.63492569 -4.70391524 
2.78255940e-05 -9.78557881 -8.63354648 -6.98503714 -5.63492569 -4.70391524 
2.15443469e-05 -9.78557881 -8.63354648 -6.98503714 -5.63492569 -4.70391524 
1.66810054e-05 -9.78557881 -8.63354648 -6.98503714 -5.63492569 -4.70391524 
1.29154967e-05 -9.78557881 -8.63354648 -6.98503714 -5.63492569 -4.70391524 
1.00000000e-05 -9.78557881 -8.63354648 -6.98503714 -5.63492569 -4.70391524 
7.74263683e-06 -9.78557881 -8.63354648 -6.98503714 -5.63492569 -4.70391524 
5.99484250e-06 -9.78557881 -8.63354648 -6.98503714 -5.63492569 -4.70391524 
4.64158883e-06 -9.78557881 -8.63354648 -6.98503714 -5.63492569 -4.70391524 
3.59381366e-06 -9.78557881 -8.63354648 -6.98503714 -5.63492569 -4.70391524 
2.78255940e-06 -9.78557881 -8.63354648 -6.98503714 -5.63492569 -4.70391524 
2.15443469e-06 -9.78557881 -8.63354648 -6.98503714 -5.63492569 -4.70391524 
1.66810054e-06 -9.78557881 -8.63354648 -6.98503714 -5.63492569 -4.70391524 
1.29154967e-06 -9.78557881 -8.63354648 -6.98503714 -5.63492569 -4.70391524 
1.00000000e-06 -9.78557881 -8.63354648 -6.98503714 -5.63492569 -4.70391524 
7.74263683e-07 -9.78557881 -8.63354648 -6.98503714 -5.63492569 -4.70391524 
5.99484250e-07 -9.78557881 -8.63354648 -6.98503714 -5.63492569 -4.70391524 
4.64158883e-07 -9.78557881 -8.63354648 -6.98503714 -5.63492569 -4.70391524 
3.59381366e-07 -9.78557881 -8.63354648 -6.98503714 -5.63492569 -4.70391524 
2.78255940e-07 -9.78557881 -8.63354648 -6.98503714 -5.63492569 -4.70391524 
2.15443469e-07 -9.78557881 -8.63354648 -6.98503714 -5.63492569 -4.70391524 
1.66810054e-07 -9.78557881 -8.63354648 -6.98503714 -5.63492569 -4.70391524 
1.29154967e-07 -9.78557881 -8.63354648 -6.98503714 -5.63492569 -4.70391524 
1.00000000e-07 -9.78557881 -8.63354648 -6.98503714 -5.63492569 -4.70391524 
7.74263683e-08 -9.78557881 -8.63354648 -6.98503714 -5.63492569 -4.70391524 
5.99484250e-08 -9.78557881 -8.63354648 -6.98503714 -5.63492569 -4.70391524 
4.64158883e-08 -9.78557881 -8.63354648 -6.98503714 -5.63492569 -4.70391524 
3.59381366e-08 -9.78557881 -8.63354648 -6.98503714 -5.63492569 -4.70391524 
2.78255940e-08 -9.78557881 -8.63354648 -6.98503714 -5.63492569 -4.70391524 
2.15443469e-08 -9.78557881 -8.63354648 -6.98503714 -5.63492569 -4.70391524 
1.66810054e-08 -9.78557881 -8.63354648 -6.98503714 -5.63492569 -4.70391524 
1.29154967e-08 -9.78557881 -8.63354648 -6.98503714 -5.63492569 -4.70391524 
1.00000000e-08 -9.78557881 -8.63354648 -6.98503714 -5.63492569 -4.70391524 
7.74263683e-09 -9.78557881 -8.63354648 -6.98503714 -5.63492569 -4.70391524 
5.99484250e-09 -9.78557881 -8.63354648 -6.98503714 -5.63492569 -4.70391524 
4.64158883e-09 -9.78557881 -8.63354648 -6.98503714 -5.63492569 -4.70391524 
3.59381366e-09 -9.78557881 -8.63354648 -6.98503714 -5.63492569 -4.70391524 
2.78255940e-09 -9.78557881 -8.63354648 -6.98503714 -5.63492569 -4.70391524 
2.15443469e-09 -9.78557881 -8.63354648 -6.98503714 -5.63492569 -4.70391524 
1.66810054e-09 -9.78557881 -8.63354648 -6.98503714 -5.63492569 -4.70391524 
1.29154967e-09 -9.78557881 -8.63354648 -6.98503714 -5.63492569 -4.70391524 
1.00000000e-09 -9.78557881 -8.63354648 -6.98503714 -5.63492569 -4.70391524 
7.74263683e-10 -9.78557881 -8.63354648 -6.98503714 -5.63492569 -4.70391524 
5.99484250e-10 -9.78557881 -8.63354648 -6.98503714 -5.63492569 -4.70391524 
4.64158883e-10 -9.78557881 -8.63354648 -6.98503714 -5.63492569 -4.70391524 
3.59381366e-10 -9.78557881 -8.63354648 -6.98503714 -5.63492569 -4.70391524 
2.78255940e-10 -9.78557881 -8.63354648 -6.98503714 -5.63492569 -4.70391524 
2.15443469e-10 -9.78557881 -8.63354648 -6.98503714 -5.63492569 -4.70391524 
1.66810054e-10 -9.78557881 -8.63354648 -6.98503714 -5.63492569 -4.70391524 
1.29154967e-10 -9.78557881 -8.63354648 -6.98503714 -5.63492569 -4.70391524 
1.00000000e-10 -9.78557881 -8.63354648 -6.98503714 -5.63492569 -4.70391524 
P (bar) | log_NH3: -2σ | log_NH3: -1σ | log_NH3: median | log_NH3: +1σ | log_NH3: +2σ 
1.00000000e+01 -9.88755044 -9.27687083 -7.76607878 -6.58542467 -5.81222973 
7.74263683e+00 -9.88755044 -9.27687083 -7.76607878 -6.58542467 -5.81222973 
5.99484250e+00 -9.88755044 -9.27687083 -7.76607878 -6.58542467 -5.81222973 
4.64158883e+00 -9.88755044 -9.27687083 -7.76607878 -6.58542467 -5.81222973 
3.59381366e+00 -9.88755044 -9.27687083 -7.76607878 -6.58542467 -5.81222973 
2.78255940e+00 -9.88755044 -9.27687083 -7.76607878 -6.58542467 -5.81222973 
2.15443469e+00 -9.88755044 -9.27687083 -7.76607878 -6.58542467 -5.81222973 
1.66810054e+00 -9.88755044 -9.27687083 -7.76607878 -6.58542467 -5.81222973 
1.29154967e+00 -9.88755044 -9.27687083 -7.76607878 -6.58542467 -5.81222973 
1.00000000e+00 -9.88755044 -9.27687083 -7.76607878 -6.58542467 -5.81222973 
7.74263683e-01 -9.88755044 -9.27687083 -7.76607878 -6.58542467 -5.81222973 
5.99484250e-01 -9.88755044 -9.27687083 -7.76607878 -6.58542467 -5.81222973 
4.64158883e-01 -9.88755044 -9.27687083 -7.76607878 -6.58542467 -5.81222973 
3.59381366e-01 -9.88755044 -9.27687083 -7.76607878 -6.58542467 -5.81222973 
2.78255940e-01 -9.88755044 -9.27687083 -7.76607878 -6.58542467 -5.81222973 
2.15443469e-01 -9.88755044 -9.27687083 -7.76607878 -6.58542467 -5.81222973 
1.66810054e-01 -9.88755044 -9.27687083 -7.76607878 -6.58542467 -5.81222973 
1.29154967e-01 -9.88755044 -9.27687083 -7.76607878 -6.58542467 -5.81222973 
1.00000000e-01 -9.88755044 -9.27687083 -7.76607878 -6.58542467 -5.81222973 
7.74263683e-02 -9.88755044 -9.27687083 -7.76607878 -6.58542467 -5.81222973 
5.99484250e-02 -9.88755044 -9.27687083 -7.76607878 -6.58542467 -5.81222973 
4.64158883e-02 -9.88755044 -9.27687083 -7.76607878 -6.58542467 -5.81222973 
3.59381366e-02 -9.88755044 -9.27687083 -7.76607878 -6.58542467 -5.81222973 
2.78255940e-02 -9.88755044 -9.27687083 -7.76607878 -6.58542467 -5.81222973 
2.15443469e-02 -9.88755044 -9.27687083 -7.76607878 -6.58542467 -5.81222973 
1.66810054e-02 -9.88755044 -9.27687083 -7.76607878 -6.58542467 -5.81222973 
1.29154967e-02 -9.88755044 -9.27687083 -7.76607878 -6.58542467 -5.81222973 
1.00000000e-02 -9.88755044 -9.27687083 -7.76607878 -6.58542467 -5.81222973 
7.74263683e-03 -9.88755044 -9.27687083 -7.76607878 -6.58542467 -5.81222973 
5.99484250e-03 -9.88755044 -9.27687083 -7.76607878 -6.58542467 -5.81222973 
4.64158883e-03 -9.88755044 -9.27687083 -7.76607878 -6.58542467 -5.81222973 
3.59381366e-03 -9.88755044 -9.27687083 -7.76607878 -6.58542467 -5.81222973 
2.78255940e-03 -9.88755044 -9.27687083 -7.76607878 -6.58542467 -5.81222973 
2.15443469e-03 -9.88755044 -9.27687083 -7.76607878 -6.58542467 -5.81222973 
1.66810054e-03 -9.88755044 -9.27687083 -7.76607878 -6.58542467 -5.81222973 
1.29154967e-03 -9.88755044 -9.27687083 -7.76607878 -6.58542467 -5.81222973 
1.00000000e-03 -9.88755044 -9.27687083 -7.76607878 -6.58542467 -5.81222973 
7.74263683e-04 -9.88755044 -9.27687083 -7.76607878 -6.58542467 -5.81222973 
5.99484250e-04 -9.88755044 -9.27687083 -7.76607878 -6.58542467 -5.81222973 
4.64158883e-04 -9.88755044 -9.27687083 -7.76607878 -6.58542467 -5.81222973 
3.59381366e-04 -9.88755044 -9.27687083 -7.76607878 -6.58542467 -5.81222973 
2.78255940e-04 -9.88755044 -9.27687083 -7.76607878 -6.58542467 -5.81222973 
2.15443469e-04 -9.88755044 -9.27687083 -7.76607878 -6.58542467 -5.81222973 
1.66810054e-04 -9.88755044 -9.27687083 -7.76607878 -6.58542467 -5.81222973 
1.29154967e-04 -9.88755044 -9.27687083 -7.76607878 -6.58542467 -5.81222973 
1.00000000e-04 -9.88755044 -9.27687083 -7.76607878 -6.58542467 -5.81222973 
7.74263683e-05 -9.88755044 -9.27687083 -7.76607878 -6.58542467 -5.81222973 
5.99484250e-05 -9.88755044 -9.27687083 -7.76607878 -6.58542467 -5.81222973 
4.64158883e-05 -9.88755044 -9.27687083 -7.76607878 -6.58542467 -5.81222973 
3.59381366e-05 -9.88755044 -9.27687083 -7.76607878 -6.58542467 -5.81222973 
2.78255940e-05 -9.88755044 -9.27687083 -7.76607878 -6.58542467 -5.81222973 
2.15443469e-05 -9.88755044 -9.27687083 -7.76607878 -6.58542467 -5.81222973 
1.66810054e-05 -9.88755044 -9.27687083 -7.76607878 -6.58542467 -5.81222973 
1.29154967e-05 -9.88755044 -9.27687083 -7.76607878 -6.58542467 -5.81222973 
1.00000000e-05 -9.88755044 -9.27687083 -7.76607878 -6.58542467 -5.81222973 
7.74263683e-06 -9.88755044 -9.27687083 -7.76607878 -6.58542467 -5.81222973 
5.99484250e-06 -9.88755044 -9.27687083 -7.76607878 -6.58542467 -5.81222973 
4.64158883e-06 -9.88755044 -9.27687083 -7.76607878 -6.58542467 -5.81222973 
3.59381366e-06 -9.88755044 -9.27687083 -7.76607878 -6.58542467 -5.81222973 
2.78255940e-06 -9.88755044 -9.27687083 -7.76607878 -6.58542467 -5.81222973 
2.15443469e-06 -9.88755044 -9.27687083 -7.76607878 -6.58542467 -5.81222973 
1.66810054e-06 -9.88755044 -9.27687083 -7.76607878 -6.58542467 -5.81222973 
1.29154967e-06 -9.88755044 -9.27687083 -7.76607878 -6.58542467 -5.81222973 
1.00000000e-06 -9.88755044 -9.27687083 -7.76607878 -6.58542467 -5.81222973 
7.74263683e-07 -9.88755044 -9.27687083 -7.76607878 -6.58542467 -5.81222973 
5.99484250e-07 -9.88755044 -9.27687083 -7.76607878 -6.58542467 -5.81222973 
4.64158883e-07 -9.88755044 -9.27687083 -7.76607878 -6.58542467 -5.81222973 
3.59381366e-07 -9.88755044 -9.27687083 -7.76607878 -6.58542467 -5.81222973 
2.78255940e-07 -9.88755044 -9.27687083 -7.76607878 -6.58542467 -5.81222973 
2.15443469e-07 -9.88755044 -9.27687083 -7.76607878 -6.58542467 -5.81222973 
1.66810054e-07 -9.88755044 -9.27687083 -7.76607878 -6.58542467 -5.81222973 
1.29154967e-07 -9.88755044 -9.27687083 -7.76607878 -6.58542467 -5.81222973 
1.00000000e-07 -9.88755044 -9.27687083 -7.76607878 -6.58542467 -5.81222973 
7.74263683e-08 -9.88755044 -9.27687083 -7.76607878 -6.58542467 -5.81222973 
5.99484250e-08 -9.88755044 -9.27687083 -7.76607878 -6.58542467 -5.81222973 
4.64158883e-08 -9.88755044 -9.27687083 -7.76607878 -6.58542467 -5.81222973 
3.59381366e-08 -9.88755044 -9.27687083 -7.76607878 -6.58542467 -5.81222973 
2.78255940e-08 -9.88755044 -9.27687083 -7.76607878 -6.58542467 -5.81222973 
2.15443469e-08 -9.88755044 -9.27687083 -7.76607878 -6.58542467 -5.81222973 
1.66810054e-08 -9.88755044 -9.27687083 -7.76607878 -6.58542467 -5.81222973 
1.29154967e-08 -9.88755044 -9.27687083 -7.76607878 -6.58542467 -5.81222973 
1.00000000e-08 -9.88755044 -9.27687083 -7.76607878 -6.58542467 -5.81222973 
7.74263683e-09 -9.88755044 -9.27687083 -7.76607878 -6.58542467 -5.81222973 
5.99484250e-09 -9.88755044 -9.27687083 -7.76607878 -6.58542467 -5.81222973 
4.64158883e-09 -9.88755044 -9.27687083 -7.76607878 -6.58542467 -5.81222973 
3.59381366e-09 -9.88755044 -9.27687083 -7.76607878 -6.58542467 -5.81222973 
2.78255940e-09 -9.88755044 -9.27687083 -7.76607878 -6.58542467 -5.81222973 
2.15443469e-09 -9.88755044 -9.27687083 -7.76607878 -6.58542467 -5.81222973 
1.66810054e-09 -9.88755044 -9.27687083 -7.76607878 -6.58542467 -5.81222973 
1.29154967e-09 -9.88755044 -9.27687083 -7.76607878 -6.58542467 -5.81222973 
1.00000000e-09 -9.88755044 -9.27687083 -7.76607878 -6.58542467 -5.81222973 
7.74263683e-10 -9.88755044 -9.27687083 -7.76607878 -6.58542467 -5.81222973 
5.99484250e-10 -9.88755044 -9.27687083 -7.76607878 -6.58542467 -5.81222973 
4.64158883e-10 -9.88755044 -9.27687083 -7.76607878 -6.58542467 -5.81222973 
3.59381366e-10 -9.88755044 -9.27687083 -7.76607878 -6.58542467 -5.81222973 
2.78255940e-10 -9.88755044 -9.27687083 -7.76607878 -6.58542467 -5.81222973 
2.15443469e-10 -9.88755044 -9.27687083 -7.76607878 -6.58542467 -5.81222973 
1.66810054e-10 -9.88755044 -9.27687083 -7.76607878 -6.58542467 -5.81222973 
1.29154967e-10 -9.88755044 -9.27687083 -7.76607878 -6.58542467 -5.81222973 
1.00000000e-10 -9.88755044 -9.27687083 -7.76607878 -6.58542467 -5.81222973 
