Chemical species: N2 H2O CO2 CH4 O2 O3 N2O NH3
P (bar) | log_N2: -2σ | log_N2: -1σ | log_N2: median | log_N2: +1σ | log_N2: +2σ 
1.00000000e+01 -0.05314773 -0.02648416 -0.00556947 -0.00053013 -0.00001814 
7.74263683e+00 -0.05314773 -0.02648416 -0.00556947 -0.00053013 -0.00001814 
5.99484250e+00 -0.05314773 -0.02648416 -0.00556947 -0.00053013 -0.00001814 
4.64158883e+00 -0.05314773 -0.02648416 -0.00556947 -0.00053013 -0.00001814 
3.59381366e+00 -0.05314773 -0.02648416 -0.00556947 -0.00053013 -0.00001814 
2.78255940e+00 -0.05314773 -0.02648416 -0.00556947 -0.00053013 -0.00001814 
2.15443469e+00 -0.05314773 -0.02648416 -0.00556947 -0.00053013 -0.00001814 
1.66810054e+00 -0.05314773 -0.02648416 -0.00556947 -0.00053013 -0.00001814 
1.29154967e+00 -0.05314773 -0.02648416 -0.00556947 -0.00053013 -0.00001814 
1.00000000e+00 -0.05314773 -0.02648416 -0.00556947 -0.00053013 -0.00001814 
7.74263683e-01 -0.05314773 -0.02648416 -0.00556947 -0.00053013 -0.00001814 
5.99484250e-01 -0.05314773 -0.02648416 -0.00556947 -0.00053013 -0.00001814 
4.64158883e-01 -0.05314773 -0.02648416 -0.00556947 -0.00053013 -0.00001814 
3.59381366e-01 -0.05314773 -0.02648416 -0.00556947 -0.00053013 -0.00001814 
2.78255940e-01 -0.05314773 -0.02648416 -0.00556947 -0.00053013 -0.00001814 
2.15443469e-01 -0.05314773 -0.02648416 -0.00556947 -0.00053013 -0.00001814 
1.66810054e-01 -0.05314773 -0.02648416 -0.00556947 -0.00053013 -0.00001814 
1.29154967e-01 -0.05314773 -0.02648416 -0.00556947 -0.00053013 -0.00001814 
1.00000000e-01 -0.05314773 -0.02648416 -0.00556947 -0.00053013 -0.00001814 
7.74263683e-02 -0.05314773 -0.02648416 -0.00556947 -0.00053013 -0.00001814 
5.99484250e-02 -0.05314773 -0.02648416 -0.00556947 -0.00053013 -0.00001814 
4.64158883e-02 -0.05314773 -0.02648416 -0.00556947 -0.00053013 -0.00001814 
3.59381366e-02 -0.05314773 -0.02648416 -0.00556947 -0.00053013 -0.00001814 
2.78255940e-02 -0.05314773 -0.02648416 -0.00556947 -0.00053013 -0.00001814 
2.15443469e-02 -0.05314773 -0.02648416 -0.00556947 -0.00053013 -0.00001814 
1.66810054e-02 -0.05314773 -0.02648416 -0.00556947 -0.00053013 -0.00001814 
1.29154967e-02 -0.05314773 -0.02648416 -0.00556947 -0.00053013 -0.00001814 
1.00000000e-02 -0.05314773 -0.02648416 -0.00556947 -0.00053013 -0.00001814 
7.74263683e-03 -0.05314773 -0.02648416 -0.00556947 -0.00053013 -0.00001814 
5.99484250e-03 -0.05314773 -0.02648416 -0.00556947 -0.00053013 -0.00001814 
4.64158883e-03 -0.05314773 -0.02648416 -0.00556947 -0.00053013 -0.00001814 
3.59381366e-03 -0.05314773 -0.02648416 -0.00556947 -0.00053013 -0.00001814 
2.78255940e-03 -0.05314773 -0.02648416 -0.00556947 -0.00053013 -0.00001814 
2.15443469e-03 -0.05314773 -0.02648416 -0.00556947 -0.00053013 -0.00001814 
1.66810054e-03 -0.05314773 -0.02648416 -0.00556947 -0.00053013 -0.00001814 
1.29154967e-03 -0.05314773 -0.02648416 -0.00556947 -0.00053013 -0.00001814 
1.00000000e-03 -0.05314773 -0.02648416 -0.00556947 -0.00053013 -0.00001814 
7.74263683e-04 -0.05314773 -0.02648416 -0.00556947 -0.00053013 -0.00001814 
5.99484250e-04 -0.05314773 -0.02648416 -0.00556947 -0.00053013 -0.00001814 
4.64158883e-04 -0.05314773 -0.02648416 -0.00556947 -0.00053013 -0.00001814 
3.59381366e-04 -0.05314773 -0.02648416 -0.00556947 -0.00053013 -0.00001814 
2.78255940e-04 -0.05314773 -0.02648416 -0.00556947 -0.00053013 -0.00001814 
2.15443469e-04 -0.05314773 -0.02648416 -0.00556947 -0.00053013 -0.00001814 
1.66810054e-04 -0.05314773 -0.02648416 -0.00556947 -0.00053013 -0.00001814 
1.29154967e-04 -0.05314773 -0.02648416 -0.00556947 -0.00053013 -0.00001814 
1.00000000e-04 -0.05314773 -0.02648416 -0.00556947 -0.00053013 -0.00001814 
7.74263683e-05 -0.05314773 -0.02648416 -0.00556947 -0.00053013 -0.00001814 
5.99484250e-05 -0.05314773 -0.02648416 -0.00556947 -0.00053013 -0.00001814 
4.64158883e-05 -0.05314773 -0.02648416 -0.00556947 -0.00053013 -0.00001814 
3.59381366e-05 -0.05314773 -0.02648416 -0.00556947 -0.00053013 -0.00001814 
2.78255940e-05 -0.05314773 -0.02648416 -0.00556947 -0.00053013 -0.00001814 
2.15443469e-05 -0.05314773 -0.02648416 -0.00556947 -0.00053013 -0.00001814 
1.66810054e-05 -0.05314773 -0.02648416 -0.00556947 -0.00053013 -0.00001814 
1.29154967e-05 -0.05314773 -0.02648416 -0.00556947 -0.00053013 -0.00001814 
1.00000000e-05 -0.05314773 -0.02648416 -0.00556947 -0.00053013 -0.00001814 
7.74263683e-06 -0.05314773 -0.02648416 -0.00556947 -0.00053013 -0.00001814 
5.99484250e-06 -0.05314773 -0.02648416 -0.00556947 -0.00053013 -0.00001814 
4.64158883e-06 -0.05314773 -0.02648416 -0.00556947 -0.00053013 -0.00001814 
3.59381366e-06 -0.05314773 -0.02648416 -0.00556947 -0.00053013 -0.00001814 
2.78255940e-06 -0.05314773 -0.02648416 -0.00556947 -0.00053013 -0.00001814 
2.15443469e-06 -0.05314773 -0.02648416 -0.00556947 -0.00053013 -0.00001814 
1.66810054e-06 -0.05314773 -0.02648416 -0.00556947 -0.00053013 -0.00001814 
1.29154967e-06 -0.05314773 -0.02648416 -0.00556947 -0.00053013 -0.00001814 
1.00000000e-06 -0.05314773 -0.02648416 -0.00556947 -0.00053013 -0.00001814 
7.74263683e-07 -0.05314773 -0.02648416 -0.00556947 -0.00053013 -0.00001814 
5.99484250e-07 -0.05314773 -0.02648416 -0.00556947 -0.00053013 -0.00001814 
4.64158883e-07 -0.05314773 -0.02648416 -0.00556947 -0.00053013 -0.00001814 
3.59381366e-07 -0.05314773 -0.02648416 -0.00556947 -0.00053013 -0.00001814 
2.78255940e-07 -0.05314773 -0.02648416 -0.00556947 -0.00053013 -0.00001814 
2.15443469e-07 -0.05314773 -0.02648416 -0.00556947 -0.00053013 -0.00001814 
1.66810054e-07 -0.05314773 -0.02648416 -0.00556947 -0.00053013 -0.00001814 
1.29154967e-07 -0.05314773 -0.02648416 -0.00556947 -0.00053013 -0.00001814 
1.00000000e-07 -0.05314773 -0.02648416 -0.00556947 -0.00053013 -0.00001814 
7.74263683e-08 -0.05314773 -0.02648416 -0.00556947 -0.00053013 -0.00001814 
5.99484250e-08 -0.05314773 -0.02648416 -0.00556947 -0.00053013 -0.00001814 
4.64158883e-08 -0.05314773 -0.02648416 -0.00556947 -0.00053013 -0.00001814 
3.59381366e-08 -0.05314773 -0.02648416 -0.00556947 -0.00053013 -0.00001814 
2.78255940e-08 -0.05314773 -0.02648416 -0.00556947 -0.00053013 -0.00001814 
2.15443469e-08 -0.05314773 -0.02648416 -0.00556947 -0.00053013 -0.00001814 
1.66810054e-08 -0.05314773 -0.02648416 -0.00556947 -0.00053013 -0.00001814 
1.29154967e-08 -0.05314773 -0.02648416 -0.00556947 -0.00053013 -0.00001814 
1.00000000e-08 -0.05314773 -0.02648416 -0.00556947 -0.00053013 -0.00001814 
7.74263683e-09 -0.05314773 -0.02648416 -0.00556947 -0.00053013 -0.00001814 
5.99484250e-09 -0.05314773 -0.02648416 -0.00556947 -0.00053013 -0.00001814 
4.64158883e-09 -0.05314773 -0.02648416 -0.00556947 -0.00053013 -0.00001814 
3.59381366e-09 -0.05314773 -0.02648416 -0.00556947 -0.00053013 -0.00001814 
2.78255940e-09 -0.05314773 -0.02648416 -0.00556947 -0.00053013 -0.00001814 
2.15443469e-09 -0.05314773 -0.02648416 -0.00556947 -0.00053013 -0.00001814 
1.66810054e-09 -0.05314773 -0.02648416 -0.00556947 -0.00053013 -0.00001814 
1.29154967e-09 -0.05314773 -0.02648416 -0.00556947 -0.00053013 -0.00001814 
1.00000000e-09 -0.05314773 -0.02648416 -0.00556947 -0.00053013 -0.00001814 
7.74263683e-10 -0.05314773 -0.02648416 -0.00556947 -0.00053013 -0.00001814 
5.99484250e-10 -0.05314773 -0.02648416 -0.00556947 -0.00053013 -0.00001814 
4.64158883e-10 -0.05314773 -0.02648416 -0.00556947 -0.00053013 -0.00001814 
3.59381366e-10 -0.05314773 -0.02648416 -0.00556947 -0.00053013 -0.00001814 
2.78255940e-10 -0.05314773 -0.02648416 -0.00556947 -0.00053013 -0.00001814 
2.15443469e-10 -0.05314773 -0.02648416 -0.00556947 -0.00053013 -0.00001814 
1.66810054e-10 -0.05314773 -0.02648416 -0.00556947 -0.00053013 -0.00001814 
1.29154967e-10 -0.05314773 -0.02648416 -0.00556947 -0.00053013 -0.00001814 
1.00000000e-10 -0.05314773 -0.02648416 -0.00556947 -0.00053013 -0.00001814 
P (bar) | log_H2O: -2σ | log_H2O: -1σ | log_H2O: median | log_H2O: +1σ | log_H2O: +2σ 
1.00000000e+01 -7.89762585 -4.75719932 -2.87225566 -1.76039764 -1.12107388 
7.74263683e+00 -7.89762585 -4.75719932 -2.87225566 -1.76039764 -1.12107388 
5.99484250e+00 -7.89762585 -4.75719932 -2.87225566 -1.76039764 -1.12107388 
4.64158883e+00 -7.89762585 -4.75719932 -2.87225566 -1.76039764 -1.12107388 
3.59381366e+00 -7.89762585 -4.75719932 -2.87225566 -1.76039764 -1.12107388 
2.78255940e+00 -7.89762585 -4.75719932 -2.87225566 -1.76039764 -1.12107388 
2.15443469e+00 -7.89762585 -4.75719932 -2.87225566 -1.76039764 -1.12107388 
1.66810054e+00 -7.89762585 -4.75719932 -2.87225566 -1.76039764 -1.12107388 
1.29154967e+00 -7.89762585 -4.75719932 -2.87225566 -1.76039764 -1.12107388 
1.00000000e+00 -7.89762585 -4.75719932 -2.87225566 -1.76039764 -1.12107388 
7.74263683e-01 -7.89762585 -4.75719932 -2.87225566 -1.76039764 -1.12107388 
5.99484250e-01 -7.89762585 -4.75719932 -2.87225566 -1.76039764 -1.12107388 
4.64158883e-01 -7.89762585 -4.75719932 -2.87225566 -1.76039764 -1.12107388 
3.59381366e-01 -7.89762585 -4.75719932 -2.87225566 -1.76039764 -1.12107388 
2.78255940e-01 -7.89762585 -4.75719932 -2.87225566 -1.76039764 -1.12107388 
2.15443469e-01 -7.89762585 -4.75719932 -2.87225566 -1.76039764 -1.12107388 
1.66810054e-01 -7.89762585 -4.75719932 -2.87225566 -1.76039764 -1.12107388 
1.29154967e-01 -7.89762585 -4.75719932 -2.87225566 -1.76039764 -1.12107388 
1.00000000e-01 -7.89762585 -4.75719932 -2.87225566 -1.76039764 -1.12107388 
7.74263683e-02 -7.89762585 -4.75719932 -2.87225566 -1.76039764 -1.12107388 
5.99484250e-02 -7.89762585 -4.75719932 -2.87225566 -1.76039764 -1.12107388 
4.64158883e-02 -7.89762585 -4.75719932 -2.87225566 -1.76039764 -1.12107388 
3.59381366e-02 -7.89762585 -4.75719932 -2.87225566 -1.76039764 -1.12107388 
2.78255940e-02 -7.89762585 -4.75719932 -2.87225566 -1.76039764 -1.12107388 
2.15443469e-02 -7.89762585 -4.75719932 -2.87225566 -1.76039764 -1.12107388 
1.66810054e-02 -7.89762585 -4.75719932 -2.87225566 -1.76039764 -1.12107388 
1.29154967e-02 -7.89762585 -4.75719932 -2.87225566 -1.76039764 -1.12107388 
1.00000000e-02 -7.89762585 -4.75719932 -2.87225566 -1.76039764 -1.12107388 
7.74263683e-03 -7.89762585 -4.75719932 -2.87225566 -1.76039764 -1.12107388 
5.99484250e-03 -7.89762585 -4.75719932 -2.87225566 -1.76039764 -1.12107388 
4.64158883e-03 -7.89762585 -4.75719932 -2.87225566 -1.76039764 -1.12107388 
3.59381366e-03 -7.89762585 -4.75719932 -2.87225566 -1.76039764 -1.12107388 
2.78255940e-03 -7.89762585 -4.75719932 -2.87225566 -1.76039764 -1.12107388 
2.15443469e-03 -7.89762585 -4.75719932 -2.87225566 -1.76039764 -1.12107388 
1.66810054e-03 -7.89762585 -4.75719932 -2.87225566 -1.76039764 -1.12107388 
1.29154967e-03 -7.89762585 -4.75719932 -2.87225566 -1.76039764 -1.12107388 
1.00000000e-03 -7.89762585 -4.75719932 -2.87225566 -1.76039764 -1.12107388 
7.74263683e-04 -7.89762585 -4.75719932 -2.87225566 -1.76039764 -1.12107388 
5.99484250e-04 -7.89762585 -4.75719932 -2.87225566 -1.76039764 -1.12107388 
4.64158883e-04 -7.89762585 -4.75719932 -2.87225566 -1.76039764 -1.12107388 
3.59381366e-04 -7.89762585 -4.75719932 -2.87225566 -1.76039764 -1.12107388 
2.78255940e-04 -7.89762585 -4.75719932 -2.87225566 -1.76039764 -1.12107388 
2.15443469e-04 -7.89762585 -4.75719932 -2.87225566 -1.76039764 -1.12107388 
1.66810054e-04 -7.89762585 -4.75719932 -2.87225566 -1.76039764 -1.12107388 
1.29154967e-04 -7.89762585 -4.75719932 -2.87225566 -1.76039764 -1.12107388 
1.00000000e-04 -7.89762585 -4.75719932 -2.87225566 -1.76039764 -1.12107388 
7.74263683e-05 -7.89762585 -4.75719932 -2.87225566 -1.76039764 -1.12107388 
5.99484250e-05 -7.89762585 -4.75719932 -2.87225566 -1.76039764 -1.12107388 
4.64158883e-05 -7.89762585 -4.75719932 -2.87225566 -1.76039764 -1.12107388 
3.59381366e-05 -7.89762585 -4.75719932 -2.87225566 -1.76039764 -1.12107388 
2.78255940e-05 -7.89762585 -4.75719932 -2.87225566 -1.76039764 -1.12107388 
2.15443469e-05 -7.89762585 -4.75719932 -2.87225566 -1.76039764 -1.12107388 
1.66810054e-05 -7.89762585 -4.75719932 -2.87225566 -1.76039764 -1.12107388 
1.29154967e-05 -7.89762585 -4.75719932 -2.87225566 -1.76039764 -1.12107388 
1.00000000e-05 -7.89762585 -4.75719932 -2.87225566 -1.76039764 -1.12107388 
7.74263683e-06 -7.89762585 -4.75719932 -2.87225566 -1.76039764 -1.12107388 
5.99484250e-06 -7.89762585 -4.75719932 -2.87225566 -1.76039764 -1.12107388 
4.64158883e-06 -7.89762585 -4.75719932 -2.87225566 -1.76039764 -1.12107388 
3.59381366e-06 -7.89762585 -4.75719932 -2.87225566 -1.76039764 -1.12107388 
2.78255940e-06 -7.89762585 -4.75719932 -2.87225566 -1.76039764 -1.12107388 
2.15443469e-06 -7.89762585 -4.75719932 -2.87225566 -1.76039764 -1.12107388 
1.66810054e-06 -7.89762585 -4.75719932 -2.87225566 -1.76039764 -1.12107388 
1.29154967e-06 -7.89762585 -4.75719932 -2.87225566 -1.76039764 -1.12107388 
1.00000000e-06 -7.89762585 -4.75719932 -2.87225566 -1.76039764 -1.12107388 
7.74263683e-07 -7.89762585 -4.75719932 -2.87225566 -1.76039764 -1.12107388 
5.99484250e-07 -7.89762585 -4.75719932 -2.87225566 -1.76039764 -1.12107388 
4.64158883e-07 -7.89762585 -4.75719932 -2.87225566 -1.76039764 -1.12107388 
3.59381366e-07 -7.89762585 -4.75719932 -2.87225566 -1.76039764 -1.12107388 
2.78255940e-07 -7.89762585 -4.75719932 -2.87225566 -1.76039764 -1.12107388 
2.15443469e-07 -7.89762585 -4.75719932 -2.87225566 -1.76039764 -1.12107388 
1.66810054e-07 -7.89762585 -4.75719932 -2.87225566 -1.76039764 -1.12107388 
1.29154967e-07 -7.89762585 -4.75719932 -2.87225566 -1.76039764 -1.12107388 
1.00000000e-07 -7.89762585 -4.75719932 -2.87225566 -1.76039764 -1.12107388 
7.74263683e-08 -7.89762585 -4.75719932 -2.87225566 -1.76039764 -1.12107388 
5.99484250e-08 -7.89762585 -4.75719932 -2.87225566 -1.76039764 -1.12107388 
4.64158883e-08 -7.89762585 -4.75719932 -2.87225566 -1.76039764 -1.12107388 
3.59381366e-08 -7.89762585 -4.75719932 -2.87225566 -1.76039764 -1.12107388 
2.78255940e-08 -7.89762585 -4.75719932 -2.87225566 -1.76039764 -1.12107388 
2.15443469e-08 -7.89762585 -4.75719932 -2.87225566 -1.76039764 -1.12107388 
1.66810054e-08 -7.89762585 -4.75719932 -2.87225566 -1.76039764 -1.12107388 
1.29154967e-08 -7.89762585 -4.75719932 -2.87225566 -1.76039764 -1.12107388 
1.00000000e-08 -7.89762585 -4.75719932 -2.87225566 -1.76039764 -1.12107388 
7.74263683e-09 -7.89762585 -4.75719932 -2.87225566 -1.76039764 -1.12107388 
5.99484250e-09 -7.89762585 -4.75719932 -2.87225566 -1.76039764 -1.12107388 
4.64158883e-09 -7.89762585 -4.75719932 -2.87225566 -1.76039764 -1.12107388 
3.59381366e-09 -7.89762585 -4.75719932 -2.87225566 -1.76039764 -1.12107388 
2.78255940e-09 -7.89762585 -4.75719932 -2.87225566 -1.76039764 -1.12107388 
2.15443469e-09 -7.89762585 -4.75719932 -2.87225566 -1.76039764 -1.12107388 
1.66810054e-09 -7.89762585 -4.75719932 -2.87225566 -1.76039764 -1.12107388 
1.29154967e-09 -7.89762585 -4.75719932 -2.87225566 -1.76039764 -1.12107388 
1.00000000e-09 -7.89762585 -4.75719932 -2.87225566 -1.76039764 -1.12107388 
7.74263683e-10 -7.89762585 -4.75719932 -2.87225566 -1.76039764 -1.12107388 
5.99484250e-10 -7.89762585 -4.75719932 -2.87225566 -1.76039764 -1.12107388 
4.64158883e-10 -7.89762585 -4.75719932 -2.87225566 -1.76039764 -1.12107388 
3.59381366e-10 -7.89762585 -4.75719932 -2.87225566 -1.76039764 -1.12107388 
2.78255940e-10 -7.89762585 -4.75719932 -2.87225566 -1.76039764 -1.12107388 
2.15443469e-10 -7.89762585 -4.75719932 -2.87225566 -1.76039764 -1.12107388 
1.66810054e-10 -7.89762585 -4.75719932 -2.87225566 -1.76039764 -1.12107388 
1.29154967e-10 -7.89762585 -4.75719932 -2.87225566 -1.76039764 -1.12107388 
1.00000000e-10 -7.89762585 -4.75719932 -2.87225566 -1.76039764 -1.12107388 
P (bar) | log_CO2: -2σ | log_CO2: -1σ | log_CO2: median | log_CO2: +1σ | log_CO2: +2σ 
1.00000000e+01 -9.65948732 -8.30461376 -5.56009649 -2.95419214 -1.47631488 
7.74263683e+00 -9.65948732 -8.30461376 -5.56009649 -2.95419214 -1.47631488 
5.99484250e+00 -9.65948732 -8.30461376 -5.56009649 -2.95419214 -1.47631488 
4.64158883e+00 -9.65948732 -8.30461376 -5.56009649 -2.95419214 -1.47631488 
3.59381366e+00 -9.65948732 -8.30461376 -5.56009649 -2.95419214 -1.47631488 
2.78255940e+00 -9.65948732 -8.30461376 -5.56009649 -2.95419214 -1.47631488 
2.15443469e+00 -9.65948732 -8.30461376 -5.56009649 -2.95419214 -1.47631488 
1.66810054e+00 -9.65948732 -8.30461376 -5.56009649 -2.95419214 -1.47631488 
1.29154967e+00 -9.65948732 -8.30461376 -5.56009649 -2.95419214 -1.47631488 
1.00000000e+00 -9.65948732 -8.30461376 -5.56009649 -2.95419214 -1.47631488 
7.74263683e-01 -9.65948732 -8.30461376 -5.56009649 -2.95419214 -1.47631488 
5.99484250e-01 -9.65948732 -8.30461376 -5.56009649 -2.95419214 -1.47631488 
4.64158883e-01 -9.65948732 -8.30461376 -5.56009649 -2.95419214 -1.47631488 
3.59381366e-01 -9.65948732 -8.30461376 -5.56009649 -2.95419214 -1.47631488 
2.78255940e-01 -9.65948732 -8.30461376 -5.56009649 -2.95419214 -1.47631488 
2.15443469e-01 -9.65948732 -8.30461376 -5.56009649 -2.95419214 -1.47631488 
1.66810054e-01 -9.65948732 -8.30461376 -5.56009649 -2.95419214 -1.47631488 
1.29154967e-01 -9.65948732 -8.30461376 -5.56009649 -2.95419214 -1.47631488 
1.00000000e-01 -9.65948732 -8.30461376 -5.56009649 -2.95419214 -1.47631488 
7.74263683e-02 -9.65948732 -8.30461376 -5.56009649 -2.95419214 -1.47631488 
5.99484250e-02 -9.65948732 -8.30461376 -5.56009649 -2.95419214 -1.47631488 
4.64158883e-02 -9.65948732 -8.30461376 -5.56009649 -2.95419214 -1.47631488 
3.59381366e-02 -9.65948732 -8.30461376 -5.56009649 -2.95419214 -1.47631488 
2.78255940e-02 -9.65948732 -8.30461376 -5.56009649 -2.95419214 -1.47631488 
2.15443469e-02 -9.65948732 -8.30461376 -5.56009649 -2.95419214 -1.47631488 
1.66810054e-02 -9.65948732 -8.30461376 -5.56009649 -2.95419214 -1.47631488 
1.29154967e-02 -9.65948732 -8.30461376 -5.56009649 -2.95419214 -1.47631488 
1.00000000e-02 -9.65948732 -8.30461376 -5.56009649 -2.95419214 -1.47631488 
7.74263683e-03 -9.65948732 -8.30461376 -5.56009649 -2.95419214 -1.47631488 
5.99484250e-03 -9.65948732 -8.30461376 -5.56009649 -2.95419214 -1.47631488 
4.64158883e-03 -9.65948732 -8.30461376 -5.56009649 -2.95419214 -1.47631488 
3.59381366e-03 -9.65948732 -8.30461376 -5.56009649 -2.95419214 -1.47631488 
2.78255940e-03 -9.65948732 -8.30461376 -5.56009649 -2.95419214 -1.47631488 
2.15443469e-03 -9.65948732 -8.30461376 -5.56009649 -2.95419214 -1.47631488 
1.66810054e-03 -9.65948732 -8.30461376 -5.56009649 -2.95419214 -1.47631488 
1.29154967e-03 -9.65948732 -8.30461376 -5.56009649 -2.95419214 -1.47631488 
1.00000000e-03 -9.65948732 -8.30461376 -5.56009649 -2.95419214 -1.47631488 
7.74263683e-04 -9.65948732 -8.30461376 -5.56009649 -2.95419214 -1.47631488 
5.99484250e-04 -9.65948732 -8.30461376 -5.56009649 -2.95419214 -1.47631488 
4.64158883e-04 -9.65948732 -8.30461376 -5.56009649 -2.95419214 -1.47631488 
3.59381366e-04 -9.65948732 -8.30461376 -5.56009649 -2.95419214 -1.47631488 
2.78255940e-04 -9.65948732 -8.30461376 -5.56009649 -2.95419214 -1.47631488 
2.15443469e-04 -9.65948732 -8.30461376 -5.56009649 -2.95419214 -1.47631488 
1.66810054e-04 -9.65948732 -8.30461376 -5.56009649 -2.95419214 -1.47631488 
1.29154967e-04 -9.65948732 -8.30461376 -5.56009649 -2.95419214 -1.47631488 
1.00000000e-04 -9.65948732 -8.30461376 -5.56009649 -2.95419214 -1.47631488 
7.74263683e-05 -9.65948732 -8.30461376 -5.56009649 -2.95419214 -1.47631488 
5.99484250e-05 -9.65948732 -8.30461376 -5.56009649 -2.95419214 -1.47631488 
4.64158883e-05 -9.65948732 -8.30461376 -5.56009649 -2.95419214 -1.47631488 
3.59381366e-05 -9.65948732 -8.30461376 -5.56009649 -2.95419214 -1.47631488 
2.78255940e-05 -9.65948732 -8.30461376 -5.56009649 -2.95419214 -1.47631488 
2.15443469e-05 -9.65948732 -8.30461376 -5.56009649 -2.95419214 -1.47631488 
1.66810054e-05 -9.65948732 -8.30461376 -5.56009649 -2.95419214 -1.47631488 
1.29154967e-05 -9.65948732 -8.30461376 -5.56009649 -2.95419214 -1.47631488 
1.00000000e-05 -9.65948732 -8.30461376 -5.56009649 -2.95419214 -1.47631488 
7.74263683e-06 -9.65948732 -8.30461376 -5.56009649 -2.95419214 -1.47631488 
5.99484250e-06 -9.65948732 -8.30461376 -5.56009649 -2.95419214 -1.47631488 
4.64158883e-06 -9.65948732 -8.30461376 -5.56009649 -2.95419214 -1.47631488 
3.59381366e-06 -9.65948732 -8.30461376 -5.56009649 -2.95419214 -1.47631488 
2.78255940e-06 -9.65948732 -8.30461376 -5.56009649 -2.95419214 -1.47631488 
2.15443469e-06 -9.65948732 -8.30461376 -5.56009649 -2.95419214 -1.47631488 
1.66810054e-06 -9.65948732 -8.30461376 -5.56009649 -2.95419214 -1.47631488 
1.29154967e-06 -9.65948732 -8.30461376 -5.56009649 -2.95419214 -1.47631488 
1.00000000e-06 -9.65948732 -8.30461376 -5.56009649 -2.95419214 -1.47631488 
7.74263683e-07 -9.65948732 -8.30461376 -5.56009649 -2.95419214 -1.47631488 
5.99484250e-07 -9.65948732 -8.30461376 -5.56009649 -2.95419214 -1.47631488 
4.64158883e-07 -9.65948732 -8.30461376 -5.56009649 -2.95419214 -1.47631488 
3.59381366e-07 -9.65948732 -8.30461376 -5.56009649 -2.95419214 -1.47631488 
2.78255940e-07 -9.65948732 -8.30461376 -5.56009649 -2.95419214 -1.47631488 
2.15443469e-07 -9.65948732 -8.30461376 -5.56009649 -2.95419214 -1.47631488 
1.66810054e-07 -9.65948732 -8.30461376 -5.56009649 -2.95419214 -1.47631488 
1.29154967e-07 -9.65948732 -8.30461376 -5.56009649 -2.95419214 -1.47631488 
1.00000000e-07 -9.65948732 -8.30461376 -5.56009649 -2.95419214 -1.47631488 
7.74263683e-08 -9.65948732 -8.30461376 -5.56009649 -2.95419214 -1.47631488 
5.99484250e-08 -9.65948732 -8.30461376 -5.56009649 -2.95419214 -1.47631488 
4.64158883e-08 -9.65948732 -8.30461376 -5.56009649 -2.95419214 -1.47631488 
3.59381366e-08 -9.65948732 -8.30461376 -5.56009649 -2.95419214 -1.47631488 
2.78255940e-08 -9.65948732 -8.30461376 -5.56009649 -2.95419214 -1.47631488 
2.15443469e-08 -9.65948732 -8.30461376 -5.56009649 -2.95419214 -1.47631488 
1.66810054e-08 -9.65948732 -8.30461376 -5.56009649 -2.95419214 -1.47631488 
1.29154967e-08 -9.65948732 -8.30461376 -5.56009649 -2.95419214 -1.47631488 
1.00000000e-08 -9.65948732 -8.30461376 -5.56009649 -2.95419214 -1.47631488 
7.74263683e-09 -9.65948732 -8.30461376 -5.56009649 -2.95419214 -1.47631488 
5.99484250e-09 -9.65948732 -8.30461376 -5.56009649 -2.95419214 -1.47631488 
4.64158883e-09 -9.65948732 -8.30461376 -5.56009649 -2.95419214 -1.47631488 
3.59381366e-09 -9.65948732 -8.30461376 -5.56009649 -2.95419214 -1.47631488 
2.78255940e-09 -9.65948732 -8.30461376 -5.56009649 -2.95419214 -1.47631488 
2.15443469e-09 -9.65948732 -8.30461376 -5.56009649 -2.95419214 -1.47631488 
1.66810054e-09 -9.65948732 -8.30461376 -5.56009649 -2.95419214 -1.47631488 
1.29154967e-09 -9.65948732 -8.30461376 -5.56009649 -2.95419214 -1.47631488 
1.00000000e-09 -9.65948732 -8.30461376 -5.56009649 -2.95419214 -1.47631488 
7.74263683e-10 -9.65948732 -8.30461376 -5.56009649 -2.95419214 -1.47631488 
5.99484250e-10 -9.65948732 -8.30461376 -5.56009649 -2.95419214 -1.47631488 
4.64158883e-10 -9.65948732 -8.30461376 -5.56009649 -2.95419214 -1.47631488 
3.59381366e-10 -9.65948732 -8.30461376 -5.56009649 -2.95419214 -1.47631488 
2.78255940e-10 -9.65948732 -8.30461376 -5.56009649 -2.95419214 -1.47631488 
2.15443469e-10 -9.65948732 -8.30461376 -5.56009649 -2.95419214 -1.47631488 
1.66810054e-10 -9.65948732 -8.30461376 -5.56009649 -2.95419214 -1.47631488 
1.29154967e-10 -9.65948732 -8.30461376 -5.56009649 -2.95419214 -1.47631488 
1.00000000e-10 -9.65948732 -8.30461376 -5.56009649 -2.95419214 -1.47631488 
P (bar) | log_CH4: -2σ | log_CH4: -1σ | log_CH4: median | log_CH4: +1σ | log_CH4: +2σ 
1.00000000e+01 -8.20319803 -4.33881984 -2.81321520 -1.75991943 -1.20271894 
7.74263683e+00 -8.20319803 -4.33881984 -2.81321520 -1.75991943 -1.20271894 
5.99484250e+00 -8.20319803 -4.33881984 -2.81321520 -1.75991943 -1.20271894 
4.64158883e+00 -8.20319803 -4.33881984 -2.81321520 -1.75991943 -1.20271894 
3.59381366e+00 -8.20319803 -4.33881984 -2.81321520 -1.75991943 -1.20271894 
2.78255940e+00 -8.20319803 -4.33881984 -2.81321520 -1.75991943 -1.20271894 
2.15443469e+00 -8.20319803 -4.33881984 -2.81321520 -1.75991943 -1.20271894 
1.66810054e+00 -8.20319803 -4.33881984 -2.81321520 -1.75991943 -1.20271894 
1.29154967e+00 -8.20319803 -4.33881984 -2.81321520 -1.75991943 -1.20271894 
1.00000000e+00 -8.20319803 -4.33881984 -2.81321520 -1.75991943 -1.20271894 
7.74263683e-01 -8.20319803 -4.33881984 -2.81321520 -1.75991943 -1.20271894 
5.99484250e-01 -8.20319803 -4.33881984 -2.81321520 -1.75991943 -1.20271894 
4.64158883e-01 -8.20319803 -4.33881984 -2.81321520 -1.75991943 -1.20271894 
3.59381366e-01 -8.20319803 -4.33881984 -2.81321520 -1.75991943 -1.20271894 
2.78255940e-01 -8.20319803 -4.33881984 -2.81321520 -1.75991943 -1.20271894 
2.15443469e-01 -8.20319803 -4.33881984 -2.81321520 -1.75991943 -1.20271894 
1.66810054e-01 -8.20319803 -4.33881984 -2.81321520 -1.75991943 -1.20271894 
1.29154967e-01 -8.20319803 -4.33881984 -2.81321520 -1.75991943 -1.20271894 
1.00000000e-01 -8.20319803 -4.33881984 -2.81321520 -1.75991943 -1.20271894 
7.74263683e-02 -8.20319803 -4.33881984 -2.81321520 -1.75991943 -1.20271894 
5.99484250e-02 -8.20319803 -4.33881984 -2.81321520 -1.75991943 -1.20271894 
4.64158883e-02 -8.20319803 -4.33881984 -2.81321520 -1.75991943 -1.20271894 
3.59381366e-02 -8.20319803 -4.33881984 -2.81321520 -1.75991943 -1.20271894 
2.78255940e-02 -8.20319803 -4.33881984 -2.81321520 -1.75991943 -1.20271894 
2.15443469e-02 -8.20319803 -4.33881984 -2.81321520 -1.75991943 -1.20271894 
1.66810054e-02 -8.20319803 -4.33881984 -2.81321520 -1.75991943 -1.20271894 
1.29154967e-02 -8.20319803 -4.33881984 -2.81321520 -1.75991943 -1.20271894 
1.00000000e-02 -8.20319803 -4.33881984 -2.81321520 -1.75991943 -1.20271894 
7.74263683e-03 -8.20319803 -4.33881984 -2.81321520 -1.75991943 -1.20271894 
5.99484250e-03 -8.20319803 -4.33881984 -2.81321520 -1.75991943 -1.20271894 
4.64158883e-03 -8.20319803 -4.33881984 -2.81321520 -1.75991943 -1.20271894 
3.59381366e-03 -8.20319803 -4.33881984 -2.81321520 -1.75991943 -1.20271894 
2.78255940e-03 -8.20319803 -4.33881984 -2.81321520 -1.75991943 -1.20271894 
2.15443469e-03 -8.20319803 -4.33881984 -2.81321520 -1.75991943 -1.20271894 
1.66810054e-03 -8.20319803 -4.33881984 -2.81321520 -1.75991943 -1.20271894 
1.29154967e-03 -8.20319803 -4.33881984 -2.81321520 -1.75991943 -1.20271894 
1.00000000e-03 -8.20319803 -4.33881984 -2.81321520 -1.75991943 -1.20271894 
7.74263683e-04 -8.20319803 -4.33881984 -2.81321520 -1.75991943 -1.20271894 
5.99484250e-04 -8.20319803 -4.33881984 -2.81321520 -1.75991943 -1.20271894 
4.64158883e-04 -8.20319803 -4.33881984 -2.81321520 -1.75991943 -1.20271894 
3.59381366e-04 -8.20319803 -4.33881984 -2.81321520 -1.75991943 -1.20271894 
2.78255940e-04 -8.20319803 -4.33881984 -2.81321520 -1.75991943 -1.20271894 
2.15443469e-04 -8.20319803 -4.33881984 -2.81321520 -1.75991943 -1.20271894 
1.66810054e-04 -8.20319803 -4.33881984 -2.81321520 -1.75991943 -1.20271894 
1.29154967e-04 -8.20319803 -4.33881984 -2.81321520 -1.75991943 -1.20271894 
1.00000000e-04 -8.20319803 -4.33881984 -2.81321520 -1.75991943 -1.20271894 
7.74263683e-05 -8.20319803 -4.33881984 -2.81321520 -1.75991943 -1.20271894 
5.99484250e-05 -8.20319803 -4.33881984 -2.81321520 -1.75991943 -1.20271894 
4.64158883e-05 -8.20319803 -4.33881984 -2.81321520 -1.75991943 -1.20271894 
3.59381366e-05 -8.20319803 -4.33881984 -2.81321520 -1.75991943 -1.20271894 
2.78255940e-05 -8.20319803 -4.33881984 -2.81321520 -1.75991943 -1.20271894 
2.15443469e-05 -8.20319803 -4.33881984 -2.81321520 -1.75991943 -1.20271894 
1.66810054e-05 -8.20319803 -4.33881984 -2.81321520 -1.75991943 -1.20271894 
1.29154967e-05 -8.20319803 -4.33881984 -2.81321520 -1.75991943 -1.20271894 
1.00000000e-05 -8.20319803 -4.33881984 -2.81321520 -1.75991943 -1.20271894 
7.74263683e-06 -8.20319803 -4.33881984 -2.81321520 -1.75991943 -1.20271894 
5.99484250e-06 -8.20319803 -4.33881984 -2.81321520 -1.75991943 -1.20271894 
4.64158883e-06 -8.20319803 -4.33881984 -2.81321520 -1.75991943 -1.20271894 
3.59381366e-06 -8.20319803 -4.33881984 -2.81321520 -1.75991943 -1.20271894 
2.78255940e-06 -8.20319803 -4.33881984 -2.81321520 -1.75991943 -1.20271894 
2.15443469e-06 -8.20319803 -4.33881984 -2.81321520 -1.75991943 -1.20271894 
1.66810054e-06 -8.20319803 -4.33881984 -2.81321520 -1.75991943 -1.20271894 
1.29154967e-06 -8.20319803 -4.33881984 -2.81321520 -1.75991943 -1.20271894 
1.00000000e-06 -8.20319803 -4.33881984 -2.81321520 -1.75991943 -1.20271894 
7.74263683e-07 -8.20319803 -4.33881984 -2.81321520 -1.75991943 -1.20271894 
5.99484250e-07 -8.20319803 -4.33881984 -2.81321520 -1.75991943 -1.20271894 
4.64158883e-07 -8.20319803 -4.33881984 -2.81321520 -1.75991943 -1.20271894 
3.59381366e-07 -8.20319803 -4.33881984 -2.81321520 -1.75991943 -1.20271894 
2.78255940e-07 -8.20319803 -4.33881984 -2.81321520 -1.75991943 -1.20271894 
2.15443469e-07 -8.20319803 -4.33881984 -2.81321520 -1.75991943 -1.20271894 
1.66810054e-07 -8.20319803 -4.33881984 -2.81321520 -1.75991943 -1.20271894 
1.29154967e-07 -8.20319803 -4.33881984 -2.81321520 -1.75991943 -1.20271894 
1.00000000e-07 -8.20319803 -4.33881984 -2.81321520 -1.75991943 -1.20271894 
7.74263683e-08 -8.20319803 -4.33881984 -2.81321520 -1.75991943 -1.20271894 
5.99484250e-08 -8.20319803 -4.33881984 -2.81321520 -1.75991943 -1.20271894 
4.64158883e-08 -8.20319803 -4.33881984 -2.81321520 -1.75991943 -1.20271894 
3.59381366e-08 -8.20319803 -4.33881984 -2.81321520 -1.75991943 -1.20271894 
2.78255940e-08 -8.20319803 -4.33881984 -2.81321520 -1.75991943 -1.20271894 
2.15443469e-08 -8.20319803 -4.33881984 -2.81321520 -1.75991943 -1.20271894 
1.66810054e-08 -8.20319803 -4.33881984 -2.81321520 -1.75991943 -1.20271894 
1.29154967e-08 -8.20319803 -4.33881984 -2.81321520 -1.75991943 -1.20271894 
1.00000000e-08 -8.20319803 -4.33881984 -2.81321520 -1.75991943 -1.20271894 
7.74263683e-09 -8.20319803 -4.33881984 -2.81321520 -1.75991943 -1.20271894 
5.99484250e-09 -8.20319803 -4.33881984 -2.81321520 -1.75991943 -1.20271894 
4.64158883e-09 -8.20319803 -4.33881984 -2.81321520 -1.75991943 -1.20271894 
3.59381366e-09 -8.20319803 -4.33881984 -2.81321520 -1.75991943 -1.20271894 
2.78255940e-09 -8.20319803 -4.33881984 -2.81321520 -1.75991943 -1.20271894 
2.15443469e-09 -8.20319803 -4.33881984 -2.81321520 -1.75991943 -1.20271894 
1.66810054e-09 -8.20319803 -4.33881984 -2.81321520 -1.75991943 -1.20271894 
1.29154967e-09 -8.20319803 -4.33881984 -2.81321520 -1.75991943 -1.20271894 
1.00000000e-09 -8.20319803 -4.33881984 -2.81321520 -1.75991943 -1.20271894 
7.74263683e-10 -8.20319803 -4.33881984 -2.81321520 -1.75991943 -1.20271894 
5.99484250e-10 -8.20319803 -4.33881984 -2.81321520 -1.75991943 -1.20271894 
4.64158883e-10 -8.20319803 -4.33881984 -2.81321520 -1.75991943 -1.20271894 
3.59381366e-10 -8.20319803 -4.33881984 -2.81321520 -1.75991943 -1.20271894 
2.78255940e-10 -8.20319803 -4.33881984 -2.81321520 -1.75991943 -1.20271894 
2.15443469e-10 -8.20319803 -4.33881984 -2.81321520 -1.75991943 -1.20271894 
1.66810054e-10 -8.20319803 -4.33881984 -2.81321520 -1.75991943 -1.20271894 
1.29154967e-10 -8.20319803 -4.33881984 -2.81321520 -1.75991943 -1.20271894 
1.00000000e-10 -8.20319803 -4.33881984 -2.81321520 -1.75991943 -1.20271894 
P (bar) | log_O2: -2σ | log_O2: -1σ | log_O2: median | log_O2: +1σ | log_O2: +2σ 
1.00000000e+01 -9.68251001 -8.45450151 -5.66265650 -2.54476559 -1.22327200 
7.74263683e+00 -9.68251001 -8.45450151 -5.66265650 -2.54476559 -1.22327200 
5.99484250e+00 -9.68251001 -8.45450151 -5.66265650 -2.54476559 -1.22327200 
4.64158883e+00 -9.68251001 -8.45450151 -5.66265650 -2.54476559 -1.22327200 
3.59381366e+00 -9.68251001 -8.45450151 -5.66265650 -2.54476559 -1.22327200 
2.78255940e+00 -9.68251001 -8.45450151 -5.66265650 -2.54476559 -1.22327200 
2.15443469e+00 -9.68251001 -8.45450151 -5.66265650 -2.54476559 -1.22327200 
1.66810054e+00 -9.68251001 -8.45450151 -5.66265650 -2.54476559 -1.22327200 
1.29154967e+00 -9.68251001 -8.45450151 -5.66265650 -2.54476559 -1.22327200 
1.00000000e+00 -9.68251001 -8.45450151 -5.66265650 -2.54476559 -1.22327200 
7.74263683e-01 -9.68251001 -8.45450151 -5.66265650 -2.54476559 -1.22327200 
5.99484250e-01 -9.68251001 -8.45450151 -5.66265650 -2.54476559 -1.22327200 
4.64158883e-01 -9.68251001 -8.45450151 -5.66265650 -2.54476559 -1.22327200 
3.59381366e-01 -9.68251001 -8.45450151 -5.66265650 -2.54476559 -1.22327200 
2.78255940e-01 -9.68251001 -8.45450151 -5.66265650 -2.54476559 -1.22327200 
2.15443469e-01 -9.68251001 -8.45450151 -5.66265650 -2.54476559 -1.22327200 
1.66810054e-01 -9.68251001 -8.45450151 -5.66265650 -2.54476559 -1.22327200 
1.29154967e-01 -9.68251001 -8.45450151 -5.66265650 -2.54476559 -1.22327200 
1.00000000e-01 -9.68251001 -8.45450151 -5.66265650 -2.54476559 -1.22327200 
7.74263683e-02 -9.68251001 -8.45450151 -5.66265650 -2.54476559 -1.22327200 
5.99484250e-02 -9.68251001 -8.45450151 -5.66265650 -2.54476559 -1.22327200 
4.64158883e-02 -9.68251001 -8.45450151 -5.66265650 -2.54476559 -1.22327200 
3.59381366e-02 -9.68251001 -8.45450151 -5.66265650 -2.54476559 -1.22327200 
2.78255940e-02 -9.68251001 -8.45450151 -5.66265650 -2.54476559 -1.22327200 
2.15443469e-02 -9.68251001 -8.45450151 -5.66265650 -2.54476559 -1.22327200 
1.66810054e-02 -9.68251001 -8.45450151 -5.66265650 -2.54476559 -1.22327200 
1.29154967e-02 -9.68251001 -8.45450151 -5.66265650 -2.54476559 -1.22327200 
1.00000000e-02 -9.68251001 -8.45450151 -5.66265650 -2.54476559 -1.22327200 
7.74263683e-03 -9.68251001 -8.45450151 -5.66265650 -2.54476559 -1.22327200 
5.99484250e-03 -9.68251001 -8.45450151 -5.66265650 -2.54476559 -1.22327200 
4.64158883e-03 -9.68251001 -8.45450151 -5.66265650 -2.54476559 -1.22327200 
3.59381366e-03 -9.68251001 -8.45450151 -5.66265650 -2.54476559 -1.22327200 
2.78255940e-03 -9.68251001 -8.45450151 -5.66265650 -2.54476559 -1.22327200 
2.15443469e-03 -9.68251001 -8.45450151 -5.66265650 -2.54476559 -1.22327200 
1.66810054e-03 -9.68251001 -8.45450151 -5.66265650 -2.54476559 -1.22327200 
1.29154967e-03 -9.68251001 -8.45450151 -5.66265650 -2.54476559 -1.22327200 
1.00000000e-03 -9.68251001 -8.45450151 -5.66265650 -2.54476559 -1.22327200 
7.74263683e-04 -9.68251001 -8.45450151 -5.66265650 -2.54476559 -1.22327200 
5.99484250e-04 -9.68251001 -8.45450151 -5.66265650 -2.54476559 -1.22327200 
4.64158883e-04 -9.68251001 -8.45450151 -5.66265650 -2.54476559 -1.22327200 
3.59381366e-04 -9.68251001 -8.45450151 -5.66265650 -2.54476559 -1.22327200 
2.78255940e-04 -9.68251001 -8.45450151 -5.66265650 -2.54476559 -1.22327200 
2.15443469e-04 -9.68251001 -8.45450151 -5.66265650 -2.54476559 -1.22327200 
1.66810054e-04 -9.68251001 -8.45450151 -5.66265650 -2.54476559 -1.22327200 
1.29154967e-04 -9.68251001 -8.45450151 -5.66265650 -2.54476559 -1.22327200 
1.00000000e-04 -9.68251001 -8.45450151 -5.66265650 -2.54476559 -1.22327200 
7.74263683e-05 -9.68251001 -8.45450151 -5.66265650 -2.54476559 -1.22327200 
5.99484250e-05 -9.68251001 -8.45450151 -5.66265650 -2.54476559 -1.22327200 
4.64158883e-05 -9.68251001 -8.45450151 -5.66265650 -2.54476559 -1.22327200 
3.59381366e-05 -9.68251001 -8.45450151 -5.66265650 -2.54476559 -1.22327200 
2.78255940e-05 -9.68251001 -8.45450151 -5.66265650 -2.54476559 -1.22327200 
2.15443469e-05 -9.68251001 -8.45450151 -5.66265650 -2.54476559 -1.22327200 
1.66810054e-05 -9.68251001 -8.45450151 -5.66265650 -2.54476559 -1.22327200 
1.29154967e-05 -9.68251001 -8.45450151 -5.66265650 -2.54476559 -1.22327200 
1.00000000e-05 -9.68251001 -8.45450151 -5.66265650 -2.54476559 -1.22327200 
7.74263683e-06 -9.68251001 -8.45450151 -5.66265650 -2.54476559 -1.22327200 
5.99484250e-06 -9.68251001 -8.45450151 -5.66265650 -2.54476559 -1.22327200 
4.64158883e-06 -9.68251001 -8.45450151 -5.66265650 -2.54476559 -1.22327200 
3.59381366e-06 -9.68251001 -8.45450151 -5.66265650 -2.54476559 -1.22327200 
2.78255940e-06 -9.68251001 -8.45450151 -5.66265650 -2.54476559 -1.22327200 
2.15443469e-06 -9.68251001 -8.45450151 -5.66265650 -2.54476559 -1.22327200 
1.66810054e-06 -9.68251001 -8.45450151 -5.66265650 -2.54476559 -1.22327200 
1.29154967e-06 -9.68251001 -8.45450151 -5.66265650 -2.54476559 -1.22327200 
1.00000000e-06 -9.68251001 -8.45450151 -5.66265650 -2.54476559 -1.22327200 
7.74263683e-07 -9.68251001 -8.45450151 -5.66265650 -2.54476559 -1.22327200 
5.99484250e-07 -9.68251001 -8.45450151 -5.66265650 -2.54476559 -1.22327200 
4.64158883e-07 -9.68251001 -8.45450151 -5.66265650 -2.54476559 -1.22327200 
3.59381366e-07 -9.68251001 -8.45450151 -5.66265650 -2.54476559 -1.22327200 
2.78255940e-07 -9.68251001 -8.45450151 -5.66265650 -2.54476559 -1.22327200 
2.15443469e-07 -9.68251001 -8.45450151 -5.66265650 -2.54476559 -1.22327200 
1.66810054e-07 -9.68251001 -8.45450151 -5.66265650 -2.54476559 -1.22327200 
1.29154967e-07 -9.68251001 -8.45450151 -5.66265650 -2.54476559 -1.22327200 
1.00000000e-07 -9.68251001 -8.45450151 -5.66265650 -2.54476559 -1.22327200 
7.74263683e-08 -9.68251001 -8.45450151 -5.66265650 -2.54476559 -1.22327200 
5.99484250e-08 -9.68251001 -8.45450151 -5.66265650 -2.54476559 -1.22327200 
4.64158883e-08 -9.68251001 -8.45450151 -5.66265650 -2.54476559 -1.22327200 
3.59381366e-08 -9.68251001 -8.45450151 -5.66265650 -2.54476559 -1.22327200 
2.78255940e-08 -9.68251001 -8.45450151 -5.66265650 -2.54476559 -1.22327200 
2.15443469e-08 -9.68251001 -8.45450151 -5.66265650 -2.54476559 -1.22327200 
1.66810054e-08 -9.68251001 -8.45450151 -5.66265650 -2.54476559 -1.22327200 
1.29154967e-08 -9.68251001 -8.45450151 -5.66265650 -2.54476559 -1.22327200 
1.00000000e-08 -9.68251001 -8.45450151 -5.66265650 -2.54476559 -1.22327200 
7.74263683e-09 -9.68251001 -8.45450151 -5.66265650 -2.54476559 -1.22327200 
5.99484250e-09 -9.68251001 -8.45450151 -5.66265650 -2.54476559 -1.22327200 
4.64158883e-09 -9.68251001 -8.45450151 -5.66265650 -2.54476559 -1.22327200 
3.59381366e-09 -9.68251001 -8.45450151 -5.66265650 -2.54476559 -1.22327200 
2.78255940e-09 -9.68251001 -8.45450151 -5.66265650 -2.54476559 -1.22327200 
2.15443469e-09 -9.68251001 -8.45450151 -5.66265650 -2.54476559 -1.22327200 
1.66810054e-09 -9.68251001 -8.45450151 -5.66265650 -2.54476559 -1.22327200 
1.29154967e-09 -9.68251001 -8.45450151 -5.66265650 -2.54476559 -1.22327200 
1.00000000e-09 -9.68251001 -8.45450151 -5.66265650 -2.54476559 -1.22327200 
7.74263683e-10 -9.68251001 -8.45450151 -5.66265650 -2.54476559 -1.22327200 
5.99484250e-10 -9.68251001 -8.45450151 -5.66265650 -2.54476559 -1.22327200 
4.64158883e-10 -9.68251001 -8.45450151 -5.66265650 -2.54476559 -1.22327200 
3.59381366e-10 -9.68251001 -8.45450151 -5.66265650 -2.54476559 -1.22327200 
2.78255940e-10 -9.68251001 -8.45450151 -5.66265650 -2.54476559 -1.22327200 
2.15443469e-10 -9.68251001 -8.45450151 -5.66265650 -2.54476559 -1.22327200 
1.66810054e-10 -9.68251001 -8.45450151 -5.66265650 -2.54476559 -1.22327200 
1.29154967e-10 -9.68251001 -8.45450151 -5.66265650 -2.54476559 -1.22327200 
1.00000000e-10 -9.68251001 -8.45450151 -5.66265650 -2.54476559 -1.22327200 
P (bar) | log_O3: -2σ | log_O3: -1σ | log_O3: median | log_O3: +1σ | log_O3: +2σ 
1.00000000e+01 -9.89535678 -9.35861157 -8.27469595 -6.73284855 -5.45099770 
7.74263683e+00 -9.89535678 -9.35861157 -8.27469595 -6.73284855 -5.45099770 
5.99484250e+00 -9.89535678 -9.35861157 -8.27469595 -6.73284855 -5.45099770 
4.64158883e+00 -9.89535678 -9.35861157 -8.27469595 -6.73284855 -5.45099770 
3.59381366e+00 -9.89535678 -9.35861157 -8.27469595 -6.73284855 -5.45099770 
2.78255940e+00 -9.89535678 -9.35861157 -8.27469595 -6.73284855 -5.45099770 
2.15443469e+00 -9.89535678 -9.35861157 -8.27469595 -6.73284855 -5.45099770 
1.66810054e+00 -9.89535678 -9.35861157 -8.27469595 -6.73284855 -5.45099770 
1.29154967e+00 -9.89535678 -9.35861157 -8.27469595 -6.73284855 -5.45099770 
1.00000000e+00 -9.89535678 -9.35861157 -8.27469595 -6.73284855 -5.45099770 
7.74263683e-01 -9.89535678 -9.35861157 -8.27469595 -6.73284855 -5.45099770 
5.99484250e-01 -9.89535678 -9.35861157 -8.27469595 -6.73284855 -5.45099770 
4.64158883e-01 -9.89535678 -9.35861157 -8.27469595 -6.73284855 -5.45099770 
3.59381366e-01 -9.89535678 -9.35861157 -8.27469595 -6.73284855 -5.45099770 
2.78255940e-01 -9.89535678 -9.35861157 -8.27469595 -6.73284855 -5.45099770 
2.15443469e-01 -9.89535678 -9.35861157 -8.27469595 -6.73284855 -5.45099770 
1.66810054e-01 -9.89535678 -9.35861157 -8.27469595 -6.73284855 -5.45099770 
1.29154967e-01 -9.89535678 -9.35861157 -8.27469595 -6.73284855 -5.45099770 
1.00000000e-01 -9.89535678 -9.35861157 -8.27469595 -6.73284855 -5.45099770 
7.74263683e-02 -9.89535678 -9.35861157 -8.27469595 -6.73284855 -5.45099770 
5.99484250e-02 -9.89535678 -9.35861157 -8.27469595 -6.73284855 -5.45099770 
4.64158883e-02 -9.89535678 -9.35861157 -8.27469595 -6.73284855 -5.45099770 
3.59381366e-02 -9.89535678 -9.35861157 -8.27469595 -6.73284855 -5.45099770 
2.78255940e-02 -9.89535678 -9.35861157 -8.27469595 -6.73284855 -5.45099770 
2.15443469e-02 -9.89535678 -9.35861157 -8.27469595 -6.73284855 -5.45099770 
1.66810054e-02 -9.89535678 -9.35861157 -8.27469595 -6.73284855 -5.45099770 
1.29154967e-02 -9.89535678 -9.35861157 -8.27469595 -6.73284855 -5.45099770 
1.00000000e-02 -9.89535678 -9.35861157 -8.27469595 -6.73284855 -5.45099770 
7.74263683e-03 -9.89535678 -9.35861157 -8.27469595 -6.73284855 -5.45099770 
5.99484250e-03 -9.89535678 -9.35861157 -8.27469595 -6.73284855 -5.45099770 
4.64158883e-03 -9.89535678 -9.35861157 -8.27469595 -6.73284855 -5.45099770 
3.59381366e-03 -9.89535678 -9.35861157 -8.27469595 -6.73284855 -5.45099770 
2.78255940e-03 -9.89535678 -9.35861157 -8.27469595 -6.73284855 -5.45099770 
2.15443469e-03 -9.89535678 -9.35861157 -8.27469595 -6.73284855 -5.45099770 
1.66810054e-03 -9.89535678 -9.35861157 -8.27469595 -6.73284855 -5.45099770 
1.29154967e-03 -9.89535678 -9.35861157 -8.27469595 -6.73284855 -5.45099770 
1.00000000e-03 -9.89535678 -9.35861157 -8.27469595 -6.73284855 -5.45099770 
7.74263683e-04 -9.89535678 -9.35861157 -8.27469595 -6.73284855 -5.45099770 
5.99484250e-04 -9.89535678 -9.35861157 -8.27469595 -6.73284855 -5.45099770 
4.64158883e-04 -9.89535678 -9.35861157 -8.27469595 -6.73284855 -5.45099770 
3.59381366e-04 -9.89535678 -9.35861157 -8.27469595 -6.73284855 -5.45099770 
2.78255940e-04 -9.89535678 -9.35861157 -8.27469595 -6.73284855 -5.45099770 
2.15443469e-04 -9.89535678 -9.35861157 -8.27469595 -6.73284855 -5.45099770 
1.66810054e-04 -9.89535678 -9.35861157 -8.27469595 -6.73284855 -5.45099770 
1.29154967e-04 -9.89535678 -9.35861157 -8.27469595 -6.73284855 -5.45099770 
1.00000000e-04 -9.89535678 -9.35861157 -8.27469595 -6.73284855 -5.45099770 
7.74263683e-05 -9.89535678 -9.35861157 -8.27469595 -6.73284855 -5.45099770 
5.99484250e-05 -9.89535678 -9.35861157 -8.27469595 -6.73284855 -5.45099770 
4.64158883e-05 -9.89535678 -9.35861157 -8.27469595 -6.73284855 -5.45099770 
3.59381366e-05 -9.89535678 -9.35861157 -8.27469595 -6.73284855 -5.45099770 
2.78255940e-05 -9.89535678 -9.35861157 -8.27469595 -6.73284855 -5.45099770 
2.15443469e-05 -9.89535678 -9.35861157 -8.27469595 -6.73284855 -5.45099770 
1.66810054e-05 -9.89535678 -9.35861157 -8.27469595 -6.73284855 -5.45099770 
1.29154967e-05 -9.89535678 -9.35861157 -8.27469595 -6.73284855 -5.45099770 
1.00000000e-05 -9.89535678 -9.35861157 -8.27469595 -6.73284855 -5.45099770 
7.74263683e-06 -9.89535678 -9.35861157 -8.27469595 -6.73284855 -5.45099770 
5.99484250e-06 -9.89535678 -9.35861157 -8.27469595 -6.73284855 -5.45099770 
4.64158883e-06 -9.89535678 -9.35861157 -8.27469595 -6.73284855 -5.45099770 
3.59381366e-06 -9.89535678 -9.35861157 -8.27469595 -6.73284855 -5.45099770 
2.78255940e-06 -9.89535678 -9.35861157 -8.27469595 -6.73284855 -5.45099770 
2.15443469e-06 -9.89535678 -9.35861157 -8.27469595 -6.73284855 -5.45099770 
1.66810054e-06 -9.89535678 -9.35861157 -8.27469595 -6.73284855 -5.45099770 
1.29154967e-06 -9.89535678 -9.35861157 -8.27469595 -6.73284855 -5.45099770 
1.00000000e-06 -9.89535678 -9.35861157 -8.27469595 -6.73284855 -5.45099770 
7.74263683e-07 -9.89535678 -9.35861157 -8.27469595 -6.73284855 -5.45099770 
5.99484250e-07 -9.89535678 -9.35861157 -8.27469595 -6.73284855 -5.45099770 
4.64158883e-07 -9.89535678 -9.35861157 -8.27469595 -6.73284855 -5.45099770 
3.59381366e-07 -9.89535678 -9.35861157 -8.27469595 -6.73284855 -5.45099770 
2.78255940e-07 -9.89535678 -9.35861157 -8.27469595 -6.73284855 -5.45099770 
2.15443469e-07 -9.89535678 -9.35861157 -8.27469595 -6.73284855 -5.45099770 
1.66810054e-07 -9.89535678 -9.35861157 -8.27469595 -6.73284855 -5.45099770 
1.29154967e-07 -9.89535678 -9.35861157 -8.27469595 -6.73284855 -5.45099770 
1.00000000e-07 -9.89535678 -9.35861157 -8.27469595 -6.73284855 -5.45099770 
7.74263683e-08 -9.89535678 -9.35861157 -8.27469595 -6.73284855 -5.45099770 
5.99484250e-08 -9.89535678 -9.35861157 -8.27469595 -6.73284855 -5.45099770 
4.64158883e-08 -9.89535678 -9.35861157 -8.27469595 -6.73284855 -5.45099770 
3.59381366e-08 -9.89535678 -9.35861157 -8.27469595 -6.73284855 -5.45099770 
2.78255940e-08 -9.89535678 -9.35861157 -8.27469595 -6.73284855 -5.45099770 
2.15443469e-08 -9.89535678 -9.35861157 -8.27469595 -6.73284855 -5.45099770 
1.66810054e-08 -9.89535678 -9.35861157 -8.27469595 -6.73284855 -5.45099770 
1.29154967e-08 -9.89535678 -9.35861157 -8.27469595 -6.73284855 -5.45099770 
1.00000000e-08 -9.89535678 -9.35861157 -8.27469595 -6.73284855 -5.45099770 
7.74263683e-09 -9.89535678 -9.35861157 -8.27469595 -6.73284855 -5.45099770 
5.99484250e-09 -9.89535678 -9.35861157 -8.27469595 -6.73284855 -5.45099770 
4.64158883e-09 -9.89535678 -9.35861157 -8.27469595 -6.73284855 -5.45099770 
3.59381366e-09 -9.89535678 -9.35861157 -8.27469595 -6.73284855 -5.45099770 
2.78255940e-09 -9.89535678 -9.35861157 -8.27469595 -6.73284855 -5.45099770 
2.15443469e-09 -9.89535678 -9.35861157 -8.27469595 -6.73284855 -5.45099770 
1.66810054e-09 -9.89535678 -9.35861157 -8.27469595 -6.73284855 -5.45099770 
1.29154967e-09 -9.89535678 -9.35861157 -8.27469595 -6.73284855 -5.45099770 
1.00000000e-09 -9.89535678 -9.35861157 -8.27469595 -6.73284855 -5.45099770 
7.74263683e-10 -9.89535678 -9.35861157 -8.27469595 -6.73284855 -5.45099770 
5.99484250e-10 -9.89535678 -9.35861157 -8.27469595 -6.73284855 -5.45099770 
4.64158883e-10 -9.89535678 -9.35861157 -8.27469595 -6.73284855 -5.45099770 
3.59381366e-10 -9.89535678 -9.35861157 -8.27469595 -6.73284855 -5.45099770 
2.78255940e-10 -9.89535678 -9.35861157 -8.27469595 -6.73284855 -5.45099770 
2.15443469e-10 -9.89535678 -9.35861157 -8.27469595 -6.73284855 -5.45099770 
1.66810054e-10 -9.89535678 -9.35861157 -8.27469595 -6.73284855 -5.45099770 
1.29154967e-10 -9.89535678 -9.35861157 -8.27469595 -6.73284855 -5.45099770 
1.00000000e-10 -9.89535678 -9.35861157 -8.27469595 -6.73284855 -5.45099770 
P (bar) | log_N2O: -2σ | log_N2O: -1σ | log_N2O: median | log_N2O: +1σ | log_N2O: +2σ 
1.00000000e+01 -9.70285663 -8.06315145 -5.38471745 -3.19209197 -2.06317739 
7.74263683e+00 -9.70285663 -8.06315145 -5.38471745 -3.19209197 -2.06317739 
5.99484250e+00 -9.70285663 -8.06315145 -5.38471745 -3.19209197 -2.06317739 
4.64158883e+00 -9.70285663 -8.06315145 -5.38471745 -3.19209197 -2.06317739 
3.59381366e+00 -9.70285663 -8.06315145 -5.38471745 -3.19209197 -2.06317739 
2.78255940e+00 -9.70285663 -8.06315145 -5.38471745 -3.19209197 -2.06317739 
2.15443469e+00 -9.70285663 -8.06315145 -5.38471745 -3.19209197 -2.06317739 
1.66810054e+00 -9.70285663 -8.06315145 -5.38471745 -3.19209197 -2.06317739 
1.29154967e+00 -9.70285663 -8.06315145 -5.38471745 -3.19209197 -2.06317739 
1.00000000e+00 -9.70285663 -8.06315145 -5.38471745 -3.19209197 -2.06317739 
7.74263683e-01 -9.70285663 -8.06315145 -5.38471745 -3.19209197 -2.06317739 
5.99484250e-01 -9.70285663 -8.06315145 -5.38471745 -3.19209197 -2.06317739 
4.64158883e-01 -9.70285663 -8.06315145 -5.38471745 -3.19209197 -2.06317739 
3.59381366e-01 -9.70285663 -8.06315145 -5.38471745 -3.19209197 -2.06317739 
2.78255940e-01 -9.70285663 -8.06315145 -5.38471745 -3.19209197 -2.06317739 
2.15443469e-01 -9.70285663 -8.06315145 -5.38471745 -3.19209197 -2.06317739 
1.66810054e-01 -9.70285663 -8.06315145 -5.38471745 -3.19209197 -2.06317739 
1.29154967e-01 -9.70285663 -8.06315145 -5.38471745 -3.19209197 -2.06317739 
1.00000000e-01 -9.70285663 -8.06315145 -5.38471745 -3.19209197 -2.06317739 
7.74263683e-02 -9.70285663 -8.06315145 -5.38471745 -3.19209197 -2.06317739 
5.99484250e-02 -9.70285663 -8.06315145 -5.38471745 -3.19209197 -2.06317739 
4.64158883e-02 -9.70285663 -8.06315145 -5.38471745 -3.19209197 -2.06317739 
3.59381366e-02 -9.70285663 -8.06315145 -5.38471745 -3.19209197 -2.06317739 
2.78255940e-02 -9.70285663 -8.06315145 -5.38471745 -3.19209197 -2.06317739 
2.15443469e-02 -9.70285663 -8.06315145 -5.38471745 -3.19209197 -2.06317739 
1.66810054e-02 -9.70285663 -8.06315145 -5.38471745 -3.19209197 -2.06317739 
1.29154967e-02 -9.70285663 -8.06315145 -5.38471745 -3.19209197 -2.06317739 
1.00000000e-02 -9.70285663 -8.06315145 -5.38471745 -3.19209197 -2.06317739 
7.74263683e-03 -9.70285663 -8.06315145 -5.38471745 -3.19209197 -2.06317739 
5.99484250e-03 -9.70285663 -8.06315145 -5.38471745 -3.19209197 -2.06317739 
4.64158883e-03 -9.70285663 -8.06315145 -5.38471745 -3.19209197 -2.06317739 
3.59381366e-03 -9.70285663 -8.06315145 -5.38471745 -3.19209197 -2.06317739 
2.78255940e-03 -9.70285663 -8.06315145 -5.38471745 -3.19209197 -2.06317739 
2.15443469e-03 -9.70285663 -8.06315145 -5.38471745 -3.19209197 -2.06317739 
1.66810054e-03 -9.70285663 -8.06315145 -5.38471745 -3.19209197 -2.06317739 
1.29154967e-03 -9.70285663 -8.06315145 -5.38471745 -3.19209197 -2.06317739 
1.00000000e-03 -9.70285663 -8.06315145 -5.38471745 -3.19209197 -2.06317739 
7.74263683e-04 -9.70285663 -8.06315145 -5.38471745 -3.19209197 -2.06317739 
5.99484250e-04 -9.70285663 -8.06315145 -5.38471745 -3.19209197 -2.06317739 
4.64158883e-04 -9.70285663 -8.06315145 -5.38471745 -3.19209197 -2.06317739 
3.59381366e-04 -9.70285663 -8.06315145 -5.38471745 -3.19209197 -2.06317739 
2.78255940e-04 -9.70285663 -8.06315145 -5.38471745 -3.19209197 -2.06317739 
2.15443469e-04 -9.70285663 -8.06315145 -5.38471745 -3.19209197 -2.06317739 
1.66810054e-04 -9.70285663 -8.06315145 -5.38471745 -3.19209197 -2.06317739 
1.29154967e-04 -9.70285663 -8.06315145 -5.38471745 -3.19209197 -2.06317739 
1.00000000e-04 -9.70285663 -8.06315145 -5.38471745 -3.19209197 -2.06317739 
7.74263683e-05 -9.70285663 -8.06315145 -5.38471745 -3.19209197 -2.06317739 
5.99484250e-05 -9.70285663 -8.06315145 -5.38471745 -3.19209197 -2.06317739 
4.64158883e-05 -9.70285663 -8.06315145 -5.38471745 -3.19209197 -2.06317739 
3.59381366e-05 -9.70285663 -8.06315145 -5.38471745 -3.19209197 -2.06317739 
2.78255940e-05 -9.70285663 -8.06315145 -5.38471745 -3.19209197 -2.06317739 
2.15443469e-05 -9.70285663 -8.06315145 -5.38471745 -3.19209197 -2.06317739 
1.66810054e-05 -9.70285663 -8.06315145 -5.38471745 -3.19209197 -2.06317739 
1.29154967e-05 -9.70285663 -8.06315145 -5.38471745 -3.19209197 -2.06317739 
1.00000000e-05 -9.70285663 -8.06315145 -5.38471745 -3.19209197 -2.06317739 
7.74263683e-06 -9.70285663 -8.06315145 -5.38471745 -3.19209197 -2.06317739 
5.99484250e-06 -9.70285663 -8.06315145 -5.38471745 -3.19209197 -2.06317739 
4.64158883e-06 -9.70285663 -8.06315145 -5.38471745 -3.19209197 -2.06317739 
3.59381366e-06 -9.70285663 -8.06315145 -5.38471745 -3.19209197 -2.06317739 
2.78255940e-06 -9.70285663 -8.06315145 -5.38471745 -3.19209197 -2.06317739 
2.15443469e-06 -9.70285663 -8.06315145 -5.38471745 -3.19209197 -2.06317739 
1.66810054e-06 -9.70285663 -8.06315145 -5.38471745 -3.19209197 -2.06317739 
1.29154967e-06 -9.70285663 -8.06315145 -5.38471745 -3.19209197 -2.06317739 
1.00000000e-06 -9.70285663 -8.06315145 -5.38471745 -3.19209197 -2.06317739 
7.74263683e-07 -9.70285663 -8.06315145 -5.38471745 -3.19209197 -2.06317739 
5.99484250e-07 -9.70285663 -8.06315145 -5.38471745 -3.19209197 -2.06317739 
4.64158883e-07 -9.70285663 -8.06315145 -5.38471745 -3.19209197 -2.06317739 
3.59381366e-07 -9.70285663 -8.06315145 -5.38471745 -3.19209197 -2.06317739 
2.78255940e-07 -9.70285663 -8.06315145 -5.38471745 -3.19209197 -2.06317739 
2.15443469e-07 -9.70285663 -8.06315145 -5.38471745 -3.19209197 -2.06317739 
1.66810054e-07 -9.70285663 -8.06315145 -5.38471745 -3.19209197 -2.06317739 
1.29154967e-07 -9.70285663 -8.06315145 -5.38471745 -3.19209197 -2.06317739 
1.00000000e-07 -9.70285663 -8.06315145 -5.38471745 -3.19209197 -2.06317739 
7.74263683e-08 -9.70285663 -8.06315145 -5.38471745 -3.19209197 -2.06317739 
5.99484250e-08 -9.70285663 -8.06315145 -5.38471745 -3.19209197 -2.06317739 
4.64158883e-08 -9.70285663 -8.06315145 -5.38471745 -3.19209197 -2.06317739 
3.59381366e-08 -9.70285663 -8.06315145 -5.38471745 -3.19209197 -2.06317739 
2.78255940e-08 -9.70285663 -8.06315145 -5.38471745 -3.19209197 -2.06317739 
2.15443469e-08 -9.70285663 -8.06315145 -5.38471745 -3.19209197 -2.06317739 
1.66810054e-08 -9.70285663 -8.06315145 -5.38471745 -3.19209197 -2.06317739 
1.29154967e-08 -9.70285663 -8.06315145 -5.38471745 -3.19209197 -2.06317739 
1.00000000e-08 -9.70285663 -8.06315145 -5.38471745 -3.19209197 -2.06317739 
7.74263683e-09 -9.70285663 -8.06315145 -5.38471745 -3.19209197 -2.06317739 
5.99484250e-09 -9.70285663 -8.06315145 -5.38471745 -3.19209197 -2.06317739 
4.64158883e-09 -9.70285663 -8.06315145 -5.38471745 -3.19209197 -2.06317739 
3.59381366e-09 -9.70285663 -8.06315145 -5.38471745 -3.19209197 -2.06317739 
2.78255940e-09 -9.70285663 -8.06315145 -5.38471745 -3.19209197 -2.06317739 
2.15443469e-09 -9.70285663 -8.06315145 -5.38471745 -3.19209197 -2.06317739 
1.66810054e-09 -9.70285663 -8.06315145 -5.38471745 -3.19209197 -2.06317739 
1.29154967e-09 -9.70285663 -8.06315145 -5.38471745 -3.19209197 -2.06317739 
1.00000000e-09 -9.70285663 -8.06315145 -5.38471745 -3.19209197 -2.06317739 
7.74263683e-10 -9.70285663 -8.06315145 -5.38471745 -3.19209197 -2.06317739 
5.99484250e-10 -9.70285663 -8.06315145 -5.38471745 -3.19209197 -2.06317739 
4.64158883e-10 -9.70285663 -8.06315145 -5.38471745 -3.19209197 -2.06317739 
3.59381366e-10 -9.70285663 -8.06315145 -5.38471745 -3.19209197 -2.06317739 
2.78255940e-10 -9.70285663 -8.06315145 -5.38471745 -3.19209197 -2.06317739 
2.15443469e-10 -9.70285663 -8.06315145 -5.38471745 -3.19209197 -2.06317739 
1.66810054e-10 -9.70285663 -8.06315145 -5.38471745 -3.19209197 -2.06317739 
1.29154967e-10 -9.70285663 -8.06315145 -5.38471745 -3.19209197 -2.06317739 
1.00000000e-10 -9.70285663 -8.06315145 -5.38471745 -3.19209197 -2.06317739 
P (bar) | log_NH3: -2σ | log_NH3: -1σ | log_NH3: median | log_NH3: +1σ | log_NH3: +2σ 
1.00000000e+01 -9.87735494 -9.14327177 -7.43782648 -5.59905574 -3.57514827 
7.74263683e+00 -9.87735494 -9.14327177 -7.43782648 -5.59905574 -3.57514827 
5.99484250e+00 -9.87735494 -9.14327177 -7.43782648 -5.59905574 -3.57514827 
4.64158883e+00 -9.87735494 -9.14327177 -7.43782648 -5.59905574 -3.57514827 
3.59381366e+00 -9.87735494 -9.14327177 -7.43782648 -5.59905574 -3.57514827 
2.78255940e+00 -9.87735494 -9.14327177 -7.43782648 -5.59905574 -3.57514827 
2.15443469e+00 -9.87735494 -9.14327177 -7.43782648 -5.59905574 -3.57514827 
1.66810054e+00 -9.87735494 -9.14327177 -7.43782648 -5.59905574 -3.57514827 
1.29154967e+00 -9.87735494 -9.14327177 -7.43782648 -5.59905574 -3.57514827 
1.00000000e+00 -9.87735494 -9.14327177 -7.43782648 -5.59905574 -3.57514827 
7.74263683e-01 -9.87735494 -9.14327177 -7.43782648 -5.59905574 -3.57514827 
5.99484250e-01 -9.87735494 -9.14327177 -7.43782648 -5.59905574 -3.57514827 
4.64158883e-01 -9.87735494 -9.14327177 -7.43782648 -5.59905574 -3.57514827 
3.59381366e-01 -9.87735494 -9.14327177 -7.43782648 -5.59905574 -3.57514827 
2.78255940e-01 -9.87735494 -9.14327177 -7.43782648 -5.59905574 -3.57514827 
2.15443469e-01 -9.87735494 -9.14327177 -7.43782648 -5.59905574 -3.57514827 
1.66810054e-01 -9.87735494 -9.14327177 -7.43782648 -5.59905574 -3.57514827 
1.29154967e-01 -9.87735494 -9.14327177 -7.43782648 -5.59905574 -3.57514827 
1.00000000e-01 -9.87735494 -9.14327177 -7.43782648 -5.59905574 -3.57514827 
7.74263683e-02 -9.87735494 -9.14327177 -7.43782648 -5.59905574 -3.57514827 
5.99484250e-02 -9.87735494 -9.14327177 -7.43782648 -5.59905574 -3.57514827 
4.64158883e-02 -9.87735494 -9.14327177 -7.43782648 -5.59905574 -3.57514827 
3.59381366e-02 -9.87735494 -9.14327177 -7.43782648 -5.59905574 -3.57514827 
2.78255940e-02 -9.87735494 -9.14327177 -7.43782648 -5.59905574 -3.57514827 
2.15443469e-02 -9.87735494 -9.14327177 -7.43782648 -5.59905574 -3.57514827 
1.66810054e-02 -9.87735494 -9.14327177 -7.43782648 -5.59905574 -3.57514827 
1.29154967e-02 -9.87735494 -9.14327177 -7.43782648 -5.59905574 -3.57514827 
1.00000000e-02 -9.87735494 -9.14327177 -7.43782648 -5.59905574 -3.57514827 
7.74263683e-03 -9.87735494 -9.14327177 -7.43782648 -5.59905574 -3.57514827 
5.99484250e-03 -9.87735494 -9.14327177 -7.43782648 -5.59905574 -3.57514827 
4.64158883e-03 -9.87735494 -9.14327177 -7.43782648 -5.59905574 -3.57514827 
3.59381366e-03 -9.87735494 -9.14327177 -7.43782648 -5.59905574 -3.57514827 
2.78255940e-03 -9.87735494 -9.14327177 -7.43782648 -5.59905574 -3.57514827 
2.15443469e-03 -9.87735494 -9.14327177 -7.43782648 -5.59905574 -3.57514827 
1.66810054e-03 -9.87735494 -9.14327177 -7.43782648 -5.59905574 -3.57514827 
1.29154967e-03 -9.87735494 -9.14327177 -7.43782648 -5.59905574 -3.57514827 
1.00000000e-03 -9.87735494 -9.14327177 -7.43782648 -5.59905574 -3.57514827 
7.74263683e-04 -9.87735494 -9.14327177 -7.43782648 -5.59905574 -3.57514827 
5.99484250e-04 -9.87735494 -9.14327177 -7.43782648 -5.59905574 -3.57514827 
4.64158883e-04 -9.87735494 -9.14327177 -7.43782648 -5.59905574 -3.57514827 
3.59381366e-04 -9.87735494 -9.14327177 -7.43782648 -5.59905574 -3.57514827 
2.78255940e-04 -9.87735494 -9.14327177 -7.43782648 -5.59905574 -3.57514827 
2.15443469e-04 -9.87735494 -9.14327177 -7.43782648 -5.59905574 -3.57514827 
1.66810054e-04 -9.87735494 -9.14327177 -7.43782648 -5.59905574 -3.57514827 
1.29154967e-04 -9.87735494 -9.14327177 -7.43782648 -5.59905574 -3.57514827 
1.00000000e-04 -9.87735494 -9.14327177 -7.43782648 -5.59905574 -3.57514827 
7.74263683e-05 -9.87735494 -9.14327177 -7.43782648 -5.59905574 -3.57514827 
5.99484250e-05 -9.87735494 -9.14327177 -7.43782648 -5.59905574 -3.57514827 
4.64158883e-05 -9.87735494 -9.14327177 -7.43782648 -5.59905574 -3.57514827 
3.59381366e-05 -9.87735494 -9.14327177 -7.43782648 -5.59905574 -3.57514827 
2.78255940e-05 -9.87735494 -9.14327177 -7.43782648 -5.59905574 -3.57514827 
2.15443469e-05 -9.87735494 -9.14327177 -7.43782648 -5.59905574 -3.57514827 
1.66810054e-05 -9.87735494 -9.14327177 -7.43782648 -5.59905574 -3.57514827 
1.29154967e-05 -9.87735494 -9.14327177 -7.43782648 -5.59905574 -3.57514827 
1.00000000e-05 -9.87735494 -9.14327177 -7.43782648 -5.59905574 -3.57514827 
7.74263683e-06 -9.87735494 -9.14327177 -7.43782648 -5.59905574 -3.57514827 
5.99484250e-06 -9.87735494 -9.14327177 -7.43782648 -5.59905574 -3.57514827 
4.64158883e-06 -9.87735494 -9.14327177 -7.43782648 -5.59905574 -3.57514827 
3.59381366e-06 -9.87735494 -9.14327177 -7.43782648 -5.59905574 -3.57514827 
2.78255940e-06 -9.87735494 -9.14327177 -7.43782648 -5.59905574 -3.57514827 
2.15443469e-06 -9.87735494 -9.14327177 -7.43782648 -5.59905574 -3.57514827 
1.66810054e-06 -9.87735494 -9.14327177 -7.43782648 -5.59905574 -3.57514827 
1.29154967e-06 -9.87735494 -9.14327177 -7.43782648 -5.59905574 -3.57514827 
1.00000000e-06 -9.87735494 -9.14327177 -7.43782648 -5.59905574 -3.57514827 
7.74263683e-07 -9.87735494 -9.14327177 -7.43782648 -5.59905574 -3.57514827 
5.99484250e-07 -9.87735494 -9.14327177 -7.43782648 -5.59905574 -3.57514827 
4.64158883e-07 -9.87735494 -9.14327177 -7.43782648 -5.59905574 -3.57514827 
3.59381366e-07 -9.87735494 -9.14327177 -7.43782648 -5.59905574 -3.57514827 
2.78255940e-07 -9.87735494 -9.14327177 -7.43782648 -5.59905574 -3.57514827 
2.15443469e-07 -9.87735494 -9.14327177 -7.43782648 -5.59905574 -3.57514827 
1.66810054e-07 -9.87735494 -9.14327177 -7.43782648 -5.59905574 -3.57514827 
1.29154967e-07 -9.87735494 -9.14327177 -7.43782648 -5.59905574 -3.57514827 
1.00000000e-07 -9.87735494 -9.14327177 -7.43782648 -5.59905574 -3.57514827 
7.74263683e-08 -9.87735494 -9.14327177 -7.43782648 -5.59905574 -3.57514827 
5.99484250e-08 -9.87735494 -9.14327177 -7.43782648 -5.59905574 -3.57514827 
4.64158883e-08 -9.87735494 -9.14327177 -7.43782648 -5.59905574 -3.57514827 
3.59381366e-08 -9.87735494 -9.14327177 -7.43782648 -5.59905574 -3.57514827 
2.78255940e-08 -9.87735494 -9.14327177 -7.43782648 -5.59905574 -3.57514827 
2.15443469e-08 -9.87735494 -9.14327177 -7.43782648 -5.59905574 -3.57514827 
1.66810054e-08 -9.87735494 -9.14327177 -7.43782648 -5.59905574 -3.57514827 
1.29154967e-08 -9.87735494 -9.14327177 -7.43782648 -5.59905574 -3.57514827 
1.00000000e-08 -9.87735494 -9.14327177 -7.43782648 -5.59905574 -3.57514827 
7.74263683e-09 -9.87735494 -9.14327177 -7.43782648 -5.59905574 -3.57514827 
5.99484250e-09 -9.87735494 -9.14327177 -7.43782648 -5.59905574 -3.57514827 
4.64158883e-09 -9.87735494 -9.14327177 -7.43782648 -5.59905574 -3.57514827 
3.59381366e-09 -9.87735494 -9.14327177 -7.43782648 -5.59905574 -3.57514827 
2.78255940e-09 -9.87735494 -9.14327177 -7.43782648 -5.59905574 -3.57514827 
2.15443469e-09 -9.87735494 -9.14327177 -7.43782648 -5.59905574 -3.57514827 
1.66810054e-09 -9.87735494 -9.14327177 -7.43782648 -5.59905574 -3.57514827 
1.29154967e-09 -9.87735494 -9.14327177 -7.43782648 -5.59905574 -3.57514827 
1.00000000e-09 -9.87735494 -9.14327177 -7.43782648 -5.59905574 -3.57514827 
7.74263683e-10 -9.87735494 -9.14327177 -7.43782648 -5.59905574 -3.57514827 
5.99484250e-10 -9.87735494 -9.14327177 -7.43782648 -5.59905574 -3.57514827 
4.64158883e-10 -9.87735494 -9.14327177 -7.43782648 -5.59905574 -3.57514827 
3.59381366e-10 -9.87735494 -9.14327177 -7.43782648 -5.59905574 -3.57514827 
2.78255940e-10 -9.87735494 -9.14327177 -7.43782648 -5.59905574 -3.57514827 
2.15443469e-10 -9.87735494 -9.14327177 -7.43782648 -5.59905574 -3.57514827 
1.66810054e-10 -9.87735494 -9.14327177 -7.43782648 -5.59905574 -3.57514827 
1.29154967e-10 -9.87735494 -9.14327177 -7.43782648 -5.59905574 -3.57514827 
1.00000000e-10 -9.87735494 -9.14327177 -7.43782648 -5.59905574 -3.57514827 
