# wavelength(um) wavelength_err(um) depth depth_err
6.02495489e-01 2.20775565e-03 8.61463593e-03 7.29696289e-03
6.06911000e-01 2.22958268e-03 -1.09415281e-02 7.58058962e-03
6.11413820e-01 2.27431354e-03 6.12369786e-03 7.95284768e-03
6.16008254e-01 2.32305085e-03 1.45087969e-02 8.35846032e-03
6.20706023e-01 2.37636046e-03 1.00503628e-02 6.72490414e-03
6.25513696e-01 2.42925976e-03 1.06035852e-02 5.59811149e-03
6.30423062e-01 2.48115786e-03 1.30120817e-02 4.79270237e-03
6.35438328e-01 2.53517934e-03 2.54204447e-03 3.49085624e-03
6.40563779e-01 2.59133577e-03 6.77267869e-03 2.75740071e-03
6.45803671e-01 2.64959259e-03 3.43293060e-03 2.29836907e-03
6.51162150e-01 2.70992277e-03 3.91199382e-03 1.98910655e-03
6.56643362e-01 2.77233082e-03 4.59684828e-03 1.76161425e-03
6.62251473e-01 2.83678857e-03 3.79124889e-03 1.72072029e-03
6.67990516e-01 2.90326014e-03 4.20378779e-03 1.87265271e-03
6.73864514e-01 2.97174187e-03 2.04932135e-03 2.06365384e-03
6.79877483e-01 3.04219296e-03 3.59190629e-03 1.59604249e-03
6.86033285e-01 3.11458590e-03 5.60398502e-03 1.30329923e-03
6.92335827e-01 3.19300743e-03 5.12950098e-03 9.77931424e-04
6.98805315e-01 3.27482249e-03 4.09630444e-03 7.56919904e-04
7.05435117e-01 3.35503261e-03 6.88009171e-03 5.83706956e-04
7.12225446e-01 3.43617948e-03 5.09337014e-03 5.28887944e-04
7.19179835e-01 3.52295550e-03 5.37756520e-03 4.71496207e-04
7.26317268e-01 3.61610125e-03 4.63407351e-03 3.93389415e-04
7.33644240e-01 3.70760476e-03 5.00911467e-03 3.54503206e-04
7.41147687e-01 3.80278249e-03 4.37579963e-03 3.71812213e-04
7.48855370e-01 3.90404759e-03 4.53871500e-03 3.93039130e-04
7.56763877e-01 4.00499612e-03 4.66177981e-03 4.19156230e-04
7.64875354e-01 4.11167999e-03 4.58650642e-03 4.21003892e-04
7.73210597e-01 4.22166701e-03 4.53816938e-03 3.90434626e-04
7.81762022e-01 4.33328274e-03 4.64856840e-03 3.29662610e-04
7.90543728e-01 4.45156917e-03 4.56807329e-03 2.80857154e-04
7.99568299e-01 4.57083488e-03 4.75888296e-03 2.48674865e-04
8.08827067e-01 4.69337743e-03 5.13018013e-03 2.23485177e-04
8.18341809e-01 4.82357590e-03 4.60380138e-03 2.13000929e-04
8.28121371e-01 4.95535410e-03 4.96825608e-03 2.17291593e-04
8.38163225e-01 5.08890336e-03 4.61296353e-03 2.25027363e-04
8.48476984e-01 5.22709904e-03 4.63525402e-03 2.34851619e-04
8.59071621e-01 5.36952191e-03 4.40728609e-03 2.10336363e-04
8.69955072e-01 5.51573694e-03 4.25752606e-03 1.87826051e-04
8.81134569e-01 5.66533347e-03 4.97195058e-03 1.68927615e-04
8.92616406e-01 5.81786174e-03 4.66982026e-03 1.52775533e-04
9.04406016e-01 5.97285433e-03 4.68782787e-03 1.29779061e-04
9.16507823e-01 6.12988048e-03 4.74646773e-03 1.21406818e-04
9.28925538e-01 6.29306528e-03 4.87345786e-03 1.17986647e-04
9.41680084e-01 6.45809622e-03 4.94552312e-03 1.13806375e-04
9.54757923e-01 6.62137821e-03 4.73414146e-03 1.08020767e-04
9.68165597e-01 6.78947447e-03 4.73717003e-03 1.03435728e-04
9.81915821e-01 6.95814886e-03 4.66432411e-03 1.00400815e-04
9.95998193e-01 7.12659925e-03 4.61630466e-03 9.60637684e-05
1.01042222e+00 7.29724751e-03 4.73284046e-03 9.04402086e-05
1.02518718e+00 7.46601374e-03 4.73741326e-03 8.69050477e-05
1.04028627e+00 7.63316135e-03 4.78713852e-03 8.37873953e-05
1.05571983e+00 7.80089123e-03 4.70448552e-03 8.00602198e-05
1.07148984e+00 7.96697205e-03 4.78250827e-03 7.62328593e-05
1.08758772e+00 8.12917407e-03 4.79909140e-03 7.35426505e-05
1.10400653e+00 8.28795212e-03 4.83091288e-03 7.19307384e-05
1.12073952e+00 8.44290409e-03 4.65651204e-03 7.19504873e-05
1.13777815e+00 8.59407410e-03 4.77512590e-03 7.16224171e-05
1.15511582e+00 8.74054337e-03 4.75488222e-03 6.83614539e-05
1.17274032e+00 8.88055963e-03 4.75505447e-03 6.53052197e-05
1.19063806e+00 9.01387267e-03 4.64216905e-03 6.37615935e-05
1.20879581e+00 9.14144192e-03 4.73967510e-03 6.21759540e-05
1.22720383e+00 9.26252287e-03 4.75032132e-03 6.07329182e-05
1.24584591e+00 9.37519687e-03 4.77556251e-03 5.97353527e-05
1.26470461e+00 9.48110275e-03 4.69347642e-03 5.93677448e-05
1.28377032e+00 9.57893663e-03 4.65013176e-03 5.99302633e-05
1.30302036e+00 9.66880224e-03 4.65114873e-03 6.31822751e-05
1.32244553e+00 9.75083985e-03 4.82032465e-03 6.89839467e-05
1.34202372e+00 9.82442579e-03 4.91231444e-03 7.76249218e-05
1.36174323e+00 9.89043740e-03 4.75470932e-03 7.97315692e-05
1.38158547e+00 9.94805060e-03 4.85012208e-03 7.66365929e-05
1.40153543e+00 9.99839247e-03 4.65965925e-03 7.58924132e-05
1.42157904e+00 1.00411081e-02 4.79851763e-03 7.85166097e-05
1.44169986e+00 1.00762668e-02 4.67321621e-03 7.91146162e-05
1.46188411e+00 1.01046543e-02 4.72829797e-03 7.58398759e-05
1.48211848e+00 1.01262145e-02 4.72040181e-03 7.25302077e-05
1.50238897e+00 1.01412341e-02 4.87056255e-03 7.00762787e-05
1.52268342e+00 1.01502725e-02 4.62679426e-03 6.95513145e-05
1.54299006e+00 1.01535278e-02 4.82575967e-03 6.92862569e-05
1.56329753e+00 1.01514459e-02 4.73718528e-03 6.88820483e-05
1.58359584e+00 1.01443174e-02 4.73819532e-03 6.76698798e-05
1.60387480e+00 1.01324416e-02 4.73462638e-03 6.59536670e-05
1.62412561e+00 1.01163338e-02 4.75802137e-03 6.55338306e-05
1.64434013e+00 1.00960211e-02 4.80049855e-03 6.51154339e-05
1.66450969e+00 1.00719785e-02 4.70024208e-03 6.45568741e-05
1.68462805e+00 1.00448450e-02 4.74422825e-03 6.46133503e-05
1.70468907e+00 1.00143538e-02 4.65853786e-03 6.67399095e-05
1.72468546e+00 9.98103101e-03 4.69750032e-03 6.96420886e-05
1.74461319e+00 9.94542336e-03 4.71848651e-03 7.28686995e-05
1.76446716e+00 9.90717804e-03 4.92285109e-03 7.66560108e-05
1.78424191e+00 9.86712590e-03 4.78385901e-03 8.31549898e-05
1.80393566e+00 9.82513267e-03 4.80333200e-03 9.21777375e-05
1.82354244e+00 9.78146915e-03 4.70583257e-03 9.32724354e-05
1.84306154e+00 9.73655050e-03 4.58272718e-03 9.16392164e-05
1.86248864e+00 9.69017816e-03 4.83571816e-03 9.24211134e-05
1.88182225e+00 9.64285523e-03 4.78613871e-03 9.22850769e-05
1.90106006e+00 9.59458724e-03 4.67516856e-03 8.88253767e-05
1.92020060e+00 9.54539614e-03 4.62897980e-03 8.63757027e-05
1.93924164e+00 9.49567895e-03 4.80965104e-03 8.72900093e-05
1.95818331e+00 9.44526332e-03 4.83683239e-03 9.14541762e-05
1.97702270e+00 9.39454682e-03 4.79940038e-03 9.57674443e-05
1.99576150e+00 9.34327346e-03 4.77157442e-03 9.66130454e-05
2.01439579e+00 9.29171980e-03 4.73588873e-03 9.24883024e-05
2.03292838e+00 9.24060681e-03 4.77561479e-03 8.92109157e-05
2.05135822e+00 9.18872191e-03 4.75398971e-03 8.79596429e-05
2.06968327e+00 9.13693100e-03 4.71538851e-03 8.88843039e-05
2.08790594e+00 9.08571189e-03 4.76345873e-03 8.95320535e-05
2.10602612e+00 9.03397407e-03 4.90647893e-03 8.90847119e-05
2.12404184e+00 8.98227853e-03 4.65150234e-03 8.83408571e-05
2.14195523e+00 8.93132502e-03 4.78849391e-03 8.66508589e-05
2.15976714e+00 8.88059898e-03 4.76937560e-03 8.51869320e-05
2.17747763e+00 8.82960563e-03 4.74214232e-03 8.52712873e-05
2.19508556e+00 8.77887531e-03 4.88449986e-03 8.59607638e-05
2.21259313e+00 8.72893286e-03 4.74497464e-03 8.50619269e-05
2.23000129e+00 8.67929194e-03 4.80266394e-03 8.41782105e-05
2.24731029e+00 8.62990100e-03 4.83676460e-03 8.43142054e-05
2.26452090e+00 8.58097449e-03 4.77108524e-03 8.60413906e-05
2.28163419e+00 8.53229991e-03 4.82047893e-03 9.11758684e-05
2.29865010e+00 8.48385653e-03 4.58596587e-03 9.77882783e-05
2.31556962e+00 8.43596735e-03 4.70152246e-03 1.02095935e-04
2.33239397e+00 8.38869351e-03 4.77229616e-03 1.00545212e-04
2.34912439e+00 8.34190615e-03 4.84410864e-03 9.83424180e-05
2.36576159e+00 8.29546304e-03 4.67484246e-03 9.83823622e-05
2.38230624e+00 8.24947940e-03 4.58460917e-03 1.01106632e-04
2.39875951e+00 8.20397609e-03 4.50214363e-03 1.04685558e-04
2.41512215e+00 8.15897959e-03 5.00420328e-03 1.12705791e-04
2.43139543e+00 8.11449010e-03 4.84980753e-03 1.21435364e-04
2.44758011e+00 8.07038611e-03 4.79321729e-03 1.29284443e-04
2.46367697e+00 8.02670449e-03 4.73016261e-03 1.37190560e-04
2.47968693e+00 7.98340095e-03 4.78421570e-03 1.40789540e-04
2.49561057e+00 7.94062744e-03 4.81251292e-03 1.37876520e-04
2.51144944e+00 7.89854907e-03 4.71613931e-03 1.31298093e-04
2.52720477e+00 7.85700122e-03 4.77139600e-03 1.28514403e-04
2.54287744e+00 7.81587460e-03 4.67655842e-03 1.29620140e-04
2.55846827e+00 7.77520133e-03 4.90078110e-03 1.33120136e-04
2.57397825e+00 7.73475269e-03 4.52327941e-03 1.33368926e-04
2.58940728e+00 7.69462816e-03 4.60149238e-03 1.31044626e-04
2.60475676e+00 7.65524590e-03 4.68894772e-03 1.28334342e-04
2.62002826e+00 7.61655863e-03 4.89832475e-03 1.26857978e-04
2.63522299e+00 7.57827925e-03 4.71217075e-03 1.26463979e-04
2.65034138e+00 7.53988478e-03 4.79776150e-03 1.26920223e-04
2.66538253e+00 7.50207103e-03 4.65805710e-03 1.27732952e-04
2.68034967e+00 7.46529645e-03 4.53929796e-03 1.30908479e-04
2.69524372e+00 7.42850527e-03 4.64553077e-03 1.37239443e-04
2.71006369e+00 7.39187252e-03 4.56002619e-03 1.49664151e-04
2.72481121e+00 7.35621346e-03 4.37113382e-03 1.57402674e-04
2.73948854e+00 7.32085585e-03 4.76363474e-03 1.59626257e-04
2.75409463e+00 7.28545510e-03 4.86427836e-03 1.57838941e-04
2.76863036e+00 7.25094995e-03 4.59952400e-03 1.55801954e-04
2.78309843e+00 7.21667320e-03 4.73873598e-03 1.54795573e-04
2.79749705e+00 7.18259051e-03 4.85218560e-03 1.52446761e-04
2.81182879e+00 7.14939376e-03 4.88171921e-03 1.50577054e-04
2.82609463e+00 7.11603227e-03 4.92987232e-03 1.52138553e-04
2.84029292e+00 7.08333526e-03 4.45516690e-03 1.53319980e-04
2.85442797e+00 7.05102916e-03 4.64262446e-03 1.52855562e-04
2.86849704e+00 7.01889906e-03 4.91571168e-03 1.51758069e-04
2.88250357e+00 6.98733720e-03 4.51982544e-03 1.49492048e-04
2.89644639e+00 6.95594801e-03 4.70244503e-03 1.47557885e-04
2.91032736e+00 6.92507498e-03 4.61125139e-03 1.49411779e-04
2.92414669e+00 6.89446959e-03 4.74923242e-03 1.50426453e-04
2.93790524e+00 6.86420398e-03 4.63978462e-03 1.50710253e-04
2.95160350e+00 6.83430991e-03 4.64528181e-03 1.55963851e-04
2.96524248e+00 6.80469999e-03 4.86815940e-03 1.64021487e-04
2.97882230e+00 6.77546256e-03 4.86233409e-03 1.69667573e-04
2.99234433e+00 6.74637220e-03 4.86412843e-03 1.70851587e-04
3.00580779e+00 6.71793492e-03 4.94624871e-03 1.73159893e-04
3.01921607e+00 6.68951015e-03 4.61351135e-03 1.76071586e-04
3.03256583e+00 6.66134749e-03 4.42847650e-03 1.76275861e-04
3.04586146e+00 6.63370996e-03 4.73838274e-03 1.74587484e-04
3.05910067e+00 6.60611157e-03 4.51365435e-03 1.73192953e-04
3.07228590e+00 6.57929373e-03 4.90348764e-03 1.71235418e-04
3.08541785e+00 6.55220100e-03 4.49707371e-03 1.67810014e-04
3.09849471e+00 6.52558906e-03 4.67362290e-03 1.63845922e-04
3.11152021e+00 6.49953066e-03 4.82965690e-03 1.58020105e-04
3.12449283e+00 6.47322230e-03 4.73341993e-03 1.55796214e-04
3.13741309e+00 6.44760390e-03 4.68028267e-03 1.57261933e-04
3.15028324e+00 6.42222282e-03 4.42397120e-03 1.58885849e-04
3.16310199e+00 6.39680993e-03 4.90855096e-03 1.57794478e-04
3.17587048e+00 6.37203673e-03 4.62671651e-03 1.56312969e-04
3.18859013e+00 6.34738064e-03 4.88668905e-03 1.57661325e-04
3.20126001e+00 6.32263272e-03 4.67062469e-03 1.61165385e-04
3.21388066e+00 6.29852380e-03 4.63118406e-03 1.60625079e-04
3.22645410e+00 6.27493837e-03 5.14961215e-03 1.61677709e-04
3.23898042e+00 6.25088905e-03 4.65826071e-03 1.66235596e-04
3.25145766e+00 6.22708238e-03 4.93309729e-03 1.69951044e-04
3.26388875e+00 6.20414210e-03 4.57489575e-03 1.68509709e-04
3.27627423e+00 6.18137428e-03 4.77752418e-03 1.64714944e-04
3.28861424e+00 6.15827909e-03 4.77051903e-03 1.65205809e-04
3.30090734e+00 6.13541928e-03 4.68208628e-03 1.71679912e-04
3.31315592e+00 6.11327394e-03 4.96399919e-03 1.70250847e-04
3.32536044e+00 6.09134879e-03 4.95672954e-03 1.67069353e-04
3.33752132e+00 6.06933540e-03 4.65180384e-03 1.65633027e-04
3.34963778e+00 6.04734488e-03 4.60807678e-03 1.64459967e-04
3.36171070e+00 6.02580323e-03 4.61773639e-03 1.62191203e-04
3.37374099e+00 6.00466129e-03 4.88226139e-03 1.61700755e-04
3.38572934e+00 5.98368836e-03 4.81098004e-03 1.63769723e-04
3.39767575e+00 5.96283863e-03 4.79515569e-03 1.65166014e-04
3.40958070e+00 5.94191115e-03 4.60506046e-03 1.66395215e-04
3.42144339e+00 5.92115778e-03 4.83728582e-03 1.66723996e-04
3.43326533e+00 5.90087608e-03 4.89773159e-03 1.65946317e-04
3.44504689e+00 5.88079922e-03 4.79392525e-03 1.65408513e-04
3.45678852e+00 5.86087080e-03 4.48595847e-03 1.65696646e-04
3.46849038e+00 5.84111504e-03 4.59592140e-03 1.66065788e-04
3.48015298e+00 5.82157107e-03 4.69244656e-03 1.65576271e-04
3.49177666e+00 5.80201063e-03 4.63121186e-03 1.64346136e-04
3.50336103e+00 5.78255719e-03 4.60819508e-03 1.67517904e-04
3.51490689e+00 5.76349623e-03 4.56709454e-03 1.74164926e-04
3.52641501e+00 5.74462101e-03 4.87174075e-03 1.76733440e-04
3.53788538e+00 5.72585255e-03 4.50977195e-03 1.74058799e-04
3.54931842e+00 5.70730422e-03 4.68831610e-03 1.68062852e-04
3.56071459e+00 5.68888235e-03 4.75989689e-03 1.67170374e-04
3.57207395e+00 5.67056785e-03 4.82339610e-03 1.68975747e-04
3.58339686e+00 5.65247222e-03 4.86500243e-03 1.69473930e-04
3.59468384e+00 5.63452043e-03 4.99341942e-03 1.68336484e-04
3.60593495e+00 5.61666175e-03 4.75232960e-03 1.66841522e-04
3.61715049e+00 5.59899624e-03 4.78710073e-03 1.66063901e-04
3.62833093e+00 5.58150392e-03 4.67045057e-03 1.66033919e-04
3.63947650e+00 5.56413158e-03 4.68111558e-03 1.66520940e-04
3.65058746e+00 5.54690943e-03 4.75709138e-03 1.67217091e-04
3.66166414e+00 5.52985613e-03 4.88285879e-03 1.66980829e-04
3.67270688e+00 5.51286410e-03 4.82957749e-03 1.65489613e-04
3.68371560e+00 5.49606511e-03 4.58952402e-03 1.64949207e-04
3.69469114e+00 5.47944053e-03 4.63115193e-03 1.66289338e-04
3.70563336e+00 5.46282424e-03 4.74758450e-03 1.69305355e-04
3.71654244e+00 5.44639890e-03 4.74792933e-03 1.69093223e-04
3.72741895e+00 5.43021463e-03 4.73298172e-03 1.68607875e-04
3.73826330e+00 5.41405584e-03 4.53891254e-03 1.68709928e-04
3.74907518e+00 5.39806303e-03 4.61032899e-03 1.69917102e-04
3.75985555e+00 5.38223155e-03 4.61629882e-03 1.70843212e-04
3.77060410e+00 5.36644193e-03 4.54409852e-03 1.70782311e-04
3.78132132e+00 5.35089566e-03 4.85794242e-03 1.69553762e-04
3.79200769e+00 5.33537326e-03 4.92551982e-03 1.67750251e-04
3.80266281e+00 5.31997376e-03 4.79937298e-03 1.67631323e-04
3.81328758e+00 5.30474814e-03 4.63415116e-03 1.68705787e-04
3.82388180e+00 5.28956553e-03 4.33246277e-03 1.70833578e-04
3.83444584e+00 5.27463057e-03 5.02663422e-03 1.73550176e-04
3.84498032e+00 5.25980100e-03 4.84849712e-03 1.76471525e-04
3.85548505e+00 5.24500041e-03 4.79689495e-03 1.78746391e-04
3.86596033e+00 5.23024639e-03 4.81763054e-03 1.78605408e-04
3.87640603e+00 5.21551246e-03 4.52789959e-03 1.77198389e-04
3.88682238e+00 5.20105211e-03 4.93633866e-03 1.76599792e-04
3.89721024e+00 5.18671932e-03 4.78309503e-03 1.77048120e-04
3.90756925e+00 5.17245252e-03 4.84440955e-03 1.77108210e-04
3.91790005e+00 5.15843388e-03 4.56173870e-03 1.76909872e-04
3.92820299e+00 5.14452030e-03 4.83555143e-03 1.77203276e-04
3.93847813e+00 5.13064054e-03 4.62827026e-03 1.79169816e-04
3.94872555e+00 5.11665127e-03 4.71988689e-03 1.80751905e-04
3.95894474e+00 5.10272979e-03 4.56756260e-03 1.81786781e-04
3.96913647e+00 5.08915003e-03 4.57037594e-03 1.82191041e-04
3.97930134e+00 5.07568633e-03 4.56039466e-03 1.82620019e-04
3.98943922e+00 5.06227865e-03 4.93345665e-03 1.83381369e-04
3.99955045e+00 5.04904859e-03 4.74317648e-03 1.84747283e-04
4.00963541e+00 5.03585064e-03 4.81857459e-03 1.86155623e-04
4.01969385e+00 5.02245593e-03 4.43317721e-03 1.88118035e-04
4.02972523e+00 5.00921373e-03 4.77321530e-03 1.90232306e-04
4.03973071e+00 4.99640050e-03 4.84523317e-03 1.91939745e-04
4.04971084e+00 4.98365369e-03 4.80834977e-03 1.91472537e-04
4.05966532e+00 4.97102228e-03 4.57999802e-03 1.91449719e-04
4.06959492e+00 4.95819175e-03 4.59830234e-03 1.93087687e-04
4.07949809e+00 4.94528166e-03 4.71703787e-03 1.96700600e-04
4.08937605e+00 4.93292381e-03 4.69914330e-03 2.00009639e-04
4.09922979e+00 4.92065231e-03 4.88521906e-03 2.02468107e-04
4.10905866e+00 4.90837998e-03 4.53720211e-03 2.02812353e-04
4.11886331e+00 4.89593625e-03 4.84555048e-03 2.04152584e-04
4.12864241e+00 4.88354877e-03 4.78503170e-03 2.06722858e-04
4.13839750e+00 4.87162140e-03 4.76483029e-03 2.09752736e-04
4.14812889e+00 4.85970327e-03 4.78748964e-03 2.10921880e-04
4.15783631e+00 4.84768351e-03 4.70633671e-03 2.10272020e-04
4.16751963e+00 4.83567215e-03 5.07995017e-03 2.11091636e-04
4.17717900e+00 4.82397036e-03 4.74627196e-03 2.11167956e-04
4.18681551e+00 4.81252679e-03 5.04697002e-03 2.10635486e-04
4.19642911e+00 4.80072747e-03 4.67028545e-03 2.14740031e-04
4.20601842e+00 4.78896025e-03 4.84135706e-03 2.20720733e-04
4.21558495e+00 4.77758467e-03 5.05404444e-03 2.28955190e-04
4.22512876e+00 4.76644683e-03 4.71678314e-03 2.33736531e-04
4.23465074e+00 4.75496484e-03 4.63073334e-03 2.40934130e-04
4.24414861e+00 4.74343939e-03 4.38943660e-03 2.51669997e-04
4.25362450e+00 4.73254501e-03 4.87897666e-03 2.58478764e-04
4.26307879e+00 4.72142868e-03 5.12414733e-03 2.53579957e-04
4.27251021e+00 4.71007275e-03 4.90815640e-03 2.43606491e-04
4.28191909e+00 4.69917464e-03 5.15431091e-03 2.38848955e-04
4.29130691e+00 4.68857788e-03 4.95164925e-03 2.39007580e-04
4.30067340e+00 4.67760778e-03 4.70636150e-03 2.48169721e-04
4.31001734e+00 4.66658447e-03 5.15781214e-03 2.53290837e-04
4.31933973e+00 4.65614587e-03 5.02727222e-03 2.55123403e-04
4.32864192e+00 4.64555467e-03 5.07487598e-03 2.50152149e-04
4.33792195e+00 4.63469313e-03 4.91624212e-03 2.47049269e-04
4.34718070e+00 4.62439542e-03 4.16898671e-03 2.45642542e-04
4.35641954e+00 4.61399282e-03 4.83504203e-03 2.51517757e-04
4.36563667e+00 4.60339616e-03 4.57278734e-03 2.58804972e-04
4.37483312e+00 4.59316018e-03 4.56648323e-03 2.67679575e-04
4.38400931e+00 4.58301477e-03 4.30644592e-03 2.74017129e-04
4.39316518e+00 4.57264837e-03 5.19272775e-03 2.76129422e-04
4.40229990e+00 4.56256519e-03 4.61019909e-03 2.70750125e-04
4.41141544e+00 4.55264624e-03 4.77960572e-03 2.67001219e-04
4.42051049e+00 4.54241449e-03 4.78891626e-03 2.64435399e-04
4.42958510e+00 4.53259007e-03 3.88023449e-03 2.64761169e-04
4.43864085e+00 4.52271647e-03 4.69940096e-03 2.64953807e-04
4.44767596e+00 4.51274680e-03 4.69242127e-03 2.65070509e-04
4.45669183e+00 4.50319190e-03 4.81994822e-03 2.70963532e-04
4.46568873e+00 4.49336491e-03 4.72105662e-03 2.77327253e-04
4.47466529e+00 4.48354568e-03 4.50323191e-03 2.83811290e-04
4.48362291e+00 4.47421613e-03 5.21431189e-03 2.87968105e-04
4.49256216e+00 4.46449856e-03 4.62291711e-03 2.92137536e-04
4.50148091e+00 4.45494865e-03 4.68629016e-03 3.02586773e-04
4.51038195e+00 4.44561893e-03 4.29946387e-03 3.05358527e-04
4.51926338e+00 4.43602351e-03 4.99541480e-03 3.00763292e-04
4.52812605e+00 4.42698148e-03 4.76827401e-03 2.96848565e-04
4.53697131e+00 4.41750010e-03 4.57211404e-03 2.93013157e-04
4.54579605e+00 4.40812094e-03 4.44904225e-03 2.88828787e-04
4.55460379e+00 4.39913710e-03 4.62879069e-03 2.90615172e-04
4.56339260e+00 4.38986844e-03 4.35486322e-03 2.97096640e-04
4.57216327e+00 4.38098804e-03 4.31349486e-03 3.09467030e-04
4.58091655e+00 4.37183777e-03 4.93767291e-03 3.18098892e-04
4.58965062e+00 4.36278517e-03 4.30668781e-03 3.11672579e-04
4.59836769e+00 4.35401582e-03 5.03571740e-03 3.07012081e-04
4.60706668e+00 4.34505257e-03 4.71424966e-03 3.03541603e-04
4.61574790e+00 4.33639940e-03 4.21070269e-03 3.06689075e-04
4.62441228e+00 4.32745254e-03 4.77266235e-03 3.09166249e-04
4.63305771e+00 4.31879091e-03 4.57660938e-03 3.08205057e-04
4.64168744e+00 4.31010640e-03 4.58301112e-03 3.04119125e-04
4.65029814e+00 4.30132856e-03 4.43743460e-03 2.98169763e-04
4.65889276e+00 4.29282487e-03 4.84306109e-03 2.99067578e-04
4.66746943e+00 4.28414337e-03 4.56197936e-03 3.02752979e-04
4.67602933e+00 4.27582673e-03 4.92885232e-03 3.14453264e-04
4.68457274e+00 4.26732100e-03 4.05169498e-03 3.19441390e-04
4.69309861e+00 4.25898684e-03 4.63454951e-03 3.17106663e-04
4.70160869e+00 4.25050739e-03 5.03922010e-03 3.15036279e-04
4.71010064e+00 4.24223133e-03 4.59744045e-03 3.12873994e-04
4.71857761e+00 4.23388539e-03 4.44818625e-03 3.09236602e-04
4.72703619e+00 4.22558582e-03 5.24157705e-03 3.07642441e-04
4.73547996e+00 4.21745209e-03 4.42755653e-03 3.09072926e-04
4.74390599e+00 4.20925576e-03 3.74959265e-03 3.11873528e-04
4.75231698e+00 4.20120464e-03 4.71265411e-03 3.16768799e-04
4.76071081e+00 4.19310994e-03 4.82826429e-03 3.18538386e-04
4.76908942e+00 4.18514026e-03 4.86664863e-03 3.19923036e-04
4.77745137e+00 4.17714559e-03 4.57774707e-03 3.21335423e-04
4.78579800e+00 4.16925619e-03 5.38096793e-03 3.25754298e-04
4.79412840e+00 4.16134338e-03 4.26573806e-03 3.33771205e-04
4.80244338e+00 4.15343768e-03 4.16089676e-03 3.37672580e-04
4.81074215e+00 4.14556027e-03 5.20492726e-03 3.39947873e-04
4.81902562e+00 4.13782904e-03 4.95890558e-03 3.35104436e-04
4.82729347e+00 4.13010872e-03 4.86152770e-03 3.33315907e-04
4.83554605e+00 4.12236040e-03 4.71468362e-03 3.41161952e-04
4.84378291e+00 4.11467600e-03 4.91410451e-03 3.48063494e-04
4.85200476e+00 4.10709853e-03 5.03609200e-03 3.53519939e-04
4.86021130e+00 4.09950514e-03 4.26874684e-03 3.48748420e-04
4.86840278e+00 4.09190991e-03 4.72409959e-03 3.40429351e-04
4.87657894e+00 4.08445836e-03 4.63939145e-03 3.48244147e-04
4.88474061e+00 4.07693843e-03 4.57781735e-03 3.58750905e-04
4.89288669e+00 4.06951642e-03 5.62102496e-03 3.75348235e-04
4.90101868e+00 4.06207083e-03 4.75849240e-03 3.86307389e-04
4.90913498e+00 4.05473951e-03 4.64888684e-03 3.85183317e-04
4.91723763e+00 4.04736721e-03 3.90014057e-03 3.89262592e-04
4.92532445e+00 4.04012520e-03 4.52307617e-03 3.97132387e-04
4.93339813e+00 4.03282520e-03 5.01600770e-03 3.80466282e-04
4.94145575e+00 4.02560983e-03 4.60979560e-03 3.60771064e-04
4.94950057e+00 4.01838121e-03 4.15001748e-03 3.50390080e-04
4.95752927e+00 4.01117296e-03 5.18901625e-03 3.42072335e-04
4.96554527e+00 4.00411647e-03 4.91500506e-03 3.38795047e-04
4.97354574e+00 3.99696543e-03 4.51319104e-03 3.38269360e-04
4.98153313e+00 3.98995805e-03 4.68767934e-03 3.42057465e-04
4.98950557e+00 3.98285427e-03 4.70493258e-03 3.51188762e-04
4.99746454e+00 3.97596936e-03 4.65098046e-03 3.65473665e-04
5.00540945e+00 3.96893408e-03 4.84627764e-03 3.67913616e-04
5.01334028e+00 3.96209557e-03 4.42014804e-03 3.60785438e-04
5.02125783e+00 3.95508514e-03 4.47148281e-03 3.60971691e-04
5.02916062e+00 3.94818493e-03 4.17205780e-03 3.61998967e-04
5.03705057e+00 3.94143001e-03 4.30106313e-03 3.64380059e-04
5.04492634e+00 3.93452384e-03 4.74739319e-03 3.65308588e-04
5.05278867e+00 3.92786298e-03 4.62573005e-03 3.61638817e-04
5.06063779e+00 3.92106143e-03 5.41044787e-03 3.58845652e-04
5.06847291e+00 3.91450195e-03 4.36476710e-03 3.57352568e-04
5.07629580e+00 3.90769089e-03 4.63356644e-03 3.60725794e-04
5.08410367e+00 3.90097780e-03 4.39601604e-03 3.68579193e-04
5.09189971e+00 3.89445768e-03 4.98338076e-03 3.74565435e-04
5.09968151e+00 3.88773622e-03 4.93009260e-03 3.79599816e-04
5.10745066e+00 3.88138788e-03 5.07461120e-03 3.76105767e-04
5.11520706e+00 3.87469654e-03 4.43608820e-03 3.74182672e-04
5.12294944e+00 3.86829927e-03 3.99094596e-03 3.87401839e-04
5.13068025e+00 3.86181126e-03 4.35606687e-03 4.03226651e-04
5.13839669e+00 3.85522868e-03 4.48408514e-03 4.21407769e-04
5.14610117e+00 3.84895359e-03 4.22544047e-03 4.36255673e-04
5.15379250e+00 3.84243862e-03 4.96459521e-03 4.27774688e-04
5.16147092e+00 3.83621948e-03 5.20154419e-03 4.20270135e-04
5.16913738e+00 3.82988474e-03 5.00747328e-03 4.14561838e-04
5.17679046e+00 3.82342580e-03 5.02168484e-03 4.10223077e-04
5.18443108e+00 3.81733356e-03 4.22874303e-03 4.07639064e-04
5.19205980e+00 3.81093581e-03 4.44265873e-03 4.07915818e-04
5.19967483e+00 3.80469481e-03 4.05149635e-03 4.10988590e-04
5.20727858e+00 3.79857823e-03 4.52861664e-03 4.17671391e-04
5.21486914e+00 3.79226000e-03 4.75432131e-03 4.22377565e-04
5.22244762e+00 3.78646665e-03 5.13253756e-03 4.25849991e-04
5.23001501e+00 3.78021272e-03 5.20481741e-03 4.28756083e-04
5.23756847e+00 3.77398944e-03 4.42481007e-03 4.29553550e-04
5.24511096e+00 3.76810576e-03 5.00585209e-03 4.29699375e-04
5.25264089e+00 3.76185808e-03 4.18874216e-03 4.28264158e-04
5.26015840e+00 3.75587206e-03 4.63176000e-03 4.26624019e-04
5.26766438e+00 3.74998611e-03 5.24873867e-03 4.34777892e-04
5.27515834e+00 3.74389816e-03 4.63747664e-03 4.44365432e-04
5.28263997e+00 3.73813516e-03 4.04880908e-03 4.48917442e-04
5.29011088e+00 3.73222074e-03 4.47619075e-03 4.53423232e-04
5.29756885e+00 3.72898548e-03 4.22077192e-03 4.58763266e-04
